0.0 0.1123046875 0.1830238726790451 0.0380859375 0.0610079575596817
0.0 0.2490234375 0.1286472148541114 0.037109375 0.06631299734748011
0.0 0.3662109375 0.08355437665782493 0.041015625 0.06631299734748011
0.0 0.4931640625 0.08885941644562334 0.0380859375 0.0636604774535809
0.0 0.615234375 0.10344827586206896 0.0380859375 0.04907161803713528
0.0 0.734375 0.1419098143236074 0.0400390625 0.05968169761273209
0.0 0.7021484375 0.259946949602122 0.0380859375 0.06763925729442971
0.0 0.580078125 0.2413793103448276 0.041015625 0.06896551724137931
0.0 0.470703125 0.2519893899204244 0.0400390625 0.06896551724137931
0.0 0.34375 0.2493368700265252 0.041015625 0.07559681697612732
0.0 0.208984375 0.29442970822281167 0.041015625 0.07427055702917772
0.0 0.2880859375 0.47214854111405835 0.04296875 0.08885941644562334
0.0 0.162109375 0.5649867374005305 0.046875 0.08488063660477453
0.0 0.4169921875 0.44562334217506633 0.0439453125 0.07824933687002653
0.0 0.5517578125 0.4363395225464191 0.0439453125 0.07427055702917772
0.0 0.6513671875 0.5557029177718833 0.048828125 0.08488063660477453
0.0 0.857421875 0.1896551724137931 0.0361328125 0.0623342175066313
