0.0 0.2412109375 0.562390158172232 0.0146484375 0.033391915641476276
0.0 0.4853515625 0.6045694200351494 0.0166015625 0.040421792618629174
0.0 0.421875 0.5342706502636204 0.0126953125 0.03163444639718805
0.0 0.220703125 0.5536028119507909 0.015625 0.033391915641476276
0.0 0.19921875 0.5413005272407733 0.0146484375 0.029876977152899824
0.0 0.1767578125 0.5342706502636204 0.0146484375 0.028119507908611598
0.0 0.1552734375 0.5149384885764499 0.013671875 0.029876977152899824
0.0 0.3115234375 0.5500878734622144 0.0126953125 0.033391915641476276
0.0 0.2822265625 0.5377855887521968 0.0126953125 0.033391915641476276
0.0 0.25390625 0.5307557117750439 0.01171875 0.029876977152899824
0.0 0.2294921875 0.5219683655536028 0.0126953125 0.029876977152899824
0.0 0.2080078125 0.5096660808435852 0.01171875 0.028119507908611598
0.0 0.1875 0.5008787346221442 0.01171875 0.026362038664323375
0.0 0.169921875 0.4903339191564148 0.0107421875 0.026362038664323375
0.0 0.3662109375 0.5360281195079086 0.0146484375 0.0351493848857645
0.0 0.3369140625 0.5360281195079086 0.0146484375 0.03163444639718805
0.0 0.3154296875 0.5166959578207382 0.0126953125 0.029876977152899824
0.0 0.2900390625 0.5131810193321616 0.01171875 0.028119507908611598
0.0 0.26171875 0.5043936731107206 0.01171875 0.028119507908611598
0.0 0.2412109375 0.4903339191564148 0.01171875 0.028119507908611598
0.0 0.2197265625 0.48154657293497366 0.01171875 0.029876977152899824
0.0 0.1982421875 0.4710017574692443 0.0087890625 0.026362038664323375
0.0 0.173828125 0.46748681898066785 0.0107421875 0.0210896309314587
0.0 0.1826171875 0.4358523725834798 0.0107421875 0.022847100175746926
0.0 0.203125 0.44639718804920914 0.009765625 0.0210896309314587
0.0 0.208984375 0.4200351493848858 0.009765625 0.019332161687170474
0.0 0.1318359375 0.507908611599297 0.01171875 0.026362038664323375
0.0 0.1123046875 0.4973637961335677 0.0107421875 0.02460456942003515
0.0 0.095703125 0.4850615114235501 0.0107421875 0.026362038664323375
0.0 0.076171875 0.4797891036906854 0.009765625 0.02460456942003515
0.0 0.056640625 0.46748681898066785 0.0107421875 0.02460456942003515
0.0 0.04296875 0.45869947275922673 0.0107421875 0.02460456942003515
0.0 0.0732421875 0.4428822495606327 0.0107421875 0.022847100175746926
0.0 0.0869140625 0.44991212653778556 0.0107421875 0.026362038664323375
0.0 0.10546875 0.46221441124780316 0.0107421875 0.022847100175746926
0.0 0.11328125 0.43233743409490333 0.0107421875 0.02460456942003515
0.0 0.1328125 0.4428822495606327 0.01171875 0.02460456942003515
0.0 0.1220703125 0.4727592267135325 0.0107421875 0.02460456942003515
0.0 0.01953125 0.44639718804920914 0.0107421875 0.02460456942003515
0.0 0.1630859375 0.4270650263620387 0.009765625 0.0210896309314587
0.0 0.150390625 0.45518453427065025 0.009765625 0.02460456942003515
0.0 0.1435546875 0.4850615114235501 0.01171875 0.022847100175746926
0.0 0.2236328125 0.45869947275922673 0.0107421875 0.022847100175746926
0.0 0.23046875 0.43233743409490333 0.009765625 0.022847100175746926
0.0 0.2578125 0.4147627416520211 0.009765625 0.0210896309314587
0.0 0.251953125 0.43936731107205623 0.0078125 0.0210896309314587
0.0 0.2783203125 0.4253075571177504 0.009765625 0.022847100175746926
0.0 0.2685546875 0.44815465729349735 0.0107421875 0.0210896309314587
0.0 0.3056640625 0.4094903339191564 0.0087890625 0.02460456942003515
0.0 0.298828125 0.4358523725834798 0.0107421875 0.02460456942003515
0.0 0.2919921875 0.45869947275922673 0.0107421875 0.02460456942003515
0.0 0.24609375 0.46748681898066785 0.009765625 0.02460456942003515
0.0 0.2685546875 0.4797891036906854 0.009765625 0.022847100175746926
0.0 0.2900390625 0.48857644991212656 0.0107421875 0.022847100175746926
0.0 0.3115234375 0.4991212653778559 0.0107421875 0.0210896309314587
0.0 0.3369140625 0.5096660808435852 0.009765625 0.022847100175746926
0.0 0.322265625 0.46924428822495606 0.0087890625 0.02460456942003515
0.0 0.34375 0.4797891036906854 0.0107421875 0.0210896309314587
0.0 0.3681640625 0.4868189806678383 0.0087890625 0.022847100175746926
0.0 0.3193359375 0.4428822495606327 0.009765625 0.0210896309314587
0.0 0.349609375 0.45166959578207383 0.009765625 0.0210896309314587
0.0 0.3701171875 0.45869947275922673 0.009765625 0.0210896309314587
0.0 0.3271484375 0.4182776801405975 0.0087890625 0.02460456942003515
0.0 0.3447265625 0.4288224956063269 0.0087890625 0.019332161687170474
0.0 0.3505859375 0.40597539543058 0.0087890625 0.0210896309314587
0.0 0.392578125 0.5254833040421792 0.01171875 0.028119507908611598
0.0 0.39453125 0.5008787346221442 0.0087890625 0.019332161687170474
0.0 0.421875 0.507908611599297 0.0126953125 0.022847100175746926
0.0 0.396484375 0.4727592267135325 0.01171875 0.0210896309314587
0.0 0.390625 0.44815465729349735 0.009765625 0.0210896309314587
0.0 0.3701171875 0.4358523725834798 0.0087890625 0.019332161687170474
0.0 0.373046875 0.4130052724077329 0.009765625 0.019332161687170474
0.0 0.39453125 0.4024604569420035 0.0087890625 0.01757469244288225
0.0 0.396484375 0.4253075571177504 0.009765625 0.01757469244288225
0.0 0.4140625 0.4077328646748682 0.009765625 0.01757469244288225
0.0 0.419921875 0.43409490333919154 0.0087890625 0.019332161687170474
0.0 0.4169921875 0.45166959578207383 0.01171875 0.0210896309314587
0.0 0.4189453125 0.4797891036906854 0.01171875 0.0210896309314587
0.0 0.486328125 0.5219683655536028 0.01171875 0.029876977152899824
0.0 0.4541015625 0.5096660808435852 0.01171875 0.029876977152899824
0.0 0.443359375 0.48857644991212656 0.01171875 0.0210896309314587
0.0 0.443359375 0.46221441124780316 0.009765625 0.019332161687170474
0.0 0.44140625 0.44639718804920914 0.009765625 0.01757469244288225
0.0 0.439453125 0.4200351493848858 0.0087890625 0.019332161687170474
0.0 0.4384765625 0.3954305799648506 0.0107421875 0.019332161687170474
0.0 0.4775390625 0.492091388400703 0.0126953125 0.026362038664323375
0.0 0.4677734375 0.47627416520210897 0.01171875 0.0210896309314587
0.0 0.466796875 0.44815465729349735 0.01171875 0.022847100175746926
0.0 0.4609375 0.43233743409490333 0.0107421875 0.019332161687170474
0.0 0.4638671875 0.40597539543058 0.009765625 0.01757469244288225
0.0 0.5400390625 0.5131810193321616 0.0146484375 0.029876977152899824
0.0 0.5068359375 0.5043936731107206 0.0126953125 0.02460456942003515
0.0 0.494140625 0.4780316344463972 0.0126953125 0.02460456942003515
0.0 0.4921875 0.46045694200351495 0.009765625 0.022847100175746926
0.0 0.4873046875 0.4358523725834798 0.0107421875 0.0210896309314587
0.0 0.4853515625 0.4130052724077329 0.009765625 0.0210896309314587
0.0 0.4775390625 0.3866432337434095 0.0107421875 0.022847100175746926
0.0 0.5927734375 0.507908611599297 0.0126953125 0.029876977152899824
0.0 0.5625 0.492091388400703 0.0126953125 0.028119507908611598
0.0 0.5224609375 0.4833040421792619 0.013671875 0.029876977152899824
0.0 0.5166015625 0.46397188049209137 0.01171875 0.022847100175746926
0.0 0.5107421875 0.44815465729349735 0.01171875 0.0210896309314587
0.0 0.5068359375 0.421792618629174 0.0107421875 0.0210896309314587
0.0 0.5029296875 0.40421792618629176 0.0087890625 0.01757469244288225
0.0 0.650390625 0.4973637961335677 0.013671875 0.03163444639718805
0.0 0.61328125 0.4868189806678383 0.0126953125 0.028119507908611598
0.0 0.5966796875 0.46572934973637964 0.0107421875 0.02460456942003515
0.0 0.5810546875 0.4833040421792619 0.01171875 0.026362038664323375
0.0 0.56640625 0.45694200351493847 0.0107421875 0.026362038664323375
0.0 0.548828125 0.4710017574692443 0.0126953125 0.026362038664323375
0.0 0.5400390625 0.45166959578207383 0.0107421875 0.022847100175746926
0.0 0.53515625 0.4305799648506151 0.009765625 0.019332161687170474
0.0 0.52734375 0.4112478031634446 0.0087890625 0.0210896309314587
0.0 0.5224609375 0.39015817223198596 0.0087890625 0.01757469244288225
0.0 0.7021484375 0.4973637961335677 0.01171875 0.026362038664323375
0.0 0.66796875 0.4850615114235501 0.0107421875 0.02460456942003515
0.0 0.6298828125 0.47451669595782076 0.0107421875 0.028119507908611598
0.0 0.6181640625 0.45342706502636204 0.0107421875 0.02460456942003515
0.0 0.5908203125 0.44815465729349735 0.01171875 0.0210896309314587
0.0 0.5791015625 0.4253075571177504 0.009765625 0.0210896309314587
0.0 0.5537109375 0.4165202108963093 0.009765625 0.0210896309314587
0.0 0.5517578125 0.39718804920913886 0.0078125 0.015817223198594025
0.0 0.6845703125 0.46924428822495606 0.009765625 0.022847100175746926
0.0 0.65234375 0.46045694200351495 0.0107421875 0.0210896309314587
0.0 0.6357421875 0.43936731107205623 0.009765625 0.022847100175746926
0.0 0.6083984375 0.4305799648506151 0.0107421875 0.022847100175746926
0.0 0.7197265625 0.47627416520210897 0.01171875 0.026362038664323375
0.0 0.6953125 0.45342706502636204 0.01171875 0.022847100175746926
0.0 0.6640625 0.44991212653778556 0.009765625 0.019332161687170474
0.0 0.7138671875 0.437609841827768 0.009765625 0.022847100175746926
0.0 0.685546875 0.4305799648506151 0.009765625 0.022847100175746926
0.0 0.6513671875 0.4235500878734622 0.0107421875 0.022847100175746926
0.0 0.6279296875 0.4165202108963093 0.009765625 0.0210896309314587
0.0 0.6015625 0.4094903339191564 0.0087890625 0.019332161687170474
0.0 0.5771484375 0.4077328646748682 0.0087890625 0.014059753954305799
0.0 0.8564453125 0.6133567662565905 0.0146484375 0.033391915641476276
0.0 0.9443359375 0.5360281195079086 0.013671875 0.03163444639718805
0.0 0.7578125 0.4868189806678383 0.0126953125 0.026362038664323375
0.0 0.7353515625 0.46397188049209137 0.0126953125 0.028119507908611598
0.0 0.748046875 0.4428822495606327 0.01171875 0.026362038664323375
0.0 0.7763671875 0.4710017574692443 0.01171875 0.026362038664323375
0.0 0.7861328125 0.45694200351493847 0.009765625 0.026362038664323375
0.0 0.81640625 0.47451669595782076 0.01171875 0.028119507908611598
0.0 0.826171875 0.46045694200351495 0.01171875 0.029876977152899824
0.0 0.869140625 0.46924428822495606 0.01171875 0.026362038664323375
0.0 0.96484375 0.39015817223198596 0.009765625 0.01757469244288225
0.0 0.587890625 0.34797891036906853 0.005859375 0.012302284710017574
0.0 0.57421875 0.3462214411247803 0.0068359375 0.014059753954305799
0.0 0.55859375 0.3339191564147627 0.0068359375 0.01757469244288225
0.0 0.2060546875 0.2583479789103691 0.0048828125 0.01054481546572935
0.0 0.1962890625 0.2583479789103691 0.00390625 0.01054481546572935
0.0 0.1875 0.2548330404217926 0.005859375 0.01054481546572935
0.0 0.94140625 0.3233743409490334 0.0048828125 0.014059753954305799
0.0 0.9267578125 0.335676625659051 0.005859375 0.014059753954305799
0.0 0.90625 0.3321616871704745 0.0048828125 0.014059753954305799
0.0 0.8828125 0.335676625659051 0.0048828125 0.012302284710017574
0.0 0.8662109375 0.3216168717047452 0.0068359375 0.012302284710017574
0.0 0.85546875 0.34973637961335674 0.005859375 0.008787346221441126
0.0 0.84375 0.3145869947275923 0.005859375 0.012302284710017574
0.0 0.85546875 0.3181019332161687 0.0048828125 0.012302284710017574
0.0 0.873046875 0.3110720562390158 0.0048828125 0.014059753954305799
0.0 0.888671875 0.3110720562390158 0.0029296875 0.01054481546572935
0.0 0.91015625 0.3145869947275923 0.005859375 0.01054481546572935
0.0 0.90625 0.30579964850615116 0.0048828125 0.012302284710017574
0.0 0.9384765625 0.29525483304042177 0.005859375 0.01054481546572935
0.0 0.9287109375 0.28998242530755713 0.0048828125 0.008787346221441126
0.0 0.8623046875 0.29173989455184535 0.005859375 0.012302284710017574
0.0 0.8857421875 0.29525483304042177 0.0048828125 0.014059753954305799
0.0 0.8740234375 0.27943760984182775 0.0048828125 0.012302284710017574
0.0 0.9052734375 0.28646748681898065 0.0048828125 0.01054481546572935
0.0 0.8974609375 0.29701230228471004 0.0048828125 0.014059753954305799
0.0 0.9306640625 0.3145869947275923 0.0078125 0.012302284710017574
0.0 0.916015625 0.28998242530755713 0.00390625 0.01054481546572935
0.0 0.8359375 0.30404217926186294 0.0048828125 0.012302284710017574
0.0 0.7197265625 0.29701230228471004 0.0068359375 0.014059753954305799
0.0 0.7431640625 0.3181019332161687 0.0048828125 0.008787346221441126
0.0 0.77734375 0.30052724077328646 0.00390625 0.01054481546572935
0.0 0.7724609375 0.29701230228471004 0.00390625 0.008787346221441126
0.0 0.76171875 0.30052724077328646 0.005859375 0.01054481546572935
0.0 0.755859375 0.28471001757469244 0.0048828125 0.01054481546572935
0.0 0.736328125 0.29525483304042177 0.005859375 0.01054481546572935
0.0 0.744140625 0.28646748681898065 0.00390625 0.01054481546572935
0.0 0.791015625 0.28295254833040423 0.00390625 0.012302284710017574
0.0 0.78515625 0.28295254833040423 0.005859375 0.01054481546572935
0.0 0.736328125 0.2759226713532513 0.0029296875 0.012302284710017574
0.0 0.70703125 0.28822495606326887 0.005859375 0.01054481546572935
0.0 0.71484375 0.28646748681898065 0.00390625 0.008787346221441126
0.0 0.693359375 0.29701230228471004 0.0048828125 0.008787346221441126
0.0 0.6884765625 0.29701230228471004 0.0048828125 0.01054481546572935
0.0 0.677734375 0.28646748681898065 0.005859375 0.008787346221441126
0.0 0.6474609375 0.28998242530755713 0.00390625 0.01054481546572935
0.0 0.6640625 0.29349736379613356 0.0048828125 0.008787346221441126
0.0 0.84375 0.27240773286467485 0.0048828125 0.012302284710017574
0.0 0.908203125 0.22319859402460457 0.0048828125 0.01054481546572935
0.0 0.7978515625 0.2671353251318102 0.0048828125 0.008787346221441126
0.0 0.8046875 0.28471001757469244 0.0029296875 0.008787346221441126
0.0 0.8046875 0.29701230228471004 0.0048828125 0.014059753954305799
0.0 0.8681640625 0.26362038664323373 0.00390625 0.008787346221441126
0.0 0.8798828125 0.2671353251318102 0.0048828125 0.008787346221441126
0.0 0.8583984375 0.26362038664323373 0.0048828125 0.008787346221441126
0.0 0.8134765625 0.281195079086116 0.0048828125 0.01054481546572935
0.0 0.84765625 0.29876977152899825 0.0048828125 0.008787346221441126
0.0 0.8115234375 0.3093145869947276 0.005859375 0.01054481546572935
0.0 0.9345703125 0.2390158172231986 0.0048828125 0.008787346221441126
0.0 0.9541015625 0.2513181019332162 0.0048828125 0.012302284710017574
0.0 0.9453125 0.30755711775043937 0.005859375 0.015817223198594025
0.0 0.962890625 0.27065026362038663 0.0048828125 0.01054481546572935
0.0 0.9560546875 0.27065026362038663 0.0048828125 0.01054481546572935
0.0 0.9794921875 0.31282952548330406 0.0068359375 0.012302284710017574
0.0 0.9765625 0.3391915641476274 0.0048828125 0.014059753954305799
0.0 0.9638671875 0.3374340949033392 0.0048828125 0.012302284710017574
0.0 0.9580078125 0.3251318101933216 0.0048828125 0.012302284710017574
0.0 0.970703125 0.24956063268892795 0.00390625 0.014059753954305799
0.0 0.9296875 0.23725834797891038 0.0029296875 0.008787346221441126
0.0 0.923828125 0.2390158172231986 0.0048828125 0.007029876977152899
0.0 0.849609375 0.2601054481546573 0.0048828125 0.007029876977152899
0.0 0.896484375 0.2618629173989455 0.00390625 0.01054481546572935
0.0 0.94921875 0.3251318101933216 0.005859375 0.01054481546572935
0.0 0.763671875 0.27768014059753954 0.0048828125 0.01054481546572935
0.0 0.6982421875 0.281195079086116 0.0048828125 0.008787346221441126
0.0 0.6376953125 0.29349736379613356 0.0029296875 0.008787346221441126
0.0 0.91796875 0.24077328646748683 0.00390625 0.007029876977152899
0.0 0.8955078125 0.281195079086116 0.0029296875 0.01054481546572935
0.0 0.80859375 0.281195079086116 0.005859375 0.014059753954305799
0.0 0.83203125 0.27240773286467485 0.005859375 0.012302284710017574
0.0 0.9921875 0.2390158172231986 0.0048828125 0.008787346221441126
0.0 0.994140625 0.3268892794376098 0.005859375 0.015817223198594025
0.0 0.8681640625 0.3093145869947276 0.0048828125 0.01054481546572935
0.0 0.779296875 0.27065026362038663 0.0048828125 0.012302284710017574
0.0 0.71484375 0.30755711775043937 0.00390625 0.01054481546572935
0.0 0.0078125 0.26362038664323373 0.0068359375 0.012302284710017574
0.0 0.025390625 0.30755711775043937 0.005859375 0.01054481546572935
0.0 0.064453125 0.28471001757469244 0.005859375 0.012302284710017574
0.0 0.1328125 0.08787346221441125 0.00390625 0.01054481546572935
