0.0 0.244140625 0.508716323296355 0.0126953125 0.025356576862123614
0.0 0.1357421875 0.49445324881141045 0.013671875 0.030110935023771792
0.0 0.880859375 0.49445324881141045 0.0126953125 0.02377179080824089
0.0 0.8310546875 0.47385103011093505 0.0107421875 0.02694136291600634
0.0 0.7783203125 0.47702060221870046 0.0126953125 0.03169572107765452
0.0 0.63671875 0.4231378763866878 0.025390625 0.044374009508716325
0.0 0.4873046875 0.5007923930269413 0.0068359375 0.011093502377179081
0.0 0.4970703125 0.49445324881141045 0.0068359375 0.014263074484944533
0.0 0.443359375 0.5007923930269413 0.0126953125 0.025356576862123614
0.0 0.025390625 0.5372424722662441 0.0224609375 0.03645007923930269
