0.0 0.05859375 0.698389458272328 0.009765625 0.01903367496339678
0.0 0.6337890625 0.25036603221083453 0.0126953125 0.02635431918008785
0.0 0.0771484375 0.677891654465593 0.01171875 0.02342606149341142
0.0 0.0693359375 0.5651537335285505 0.0087890625 0.021961932650073207
0.0 0.109375 0.5724743777452416 0.0087890625 0.020497803806734993
0.0 0.1376953125 0.6295754026354319 0.0078125 0.017569546120058566
0.0 0.1162109375 0.6822840409956076 0.0146484375 0.02635431918008785
0.0 0.1015625 0.6822840409956076 0.0146484375 0.021961932650073207
0.0 0.1669921875 0.7218155197657394 0.0078125 0.016105417276720352
0.0 0.2373046875 0.6866764275256223 0.0107421875 0.01903367496339678
0.0 0.2177734375 0.7086383601756955 0.0048828125 0.01903367496339678
0.0 0.201171875 0.5915080527086384 0.009765625 0.01903367496339678
0.0 0.2529296875 0.5856515373352855 0.0068359375 0.01171303074670571
0.0 0.302734375 0.5929721815519766 0.0078125 0.014641288433382138
0.0 0.283203125 0.6939970717423133 0.0087890625 0.014641288433382138
0.0 0.302734375 0.7115666178623719 0.0087890625 0.017569546120058566
0.0 0.314453125 0.6998535871156661 0.0078125 0.016105417276720352
0.0 0.1767578125 0.5797950219619327 0.0078125 0.014641288433382138
0.0 0.0029296875 0.726207906295754 0.0087890625 0.01903367496339678
0.0 0.2177734375 0.5710102489019033 0.0078125 0.016105417276720352
0.0 0.0302734375 0.6954612005856515 0.01171875 0.02342606149341142
0.0 0.017578125 0.49487554904831627 0.0068359375 0.016105417276720352
0.0 0.078125 0.5387994143484627 0.009765625 0.021961932650073207
0.0 0.2724609375 0.5929721815519766 0.009765625 0.01903367496339678
