0.0 0.2626953125 0.302496328928047 0.017578125 0.0381791483113069
0.0 0.1796875 0.41262848751835535 0.0205078125 0.042584434654919234
0.0 0.25 0.4023494860499266 0.0205078125 0.04405286343612335
0.0 0.3193359375 0.31277533039647576 0.0185546875 0.03671071953010279
0.0 0.3994140625 0.31130690161527164 0.01953125 0.0381791483113069
0.0 0.423828125 0.44052863436123346 0.0185546875 0.03524229074889868
0.0 0.36328125 0.46255506607929514 0.0185546875 0.03524229074889868
0.0 0.3095703125 0.45374449339207046 0.0166015625 0.039647577092511016
0.0 0.8037109375 0.4111600587371512 0.021484375 0.041116005873715125
0.0 0.7421875 0.4185022026431718 0.01953125 0.041116005873715125
0.0 0.7001953125 0.434654919236417 0.017578125 0.039647577092511016
0.0 0.6416015625 0.44933920704845814 0.017578125 0.03671071953010279
0.0 0.59375 0.42143906020558003 0.017578125 0.0381791483113069
0.0 0.53125 0.447870778267254 0.017578125 0.03671071953010279
0.0 0.478515625 0.43171806167400884 0.017578125 0.0381791483113069
0.0 0.7294921875 0.2775330396475771 0.017578125 0.039647577092511016
0.0 0.6669921875 0.29809104258443464 0.01953125 0.03524229074889868
0.0 0.609375 0.30837004405286345 0.0166015625 0.041116005873715125
0.0 0.5283203125 0.32158590308370044 0.0185546875 0.03671071953010279
0.0 0.4697265625 0.3274596182085169 0.0166015625 0.032305433186490456
