0.0 0.2275390625 0.3313782991202346 0.033203125 0.05865102639296188
0.0 0.5107421875 0.47580645161290325 0.021484375 0.039589442815249266
0.0 0.59033203125 0.5593841642228738 0.0087890625 0.013196480938416423
0.0 0.3896484375 0.5777126099706745 0.005859375 0.011730205278592375
0.0 0.416015625 0.5784457478005866 0.005859375 0.010263929618768328
0.0 0.65771484375 0.5117302052785924 0.0146484375 0.03225806451612903
0.0 0.75048828125 0.5212609970674487 0.0146484375 0.024926686217008796
0.0 0.79931640625 0.5483870967741935 0.0087890625 0.020527859237536656
0.0 0.869140625 0.5718475073313783 0.005859375 0.01466275659824047
0.0 0.876953125 0.5733137829912024 0.005859375 0.011730205278592375
0.0 0.6884765625 0.5909090909090909 0.005859375 0.011730205278592375
0.0 0.70361328125 0.5997067448680352 0.0048828125 0.008797653958944282
0.0 0.08837890625 0.6114369501466276 0.0087890625 0.017595307917888565
0.0 0.09375 0.6143695014662757 0.0078125 0.017595307917888565
0.0 0.99609375 0.5557184750733137 0.0078125 0.01466275659824047
0.0 0.505859375 0.46774193548387094 0.01953125 0.03812316715542522
