0.0 0.078125 0.342143906020558 0.0234375 0.048458149779735685
0.0 0.0576171875 0.355359765051395 0.0166015625 0.0381791483113069
0.0 0.345703125 0.5154185022026432 0.017578125 0.03671071953010279
0.0 0.341796875 0.3641703377386197 0.009765625 0.01762114537444934
0.0 0.3349609375 0.36270190895741555 0.0068359375 0.016152716593245228
0.0 0.439453125 0.3744493392070485 0.013671875 0.02936857562408223
0.0 0.46484375 0.37591776798825255 0.0126953125 0.03524229074889868
0.0 0.47265625 0.3656387665198238 0.0126953125 0.027900146842878122
0.0 0.5 0.34508076358296624 0.0126953125 0.027900146842878122
0.0 0.5244140625 0.3524229074889868 0.021484375 0.033773861967694566
0.0 0.03125 0.3039647577092511 0.01953125 0.0381791483113069
0.0 0.6357421875 0.3832599118942731 0.0078125 0.014684287812041116
0.0 0.857421875 0.24082232011747431 0.0390625 0.06901615271659324
0.0 0.9833984375 0.3186490455212922 0.0166015625 0.0513950073421439
0.0 0.6083984375 0.5022026431718062 0.015625 0.02936857562408223
