0.0 0.4521484375 0.4597953216374269 0.02734375 0.05116959064327485
0.0 0.34765625 0.5409356725146199 0.025390625 0.043859649122807015
0.0 0.298828125 0.5526315789473685 0.029296875 0.049707602339181284
0.0 0.4248046875 0.5555555555555556 0.025390625 0.049707602339181284
0.0 0.5185546875 0.4619883040935672 0.029296875 0.04678362573099415
0.0 0.5361328125 0.5752923976608187 0.029296875 0.059941520467836254
0.0 0.58984375 0.5380116959064327 0.01953125 0.038011695906432746
0.0 0.673828125 0.5365497076023392 0.017578125 0.03216374269005848
0.0 0.7470703125 0.4992690058479532 0.015625 0.04239766081871345
0.0 0.7568359375 0.5116959064327485 0.015625 0.02631578947368421
0.0 0.796875 0.5380116959064327 0.015625 0.038011695906432746
0.0 0.1181640625 0.483187134502924 0.0078125 0.01608187134502924
0.0 0.126953125 0.49488304093567254 0.005859375 0.01023391812865497
0.0 0.96240234375 0.4904970760233918 0.0048828125 0.013157894736842105
0.0 0.94580078125 0.48026315789473684 0.0068359375 0.013157894736842105
