0.0 0.4375 0.6311728395061729 0.0126953125 0.021604938271604937
0.0 0.326171875 0.6450617283950617 0.0107421875 0.021604938271604937
0.0 0.2919921875 0.6342592592592593 0.013671875 0.024691358024691357
0.0 0.2626953125 0.6172839506172839 0.0126953125 0.023148148148148147
0.0 0.2392578125 0.6064814814814815 0.01171875 0.021604938271604937
0.0 0.208984375 0.5941358024691358 0.0126953125 0.021604938271604937
0.0 0.1875 0.5864197530864198 0.01171875 0.020061728395061727
0.0 0.1630859375 0.5787037037037037 0.01171875 0.021604938271604937
0.0 0.1396484375 0.5632716049382716 0.0107421875 0.021604938271604937
0.0 0.115234375 0.5570987654320988 0.009765625 0.018518518518518517
0.0 0.09765625 0.5478395061728395 0.0107421875 0.018518518518518517
0.0 0.0830078125 0.5339506172839507 0.009765625 0.018518518518518517
0.0 0.06640625 0.5308641975308642 0.0107421875 0.018518518518518517
0.0 0.3203125 0.6111111111111112 0.01171875 0.021604938271604937
0.0 0.2861328125 0.5941358024691358 0.0126953125 0.024691358024691357
0.0 0.2548828125 0.5879629629629629 0.0107421875 0.018518518518518517
0.0 0.2333984375 0.5817901234567902 0.0107421875 0.020061728395061727
0.0 0.30859375 0.5833333333333334 0.0107421875 0.020061728395061727
0.0 0.33984375 0.5925925925925926 0.009765625 0.016975308641975308
0.0 0.88671875 0.6728395061728395 0.015625 0.029320987654320986
0.0 0.9013671875 0.6172839506172839 0.013671875 0.024691358024691357
0.0 0.8359375 0.5756172839506173 0.01171875 0.020061728395061727
0.0 0.892578125 0.5694444444444444 0.0107421875 0.021604938271604937
0.0 0.7939453125 0.5879629629629629 0.0107421875 0.021604938271604937
0.0 0.7470703125 0.5910493827160493 0.0126953125 0.021604938271604937
0.0 0.7021484375 0.5972222222222222 0.0107421875 0.023148148148148147
0.0 0.875 0.5432098765432098 0.0068359375 0.013888888888888888
0.0 0.8076171875 0.5540123456790124 0.0107421875 0.016975308641975308
0.0 0.771484375 0.5416666666666666 0.0107421875 0.020061728395061727
0.0 0.76171875 0.558641975308642 0.0078125 0.021604938271604937
0.0 0.716796875 0.566358024691358 0.0087890625 0.018518518518518517
0.0 0.8466796875 0.5725308641975309 0.0068359375 0.016975308641975308
0.0 0.7255859375 0.5493827160493827 0.0078125 0.018518518518518517
0.0 0.7431640625 0.5262345679012346 0.005859375 0.006172839506172839
0.0 0.763671875 0.5246913580246914 0.0048828125 0.010802469135802469
0.0 0.6953125 0.5277777777777778 0.009765625 0.020061728395061727
0.0 0.646484375 0.5972222222222222 0.0126953125 0.024691358024691357
0.0 0.6591796875 0.5833333333333334 0.009765625 0.024691358024691357
0.0 0.669921875 0.5709876543209876 0.01171875 0.020061728395061727
0.0 0.6796875 0.5540123456790124 0.0087890625 0.018518518518518517
0.0 0.60546875 0.5879629629629629 0.01171875 0.023148148148148147
0.0 0.619140625 0.5787037037037037 0.009765625 0.020061728395061727
0.0 0.5166015625 0.6682098765432098 0.013671875 0.027777777777777776
0.0 0.4892578125 0.6219135802469136 0.01171875 0.024691358024691357
0.0 0.505859375 0.6064814814814815 0.01171875 0.023148148148148147
0.0 0.521484375 0.5895061728395061 0.01171875 0.021604938271604937
0.0 0.5439453125 0.6111111111111112 0.01171875 0.021604938271604937
0.0 0.5576171875 0.6003086419753086 0.01171875 0.021604938271604937
0.0 0.4521484375 0.6080246913580247 0.01171875 0.021604938271604937
0.0 0.4697265625 0.595679012345679 0.01171875 0.020061728395061727
0.0 0.486328125 0.5802469135802469 0.0107421875 0.018518518518518517
0.0 0.591796875 0.6080246913580247 0.0126953125 0.023148148148148147
0.0 0.345703125 0.6219135802469136 0.0126953125 0.024691358024691357
0.0 0.380859375 0.6358024691358025 0.0126953125 0.024691358024691357
0.0 0.40234375 0.6157407407407407 0.0126953125 0.023148148148148147
0.0 0.419921875 0.6018518518518519 0.01171875 0.021604938271604937
0.0 0.4375 0.5848765432098766 0.009765625 0.021604938271604937
0.0 0.3896484375 0.5895061728395061 0.01171875 0.020061728395061727
0.0 0.4052734375 0.5756172839506173 0.0107421875 0.018518518518518517
0.0 0.302734375 0.5617283950617284 0.0087890625 0.015432098765432098
0.0 0.25390625 0.5679012345679012 0.009765625 0.015432098765432098
0.0 0.2763671875 0.5524691358024691 0.0078125 0.013888888888888888
0.0 0.279296875 0.5787037037037037 0.01171875 0.015432098765432098
0.0 0.6298828125 0.558641975308642 0.0087890625 0.021604938271604937
0.0 0.6396484375 0.5447530864197531 0.009765625 0.020061728395061727
0.0 0.650390625 0.5324074074074074 0.0087890625 0.016975308641975308
0.0 0.6640625 0.5200617283950617 0.009765625 0.018518518518518517
0.0 0.6337890625 0.5123456790123457 0.0078125 0.016975308641975308
0.0 0.6181640625 0.5231481481481481 0.0087890625 0.018518518518518517
0.0 0.6064453125 0.5401234567901234 0.0107421875 0.016975308641975308
0.0 0.60546875 0.5046296296296297 0.0087890625 0.013888888888888888
0.0 0.5810546875 0.5679012345679012 0.0087890625 0.016975308641975308
0.0 0.5703125 0.5848765432098766 0.009765625 0.016975308641975308
0.0 0.5322265625 0.5694444444444444 0.0107421875 0.021604938271604937
0.0 0.5439453125 0.5570987654320988 0.0107421875 0.020061728395061727
0.0 0.556640625 0.5416666666666666 0.009765625 0.020061728395061727
0.0 0.5732421875 0.529320987654321 0.0107421875 0.015432098765432098
0.0 0.587890625 0.5169753086419753 0.009765625 0.015432098765432098
0.0 0.57421875 0.49382716049382713 0.0087890625 0.018518518518518517
0.0 0.560546875 0.5077160493827161 0.0078125 0.013888888888888888
0.0 0.546875 0.5200617283950617 0.0078125 0.015432098765432098
0.0 0.5283203125 0.5354938271604939 0.009765625 0.018518518518518517
0.0 0.51171875 0.5524691358024691 0.0087890625 0.016975308641975308
0.0 0.4990234375 0.566358024691358 0.009765625 0.016975308641975308
0.0 0.546875 0.49074074074074076 0.0087890625 0.013888888888888888
0.0 0.5302734375 0.5046296296296297 0.0087890625 0.015432098765432098
0.0 0.5185546875 0.5154320987654321 0.0078125 0.012345679012345678
0.0 0.5009765625 0.529320987654321 0.009765625 0.013888888888888888
0.0 0.4521484375 0.5709876543209876 0.009765625 0.016975308641975308
0.0 0.4716796875 0.5540123456790124 0.009765625 0.016975308641975308
0.0 0.4833984375 0.5432098765432098 0.0078125 0.016975308641975308
0.0 0.369140625 0.6064814814814815 0.0126953125 0.018518518518518517
0.0 0.3564453125 0.5787037037037037 0.0107421875 0.021604938271604937
0.0 0.3798828125 0.566358024691358 0.0087890625 0.016975308641975308
0.0 0.3955078125 0.5509259259259259 0.009765625 0.016975308641975308
0.0 0.4248046875 0.5601851851851852 0.009765625 0.018518518518518517
0.0 0.4375 0.5447530864197531 0.009765625 0.016975308641975308
0.0 0.4541015625 0.5308641975308642 0.0078125 0.015432098765432098
0.0 0.4111328125 0.5354938271604939 0.009765625 0.020061728395061727
0.0 0.42578125 0.5200617283950617 0.009765625 0.016975308641975308
0.0 0.4716796875 0.5169753086419753 0.0107421875 0.016975308641975308
0.0 0.4921875 0.5061728395061729 0.0087890625 0.016975308641975308
0.0 0.5078125 0.49537037037037035 0.0078125 0.013888888888888888
0.0 0.521484375 0.4845679012345679 0.0087890625 0.012345679012345678
0.0 0.4794921875 0.4861111111111111 0.0078125 0.012345679012345678
0.0 0.466796875 0.49537037037037035 0.0078125 0.012345679012345678
0.0 0.443359375 0.49074074074074076 0.009765625 0.012345679012345678
0.0 0.330078125 0.5725308641975309 0.0107421875 0.016975308641975308
0.0 0.349609375 0.5540123456790124 0.0107421875 0.016975308641975308
0.0 0.3701171875 0.5416666666666666 0.009765625 0.016975308641975308
0.0 0.384765625 0.5277777777777778 0.009765625 0.015432098765432098
0.0 0.404296875 0.5185185185185185 0.009765625 0.013888888888888888
0.0 0.396484375 0.4984567901234568 0.0087890625 0.015432098765432098
0.0 0.380859375 0.5077160493827161 0.0078125 0.013888888888888888
0.0 0.359375 0.5185185185185185 0.0078125 0.016975308641975308
0.0 0.3427734375 0.5308641975308642 0.009765625 0.015432098765432098
0.0 0.3251953125 0.5447530864197531 0.009765625 0.016975308641975308
0.0 0.318359375 0.5200617283950617 0.009765625 0.016975308641975308
0.0 0.3359375 0.5092592592592593 0.009765625 0.013888888888888888
0.0 0.3544921875 0.5015432098765432 0.0107421875 0.013888888888888888
0.0 0.3134765625 0.5030864197530864 0.0087890625 0.013888888888888888
0.0 0.107421875 0.5231481481481481 0.0107421875 0.018518518518518517
0.0 0.1240234375 0.5339506172839507 0.0087890625 0.016975308641975308
0.0 0.1484375 0.5432098765432098 0.0087890625 0.016975308641975308
0.0 0.23046875 0.5570987654320988 0.009765625 0.016975308641975308
0.0 0.208984375 0.5493827160493827 0.0107421875 0.015432098765432098
0.0 0.154296875 0.5200617283950617 0.0078125 0.015432098765432098
0.0 0.1728515625 0.5324074074074074 0.0087890625 0.013888888888888888
0.0 0.1904296875 0.5385802469135802 0.0078125 0.013888888888888888
0.0 0.1962890625 0.5123456790123457 0.0078125 0.018518518518518517
0.0 0.2744140625 0.5092592592592593 0.009765625 0.016975308641975308
0.0 0.298828125 0.5185185185185185 0.009765625 0.013888888888888888
0.0 0.2998046875 0.5385802469135802 0.0107421875 0.012345679012345678
0.0 0.2529296875 0.5416666666666666 0.0087890625 0.013888888888888888
0.0 0.2353515625 0.529320987654321 0.0078125 0.013888888888888888
0.0 0.2158203125 0.5277777777777778 0.0078125 0.012345679012345678
0.0 0.259765625 0.5200617283950617 0.0068359375 0.012345679012345678
0.0 0.9716796875 0.49382716049382713 0.0087890625 0.016975308641975308
0.0 0.986328125 0.4799382716049383 0.0068359375 0.013888888888888888
0.0 0.9765625 0.4799382716049383 0.005859375 0.012345679012345678
0.0 0.8671875 0.4876543209876543 0.005859375 0.010802469135802469
0.0 0.8740234375 0.49074074074074076 0.005859375 0.010802469135802469
0.0 0.8974609375 0.4799382716049383 0.0048828125 0.009259259259259259
0.0 0.8857421875 0.4645061728395062 0.005859375 0.010802469135802469
0.0 0.873046875 0.4645061728395062 0.0068359375 0.012345679012345678
0.0 0.86328125 0.4583333333333333 0.0048828125 0.009259259259259259
0.0 0.84375 0.4645061728395062 0.0068359375 0.012345679012345678
0.0 0.8544921875 0.4675925925925926 0.0048828125 0.010802469135802469
0.0 0.8232421875 0.4660493827160494 0.0048828125 0.009259259259259259
0.0 0.814453125 0.4845679012345679 0.0068359375 0.010802469135802469
0.0 0.826171875 0.49537037037037035 0.0048828125 0.007716049382716049
0.0 0.8427734375 0.48148148148148145 0.005859375 0.012345679012345678
0.0 0.8388671875 0.49537037037037035 0.0048828125 0.007716049382716049
0.0 0.958984375 0.4444444444444444 0.0068359375 0.013888888888888888
0.0 0.9814453125 0.44753086419753085 0.0078125 0.012345679012345678
0.0 0.947265625 0.43364197530864196 0.0078125 0.010802469135802469
0.0 0.9228515625 0.4537037037037037 0.005859375 0.007716049382716049
0.0 0.9296875 0.46296296296296297 0.0048828125 0.013888888888888888
0.0 0.8046875 0.47530864197530864 0.005859375 0.010802469135802469
0.0 0.9794921875 0.3904320987654321 0.00390625 0.009259259259259259
0.0 0.9892578125 0.37962962962962965 0.00390625 0.009259259259259259
0.0 0.9873046875 0.4074074074074074 0.0048828125 0.010802469135802469
0.0 0.9638671875 0.4027777777777778 0.00390625 0.009259259259259259
0.0 0.9169921875 0.4027777777777778 0.005859375 0.007716049382716049
0.0 0.9287109375 0.3950617283950617 0.0048828125 0.010802469135802469
0.0 0.9248046875 0.3873456790123457 0.00390625 0.009259259259259259
0.0 0.935546875 0.38580246913580246 0.00390625 0.009259259259259259
0.0 0.8564453125 0.44290123456790126 0.0029296875 0.009259259259259259
0.0 0.84375 0.4521604938271605 0.0068359375 0.010802469135802469
0.0 0.771484375 0.47530864197530864 0.0078125 0.009259259259259259
0.0 0.78515625 0.4722222222222222 0.0068359375 0.010802469135802469
0.0 0.759765625 0.4660493827160494 0.005859375 0.013888888888888888
0.0 0.873046875 0.41512345679012347 0.005859375 0.012345679012345678
0.0 0.8720703125 0.4351851851851852 0.0048828125 0.010802469135802469
0.0 0.9306640625 0.41512345679012347 0.0048828125 0.009259259259259259
0.0 0.767578125 0.44907407407407407 0.0068359375 0.012345679012345678
0.0 0.75390625 0.44753086419753085 0.0078125 0.010802469135802469
0.0 0.7802734375 0.44135802469135804 0.0048828125 0.006172839506172839
0.0 0.791015625 0.44753086419753085 0.005859375 0.009259259259259259
0.0 0.91015625 0.48148148148148145 0.005859375 0.012345679012345678
0.0 0.9765625 0.4058641975308642 0.0078125 0.015432098765432098
0.0 0.7119140625 0.4583333333333333 0.005859375 0.010802469135802469
0.0 0.732421875 0.45987654320987653 0.005859375 0.010802469135802469
0.0 0.6953125 0.44753086419753085 0.0068359375 0.010802469135802469
0.0 0.77734375 0.42746913580246915 0.0048828125 0.009259259259259259
0.0 0.810546875 0.404320987654321 0.00390625 0.009259259259259259
0.0 0.8134765625 0.39351851851851855 0.0048828125 0.007716049382716049
0.0 0.81640625 0.375 0.00390625 0.007716049382716049
0.0 0.833984375 0.4243827160493827 0.0048828125 0.007716049382716049
0.0 0.8798828125 0.3966049382716049 0.0048828125 0.009259259259259259
0.0 0.8369140625 0.345679012345679 0.0048828125 0.009259259259259259
0.0 0.671875 0.41358024691358025 0.0048828125 0.012345679012345678
0.0 0.6806640625 0.4089506172839506 0.0048828125 0.010802469135802469
0.0 0.6904296875 0.4182098765432099 0.005859375 0.009259259259259259
0.0 0.689453125 0.43209876543209874 0.005859375 0.012345679012345678
0.0 0.7373046875 0.3966049382716049 0.0048828125 0.009259259259259259
0.0 0.7763671875 0.35648148148148145 0.00390625 0.010802469135802469
0.0 0.8505859375 0.38271604938271603 0.005859375 0.016975308641975308
0.0 0.857421875 0.35030864197530864 0.00390625 0.004629629629629629
0.0 0.6640625 0.42746913580246915 0.0048828125 0.012345679012345678
0.0 0.65625 0.4351851851851852 0.0048828125 0.010802469135802469
0.0 0.802734375 0.3888888888888889 0.0048828125 0.010802469135802469
0.0 0.791015625 0.39197530864197533 0.00390625 0.009259259259259259
0.0 0.734375 0.4166666666666667 0.00390625 0.009259259259259259
0.0 0.826171875 0.404320987654321 0.005859375 0.015432098765432098
0.0 0.9462890625 0.3287037037037037 0.0048828125 0.009259259259259259
0.0 0.94140625 0.3487654320987654 0.0048828125 0.007716049382716049
0.0 0.9462890625 0.345679012345679 0.00390625 0.007716049382716049
0.0 0.845703125 0.37037037037037035 0.005859375 0.009259259259259259
0.0 0.9853515625 0.345679012345679 0.00390625 0.010802469135802469
0.0 0.9921875 0.3287037037037037 0.0048828125 0.010802469135802469
0.0 0.845703125 0.33487654320987653 0.0048828125 0.009259259259259259
0.0 0.7998046875 0.35648148148148145 0.00390625 0.010802469135802469
0.0 0.7666015625 0.4104938271604938 0.0048828125 0.012345679012345678
0.0 0.763671875 0.36882716049382713 0.0048828125 0.010802469135802469
0.0 0.9365234375 0.4567901234567901 0.005859375 0.010802469135802469
0.0 0.7255859375 0.3873456790123457 0.0048828125 0.010802469135802469
0.0 0.6787109375 0.3595679012345679 0.0048828125 0.009259259259259259
0.0 0.7177734375 0.36882716049382713 0.00390625 0.009259259259259259
0.0 0.74609375 0.3611111111111111 0.00390625 0.007716049382716049
0.0 0.763671875 0.3487654320987654 0.0048828125 0.009259259259259259
0.0 0.7138671875 0.4305555555555556 0.005859375 0.012345679012345678
0.0 0.83984375 0.3904320987654321 0.0048828125 0.010802469135802469
