0.0 0.07763671875 0.49411071849234395 0.0556640625 0.06478209658421673
0.0 0.16552734375 0.5223792697290931 0.0283203125 0.050647820965842166
0.0 0.236328125 0.558303886925795 0.02734375 0.03297997644287397
0.0 0.2060546875 0.5435806831566549 0.01171875 0.0176678445229682
0.0 0.28076171875 0.5471142520612485 0.0361328125 0.05771495877502945
0.0 0.42724609375 0.5300353356890459 0.0400390625 0.05889281507656066
0.0 0.3779296875 0.5547703180212014 0.017578125 0.01884570082449941
0.0 0.474609375 0.5424028268551236 0.015625 0.024734982332155476
0.0 0.66259765625 0.5547703180212014 0.0068359375 0.016489988221436984
0.0 0.6865234375 0.5388692579505301 0.01171875 0.0176678445229682
0.0 0.6953125 0.5588928150765606 0.01171875 0.020023557126030624
0.0 0.70947265625 0.5789163722025913 0.0166015625 0.03415783274440518
0.0 0.70849609375 0.6395759717314488 0.0146484375 0.02591283863368669
0.0 0.67626953125 0.5612485276796231 0.0107421875 0.0176678445229682
0.0 0.72265625 0.5212014134275619 0.013671875 0.02237926972909305
0.0 0.76220703125 0.5453474676089517 0.0166015625 0.030624263839811542
0.0 0.71923828125 0.5500588928150766 0.0107421875 0.016489988221436984
0.0 0.78125 0.558303886925795 0.01953125 0.030624263839811542
0.0 0.8603515625 0.6354534746760895 0.017578125 0.027090694935217905
0.0 0.8720703125 0.5565371024734982 0.017578125 0.03415783274440518
0.0 0.8388671875 0.5441696113074205 0.017578125 0.030624263839811542
0.0 0.80419921875 0.5259128386336867 0.0185546875 0.03180212014134275
0.0 0.95263671875 0.5535924617196702 0.0185546875 0.030624263839811542
0.0 0.970703125 0.5789163722025913 0.01171875 0.027090694935217905
0.0 0.9892578125 0.5636042402826855 0.017578125 0.02944640753828033
0.0 0.9794921875 0.5323910482921084 0.017578125 0.028268551236749116
0.0 0.8525390625 0.48115429917550057 0.015625 0.02237926972909305
0.0 0.8974609375 0.47762073027090696 0.013671875 0.02237926972909305
0.0 0.9638671875 0.4628975265017668 0.01171875 0.01884570082449941
