0.0 0.18603515625 0.6054913294797688 0.0224609375 0.057803468208092484
0.0 0.28125 0.7023121387283237 0.015625 0.03757225433526012
0.0 0.4072265625 0.7326589595375722 0.01171875 0.02023121387283237
0.0 0.07177734375 0.7622832369942196 0.0087890625 0.015895953757225433
0.0 0.513671875 0.7651734104046243 0.01171875 0.02167630057803468
0.0 0.0390625 0.7579479768786127 0.01171875 0.015895953757225433
0.0 0.6015625 0.7810693641618497 0.009765625 0.01878612716763006
0.0 0.9404296875 0.7138728323699421 0.013671875 0.028901734104046242
0.0 0.90234375 0.7059248554913294 0.015625 0.030346820809248554
0.0 0.86474609375 0.690028901734104 0.0185546875 0.033236994219653176
0.0 0.744140625 0.7319364161849711 0.013671875 0.02745664739884393
0.0 0.767578125 0.7391618497109826 0.01171875 0.02167630057803468
0.0 0.66796875 0.6719653179190751 0.009765625 0.046242774566473986
0.0 0.716796875 0.7536127167630058 0.009765625 0.01300578034682081
0.0 0.3759765625 0.7658959537572254 0.009765625 0.017341040462427744
0.0 0.623046875 0.7622832369942196 0.009765625 0.015895953757225433
0.0 0.58056640625 0.7825144508670521 0.0068359375 0.01300578034682081
0.0 0.828125 0.7767341040462428 0.009765625 0.01878612716763006
0.0 0.6982421875 0.7658959537572254 0.0078125 0.011560693641618497
0.0 0.232421875 0.7911849710982659 0.01171875 0.015895953757225433
0.0 0.3271484375 0.7926300578034682 0.005859375 0.01300578034682081
0.0 0.8876953125 0.3143063583815029 0.009765625 0.01878612716763006
