0.0 0.7900390625 0.3089430894308943 0.0078125 0.012195121951219513
0.0 0.814453125 0.36585365853658536 0.005859375 0.014905149051490514
0.0 0.9560546875 0.38482384823848237 0.0087890625 0.013550135501355014
0.0 0.9619140625 0.3685636856368564 0.0078125 0.012195121951219513
0.0 0.1064453125 0.34959349593495936 0.029296875 0.044715447154471545
0.0 0.166015625 0.34146341463414637 0.0302734375 0.04878048780487805
0.0 0.3232421875 0.3333333333333333 0.0419921875 0.06097560975609756
0.0 0.28515625 0.08536585365853659 0.03515625 0.05013550135501355
0.0 0.466796875 0.13821138211382114 0.0234375 0.03523035230352303
0.0 0.513671875 0.36720867208672087 0.025390625 0.03387533875338753
0.0 0.5732421875 0.24932249322493225 0.0126953125 0.025745257452574527
0.0 0.6015625 0.37262872628726285 0.015625 0.025745257452574527
0.0 0.626953125 0.28184281842818426 0.01171875 0.02032520325203252
0.0 0.6572265625 0.3780487804878049 0.0107421875 0.017615176151761516
0.0 0.703125 0.2926829268292683 0.01171875 0.02032520325203252
0.0 0.7119140625 0.3712737127371274 0.015625 0.023035230352303523
0.0 0.76953125 0.2967479674796748 0.009765625 0.013550135501355014
0.0 0.7861328125 0.37398373983739835 0.0107421875 0.017615176151761516
