0.0 0.1171875 0.2288135593220339 0.0537109375 0.06779661016949153
0.0 0.166015625 0.25 0.0458984375 0.06016949152542373
0.0 0.2705078125 0.2745762711864407 0.041015625 0.05084745762711865
0.0 0.232421875 0.3847457627118644 0.052734375 0.06864406779661017
0.0 0.3828125 0.2533898305084746 0.046875 0.04745762711864407
0.0 0.556640625 0.22542372881355932 0.0419921875 0.05847457627118644
0.0 0.7080078125 0.21779661016949153 0.046875 0.06779661016949153
0.0 0.3583984375 0.3694915254237288 0.05078125 0.06016949152542373
0.0 0.6435546875 0.3610169491525424 0.0537109375 0.06186440677966102
0.0 0.7646484375 0.26101694915254237 0.0576171875 0.06779661016949153
0.0 0.375 0.535593220338983 0.060546875 0.07033898305084746
0.0 0.626953125 0.5550847457627118 0.0654296875 0.07288135593220339
