0.0 0.61669921875 0.5546875 0.0380859375 0.059895833333333336
0.0 0.46826171875 0.5462239583333334 0.0439453125 0.06380208333333333
0.0 0.28955078125 0.5670572916666666 0.0400390625 0.06640625
0.0 0.1748046875 0.54296875 0.0390625 0.059895833333333336
0.0 0.3134765625 0.4016927083333333 0.03125 0.045572916666666664
0.0 0.154296875 0.3912760416666667 0.03125 0.045572916666666664
0.0 0.5947265625 0.287109375 0.01953125 0.032552083333333336
0.0 0.50390625 0.2838541666666667 0.017578125 0.028645833333333332
0.0 0.42919921875 0.28515625 0.0166015625 0.026041666666666668
0.0 0.4072265625 0.2916666666666667 0.013671875 0.018229166666666668
0.0 0.3349609375 0.3033854166666667 0.017578125 0.028645833333333332
0.0 0.87646484375 0.3815104166666667 0.0322265625 0.049479166666666664
0.0 0.7470703125 0.359375 0.03125 0.041666666666666664
0.0 0.9072265625 0.6373697916666666 0.03515625 0.045572916666666664
0.0 0.98583984375 0.28515625 0.0146484375 0.015625
0.0 0.18701171875 0.2805989583333333 0.0146484375 0.024739583333333332
0.0 0.2421875 0.2766927083333333 0.013671875 0.024739583333333332
0.0 0.259765625 0.2688802083333333 0.01171875 0.022135416666666668
0.0 0.1884765625 0.1953125 0.0078125 0.013020833333333334
0.0 0.150390625 0.19596354166666666 0.009765625 0.014322916666666666
0.0 0.12451171875 0.21158854166666666 0.0068359375 0.01171875
0.0 0.02685546875 0.2552083333333333 0.0166015625 0.028645833333333332
0.0 0.390625 0.21223958333333334 0.0078125 0.013020833333333334
0.0 0.44677734375 0.19661458333333334 0.0068359375 0.013020833333333334
