0.0 0.45849609375 0.703125 0.0068359375 0.013020833333333334
0.0 0.41650390625 0.9654947916666666 0.0087890625 0.016927083333333332
0.0 0.5234375 0.69921875 0.005859375 0.010416666666666666
0.0 0.572265625 0.6901041666666666 0.005859375 0.0078125
0.0 0.625 0.677734375 0.009765625 0.014322916666666666
0.0 0.66943359375 0.6595052083333334 0.0068359375 0.009114583333333334
0.0 0.90087890625 0.7233072916666666 0.0087890625 0.01171875
0.0 0.7958984375 0.7688802083333334 0.0078125 0.01171875
0.0 0.97412109375 0.6946614583333334 0.0068359375 0.01171875
0.0 0.9873046875 0.5703125 0.005859375 0.010416666666666666
0.0 0.34716796875 0.935546875 0.0107421875 0.014322916666666666
0.0 0.31298828125 0.8971354166666666 0.0126953125 0.013020833333333334
0.0 0.25537109375 0.9212239583333334 0.0107421875 0.016927083333333332
0.0 0.3115234375 0.931640625 0.009765625 0.014322916666666666
0.0 0.2451171875 0.9036458333333334 0.0078125 0.013020833333333334
0.0 0.11865234375 0.94140625 0.0126953125 0.020833333333333332
0.0 0.1787109375 0.9303385416666666 0.01171875 0.016927083333333332
0.0 0.1875 0.96875 0.0078125 0.018229166666666668
0.0 0.18798828125 0.830078125 0.0087890625 0.014322916666666666
0.0 0.07666015625 0.8014322916666666 0.0107421875 0.01953125
0.0 0.123046875 0.7669270833333334 0.009765625 0.015625
0.0 0.23291015625 0.888671875 0.0087890625 0.01953125
0.0 0.0537109375 0.7395833333333334 0.009765625 0.013020833333333334
0.0 0.10205078125 0.7376302083333334 0.0126953125 0.014322916666666666
0.0 0.0517578125 0.703125 0.0078125 0.013020833333333334
0.0 0.00537109375 0.7154947916666666 0.0068359375 0.01953125
0.0 0.01123046875 0.7311197916666666 0.0087890625 0.01171875
0.0 0.03662109375 0.7662760416666666 0.0087890625 0.01171875
0.0 0.0888671875 0.705078125 0.0078125 0.01171875
0.0 0.10888671875 0.7044270833333334 0.0068359375 0.010416666666666666
0.0 0.11474609375 0.7180989583333334 0.0048828125 0.009114583333333334
0.0 0.13720703125 0.7369791666666666 0.0107421875 0.015625
0.0 0.14501953125 0.755859375 0.0087890625 0.01171875
0.0 0.15771484375 0.7864583333333334 0.0087890625 0.010416666666666666
0.0 0.21923828125 0.8196614583333334 0.0068359375 0.016927083333333332
0.0 0.240234375 0.7858072916666666 0.0078125 0.014322916666666666
0.0 0.22412109375 0.7766927083333334 0.0068359375 0.014322916666666666
0.0 0.20068359375 0.7838541666666666 0.0068359375 0.013020833333333334
0.0 0.21435546875 0.7584635416666666 0.0068359375 0.014322916666666666
0.0 0.20263671875 0.7506510416666666 0.0068359375 0.01171875
0.0 0.169921875 0.7415364583333334 0.0078125 0.014322916666666666
0.0 0.25341796875 0.802734375 0.0068359375 0.009114583333333334
0.0 0.25732421875 0.7721354166666666 0.0068359375 0.010416666666666666
0.0 0.24951171875 0.7571614583333334 0.0068359375 0.01171875
0.0 0.24267578125 0.751953125 0.0068359375 0.009114583333333334
0.0 0.2216796875 0.7272135416666666 0.005859375 0.01171875
0.0 0.21142578125 0.7154947916666666 0.0068359375 0.009114583333333334
0.0 0.0986328125 0.6842447916666666 0.0078125 0.009114583333333334
0.0 0.04541015625 0.65625 0.0068359375 0.013020833333333334
0.0 0.1240234375 0.6842447916666666 0.005859375 0.009114583333333334
0.0 0.11376953125 0.6705729166666666 0.0048828125 0.010416666666666666
0.0 0.0888671875 0.6770833333333334 0.0078125 0.010416666666666666
0.0 0.00830078125 0.646484375 0.0068359375 0.01171875
0.0 0.00341796875 0.6295572916666666 0.0048828125 0.009114583333333334
0.0 0.056640625 0.6868489583333334 0.0078125 0.01171875
0.0 0.046875 0.671875 0.005859375 0.0078125
0.0 0.02001953125 0.6575520833333334 0.0048828125 0.0078125
0.0 0.01611328125 0.6529947916666666 0.0048828125 0.006510416666666667
0.0 0.1943359375 0.6985677083333334 0.005859375 0.01171875
0.0 0.13525390625 0.6940104166666666 0.0068359375 0.0078125
0.0 0.08251953125 0.6315104166666666 0.0068359375 0.0078125
0.0 0.1533203125 0.7180989583333334 0.005859375 0.009114583333333334
0.0 0.7109375 0.6380208333333334 0.0078125 0.010416666666666666
0.0 0.74609375 0.634765625 0.005859375 0.006510416666666667
0.0 0.77880859375 0.6236979166666666 0.0048828125 0.0078125
0.0 0.81689453125 0.6139322916666666 0.0048828125 0.006510416666666667
0.0 0.86572265625 0.5989583333333334 0.0068359375 0.010416666666666666
0.0 0.90380859375 0.5885416666666666 0.0048828125 0.005208333333333333
0.0 0.9345703125 0.5833333333333334 0.005859375 0.0078125
0.0 0.458984375 0.6484375 0.0078125 0.010416666666666666
0.0 0.5078125 0.6490885416666666 0.0078125 0.01171875
0.0 0.55615234375 0.638671875 0.0068359375 0.009114583333333334
0.0 0.59814453125 0.6171875 0.0068359375 0.010416666666666666
0.0 0.63623046875 0.6041666666666666 0.0068359375 0.013020833333333334
0.0 0.66748046875 0.5891927083333334 0.0087890625 0.009114583333333334
0.0 0.697265625 0.576171875 0.0078125 0.009114583333333334
0.0 0.7333984375 0.5670572916666666 0.0078125 0.009114583333333334
0.0 0.77392578125 0.55859375 0.0048828125 0.0078125
0.0 0.8095703125 0.5423177083333334 0.005859375 0.009114583333333334
0.0 0.84716796875 0.5345052083333334 0.0068359375 0.009114583333333334
0.0 0.953125 0.5149739583333334 0.005859375 0.006510416666666667
0.0 0.94091796875 0.5071614583333334 0.0068359375 0.009114583333333334
0.0 0.92578125 0.5013020833333334 0.00390625 0.0078125
0.0 0.91357421875 0.4967447916666667 0.0048828125 0.006510416666666667
0.0 0.89892578125 0.4934895833333333 0.0048828125 0.0078125
0.0 0.95068359375 0.490234375 0.0068359375 0.009114583333333334
0.0 0.96240234375 0.5052083333333334 0.0048828125 0.0078125
0.0 0.93505859375 0.4837239583333333 0.0048828125 0.009114583333333334
0.0 0.91455078125 0.4778645833333333 0.0029296875 0.0078125
0.0 0.904296875 0.4733072916666667 0.00390625 0.006510416666666667
0.0 0.93701171875 0.47265625 0.0048828125 0.0078125
0.0 0.96728515625 0.46484375 0.0048828125 0.0078125
0.0 0.98095703125 0.4694010416666667 0.0048828125 0.009114583333333334
0.0 0.95361328125 0.45703125 0.0068359375 0.0078125
0.0 0.91357421875 0.4596354166666667 0.0048828125 0.0078125
0.0 0.99560546875 0.47265625 0.0048828125 0.0078125
0.0 0.97314453125 0.48828125 0.0029296875 0.005208333333333333
0.0 0.9833984375 0.5110677083333334 0.005859375 0.009114583333333334
0.0 0.8671875 0.4381510416666667 0.00390625 0.006510416666666667
0.0 0.8759765625 0.4329427083333333 0.00390625 0.009114583333333334
0.0 0.78125 0.5032552083333334 0.005859375 0.009114583333333334
0.0 0.77783203125 0.4173177083333333 0.0048828125 0.009114583333333334
0.0 0.859375 0.4192708333333333 0.005859375 0.0078125
0.0 0.85107421875 0.4173177083333333 0.0048828125 0.006510416666666667
0.0 0.85888671875 0.4407552083333333 0.0048828125 0.009114583333333334
0.0 0.97900390625 0.416015625 0.0029296875 0.006510416666666667
0.0 0.96142578125 0.4479166666666667 0.0048828125 0.0078125
0.0 0.9501953125 0.443359375 0.00390625 0.006510416666666667
0.0 0.9970703125 0.435546875 0.005859375 0.009114583333333334
0.0 0.3994140625 0.6139322916666666 0.005859375 0.006510416666666667
0.0 0.44580078125 0.5924479166666666 0.0068359375 0.0078125
0.0 0.4873046875 0.5885416666666666 0.005859375 0.0078125
0.0 0.53076171875 0.5677083333333334 0.0068359375 0.0078125
0.0 0.5693359375 0.5579427083333334 0.00390625 0.006510416666666667
0.0 0.60107421875 0.5553385416666666 0.0068359375 0.006510416666666667
0.0 0.64208984375 0.544921875 0.0068359375 0.009114583333333334
0.0 0.34765625 0.5755208333333334 0.005859375 0.0078125
0.0 0.3955078125 0.5638020833333334 0.005859375 0.0078125
0.0 0.4423828125 0.5598958333333334 0.005859375 0.0078125
0.0 0.48486328125 0.55078125 0.0048828125 0.0078125
0.0 0.5234375 0.5286458333333334 0.005859375 0.0078125
0.0 0.6796875 0.5390625 0.00390625 0.0078125
0.0 0.7177734375 0.529296875 0.005859375 0.006510416666666667
0.0 0.7529296875 0.5182291666666666 0.005859375 0.0078125
0.0 0.55126953125 0.5221354166666666 0.0068359375 0.010416666666666666
0.0 0.58203125 0.521484375 0.00390625 0.006510416666666667
0.0 0.615234375 0.505859375 0.005859375 0.006510416666666667
0.0 0.6552734375 0.494140625 0.005859375 0.009114583333333334
0.0 0.68896484375 0.4915364583333333 0.0048828125 0.006510416666666667
0.0 0.72021484375 0.4830729166666667 0.0048828125 0.005208333333333333
0.0 0.66796875 0.4563802083333333 0.00390625 0.006510416666666667
0.0 0.6357421875 0.4680989583333333 0.00390625 0.006510416666666667
0.0 0.60400390625 0.470703125 0.0068359375 0.009114583333333334
0.0 0.56689453125 0.4869791666666667 0.0048828125 0.0078125
0.0 0.50537109375 0.49609375 0.0048828125 0.0078125
0.0 0.47265625 0.5006510416666666 0.005859375 0.009114583333333334
0.0 0.43603515625 0.5130208333333334 0.0068359375 0.0078125
0.0 0.39794921875 0.5208333333333334 0.0068359375 0.0078125
0.0 0.681640625 0.4036458333333333 0.00390625 0.0078125
0.0 0.798828125 0.447265625 0.00390625 0.006510416666666667
0.0 0.7900390625 0.4420572916666667 0.005859375 0.009114583333333334
0.0 0.7705078125 0.4173177083333333 0.005859375 0.009114583333333334
0.0 0.75537109375 0.4173177083333333 0.0048828125 0.006510416666666667
0.0 0.736328125 0.4010416666666667 0.00390625 0.0078125
0.0 0.736328125 0.3860677083333333 0.00390625 0.006510416666666667
0.0 0.74462890625 0.3893229166666667 0.0029296875 0.0078125
0.0 0.75634765625 0.3938802083333333 0.0048828125 0.006510416666666667
0.0 0.69873046875 0.392578125 0.0048828125 0.006510416666666667
0.0 0.72265625 0.3841145833333333 0.005859375 0.0078125
0.0 0.08837890625 0.8854166666666666 0.0087890625 0.015625
0.0 0.92431640625 0.4342447916666667 0.0068359375 0.009114583333333334
0.0 0.71630859375 0.3795572916666667 0.0068359375 0.009114583333333334
