0.0 0.07275390625 0.28654970760233917 0.0185546875 0.03216374269005848
0.0 0.10498046875 0.23976608187134502 0.0087890625 0.008771929824561403
0.0 0.1240234375 0.30409356725146197 0.005859375 0.014619883040935672
0.0 0.15234375 0.28728070175438597 0.015625 0.033625730994152045
0.0 0.216796875 0.32383040935672514 0.021484375 0.04532163742690058
0.0 0.2822265625 0.29605263157894735 0.01171875 0.024853801169590642
0.0 0.32958984375 0.24269005847953215 0.0048828125 0.008771929824561403
0.0 0.34326171875 0.27850877192982454 0.0029296875 0.007309941520467836
0.0 0.37451171875 0.25292397660818716 0.0224609375 0.05555555555555555
0.0 0.458984375 0.28289473684210525 0.017578125 0.027777777777777776
0.0 0.55224609375 0.23903508771929824 0.0361328125 0.06286549707602339
0.0 0.4130859375 0.2719298245614035 0.00390625 0.005847953216374269
0.0 0.4296875 0.2719298245614035 0.00390625 0.008771929824561403
0.0 0.634765625 0.31140350877192985 0.01171875 0.017543859649122806
0.0 0.67236328125 0.29605263157894735 0.0107421875 0.019005847953216373
0.0 0.72705078125 0.23026315789473684 0.0263671875 0.04824561403508772
0.0 0.83935546875 0.2733918128654971 0.0166015625 0.02631578947368421
0.0 0.8203125 0.29239766081871343 0.009765625 0.011695906432748537
0.0 0.89599609375 0.29605263157894735 0.0087890625 0.01608187134502924
0.0 0.92529296875 0.3092105263157895 0.0107421875 0.01608187134502924
0.0 0.953125 0.30409356725146197 0.0078125 0.011695906432748537
0.0 0.9765625 0.30409356725146197 0.0078125 0.011695906432748537
0.0 0.19873046875 0.2989766081871345 0.0068359375 0.013157894736842105
