0.0 0.01708984375 0.609353507565337 0.0029296875 0.011004126547455296
0.0 0.0419921875 0.5928473177441541 0.005859375 0.011004126547455296
0.0 0.05810546875 0.6114167812929848 0.0048828125 0.0068775790921595595
0.0 0.06396484375 0.5921595598349381 0.0048828125 0.0068775790921595595
0.0 0.07763671875 0.6017881705639615 0.0068359375 0.012379642365887207
0.0 0.09423828125 0.5928473177441541 0.0068359375 0.013755158184319119
0.0 0.1142578125 0.6024759284731774 0.0078125 0.011004126547455296
0.0 0.12890625 0.6121045392022009 0.0078125 0.011004126547455296
0.0 0.15478515625 0.6086657496561211 0.0048828125 0.015130674002751032
0.0 0.0751953125 0.6382393397524071 0.0078125 0.013755158184319119
0.0 0.04248046875 0.6671251719394773 0.0107421875 0.016506189821182942
0.0 0.03369140625 0.7262723521320495 0.0224609375 0.03576341127922971
0.0 0.126953125 0.6918844566712518 0.015625 0.027510316368638238
0.0 0.1708984375 0.6485557083906465 0.01171875 0.02063273727647868
0.0 0.19384765625 0.6292984869325997 0.0107421875 0.02063273727647868
0.0 0.1884765625 0.5962861072902338 0.00390625 0.0068775790921595595
0.0 0.1728515625 0.5797799174690509 0.00390625 0.0068775790921595595
0.0 0.26611328125 0.7235213204951857 0.0166015625 0.027510316368638238
0.0 0.30859375 0.6513067400275103 0.013671875 0.023383768913342505
0.0 0.271484375 0.6698762035763411 0.01171875 0.024759284731774415
0.0 0.35400390625 0.6368638239339752 0.0087890625 0.016506189821182942
0.0 0.2705078125 0.6182943603851444 0.0078125 0.015130674002751032
0.0 0.2578125 0.6258596973865199 0.0078125 0.013755158184319119
0.0 0.4560546875 0.6767537826685007 0.013671875 0.02200825309491059
0.0 0.443359375 0.6623108665749656 0.009765625 0.017881705639614855
0.0 0.43603515625 0.6451169188445667 0.0107421875 0.016506189821182942
0.0 0.47900390625 0.6389270976616231 0.0087890625 0.015130674002751032
0.0 0.302734375 0.6107290233837689 0.005859375 0.011004126547455296
0.0 0.3017578125 0.579092159559835 0.005859375 0.011004126547455296
0.0 0.298828125 0.5570839064649243 0.005859375 0.008253094910591471
0.0 0.3408203125 0.5735900962861072 0.005859375 0.011004126547455296
0.0 0.36083984375 0.5660247592847317 0.0048828125 0.009628610729023384
0.0 0.21044921875 0.6127922971114168 0.0048828125 0.012379642365887207
0.0 0.1181640625 0.5900962861072903 0.005859375 0.011004126547455296
0.0 0.12158203125 0.5694635488308115 0.0068359375 0.013755158184319119
0.0 0.5078125 0.7317744154057771 0.015625 0.030261348005502064
0.0 0.5 0.6334250343878954 0.005859375 0.012379642365887207
0.0 0.48779296875 0.6031636863823934 0.0068359375 0.015130674002751032
0.0 0.5341796875 0.640302613480055 0.005859375 0.012379642365887207
0.0 0.53564453125 0.6059147180192572 0.0107421875 0.015130674002751032
0.0 0.5166015625 0.6155433287482807 0.005859375 0.015130674002751032
0.0 0.56201171875 0.6155433287482807 0.0087890625 0.012379642365887207
0.0 0.57177734375 0.6513067400275103 0.0126953125 0.017881705639614855
0.0 0.58349609375 0.6072902338376891 0.0087890625 0.015130674002751032
0.0 0.6181640625 0.6822558459422283 0.015625 0.027510316368638238
0.0 0.6357421875 0.6121045392022009 0.005859375 0.013755158184319119
0.0 0.625 0.6114167812929848 0.005859375 0.017881705639614855
0.0 0.61474609375 0.6176066024759285 0.0068359375 0.01925722145804677
0.0 0.619140625 0.6396148555708391 0.0078125 0.016506189821182942
0.0 0.66552734375 0.6148555708390646 0.0048828125 0.013755158184319119
0.0 0.658203125 0.6072902338376891 0.005859375 0.012379642365887207
0.0 0.6875 0.6182943603851444 0.0078125 0.02063273727647868
0.0 0.71240234375 0.6279229711141678 0.0087890625 0.02063273727647868
0.0 0.7265625 0.6134800550206327 0.0078125 0.016506189821182942
0.0 0.697265625 0.6031636863823934 0.005859375 0.009628610729023384
0.0 0.736328125 0.6072902338376891 0.0078125 0.015130674002751032
0.0 0.74609375 0.6066024759284732 0.005859375 0.013755158184319119
0.0 0.7568359375 0.6059147180192572 0.0078125 0.015130674002751032
0.0 0.765625 0.6086657496561211 0.005859375 0.017881705639614855
0.0 0.69482421875 0.657496561210454 0.0146484375 0.01925722145804677
0.0 0.72216796875 0.7221458046767538 0.0166015625 0.030261348005502064
0.0 0.78857421875 0.6492434662998624 0.0126953125 0.027510316368638238
0.0 0.8232421875 0.656121045392022 0.013671875 0.024759284731774415
0.0 0.82861328125 0.6361760660247593 0.0107421875 0.017881705639614855
0.0 0.79052734375 0.6134800550206327 0.0068359375 0.013755158184319119
0.0 0.7890625 0.5990371389270976 0.0078125 0.017881705639614855
0.0 0.77294921875 0.6017881705639615 0.0068359375 0.012379642365887207
0.0 0.8017578125 0.6038514442916093 0.005859375 0.013755158184319119
0.0 0.818359375 0.6072902338376891 0.0078125 0.015130674002751032
0.0 0.84814453125 0.6107290233837689 0.0048828125 0.011004126547455296
0.0 0.8583984375 0.6004126547455296 0.0078125 0.015130674002751032
0.0 0.7783203125 0.5660247592847317 0.00390625 0.009628610729023384
0.0 0.87744140625 0.6045392022008254 0.0068359375 0.012379642365887207
0.0 0.9013671875 0.5969738651994498 0.0078125 0.011004126547455296
0.0 0.87939453125 0.6327372764786795 0.0087890625 0.013755158184319119
0.0 0.91064453125 0.6918844566712518 0.0126953125 0.024759284731774415
0.0 0.9443359375 0.6017881705639615 0.0078125 0.015130674002751032
0.0 0.9814453125 0.563273727647868 0.005859375 0.009628610729023384
0.0 0.96875 0.6031636863823934 0.0078125 0.012379642365887207
0.0 0.9638671875 0.6698762035763411 0.013671875 0.02200825309491059
0.0 0.98876953125 0.6526822558459422 0.0126953125 0.015130674002751032
0.0 0.94580078125 0.7132049518569463 0.0185546875 0.0343878954607978
0.0 0.279296875 0.6024759284731774 0.0078125 0.013755158184319119
0.0 0.3671875 0.6079779917469051 0.0078125 0.016506189821182942
0.0 0.1572265625 0.5646492434662999 0.0078125 0.017881705639614855
0.0 0.90380859375 0.6114167812929848 0.0068359375 0.012379642365887207
0.0 0.908203125 0.6141678129298487 0.0078125 0.012379642365887207
0.0 0.81982421875 0.624484181568088 0.0087890625 0.013755158184319119
0.0 0.16748046875 0.6121045392022009 0.0087890625 0.011004126547455296
0.0 0.25390625 0.6059147180192572 0.0078125 0.012379642365887207
0.0 0.3134765625 0.6017881705639615 0.0078125 0.015130674002751032
0.0 0.37451171875 0.59353507565337 0.0068359375 0.012379642365887207
0.0 0.392578125 0.6121045392022009 0.0078125 0.013755158184319119
0.0 0.58447265625 0.6492434662998624 0.0068359375 0.013755158184319119
0.0 0.83349609375 0.5797799174690509 0.0068359375 0.009628610729023384
0.0 0.994140625 0.6086657496561211 0.005859375 0.012379642365887207
0.0 0.98779296875 0.6052269601100413 0.0048828125 0.008253094910591471
