0.0 0.1015625 0.8411420204978038 0.005859375 0.010248901903367497
0.0 0.03466796875 0.828696925329429 0.0068359375 0.008784773060029283
0.0 0.01318359375 0.8206442166910688 0.0068359375 0.010248901903367497
0.0 0.0234375 0.8228404099560761 0.0078125 0.014641288433382138
0.0 0.01123046875 0.8396778916544656 0.0068359375 0.010248901903367497
0.0 0.0830078125 0.8455344070278185 0.005859375 0.010248901903367497
0.0 0.087890625 0.8272327964860908 0.00390625 0.008784773060029283
0.0 0.11669921875 0.8367496339677891 0.0048828125 0.007320644216691069
0.0 0.14111328125 0.8513909224011713 0.0048828125 0.010248901903367497
0.0 0.12890625 0.849194729136164 0.005859375 0.01171303074670571
0.0 0.15625 0.8535871156661786 0.005859375 0.01171303074670571
0.0 0.17041015625 0.8543191800878477 0.0048828125 0.010248901903367497
0.0 0.1396484375 0.83601756954612 0.005859375 0.01171303074670571
0.0 0.16748046875 0.8257686676427526 0.0048828125 0.008784773060029283
0.0 0.21044921875 0.8199121522693997 0.0048828125 0.008784773060029283
0.0 0.2001953125 0.8074670571010248 0.005859375 0.010248901903367497
0.0 0.24365234375 0.849194729136164 0.0048828125 0.008784773060029283
0.0 0.2626953125 0.8389458272327965 0.005859375 0.008784773060029283
0.0 0.2802734375 0.8250366032210834 0.0078125 0.013177159590043924
0.0 0.296875 0.8448023426061494 0.005859375 0.01171303074670571
0.0 0.32421875 0.8462664714494875 0.00390625 0.008784773060029283
0.0 0.333984375 0.8499267935578331 0.005859375 0.010248901903367497
0.0 0.34814453125 0.8199121522693997 0.0068359375 0.01171303074670571
0.0 0.36181640625 0.8125915080527086 0.0068359375 0.01171303074670571
0.0 0.4208984375 0.8345534407027818 0.005859375 0.01171303074670571
0.0 0.44091796875 0.8250366032210834 0.0048828125 0.010248901903367497
0.0 0.4306640625 0.83601756954612 0.00390625 0.008784773060029283
0.0 0.48974609375 0.787701317715959 0.0087890625 0.014641288433382138
0.0 0.5751953125 0.821376281112738 0.005859375 0.01171303074670571
0.0 0.6044921875 0.8089311859443631 0.0078125 0.013177159590043924
0.0 0.5234375 0.8103953147877013 0.0078125 0.013177159590043924
0.0 0.63916015625 0.8074670571010248 0.0087890625 0.013177159590043924
0.0 0.66748046875 0.8096632503660323 0.0068359375 0.01171303074670571
0.0 0.5458984375 0.8433382137628112 0.005859375 0.008784773060029283
0.0 0.50830078125 0.8477306002928258 0.0048828125 0.008784773060029283
0.0 0.72509765625 0.8265007320644217 0.0068359375 0.013177159590043924
0.0 0.74853515625 0.8323572474377745 0.0048828125 0.010248901903367497
0.0 0.7685546875 0.835285505124451 0.005859375 0.010248901903367497
0.0 0.7939453125 0.8308931185944363 0.00390625 0.007320644216691069
0.0 0.783203125 0.8440702781844802 0.00390625 0.007320644216691069
0.0 0.69482421875 0.8294289897510981 0.0048828125 0.007320644216691069
0.0 0.8173828125 0.842606149341142 0.00390625 0.007320644216691069
0.0 0.828125 0.8382137628111274 0.00390625 0.007320644216691069
0.0 0.837890625 0.8455344070278185 0.00390625 0.007320644216691069
0.0 0.86865234375 0.8396778916544656 0.0048828125 0.007320644216691069
0.0 0.8603515625 0.8499267935578331 0.00390625 0.007320644216691069
0.0 0.8916015625 0.8521229868228404 0.00390625 0.005856515373352855
0.0 0.81103515625 0.8418740849194729 0.0048828125 0.008784773060029283
