0.0 0.12109375 0.091796875 0.01171875 0.024739583333333332
0.0 0.20263671875 0.08203125 0.0166015625 0.026041666666666668
0.0 0.32421875 0.037109375 0.01171875 0.024739583333333332
0.0 0.36865234375 0.059244791666666664 0.0068359375 0.016927083333333332
0.0 0.42041015625 0.0546875 0.0185546875 0.0390625
0.0 0.470703125 0.1484375 0.068359375 0.11458333333333333
0.0 0.75537109375 0.042317708333333336 0.0166015625 0.037760416666666664
0.0 0.7900390625 0.038411458333333336 0.01171875 0.02734375
0.0 0.83251953125 0.054036458333333336 0.0107421875 0.029947916666666668
0.0 0.86474609375 0.027994791666666668 0.0166015625 0.040364583333333336
0.0 0.87451171875 0.060546875 0.0068359375 0.01171875
0.0 0.91357421875 0.030598958333333332 0.0107421875 0.024739583333333332
0.0 0.94091796875 0.032552083333333336 0.0146484375 0.0390625
0.0 0.962890625 0.057291666666666664 0.015625 0.026041666666666668
0.0 0.60498046875 0.057942708333333336 0.0048828125 0.009114583333333334
0.0 0.61865234375 0.06966145833333333 0.0048828125 0.01171875
0.0 0.650390625 0.06705729166666667 0.00390625 0.01171875
0.0 0.70947265625 0.06705729166666667 0.0048828125 0.009114583333333334
0.0 0.72265625 0.057942708333333336 0.005859375 0.01171875
0.0 0.681640625 0.049479166666666664 0.00390625 0.0078125
