0.0 0.13671875 0.6305048335123523 0.01171875 0.015037593984962405
0.0 0.05615234375 0.6294307196562836 0.0048828125 0.010741138560687433
0.0 0.1123046875 0.6052631578947368 0.013671875 0.02685284640171858
0.0 0.13427734375 0.583780880773362 0.0048828125 0.007518796992481203
0.0 0.98876953125 0.60687432867884 0.0146484375 0.023630504833512353
0.0 0.9736328125 0.6471535982814178 0.015625 0.022556390977443608
0.0 0.94482421875 0.6063372717508055 0.0126953125 0.02040816326530612
0.0 0.93115234375 0.621374865735768 0.0146484375 0.022556390977443608
0.0 0.90771484375 0.6063372717508055 0.0146484375 0.02040816326530612
0.0 0.884765625 0.6353383458646616 0.01171875 0.018259935553168637
0.0 0.8818359375 0.6181525241675617 0.01171875 0.013963480128893663
0.0 0.81689453125 0.6353383458646616 0.0146484375 0.022556390977443608
0.0 0.798828125 0.6278195488721805 0.01171875 0.02040816326530612
0.0 0.80908203125 0.6127819548872181 0.0087890625 0.013963480128893663
0.0 0.83984375 0.6278195488721805 0.009765625 0.013963480128893663
0.0 0.96923828125 0.7234156820622986 0.0146484375 0.022556390977443608
0.0 0.57666015625 0.6229860365198711 0.0068359375 0.01288936627282492
0.0 0.33056640625 0.42320085929108486 0.0107421875 0.017185821697099892
