0.0 0.779296875 0.1322314049586777 0.05078125 0.07792207792207792
0.0 0.6376953125 0.12750885478158205 0.05078125 0.0743801652892562
0.0 0.4931640625 0.11216056670602124 0.05078125 0.07910271546635184
0.0 0.3203125 0.10625737898465171 0.0576171875 0.08618654073199528
0.0 0.19140625 0.11688311688311688 0.0634765625 0.08028335301062574
0.0 0.9345703125 0.21723730814639905 0.01953125 0.030696576151121605
0.0 0.892578125 0.39669421487603307 0.03515625 0.07792207792207792
0.0 0.9794921875 0.26564344746162927 0.0126953125 0.030696576151121605
0.0 0.080078125 0.15584415584415584 0.0126953125 0.018890200708382526
0.0 0.0361328125 0.1912632821723731 0.0126953125 0.018890200708382526
0.0 0.013671875 0.20425029515938606 0.0107421875 0.012987012987012988
0.0 0.0576171875 0.21723730814639905 0.01171875 0.015348288075560802
