0.0 0.90478515625 0.3770614692653673 0.0322265625 0.05847076461769116
0.0 0.87451171875 0.5764617691154422 0.0341796875 0.06146926536731634
0.0 0.7841796875 0.512743628185907 0.03125 0.05997001499250375
0.0 0.8125 0.37181409295352325 0.025390625 0.044977511244377814
0.0 0.732421875 0.31859070464767614 0.02734375 0.046476761619190406
0.0 0.68212890625 0.6064467766116941 0.0283203125 0.05547226386806597
0.0 0.5849609375 0.6274362818590704 0.029296875 0.049475262368815595
0.0 0.58642578125 0.3553223388305847 0.0263671875 0.047976011994003
0.0 0.6533203125 0.3448275862068966 0.03125 0.05997001499250375
0.0 0.673828125 0.2818590704647676 0.025390625 0.044977511244377814
0.0 0.60693359375 0.30059970014992504 0.0263671875 0.046476761619190406
0.0 0.53564453125 0.33883058470764615 0.0263671875 0.044977511244377814
0.0 0.4443359375 0.3605697151424288 0.029296875 0.05247376311844078
0.0 0.5048828125 0.5652173913043478 0.037109375 0.07196401799100449
0.0 0.3876953125 0.568215892053973 0.029296875 0.05697151424287856
0.0 0.359375 0.3620689655172414 0.029296875 0.049475262368815595
0.0 0.36328125 0.29685157421289354 0.0234375 0.038980509745127435
0.0 0.46533203125 0.32608695652173914 0.0244140625 0.046476761619190406
0.0 0.5263671875 0.2863568215892054 0.02734375 0.044977511244377814
0.0 0.2001953125 0.3020989505247376 0.0390625 0.0734632683658171
0.0 0.24560546875 0.21964017991004497 0.0302734375 0.06446776611694154
0.0 0.1640625 0.24062968515742128 0.03125 0.05547226386806597
0.0 0.0966796875 0.29985007496251875 0.041015625 0.08095952023988005
0.0 0.26416015625 0.5172413793103449 0.0419921875 0.08095952023988005
0.0 0.29052734375 0.33808095952023987 0.0302734375 0.06446776611694154
0.0 0.28759765625 0.29310344827586204 0.0263671875 0.043478260869565216
0.0 0.12890625 0.32233883058470764 0.029296875 0.06596701649175413
0.0 0.51806640625 0.3853073463268366 0.0263671875 0.050974512743628186
