0.0 0.07275390625 0.46925329428989754 0.0068359375 0.013177159590043924
0.0 0.12158203125 0.46486090775988287 0.0048828125 0.013177159590043924
0.0 0.13525390625 0.45534407027818447 0.0107421875 0.02342606149341142
0.0 0.2177734375 0.46193265007320644 0.0078125 0.01903367496339678
0.0 0.28173828125 0.4560761346998536 0.0068359375 0.016105417276720352
0.0 0.4765625 0.4333821376281113 0.025390625 0.04978038067349927
0.0 0.5830078125 0.46412884333821375 0.01171875 0.017569546120058566
0.0 0.79296875 0.48096632503660325 0.005859375 0.013177159590043924
0.0 0.841796875 0.4743777452415813 0.0078125 0.014641288433382138
0.0 0.8896484375 0.45900439238653 0.0078125 0.016105417276720352
0.0 0.9453125 0.465592972181552 0.009765625 0.020497803806734993
0.0 0.0029296875 0.4751098096632504 0.00390625 0.010248901903367497
0.0 0.0126953125 0.4677891654465593 0.005859375 0.013177159590043924
0.0 0.158203125 0.4699853587115666 0.005859375 0.01171303074670571
0.0 0.20849609375 0.479502196193265 0.0048828125 0.010248901903367497
0.0 0.29931640625 0.46046852122986826 0.0048828125 0.013177159590043924
0.0 0.31494140625 0.47291361639824303 0.0048828125 0.01171303074670571
0.0 0.375 0.4743777452415813 0.005859375 0.01171303074670571
0.0 0.26025390625 0.46925329428989754 0.0048828125 0.013177159590043924
0.0 0.90576171875 0.4802342606149341 0.0048828125 0.01171303074670571
0.0 0.9873046875 0.4868228404099561 0.005859375 0.016105417276720352
0.0 0.87158203125 0.486090775988287 0.0068359375 0.01171303074670571
0.0 0.98193359375 0.4868228404099561 0.0048828125 0.007320644216691069
0.0 0.97021484375 0.49414348462664714 0.0029296875 0.007320644216691069
