0.0 0.068359375 0.5533854166666666 0.0166015625 0.024739583333333332
0.0 0.1259765625 0.6028645833333334 0.0205078125 0.036458333333333336
0.0 0.2138671875 0.58984375 0.0146484375 0.026041666666666668
0.0 0.2763671875 0.5729166666666666 0.0166015625 0.0234375
0.0 0.3544921875 0.5416666666666666 0.0224609375 0.040364583333333336
0.0 0.4033203125 0.5533854166666666 0.01953125 0.03125
0.0 0.447265625 0.54296875 0.025390625 0.037760416666666664
0.0 0.5361328125 0.5572916666666666 0.0205078125 0.032552083333333336
0.0 0.62109375 0.546875 0.0166015625 0.03125
0.0 0.7724609375 0.5885416666666666 0.0205078125 0.03125
0.0 0.8408203125 0.57421875 0.0166015625 0.028645833333333332
0.0 0.6826171875 0.5611979166666666 0.0224609375 0.032552083333333336
0.0 0.8935546875 0.6263020833333334 0.0244140625 0.041666666666666664
0.0 0.9658203125 0.5716145833333334 0.0166015625 0.026041666666666668
