0.0 0.2333984375 0.19591527987897125 0.0078125 0.01361573373676248
0.0 0.20556640625 0.22465960665658094 0.0087890625 0.01664145234493192
0.0 0.16357421875 0.2534039334341906 0.0087890625 0.01664145234493192
0.0 0.12548828125 0.2897125567322239 0.0087890625 0.01664145234493192
0.0 0.10546875 0.3237518910741301 0.009765625 0.02118003025718608
0.0 0.107421875 0.3744326777609682 0.009765625 0.019667170953101363
0.0 0.1064453125 0.4016641452344932 0.009765625 0.01664145234493192
0.0 0.1201171875 0.47579425113464446 0.01171875 0.0226928895612708
0.0 0.30517578125 0.14069591527987896 0.0068359375 0.009077155824508321
0.0 0.34423828125 0.16111951588502268 0.0068359375 0.01059001512859304
0.0 0.39208984375 0.1550680786686838 0.0068359375 0.01361573373676248
0.0 0.38525390625 0.1172465960665658 0.0068359375 0.01361573373676248
0.0 0.36669921875 0.0907715582450832 0.0068359375 0.012102874432677761
0.0 0.42529296875 0.09304084720121028 0.0068359375 0.01059001512859304
0.0 0.42333984375 0.14901664145234494 0.0068359375 0.01059001512859304
0.0 0.45068359375 0.1059001512859304 0.0068359375 0.012102874432677761
0.0 0.42919921875 0.07110438729198185 0.0068359375 0.012102874432677761
0.0 0.45166015625 0.08623298033282904 0.0068359375 0.009077155824508321
0.0 0.4296875 0.22390317700453857 0.0078125 0.012102874432677761
0.0 0.296875 0.26021180030257185 0.009765625 0.015128593040847202
0.0 0.31201171875 0.291981845688351 0.0107421875 0.015128593040847202
0.0 0.35107421875 0.26248108925869895 0.0087890625 0.01664145234493192
0.0 0.40087890625 0.25718608169440244 0.0087890625 0.015128593040847202
0.0 0.3720703125 0.291981845688351 0.009765625 0.018154311649016642
0.0 0.3310546875 0.33434190620272314 0.0078125 0.012102874432677761
0.0 0.7099609375 0.4152798789712557 0.009765625 0.01664145234493192
0.0 0.6904296875 0.47276853252647505 0.009765625 0.01664145234493192
0.0 0.666015625 0.5363086232980333 0.009765625 0.019667170953101363
0.0 0.7333984375 0.5385779122541604 0.009765625 0.02118003025718608
0.0 0.73828125 0.33434190620272314 0.0078125 0.015128593040847202
0.0 0.72705078125 0.3744326777609682 0.0087890625 0.01664145234493192
0.0 0.7724609375 0.4205748865355522 0.009765625 0.015128593040847202
0.0 0.7587890625 0.4689863842662632 0.009765625 0.018154311649016642
0.0 0.814453125 0.527231467473525 0.01171875 0.019667170953101363
0.0 0.8896484375 0.4856278366111952 0.009765625 0.02118003025718608
0.0 0.80078125 0.5885022692889561 0.01171875 0.02118003025718608
0.0 0.7197265625 0.5953101361573374 0.01171875 0.0226928895612708
0.0 0.6923828125 0.6792738275340393 0.01171875 0.02118003025718608
0.0 0.484375 0.07337367624810892 0.005859375 0.01059001512859304
0.0 0.51171875 0.07791225416036308 0.005859375 0.01059001512859304
0.0 0.50537109375 0.12254160363086233 0.0068359375 0.012102874432677761
0.0 0.521484375 0.1459909228441755 0.0078125 0.01361573373676248
0.0 0.56689453125 0.11649016641452345 0.0068359375 0.012102874432677761
0.0 0.54296875 0.09379727685325265 0.005859375 0.012102874432677761
0.0 0.55615234375 0.08774583963691376 0.0068359375 0.012102874432677761
0.0 0.5810546875 0.08245083207261725 0.005859375 0.01059001512859304
0.0 0.60107421875 0.0794251134644478 0.0048828125 0.01059001512859304
0.0 0.61083984375 0.10665658093797277 0.0048828125 0.007564296520423601
0.0 0.61474609375 0.1437216338880484 0.0068359375 0.012102874432677761
0.0 0.646484375 0.16111951588502268 0.0078125 0.01361573373676248
0.0 0.6552734375 0.1172465960665658 0.005859375 0.01059001512859304
0.0 0.69189453125 0.17246596066565809 0.0087890625 0.015128593040847202
0.0 0.73291015625 0.1459909228441755 0.0068359375 0.01059001512859304
0.0 0.7587890625 0.2042360060514372 0.005859375 0.012102874432677761
0.0 0.7119140625 0.264750378214826 0.0078125 0.012102874432677761
0.0 0.806640625 0.22768532526475038 0.0078125 0.01361573373676248
0.0 0.837890625 0.2594553706505295 0.0078125 0.01664145234493192
0.0 0.87939453125 0.29954614220877457 0.0087890625 0.015128593040847202
0.0 0.8935546875 0.3350983358547655 0.0078125 0.01664145234493192
0.0 0.890625 0.3842662632375189 0.009765625 0.018154311649016642
0.0 0.89013671875 0.4258698940998487 0.0107421875 0.019667170953101363
0.0 0.6669921875 0.3744326777609682 0.009765625 0.01664145234493192
0.0 0.2744140625 0.3275340393343419 0.009765625 0.01664145234493192
0.0 0.35107421875 0.36232980332829046 0.0107421875 0.019667170953101363
0.0 0.3935546875 0.3260211800302572 0.009765625 0.01664145234493192
0.0 0.41650390625 0.3653555219364599 0.0107421875 0.01664145234493192
0.0 0.23974609375 0.42133131618759456 0.0107421875 0.019667170953101363
0.0 0.28857421875 0.3774583963691377 0.0107421875 0.01664145234493192
0.0 0.310546875 0.4092284417549168 0.01171875 0.019667170953101363
0.0 0.3330078125 0.4720121028744327 0.01171875 0.018154311649016642
0.0 0.3798828125 0.4130105900151286 0.009765625 0.015128593040847202
0.0 0.26220703125 0.4689863842662632 0.0107421875 0.018154311649016642
0.0 0.208984375 0.5249621785173979 0.01171875 0.02118003025718608
0.0 0.232421875 0.5907715582450832 0.01171875 0.0226928895612708
0.0 0.31298828125 0.5907715582450832 0.0107421875 0.0226928895612708
0.0 0.2890625 0.5279878971255674 0.01171875 0.018154311649016642
0.0 0.36328125 0.5136157337367625 0.009765625 0.019667170953101363
0.0 0.39404296875 0.5907715582450832 0.0107421875 0.0226928895612708
0.0 0.4404296875 0.5257186081694403 0.01171875 0.0226928895612708
0.0 0.4091796875 0.4689863842662632 0.01171875 0.018154311649016642
0.0 0.42919921875 0.6656580937972768 0.0126953125 0.02723146747352496
0.0 0.34130859375 0.6679273827534039 0.0126953125 0.025718608169440244
0.0 0.42919921875 0.2934947049924357 0.0107421875 0.018154311649016642
0.0 0.45068359375 0.3350983358547655 0.0087890625 0.01664145234493192
0.0 0.45654296875 0.25642965204236007 0.0087890625 0.01361573373676248
0.0 0.478515625 0.29122541603630864 0.0078125 0.01361573373676248
0.0 0.505859375 0.26021180030257185 0.0078125 0.015128593040847202
0.0 0.4814453125 0.2291981845688351 0.0078125 0.01361573373676248
0.0 0.53173828125 0.22995461422087746 0.0068359375 0.015128593040847202
0.0 0.53515625 0.3010590015128593 0.009765625 0.015128593040847202
0.0 0.5615234375 0.25491679273827533 0.0078125 0.01361573373676248
0.0 0.509765625 0.33963691376701965 0.0078125 0.01361573373676248
0.0 0.5400390625 0.36459909228441756 0.009765625 0.018154311649016642
0.0 0.5693359375 0.3388804841149773 0.009765625 0.015128593040847202
0.0 0.4794921875 0.3729198184568835 0.009765625 0.01664145234493192
0.0 0.509765625 0.42133131618759456 0.009765625 0.01361573373676248
0.0 0.443359375 0.4152798789712557 0.009765625 0.01664145234493192
0.0 0.47607421875 0.4636913767019667 0.0107421875 0.019667170953101363
0.0 0.51220703125 0.5219364599092284 0.0107421875 0.02118003025718608
0.0 0.54833984375 0.4659606656580938 0.0107421875 0.018154311649016642
0.0 0.57763671875 0.4145234493192133 0.0107421875 0.015128593040847202
0.0 0.60400390625 0.37065052950075644 0.0107421875 0.018154311649016642
0.0 0.587890625 0.5332829046898638 0.009765625 0.019667170953101363
0.0 0.4697265625 0.5915279878971256 0.01171875 0.02118003025718608
0.0 0.55908203125 0.5937972768532527 0.0107421875 0.0226928895612708
0.0 0.52197265625 0.6679273827534039 0.0126953125 0.025718608169440244
0.0 0.6083984375 0.6694402420574886 0.01171875 0.0226928895612708
0.0 0.638671875 0.5983358547655068 0.01171875 0.0226928895612708
0.0 0.58447265625 0.23600605143721634 0.0087890625 0.012102874432677761
0.0 0.59375 0.29425113464447805 0.0078125 0.01361573373676248
0.0 0.61669921875 0.2670196671709531 0.0068359375 0.01361573373676248
0.0 0.6669921875 0.26248108925869895 0.0078125 0.01361573373676248
0.0 0.64794921875 0.29652042360060515 0.0087890625 0.012102874432677761
0.0 0.6279296875 0.3328290468986384 0.009765625 0.015128593040847202
0.0 0.68603515625 0.3381240544629349 0.0087890625 0.01664145234493192
0.0 0.70556640625 0.30030257186081694 0.0087890625 0.01361573373676248
0.0 0.61572265625 0.4636913767019667 0.0107421875 0.019667170953101363
0.0 0.6435546875 0.42208774583963693 0.009765625 0.018154311649016642
