0.0 0.04150390625 0.3131510416666667 0.0107421875 0.01953125
0.0 0.0595703125 0.3157552083333333 0.013671875 0.022135416666666668
0.0 0.0712890625 0.3040364583333333 0.009765625 0.014322916666666666
0.0 0.095703125 0.3111979166666667 0.013671875 0.020833333333333332
0.0 0.10791015625 0.3157552083333333 0.0068359375 0.01171875
0.0 0.1181640625 0.3111979166666667 0.005859375 0.010416666666666666
0.0 0.1806640625 0.4108072916666667 0.046875 0.07942708333333333
0.0 0.04296875 0.3977864583333333 0.015625 0.02734375
0.0 0.10791015625 0.4270833333333333 0.0166015625 0.0234375
0.0 0.07958984375 0.482421875 0.0146484375 0.022135416666666668
0.0 0.46240234375 0.3053385416666667 0.0107421875 0.01953125
0.0 0.453125 0.4186197916666667 0.056640625 0.08203125
0.0 0.51025390625 0.306640625 0.0126953125 0.022135416666666668
0.0 0.5712890625 0.3033854166666667 0.01171875 0.026041666666666668
0.0 0.62646484375 0.2721354166666667 0.0166015625 0.03125
0.0 0.5390625 0.384765625 0.01171875 0.022135416666666668
0.0 0.63427734375 0.4322916666666667 0.0712890625 0.109375
0.0 0.7587890625 0.4583333333333333 0.0546875 0.08072916666666667
0.0 0.767578125 0.2884114583333333 0.025390625 0.04296875
0.0 0.7841796875 0.2936197916666667 0.017578125 0.02734375
0.0 0.96240234375 0.45703125 0.0751953125 0.140625
0.0 0.314453125 0.2975260416666667 0.0078125 0.01171875
0.0 0.345703125 0.3001302083333333 0.0078125 0.014322916666666666
0.0 0.3818359375 0.291015625 0.0078125 0.014322916666666666
0.0 0.2529296875 0.30859375 0.005859375 0.010416666666666666
0.0 0.01123046875 0.3170572916666667 0.0107421875 0.01953125
