0.0 0.02734375 0.6349557522123894 0.01171875 0.028023598820058997
0.0 0.03955078125 0.6194690265486725 0.0107421875 0.017699115044247787
0.0 0.0634765625 0.6342182890855457 0.01171875 0.02654867256637168
0.0 0.01171875 0.5582595870206489 0.005859375 0.016224188790560472
0.0 0.05712890625 0.616519174041298 0.0087890625 0.017699115044247787
0.0 0.0830078125 0.6297935103244838 0.0078125 0.017699115044247787
0.0 0.091796875 0.6356932153392331 0.00390625 0.014749262536873156
0.0 0.1015625 0.633480825958702 0.01171875 0.022123893805309734
0.0 0.1142578125 0.6194690265486725 0.0078125 0.011799410029498525
0.0 0.140625 0.6290560471976401 0.01171875 0.022123893805309734
0.0 0.15576171875 0.6327433628318584 0.0068359375 0.011799410029498525
0.0 0.16748046875 0.6283185840707964 0.0087890625 0.017699115044247787
0.0 0.1787109375 0.6238938053097345 0.01171875 0.02359882005899705
0.0 0.21875 0.6253687315634219 0.01171875 0.02359882005899705
0.0 0.2587890625 0.6261061946902655 0.01171875 0.025073746312684365
0.0 0.29296875 0.6231563421828908 0.01171875 0.028023598820058997
0.0 0.32373046875 0.6187315634218289 0.0107421875 0.025073746312684365
0.0 0.36328125 0.6216814159292036 0.01171875 0.028023598820058997
0.0 0.400390625 0.6187315634218289 0.01171875 0.022123893805309734
0.0 0.390625 0.6187315634218289 0.009765625 0.016224188790560472
0.0 0.41748046875 0.6283185840707964 0.0087890625 0.017699115044247787
0.0 0.43701171875 0.6268436578171092 0.0107421875 0.02359882005899705
0.0 0.45263671875 0.6113569321533924 0.0087890625 0.016224188790560472
0.0 0.46533203125 0.612094395280236 0.0087890625 0.017699115044247787
0.0 0.47314453125 0.6268436578171092 0.0107421875 0.02064896755162242
0.0 0.48779296875 0.6275811209439528 0.0068359375 0.01327433628318584
0.0 0.50732421875 0.6076696165191741 0.0087890625 0.017699115044247787
0.0 0.5146484375 0.6268436578171092 0.01171875 0.02654867256637168
0.0 0.5498046875 0.6224188790560472 0.01171875 0.02359882005899705
0.0 0.5390625 0.6246312684365781 0.009765625 0.022123893805309734
0.0 0.58984375 0.6246312684365781 0.01171875 0.025073746312684365
0.0 0.61767578125 0.6238938053097345 0.0087890625 0.017699115044247787
0.0 0.62890625 0.6283185840707964 0.013671875 0.02359882005899705
0.0 0.654296875 0.6297935103244838 0.009765625 0.017699115044247787
0.0 0.669921875 0.6312684365781711 0.013671875 0.02654867256637168
0.0 0.70166015625 0.6342182890855457 0.0107421875 0.017699115044247787
0.0 0.716796875 0.6275811209439528 0.01171875 0.022123893805309734
0.0 0.75927734375 0.6290560471976401 0.0126953125 0.025073746312684365
0.0 0.7939453125 0.6297935103244838 0.01171875 0.02654867256637168
0.0 0.826171875 0.6091445427728613 0.009765625 0.02359882005899705
0.0 0.83837890625 0.6261061946902655 0.0107421875 0.025073746312684365
0.0 0.8623046875 0.6032448377581121 0.01171875 0.02359882005899705
0.0 0.89013671875 0.6238938053097345 0.0126953125 0.02654867256637168
0.0 0.90576171875 0.6209439528023599 0.0068359375 0.02064896755162242
0.0 0.91552734375 0.612094395280236 0.0068359375 0.02064896755162242
0.0 0.921875 0.605457227138643 0.009765625 0.022123893805309734
0.0 0.95458984375 0.6069321533923304 0.0107421875 0.025073746312684365
0.0 0.98193359375 0.6268436578171092 0.0126953125 0.02359882005899705
0.0 0.98046875 0.5958702064896755 0.005859375 0.014749262536873156
0.0 0.337890625 0.553834808259587 0.0078125 0.01032448377581121
0.0 0.36376953125 0.5567846607669616 0.0087890625 0.01327433628318584
0.0 0.2705078125 0.6297935103244838 0.005859375 0.011799410029498525
0.0 0.84765625 0.6297935103244838 0.009765625 0.02064896755162242
