0.0 0.1337890625 0.3599439775910364 0.052734375 0.07282913165266107
0.0 0.06591796875 0.31442577030812324 0.0244140625 0.0350140056022409
0.0 0.1923828125 0.32002801120448177 0.03515625 0.0546218487394958
0.0 0.29150390625 0.35154061624649857 0.0185546875 0.03081232492997199
0.0 0.3486328125 0.38165266106442575 0.02734375 0.04341736694677871
0.0 0.4345703125 0.36204481792717086 0.0234375 0.0350140056022409
0.0 0.51220703125 0.3641456582633053 0.0205078125 0.028011204481792718
0.0 0.498046875 0.36764705882352944 0.01171875 0.02661064425770308
0.0 0.55224609375 0.37745098039215685 0.0126953125 0.02100840336134454
0.0 0.6181640625 0.3004201680672269 0.033203125 0.049019607843137254
0.0 0.7080078125 0.36764705882352944 0.029296875 0.037815126050420166
0.0 0.75244140625 0.39215686274509803 0.0224609375 0.03081232492997199
0.0 0.73291015625 0.37815126050420167 0.0205078125 0.03081232492997199
0.0 0.80517578125 0.36834733893557425 0.0244140625 0.03361344537815126
0.0 0.86474609375 0.3802521008403361 0.0205078125 0.029411764705882353
0.0 0.92236328125 0.38165266106442575 0.0146484375 0.023809523809523808
0.0 0.900390625 0.39215686274509803 0.013671875 0.0196078431372549
0.0 0.8759765625 0.39985994397759106 0.013671875 0.023809523809523808
