0.0 0.0263671875 0.6117788461538461 0.0078125 0.013221153846153846
0.0 0.0703125 0.6141826923076923 0.0068359375 0.010817307692307692
0.0 0.0927734375 0.6899038461538461 0.005859375 0.008413461538461538
0.0 0.1162109375 0.6057692307692307 0.005859375 0.013221153846153846
0.0 0.1201171875 0.6165865384615384 0.0068359375 0.01201923076923077
0.0 0.1328125 0.6225961538461539 0.005859375 0.01201923076923077
0.0 0.1474609375 0.6165865384615384 0.009765625 0.014423076923076924
0.0 0.158203125 0.5889423076923077 0.0087890625 0.015625
0.0 0.1767578125 0.6021634615384616 0.0078125 0.013221153846153846
0.0 0.22265625 0.6286057692307693 0.0068359375 0.01201923076923077
0.0 0.2197265625 0.5853365384615384 0.0087890625 0.015625
0.0 0.2109375 0.6213942307692307 0.005859375 0.01201923076923077
0.0 0.169921875 0.6033653846153846 0.0068359375 0.015625
0.0 0.787109375 0.6478365384615384 0.009765625 0.016826923076923076
0.0 0.8310546875 0.6370192307692307 0.0078125 0.018028846153846152
0.0 0.826171875 0.6730769230769231 0.005859375 0.014423076923076924
0.0 0.87109375 0.6418269230769231 0.0087890625 0.015625
0.0 0.9267578125 0.6358173076923077 0.009765625 0.018028846153846152
0.0 0.9921875 0.7620192307692307 0.0078125 0.021634615384615384
