0.0 0.16259765625 0.4854014598540146 0.0224609375 0.024817518248175182
0.0 0.24755859375 0.4759124087591241 0.0244140625 0.040875912408759124
0.0 0.33935546875 0.4401459854014598 0.0244140625 0.030656934306569343
0.0 0.4111328125 0.2956204379562044 0.01953125 0.024817518248175182
0.0 0.42041015625 0.4591240875912409 0.0205078125 0.0364963503649635
0.0 0.501953125 0.4408759124087591 0.021484375 0.026277372262773723
0.0 0.45361328125 0.5518248175182482 0.0283203125 0.040875912408759124
0.0 0.37548828125 0.5452554744525547 0.0205078125 0.033576642335766425
0.0 0.28076171875 0.5817518248175182 0.0244140625 0.027737226277372264
0.0 0.56982421875 0.5452554744525547 0.0244140625 0.0364963503649635
0.0 0.58251953125 0.43576642335766425 0.0205078125 0.024817518248175182
0.0 0.583984375 0.24744525547445256 0.017578125 0.021897810218978103
0.0 0.65673828125 0.46277372262773725 0.0166015625 0.02335766423357664
0.0 0.6728515625 0.5467153284671533 0.021484375 0.0364963503649635
0.0 0.73193359375 0.46131386861313867 0.0205078125 0.029197080291970802
0.0 0.8134765625 0.42773722627737226 0.01953125 0.026277372262773723
0.0 0.5029296875 0.06788321167883211 0.0234375 0.042335766423357665
