0.0 0.001953125 0.24087591240875914 0.0380859375 0.059854014598540145
0.0 0.0380859375 0.18686131386861313 0.0673828125 0.10364963503649635
0.0 0.142578125 0.22335766423357664 0.037109375 0.06569343065693431
0.0 0.1962890625 0.20145985401459854 0.0791015625 0.12262773722627737
0.0 0.2470703125 0.20437956204379562 0.037109375 0.07445255474452554
0.0 0.2392578125 0.1562043795620438 0.0361328125 0.07737226277372262
0.0 0.296875 0.23503649635036497 0.033203125 0.051094890510948905
0.0 0.34375 0.14890510948905109 0.0439453125 0.0905109489051095
0.0 0.4814453125 0.13138686131386862 0.044921875 0.08029197080291971
0.0 0.572265625 0.09343065693430656 0.0751953125 0.12262773722627737
0.0 0.6669921875 0.1591240875912409 0.03125 0.052554744525547446
0.0 0.7080078125 0.08467153284671533 0.064453125 0.10510948905109489
0.0 0.7607421875 0.15328467153284672 0.0263671875 0.059854014598540145
0.0 0.83984375 0.0 0.09375 0.16204379562043797
0.0 0.919921875 0.058394160583941604 0.05078125 0.0948905109489051
