0.0 0.244140625 0.48826291079812206 0.025390625 0.0406885758998435
0.0 0.18017578125 0.55320813771518 0.0244140625 0.04225352112676056
0.0 0.1328125 0.564945226917058 0.02734375 0.046948356807511735
0.0 0.16943359375 0.43740219092331767 0.0205078125 0.03912363067292645
0.0 0.1240234375 0.4272300469483568 0.013671875 0.028169014084507043
0.0 0.18603515625 0.40923317683881066 0.0166015625 0.03286384976525822
0.0 0.29541015625 0.3935837245696401 0.0185546875 0.03286384976525822
0.0 0.24755859375 0.40688575899843504 0.0166015625 0.03129890453834116
0.0 0.20849609375 0.3826291079812207 0.0087890625 0.023474178403755867
0.0 0.19970703125 0.4154929577464789 0.0126953125 0.023474178403755867
0.0 0.06396484375 0.38184663536776214 0.0166015625 0.03442879499217527
0.0 0.076171875 0.3458528951486698 0.01171875 0.02190923317683881
0.0 0.07861328125 0.31768388106416273 0.0107421875 0.025039123630672927
0.0 0.123046875 0.33568075117370894 0.01171875 0.023474178403755867
0.0 0.1376953125 0.3442879499217527 0.01171875 0.025039123630672927
0.0 0.14697265625 0.35289514866979654 0.0107421875 0.023474178403755867
0.0 0.1513671875 0.32942097026604067 0.009765625 0.023474178403755867
0.0 0.18115234375 0.31768388106416273 0.0107421875 0.02190923317683881
0.0 0.2060546875 0.31690140845070425 0.009765625 0.017214397496087636
0.0 0.19189453125 0.30907668231611896 0.0107421875 0.017214397496087636
0.0 0.3115234375 0.39123630672926446 0.013671875 0.028169014084507043
0.0 0.32958984375 0.38341158059467917 0.0126953125 0.025039123630672927
0.0 0.37451171875 0.38497652582159625 0.0107421875 0.018779342723004695
0.0 0.38916015625 0.41236306729264477 0.0126953125 0.026604068857589983
0.0 0.42041015625 0.3904538341158059 0.0146484375 0.026604068857589983
0.0 0.4384765625 0.39280125195618154 0.015625 0.03442879499217527
0.0 0.4599609375 0.38810641627543035 0.01171875 0.028169014084507043
0.0 0.45849609375 0.34507042253521125 0.0107421875 0.023474178403755867
0.0 0.400390625 0.33881064162754304 0.01171875 0.023474178403755867
0.0 0.35498046875 0.325508607198748 0.0087890625 0.01564945226917058
0.0 0.2294921875 0.3810641627543036 0.01171875 0.023474178403755867
0.0 0.2802734375 0.3591549295774648 0.009765625 0.02034428794992175
0.0 0.26123046875 0.2887323943661972 0.0087890625 0.017214397496087636
0.0 0.24853515625 0.28482003129890454 0.0107421875 0.018779342723004695
0.0 0.283203125 0.2918622848200313 0.009765625 0.017214397496087636
0.0 0.19482421875 0.19483568075117372 0.0087890625 0.017214397496087636
0.0 0.32177734375 0.2942097026604069 0.0107421875 0.018779342723004695
0.0 0.34423828125 0.30359937402190923 0.0107421875 0.018779342723004695
0.0 0.36279296875 0.284037558685446 0.0087890625 0.017214397496087636
0.0 0.37548828125 0.2895148669796557 0.0068359375 0.01564945226917058
0.0 0.3857421875 0.28794992175273865 0.0078125 0.01564945226917058
0.0 0.4208984375 0.3075117370892019 0.009765625 0.017214397496087636
0.0 0.419921875 0.2942097026604069 0.009765625 0.018779342723004695
0.0 0.46875 0.28794992175273865 0.0078125 0.01564945226917058
0.0 0.47998046875 0.27073552425665104 0.0068359375 0.01564945226917058
0.0 0.4921875 0.2809076682316119 0.005859375 0.010954616588419406
0.0 0.486328125 0.26917057902973396 0.005859375 0.01564945226917058
0.0 0.49609375 0.3333333333333333 0.009765625 0.018779342723004695
0.0 0.47998046875 0.33255086071987483 0.0107421875 0.02034428794992175
0.0 0.48681640625 0.37089201877934275 0.0126953125 0.02190923317683881
0.0 0.49462890625 0.4225352112676056 0.0146484375 0.028169014084507043
0.0 0.53125 0.39593114241001565 0.013671875 0.025039123630672927
0.0 0.5234375 0.3935837245696401 0.01171875 0.026604068857589983
0.0 0.5546875 0.37167449139280123 0.01171875 0.026604068857589983
0.0 0.57958984375 0.43427230046948356 0.0166015625 0.0297339593114241
0.0 0.62158203125 0.4225352112676056 0.0166015625 0.028169014084507043
0.0 0.66064453125 0.4209702660406886 0.0146484375 0.028169014084507043
0.0 0.59375 0.4029733959311424 0.01171875 0.023474178403755867
0.0 0.5693359375 0.38810641627543035 0.013671875 0.028169014084507043
0.0 0.58154296875 0.38810641627543035 0.0107421875 0.025039123630672927
0.0 0.62841796875 0.3685446009389671 0.0126953125 0.023474178403755867
0.0 0.66357421875 0.37167449139280123 0.0126953125 0.023474178403755867
0.0 0.6923828125 0.38028169014084506 0.013671875 0.025039123630672927
0.0 0.7177734375 0.3982785602503912 0.013671875 0.026604068857589983
0.0 0.73779296875 0.3904538341158059 0.0126953125 0.026604068857589983
0.0 0.75732421875 0.47730829420970267 0.0146484375 0.03129890453834116
0.0 0.76318359375 0.37715179968701096 0.0107421875 0.02190923317683881
0.0 0.67919921875 0.3435054773082942 0.0126953125 0.026604068857589983
0.0 0.62646484375 0.34976525821596244 0.0087890625 0.02034428794992175
0.0 0.60400390625 0.3411580594679186 0.0146484375 0.02190923317683881
0.0 0.759765625 0.34976525821596244 0.009765625 0.02034428794992175
0.0 0.7255859375 0.3333333333333333 0.009765625 0.018779342723004695
0.0 0.744140625 0.2949921752738654 0.005859375 0.014084507042253521
0.0 0.552734375 0.26291079812206575 0.0078125 0.012519561815336464
0.0 0.564453125 0.24726134585289514 0.005859375 0.009389671361502348
0.0 0.56591796875 0.2918622848200313 0.0068359375 0.014084507042253521
0.0 0.57421875 0.2777777777777778 0.005859375 0.010954616588419406
0.0 0.65576171875 0.2605633802816901 0.0048828125 0.010954616588419406
0.0 0.78076171875 0.4507042253521127 0.0166015625 0.03442879499217527
0.0 0.810546875 0.42331768388106417 0.013671875 0.0297339593114241
0.0 0.82763671875 0.3967136150234742 0.0146484375 0.026604068857589983
0.0 0.8505859375 0.4076682316118936 0.013671875 0.023474178403755867
0.0 0.88427734375 0.4217527386541471 0.0166015625 0.03599374021909233
0.0 0.92578125 0.4241001564945227 0.013671875 0.025039123630672927
0.0 0.95703125 0.4194053208137715 0.013671875 0.028169014084507043
0.0 0.9873046875 0.40375586854460094 0.01171875 0.025039123630672927
0.0 0.8935546875 0.38497652582159625 0.01171875 0.025039123630672927
0.0 0.8759765625 0.39123630672926446 0.01171875 0.02190923317683881
0.0 0.87744140625 0.3599374021909233 0.0068359375 0.01564945226917058
0.0 0.89306640625 0.32629107981220656 0.0087890625 0.02034428794992175
0.0 0.8564453125 0.33568075117370894 0.009765625 0.02034428794992175
0.0 0.84375 0.3380281690140845 0.0078125 0.018779342723004695
0.0 0.88330078125 0.3302034428794992 0.0068359375 0.01564945226917058
0.0 0.86572265625 0.3317683881064163 0.0068359375 0.01564945226917058
0.0 0.8818359375 0.29890453834115804 0.0078125 0.01564945226917058
0.0 0.77001953125 0.32629107981220656 0.0087890625 0.02034428794992175
0.0 0.97021484375 0.33411580594679186 0.0087890625 0.02034428794992175
0.0 0.994140625 0.38184663536776214 0.0078125 0.018779342723004695
0.0 0.9912109375 0.33724569640062596 0.0078125 0.02034428794992175
0.0 0.91162109375 0.3677621283255086 0.0126953125 0.028169014084507043
0.0 0.66748046875 0.32785602503912364 0.0068359375 0.017214397496087636
0.0 0.67724609375 0.3215962441314554 0.0087890625 0.017214397496087636
0.0 0.67529296875 0.2589984350547731 0.0068359375 0.00782472613458529
0.0 0.30029296875 0.3474178403755869 0.0126953125 0.025039123630672927
0.0 0.5771484375 0.350547730829421 0.01171875 0.025039123630672927
0.0 0.0888671875 0.5289514866979655 0.009765625 0.02190923317683881
0.0 0.00390625 0.52660406885759 0.0078125 0.02034428794992175
0.0 0.78369140625 0.3904538341158059 0.0107421875 0.017214397496087636
0.0 0.97705078125 0.33724569640062596 0.0087890625 0.017214397496087636
0.0 0.35595703125 0.4303599374021909 0.0126953125 0.025039123630672927
0.0 0.3515625 0.4131455399061033 0.01171875 0.02190923317683881
0.0 0.55712890625 0.2676056338028169 0.0068359375 0.012519561815336464
0.0 0.48828125 0.40219092331768386 0.009765625 0.018779342723004695
0.0 0.0908203125 0.352112676056338 0.009765625 0.02190923317683881
0.0 0.794921875 0.365414710485133 0.01171875 0.023474178403755867
0.0 0.716796875 0.37871674491392804 0.01171875 0.025039123630672927
