0.0 0.462890625 0.5328125 0.048828125 0.0953125
0.0 0.009765625 0.3265625 0.01171875 0.0234375
0.0 0.0322265625 0.31875 0.009765625 0.0203125
0.0 0.0966796875 0.3265625 0.009765625 0.0203125
0.0 0.3466796875 0.3203125 0.0087890625 0.0171875
0.0 0.3349609375 0.33125 0.0068359375 0.0140625
0.0 0.3125 0.3296875 0.0068359375 0.0109375
0.0 0.2978515625 0.33125 0.0068359375 0.0109375
0.0 0.2861328125 0.325 0.0068359375 0.015625
0.0 0.26171875 0.3296875 0.0068359375 0.0140625
0.0 0.2451171875 0.328125 0.0068359375 0.015625
0.0 0.224609375 0.325 0.0068359375 0.0203125
