0.0 0.03515625 0.017878426698450536 0.0498046875 0.08939213349225268
0.0 0.5703125 0.12753277711561384 0.0263671875 0.04290822407628129
0.0 0.6591796875 0.1871275327771156 0.02734375 0.05601907032181168
0.0 0.6669921875 0.14064362336114422 0.0302734375 0.058402860548271755
0.0 0.701171875 0.14541120381406436 0.021484375 0.033373063170441
0.0 0.7685546875 0.10250297973778308 0.02734375 0.052443384982121574
0.0 0.8271484375 0.1466030989272944 0.025390625 0.04290822407628129
0.0 0.8486328125 0.14898688915375446 0.01953125 0.041716328963051254
0.0 0.8720703125 0.13706793802145412 0.0224609375 0.04290822407628129
0.0 0.3134765625 0.10369487485101311 0.0263671875 0.05959475566150179
