0.0 0.02490234375 0.25801749271137026 0.0263671875 0.043731778425655975
0.0 0.1162109375 0.26676384839650147 0.03125 0.05830903790087463
0.0 0.2861328125 0.25 0.02734375 0.048104956268221574
0.0 0.36279296875 0.31924198250728864 0.0263671875 0.052478134110787174
0.0 0.3984375 0.303935860058309 0.02734375 0.03935860058309038
0.0 0.41357421875 0.26384839650145775 0.0224609375 0.04664723032069971
0.0 0.45458984375 0.23323615160349853 0.0244140625 0.04081632653061224
0.0 0.458984375 0.271865889212828 0.025390625 0.04518950437317784
0.0 0.55224609375 0.2747813411078717 0.0244140625 0.04227405247813411
0.0 0.3291015625 0.27696793002915454 0.01953125 0.03498542274052478
0.0 0.56787109375 0.336734693877551 0.0263671875 0.04956268221574344
0.0 0.60888671875 0.282798833819242 0.0283203125 0.052478134110787174
0.0 0.6474609375 0.2922740524781341 0.025390625 0.048104956268221574
0.0 0.6806640625 0.27696793002915454 0.021484375 0.04664723032069971
0.0 0.712890625 0.32142857142857145 0.02734375 0.05102040816326531
0.0 0.72705078125 0.3097667638483965 0.0244140625 0.04518950437317784
0.0 0.7587890625 0.30029154518950435 0.02734375 0.04956268221574344
0.0 0.78759765625 0.38994169096209913 0.0341796875 0.06851311953352769
0.0 0.8701171875 0.41836734693877553 0.029296875 0.05539358600583091
0.0 0.87548828125 0.28717201166180756 0.0205078125 0.037900874635568516
0.0 0.84033203125 0.1793002915451895 0.0126953125 0.029154518950437316
