0.0 0.09423828125 0.3158803222094361 0.0263671875 0.031070195627157654
0.0 0.02734375 0.25489067894131184 0.021484375 0.028768699654775604
0.0 0.05224609375 0.25891829689298046 0.0126953125 0.018411967779056387
0.0 0.099609375 0.2520138089758343 0.009765625 0.01380897583429229
0.0 0.11962890625 0.26352128883774456 0.0087890625 0.009205983889528193
0.0 0.13525390625 0.2583429228998849 0.0126953125 0.01726121979286536
0.0 0.15966796875 0.25891829689298046 0.0087890625 0.01611047180667434
0.0 0.01171875 0.2468354430379747 0.005859375 0.01726121979286536
0.0 0.23193359375 0.07940161104718067 0.0205078125 0.023014959723820484
0.0 0.29541015625 0.07825086306098965 0.0205078125 0.02531645569620253
0.0 0.31591796875 0.08285385500575373 0.0107421875 0.023014959723820484
0.0 0.32666015625 0.08342922899884925 0.0107421875 0.02186421173762946
0.0 0.3408203125 0.08860759493670886 0.013671875 0.02531645569620253
0.0 0.1845703125 0.07192174913693901 0.015625 0.026467203682393557
0.0 0.38818359375 0.22324510932105868 0.0068359375 0.011507479861910242
0.0 0.40283203125 0.3630609896432681 0.0205078125 0.031070195627157654
0.0 0.38720703125 0.29516685845799767 0.0166015625 0.028768699654775604
0.0 0.41357421875 0.2675489067894131 0.0107421875 0.02186421173762946
0.0 0.48193359375 0.3095512082853855 0.0244140625 0.03222094361334868
0.0 0.556640625 0.24395857307249713 0.005859375 0.009205983889528193
0.0 0.5498046875 0.2681242807825086 0.009765625 0.01380897583429229
0.0 0.5439453125 0.27963176064441886 0.0078125 0.011507479861910242
0.0 0.5341796875 0.20771001150747986 0.00390625 0.005753739930955121
0.0 0.640625 0.07825086306098965 0.0234375 0.04833141542002301
0.0 0.6904296875 0.05005753739930955 0.021484375 0.031070195627157654
0.0 0.71240234375 0.05983889528193326 0.0087890625 0.011507479861910242
0.0 0.59423828125 0.04142692750287687 0.0107421875 0.018411967779056387
0.0 0.763671875 0.05005753739930955 0.013671875 0.028768699654775604
0.0 0.7197265625 0.18411967779056387 0.03125 0.04142692750287687
0.0 0.64501953125 0.33889528193325663 0.0263671875 0.031070195627157654
0.0 0.7001953125 0.35097813578826237 0.021484375 0.03682393555811277
0.0 0.5791015625 0.06962025316455696 0.015625 0.01726121979286536
0.0 0.9013671875 0.2474108170310702 0.029296875 0.02991944764096663
0.0 0.83203125 0.2336018411967779 0.015625 0.023014959723820484
0.0 0.96875 0.21979286536248563 0.013671875 0.023014959723820484
0.0 0.9521484375 0.2238204833141542 0.009765625 0.019562715765247412
0.0 0.96826171875 0.19102416570771003 0.0068359375 0.011507479861910242
0.0 0.97802734375 0.2042577675489068 0.0087890625 0.014959723820483314
0.0 0.943359375 0.20195627157652474 0.0078125 0.012658227848101266
0.0 0.955078125 0.1622554660529344 0.00390625 0.004602991944764097
0.0 0.9453125 0.17376294591484465 0.005859375 0.009205983889528193
0.0 0.79248046875 0.18699654775604144 0.0126953125 0.019562715765247412
0.0 0.7919921875 0.22497123130034521 0.009765625 0.014959723820483314
0.0 0.82080078125 0.1915995397008055 0.0087890625 0.012658227848101266
0.0 0.83056640625 0.1524741081703107 0.0087890625 0.012658227848101266
0.0 0.46630859375 0.6024165707710012 0.0322265625 0.04257767548906789
0.0 0.15869140625 0.6024165707710012 0.0205078125 0.026467203682393557
0.0 0.20458984375 0.5909090909090909 0.0185546875 0.02186421173762946
0.0 0.28173828125 0.5903337169159953 0.0185546875 0.020713463751438434
0.0 0.33203125 0.5759493670886076 0.009765625 0.01726121979286536
0.0 0.33740234375 0.5546605293440736 0.0146484375 0.020713463751438434
0.0 0.3505859375 0.546029919447641 0.0078125 0.010356731875719217
0.0 0.02587890625 0.5379746835443038 0.0107421875 0.024165707710011506
0.0 0.52880859375 0.5109321058688148 0.0185546875 0.02761795166858458
0.0 0.4208984375 0.47410817031070196 0.01953125 0.02761795166858458
0.0 0.4951171875 0.5172612197928653 0.009765625 0.012658227848101266
0.0 0.5078125 0.520138089758343 0.0078125 0.009205983889528193
0.0 0.89501953125 0.3768699654775604 0.0244140625 0.0379746835443038
0.0 0.93115234375 0.3291139240506329 0.0126953125 0.018411967779056387
0.0 0.943359375 0.32968929804372843 0.009765625 0.01726121979286536
0.0 0.96435546875 0.3285385500575374 0.0107421875 0.01726121979286536
0.0 0.982421875 0.33141542002301494 0.005859375 0.01380897583429229
0.0 0.85888671875 0.3515535097813579 0.0126953125 0.031070195627157654
0.0 0.02197265625 0.7180667433831991 0.0068359375 0.009205983889528193
0.0 0.08642578125 0.7272727272727273 0.0263671875 0.03452243958573072
0.0 0.2197265625 0.8176064441887226 0.01953125 0.03567318757192175
0.0 0.18603515625 0.8014959723820483 0.0107421875 0.014959723820483314
0.0 0.30322265625 0.8245109321058688 0.0224609375 0.024165707710011506
0.0 0.38330078125 0.8354430379746836 0.0205078125 0.02991944764096663
0.0 0.90478515625 0.6616800920598389 0.0244140625 0.02991944764096663
0.0 0.84619140625 0.6967779056386652 0.0244140625 0.031070195627157654
0.0 0.9501953125 0.7140391254315305 0.009765625 0.02186421173762946
0.0 0.7412109375 0.757192174913694 0.017578125 0.023014959723820484
0.0 0.68212890625 0.7531645569620253 0.0146484375 0.019562715765247412
0.0 0.63037109375 0.7520138089758343 0.0205078125 0.024165707710011506
0.0 0.59423828125 0.7209436133486766 0.0166015625 0.028768699654775604
0.0 0.5322265625 0.7531645569620253 0.0078125 0.014959723820483314
0.0 0.33447265625 0.8014959723820483 0.0146484375 0.02186421173762946
