0.0 0.67236328125 0.3528550512445095 0.0478515625 0.07906295754026355
0.0 0.84375 0.4136163982430454 0.03125 0.05124450951683748
0.0 0.8798828125 0.3535871156661786 0.0234375 0.036603221083455345
0.0 0.4599609375 0.2781844802342606 0.048828125 0.08784773060029283
0.0 0.16748046875 0.3916544655929722 0.0283203125 0.03953147877013177
0.0 0.0869140625 0.36530014641288433 0.01953125 0.03367496339677892
0.0 0.255859375 0.4136163982430454 0.01953125 0.03074670571010249
0.0 0.2978515625 0.3938506588579795 0.01171875 0.020497803806734993
0.0 0.23046875 0.40483162518301613 0.01171875 0.01903367496339678
0.0 0.53466796875 0.42020497803806733 0.0205078125 0.029282576866764276
0.0 0.75439453125 0.3953147877013177 0.0244140625 0.03806734992679356
0.0 0.93896484375 0.3814055636896047 0.0166015625 0.03074670571010249
