0.0 0.55517578125 0.6837481698389458 0.0087890625 0.020497803806734993
0.0 0.50927734375 0.7225475841874085 0.0126953125 0.021961932650073207
0.0 0.48974609375 0.7218155197657394 0.0107421875 0.020497803806734993
0.0 0.51220703125 0.7049780380673499 0.0107421875 0.01903367496339678
0.0 0.4990234375 0.6815519765739385 0.01171875 0.01903367496339678
0.0 0.48583984375 0.6603221083455344 0.0107421875 0.017569546120058566
0.0 0.5068359375 0.6317715959004392 0.01171875 0.021961932650073207
0.0 0.5439453125 0.6705710102489019 0.01171875 0.01171303074670571
0.0 0.5703125 0.6544655929721815 0.013671875 0.020497803806734993
0.0 0.59423828125 0.6310395314787701 0.0107421875 0.020497803806734993
0.0 0.4443359375 0.8089311859443631 0.01171875 0.021961932650073207
0.0 0.4755859375 0.7547584187408491 0.013671875 0.021961932650073207
0.0 0.36865234375 0.8448023426061494 0.0126953125 0.02635431918008785
0.0 0.36083984375 0.7445095168374817 0.0107421875 0.021961932650073207
0.0 0.37451171875 0.7371888726207906 0.0126953125 0.021961932650073207
0.0 0.43408203125 0.6537335285505125 0.0107421875 0.01903367496339678
0.0 0.41796875 0.6581259150805271 0.01171875 0.01903367496339678
0.0 0.38232421875 0.6566617862371888 0.0087890625 0.016105417276720352
0.0 0.5361328125 0.6764275256222547 0.0078125 0.017569546120058566
0.0 0.75390625 0.9370424597364568 0.015625 0.02635431918008785
0.0 0.33544921875 0.8653001464128843 0.0146484375 0.02635431918008785
0.0 0.30712890625 0.8828696925329429 0.0107421875 0.02342606149341142
0.0 0.3359375 0.7086383601756955 0.013671875 0.02342606149341142
0.0 0.46044921875 0.6808199121522694 0.0087890625 0.017569546120058566
0.0 0.2744140625 0.8125915080527086 0.009765625 0.020497803806734993
0.0 0.30029296875 0.7759882869692533 0.0087890625 0.02342606149341142
0.0 0.24560546875 0.7554904831625183 0.0107421875 0.020497803806734993
0.0 0.23779296875 0.7335285505124451 0.0107421875 0.02342606149341142
0.0 0.22900390625 0.6991215226939971 0.0107421875 0.021961932650073207
0.0 0.3134765625 0.6903367496339677 0.0078125 0.016105417276720352
0.0 0.18896484375 0.7518301610541728 0.0126953125 0.01903367496339678
0.0 0.560546875 0.9187408491947291 0.015625 0.03074670571010249
0.0 0.5556640625 0.8579795021961932 0.013671875 0.02635431918008785
0.0 0.52978515625 0.8872620790629575 0.0146484375 0.029282576866764276
0.0 0.52099609375 0.8448023426061494 0.0146484375 0.029282576866764276
0.0 0.49267578125 0.821376281112738 0.0126953125 0.02635431918008785
0.0 0.52880859375 0.7386530014641288 0.0126953125 0.021961932650073207
0.0 0.58740234375 0.7591508052708639 0.0146484375 0.016105417276720352
0.0 0.5537109375 0.712298682284041 0.01171875 0.024890190336749635
0.0 0.53759765625 0.7042459736456809 0.0087890625 0.017569546120058566
0.0 0.177734375 0.7430453879941434 0.013671875 0.021961932650073207
0.0 0.22119140625 0.7525622254758418 0.0126953125 0.020497803806734993
0.0 0.02685546875 0.781112737920937 0.0126953125 0.01903367496339678
0.0 0.06494140625 0.760614934114202 0.0087890625 0.01903367496339678
0.0 0.10205078125 0.7005856515373353 0.0107421875 0.016105417276720352
0.0 0.158203125 0.7086383601756955 0.01171875 0.020497803806734993
0.0 0.18212890625 0.6939970717423133 0.0126953125 0.020497803806734993
0.0 0.14306640625 0.7379209370424598 0.0126953125 0.020497803806734993
0.0 0.12060546875 0.8008784773060029 0.0107421875 0.020497803806734993
0.0 0.06884765625 0.698389458272328 0.0087890625 0.017569546120058566
0.0 0.06103515625 0.6698389458272328 0.0107421875 0.01903367496339678
0.0 0.01611328125 0.6815519765739385 0.0107421875 0.013177159590043924
0.0 0.10791015625 0.6090775988286969 0.0107421875 0.020497803806734993
0.0 0.11474609375 0.6178623718887262 0.0087890625 0.017569546120058566
0.0 0.125 0.6105417276720352 0.0078125 0.01171303074670571
0.0 0.15087890625 0.6046852122986823 0.0087890625 0.014641288433382138
0.0 0.16259765625 0.5856515373352855 0.0087890625 0.017569546120058566
0.0 0.14208984375 0.5439238653001464 0.0107421875 0.016105417276720352
0.0 0.10546875 0.568814055636896 0.009765625 0.016105417276720352
0.0 0.24755859375 0.6559297218155198 0.0087890625 0.014641288433382138
0.0 0.259765625 0.6478770131771596 0.009765625 0.01903367496339678
0.0 0.2744140625 0.6412884333821376 0.009765625 0.017569546120058566
0.0 0.189453125 0.6427525622254758 0.01171875 0.020497803806734993
0.0 0.19384765625 0.6127379209370425 0.0087890625 0.016105417276720352
0.0 0.14599609375 0.6412884333821376 0.0087890625 0.017569546120058566
0.0 0.1630859375 0.6676427525622255 0.009765625 0.017569546120058566
0.0 0.31640625 0.6442166910688141 0.009765625 0.017569546120058566
0.0 0.32666015625 0.6595900439238653 0.0087890625 0.021961932650073207
0.0 0.3359375 0.6054172767203514 0.009765625 0.01903367496339678
0.0 0.31689453125 0.6017569546120058 0.0087890625 0.014641288433382138
0.0 0.33251953125 0.5710102489019033 0.0087890625 0.01171303074670571
0.0 0.34521484375 0.5636896046852123 0.0068359375 0.017569546120058566
0.0 0.43505859375 0.47144948755490484 0.0068359375 0.014641288433382138
0.0 0.384765625 0.6002928257686676 0.005859375 0.01171303074670571
0.0 0.48193359375 0.3923865300146413 0.0087890625 0.014641288433382138
0.0 0.89892578125 0.43923865300146414 0.0146484375 0.02342606149341142
0.0 0.86865234375 0.4267935578330893 0.0107421875 0.021961932650073207
0.0 0.82763671875 0.38726207906295756 0.0126953125 0.021961932650073207
0.0 0.77783203125 0.3740849194729136 0.0126953125 0.021961932650073207
0.0 0.79541015625 0.3711566617862372 0.0126953125 0.01903367496339678
0.0 0.75439453125 0.3645680819912152 0.0126953125 0.020497803806734993
0.0 0.73388671875 0.36749633967789164 0.0107421875 0.020497803806734993
0.0 0.67333984375 0.42313323572474376 0.0126953125 0.020497803806734993
0.0 0.70068359375 0.37701317715959004 0.0107421875 0.024890190336749635
0.0 0.65625 0.3762811127379209 0.009765625 0.020497803806734993
0.0 0.642578125 0.3601756954612006 0.01171875 0.020497803806734993
0.0 0.9111328125 0.3953147877013177 0.0078125 0.017569546120058566
0.0 0.94580078125 0.7554904831625183 0.0107421875 0.020497803806734993
0.0 0.96533203125 0.7445095168374817 0.0126953125 0.01903367496339678
0.0 0.98583984375 0.8008784773060029 0.0126953125 0.02342606149341142
0.0 0.984375 0.7218155197657394 0.01171875 0.020497803806734993
0.0 0.951171875 0.6903367496339677 0.01171875 0.01903367496339678
0.0 0.98193359375 0.6903367496339677 0.0126953125 0.021961932650073207
0.0 0.97705078125 0.7181551976573939 0.0107421875 0.01903367496339678
0.0 0.9580078125 0.6486090775988287 0.015625 0.02635431918008785
0.0 0.59228515625 0.11786237188872621 0.0068359375 0.013177159590043924
0.0 0.572265625 0.116398243045388 0.005859375 0.010248901903367497
0.0 0.552734375 0.11566617862371889 0.0078125 0.01171303074670571
0.0 0.52099609375 0.15153733528550511 0.0048828125 0.010248901903367497
0.0 0.1181640625 0.8755490483162518 0.009765625 0.017569546120058566
0.0 0.20556640625 0.8982430453879942 0.0087890625 0.021961932650073207
0.0 0.00732421875 0.6127379209370425 0.0107421875 0.01903367496339678
0.0 0.0126953125 0.5885797950219619 0.009765625 0.017569546120058566
0.0 0.005859375 0.48243045387994143 0.0078125 0.016105417276720352
0.0 0.21875 0.5505124450951684 0.009765625 0.017569546120058566
0.0 0.19140625 0.8169838945827232 0.01171875 0.017569546120058566
0.0 0.17138671875 0.8001464128843339 0.0087890625 0.01903367496339678
0.0 0.19921875 0.6800878477306003 0.0078125 0.01903367496339678
0.0 0.2333984375 0.6559297218155198 0.0078125 0.020497803806734993
0.0 0.13037109375 0.691800878477306 0.0087890625 0.021961932650073207
0.0 0.07421875 0.8484626647144948 0.009765625 0.01903367496339678
0.0 0.296875 0.6127379209370425 0.0078125 0.01903367496339678
0.0 0.57275390625 0.6947291361639825 0.0087890625 0.016105417276720352
