0.0 0.06103515625 0.30176211453744495 0.0283203125 0.048458149779735685
0.0 0.109375 0.3002936857562408 0.01953125 0.042584434654919234
0.0 0.12890625 0.3722466960352423 0.029296875 0.06020558002936858
0.0 0.17724609375 0.3436123348017621 0.0341796875 0.05286343612334802
0.0 0.2080078125 0.276798825256975 0.03125 0.04552129221732746
0.0 0.2412109375 0.3135095447870778 0.033203125 0.0513950073421439
0.0 0.30615234375 0.3443465491923642 0.0322265625 0.0631424375917768
0.0 0.31787109375 0.2753303964757709 0.0283203125 0.0513950073421439
0.0 0.361328125 0.37812041116005873 0.03125 0.05433186490455213
0.0 0.43408203125 0.2944199706314244 0.0302734375 0.05433186490455213
0.0 0.501953125 0.3245227606461087 0.03515625 0.06167400881057269
0.0 0.4892578125 0.2790014684287812 0.033203125 0.049926578560939794
0.0 0.55810546875 0.29809104258443464 0.0263671875 0.055800293685756244
0.0 0.63037109375 0.28634361233480177 0.0263671875 0.055800293685756244
0.0 0.6806640625 0.3208516886930984 0.033203125 0.0631424375917768
0.0 0.7197265625 0.30616740088105726 0.02734375 0.0513950073421439
0.0 0.75732421875 0.2966226138032305 0.0224609375 0.055800293685756244
0.0 0.77978515625 0.3120411160058737 0.0185546875 0.04552129221732746
0.0 0.818359375 0.30983847283406757 0.021484375 0.04405286343612335
0.0 0.88671875 0.30837004405286345 0.033203125 0.0763582966226138
0.0 0.9169921875 0.27386196769456683 0.0234375 0.042584434654919234
0.0 0.96484375 0.2988252569750367 0.02734375 0.0513950073421439
0.0 0.806640625 0.3201174743024963 0.01953125 0.03524229074889868
0.0 0.013671875 0.29955947136563876 0.0234375 0.04405286343612335
0.0 0.00927734375 0.3671071953010279 0.0185546875 0.04698972099853157
