0.0 0.7783203125 0.4361979166666667 0.0234375 0.04296875
0.0 0.69140625 0.4075520833333333 0.0078125 0.013020833333333334
0.0 0.4833984375 0.45703125 0.021484375 0.029947916666666668
0.0 0.560546875 0.4596354166666667 0.0205078125 0.03125
0.0 0.48046875 0.40625 0.0078125 0.013020833333333334
0.0 0.4345703125 0.4127604166666667 0.0087890625 0.014322916666666666
0.0 0.41796875 0.4114583333333333 0.0068359375 0.014322916666666666
0.0 0.396484375 0.4166666666666667 0.0078125 0.013020833333333334
0.0 0.380859375 0.4205729166666667 0.0078125 0.013020833333333334
0.0 0.3701171875 0.4270833333333333 0.005859375 0.010416666666666666
0.0 0.349609375 0.4283854166666667 0.0078125 0.01171875
0.0 0.326171875 0.4296875 0.0068359375 0.013020833333333334
0.0 0.30078125 0.4518229166666667 0.0166015625 0.029947916666666668
0.0 0.2060546875 0.4635416666666667 0.015625 0.026041666666666668
0.0 0.1513671875 0.4752604166666667 0.01171875 0.024739583333333332
0.0 0.0947265625 0.5247395833333334 0.01171875 0.020833333333333332
0.0 0.08203125 0.5013020833333334 0.0068359375 0.01171875
0.0 0.1171875 0.51171875 0.01171875 0.014322916666666666
0.0 0.0712890625 0.53515625 0.013671875 0.0234375
0.0 0.0498046875 0.5026041666666666 0.0068359375 0.014322916666666666
0.0 0.0126953125 0.5091145833333334 0.005859375 0.009114583333333334
0.0 0.0 0.5260416666666666 0.009765625 0.016927083333333332
