0.0 0.22119140625 0.2399650959860384 0.0263671875 0.031413612565445025
0.0 0.419921875 0.38394415357766143 0.3046875 0.3158813263525305
0.0 0.626953125 0.5008726003490401 0.265625 0.29668411867364747
0.0 0.70068359375 0.5575916230366492 0.0361328125 0.03664921465968586
0.0 0.77490234375 0.5401396160558464 0.0341796875 0.0506108202443281
0.0 0.1708984375 0.46815008726003493 0.021484375 0.02356020942408377
0.0 0.19482421875 0.4882198952879581 0.0185546875 0.02181500872600349
0.0 0.306640625 0.5890052356020943 0.021484375 0.02617801047120419
0.0 0.24609375 0.774869109947644 0.072265625 0.08376963350785341
0.0 0.36669921875 0.7726876090750436 0.0693359375 0.08115183246073299
0.0 0.53759765625 0.6910994764397905 0.0185546875 0.02268760907504363
0.0 0.5830078125 0.6880453752181501 0.01953125 0.02356020942408377
