0.0 0.01123046875 0.4644243208279431 0.0224609375 0.12419146183699871
0.0 0.05078125 0.4780077619663648 0.080078125 0.13583441138421734
0.0 0.25341796875 0.5109961190168176 0.0595703125 0.09055627425614489
0.0 0.42138671875 0.36610608020698576 0.0771484375 0.14747736093143596
0.0 0.716796875 0.869987063389392 0.08984375 0.15653298835705046
0.0 0.4833984375 0.4463130659767141 0.0390625 0.062095730918499355
0.0 0.64892578125 0.33247089262613194 0.0791015625 0.1500646830530401
0.0 0.80810546875 0.463130659767141 0.0673828125 0.11901681759379043
0.0 0.91455078125 0.3945666235446313 0.0517578125 0.08020698576972833
0.0 0.98876953125 0.3719275549805951 0.0224609375 0.11772315653298836
