0.0 0.8046875 0.4440104166666667 0.017578125 0.02734375
0.0 0.767578125 0.4635416666666667 0.017578125 0.0234375
0.0 0.7275390625 0.4609375 0.0166015625 0.0234375
0.0 0.685546875 0.4778645833333333 0.0166015625 0.024739583333333332
0.0 0.66015625 0.4661458333333333 0.013671875 0.022135416666666668
0.0 0.62890625 0.4713541666666667 0.017578125 0.026041666666666668
0.0 0.6005859375 0.4778645833333333 0.015625 0.0234375
0.0 0.5810546875 0.4765625 0.0146484375 0.024739583333333332
0.0 0.8515625 0.484375 0.0107421875 0.01953125
0.0 0.470703125 0.4596354166666667 0.0146484375 0.02734375
0.0 0.5166015625 0.47265625 0.0107421875 0.01953125
0.0 0.5439453125 0.4921875 0.0126953125 0.022135416666666668
0.0 0.501953125 0.4713541666666667 0.01171875 0.022135416666666668
0.0 0.4443359375 0.4557291666666667 0.0146484375 0.024739583333333332
0.0 0.3994140625 0.4596354166666667 0.0146484375 0.026041666666666668
0.0 0.384765625 0.4713541666666667 0.01171875 0.022135416666666668
0.0 0.298828125 0.4713541666666667 0.015625 0.020833333333333332
0.0 0.1103515625 0.4622395833333333 0.0185546875 0.02734375
0.0 0.052734375 0.46484375 0.0146484375 0.01953125
0.0 0.9775390625 0.48828125 0.01171875 0.015625
