0.0 0.025390625 0.3576072821846554 0.0263671875 0.036410923276983094
0.0 0.083984375 0.3576072821846554 0.0224609375 0.032509752925877766
0.0 0.111328125 0.36671001300390116 0.0185546875 0.031209362808842653
0.0 0.14453125 0.3472041612483745 0.0205078125 0.031209362808842653
0.0 0.130859375 0.3940182054616385 0.021484375 0.027308192457737322
0.0 0.16796875 0.3732119635890767 0.0224609375 0.032509752925877766
0.0 0.212890625 0.36671001300390116 0.017578125 0.02600780234070221
0.0 0.23828125 0.3693107932379714 0.0166015625 0.0247074122236671
0.0 0.2353515625 0.4070221066319896 0.0185546875 0.0247074122236671
0.0 0.2607421875 0.3940182054616385 0.01171875 0.02600780234070221
0.0 0.279296875 0.38491547464239273 0.0146484375 0.02340702210663199
0.0 0.2646484375 0.3602080624187256 0.015625 0.022106631989596878
0.0 0.287109375 0.3602080624187256 0.015625 0.0247074122236671
0.0 0.2919921875 0.3992197659297789 0.017578125 0.032509752925877766
0.0 0.3251953125 0.3719115734720416 0.0185546875 0.02860858257477243
0.0 0.3115234375 0.36540962288686607 0.0107421875 0.018205461638491547
0.0 0.3232421875 0.34980494148244473 0.0126953125 0.01950585175552666
0.0 0.34765625 0.36671001300390116 0.009765625 0.02600780234070221
0.0 0.369140625 0.37581274382314694 0.0146484375 0.0247074122236671
0.0 0.39453125 0.3719115734720416 0.013671875 0.0247074122236671
0.0 0.384765625 0.3381014304291287 0.0146484375 0.01950585175552666
0.0 0.4208984375 0.36540962288686607 0.015625 0.02340702210663199
0.0 0.3408203125 0.48244473342002603 0.0205078125 0.02990897269180754
0.0 0.3125 0.5097529258777633 0.0205078125 0.031209362808842653
0.0 0.27734375 0.5136540962288687 0.01953125 0.031209362808842653
0.0 0.24609375 0.4850455136540962 0.017578125 0.02600780234070221
0.0 0.216796875 0.5162548764629389 0.01953125 0.031209362808842653
0.0 0.4541015625 0.3810143042912874 0.0146484375 0.02080624187256177
0.0 0.455078125 0.3563068920676203 0.0146484375 0.018205461638491547
0.0 0.47265625 0.3732119635890767 0.01953125 0.02990897269180754
0.0 0.505859375 0.36280884265279584 0.0146484375 0.02860858257477243
0.0 0.501953125 0.3459037711313394 0.0126953125 0.02340702210663199
0.0 0.52734375 0.3706111833550065 0.0166015625 0.0247074122236671
0.0 0.5556640625 0.3563068920676203 0.0126953125 0.01950585175552666
0.0 0.572265625 0.35240572171651496 0.0146484375 0.022106631989596878
0.0 0.5849609375 0.37451235370611186 0.013671875 0.02080624187256177
0.0 0.6015625 0.3511053315994798 0.015625 0.02600780234070221
0.0 0.591796875 0.35240572171651496 0.0126953125 0.01950585175552666
0.0 0.615234375 0.3719115734720416 0.0166015625 0.02340702210663199
0.0 0.6396484375 0.36150845253576075 0.013671875 0.01950585175552666
0.0 0.658203125 0.34070221066319895 0.015625 0.0247074122236671
0.0 0.6884765625 0.3641092327698309 0.0185546875 0.0247074122236671
0.0 0.673828125 0.41612483745123535 0.0205078125 0.032509752925877766
0.0 0.630859375 0.41092327698309494 0.0185546875 0.02860858257477243
0.0 0.5859375 0.4057217165149545 0.017578125 0.02990897269180754
0.0 0.6044921875 0.45123537061118335 0.017578125 0.02860858257477243
0.0 0.623046875 0.5097529258777633 0.0146484375 0.02990897269180754
0.0 0.5693359375 0.5110533159947984 0.0166015625 0.02860858257477243
0.0 0.552734375 0.49024707412223667 0.0166015625 0.02340702210663199
0.0 0.5166015625 0.5110533159947984 0.017578125 0.027308192457737322
0.0 0.466796875 0.5110533159947984 0.0166015625 0.02990897269180754
0.0 0.69140625 0.5110533159947984 0.0185546875 0.02990897269180754
0.0 0.708984375 0.48244473342002603 0.0205078125 0.02990897269180754
0.0 0.7509765625 0.46553966189856955 0.0185546875 0.027308192457737322
0.0 0.7890625 0.5201560468140443 0.01953125 0.031209362808842653
0.0 0.798828125 0.47724317295188556 0.0234375 0.02860858257477243
0.0 0.763671875 0.3810143042912874 0.01953125 0.02860858257477243
0.0 0.724609375 0.37711313394018203 0.0185546875 0.027308192457737322
0.0 0.7197265625 0.3602080624187256 0.015625 0.022106631989596878
0.0 0.75 0.3342002600780234 0.017578125 0.027308192457737322
0.0 0.7890625 0.3784135240572172 0.017578125 0.022106631989596878
0.0 0.822265625 0.3511053315994798 0.0224609375 0.02990897269180754
0.0 0.8759765625 0.36540962288686607 0.01953125 0.032509752925877766
0.0 0.8486328125 0.4720416124837451 0.0224609375 0.033810143042912875
