0.0 0.09423828125 0.4876302083333333 0.0224609375 0.04296875
0.0 0.04736328125 0.513671875 0.0166015625 0.032552083333333336
0.0 0.27099609375 0.4811197916666667 0.0185546875 0.029947916666666668
0.0 0.044921875 0.478515625 0.017578125 0.02734375
0.0 0.11865234375 0.4674479166666667 0.0126953125 0.026041666666666668
0.0 0.166015625 0.4889322916666667 0.009765625 0.024739583333333332
0.0 0.18701171875 0.4615885416666667 0.0107421875 0.02734375
0.0 0.20849609375 0.4583333333333333 0.0146484375 0.0234375
0.0 0.01171875 0.3580729166666667 0.005859375 0.013020833333333334
0.0 0.1064453125 0.3626302083333333 0.0078125 0.014322916666666666
0.0 0.12255859375 0.3671875 0.0068359375 0.013020833333333334
0.0 0.13720703125 0.3723958333333333 0.0048828125 0.013020833333333334
0.0 0.37060546875 0.46484375 0.0224609375 0.044270833333333336
0.0 0.46435546875 0.4759114583333333 0.0166015625 0.02734375
0.0 0.19970703125 0.384765625 0.0068359375 0.01171875
0.0 0.23388671875 0.380859375 0.0087890625 0.01171875
0.0 0.27880859375 0.3756510416666667 0.0068359375 0.01171875
0.0 0.63671875 0.46484375 0.017578125 0.028645833333333332
0.0 0.72802734375 0.513671875 0.0302734375 0.053385416666666664
0.0 0.666015625 0.453125 0.009765625 0.015625
0.0 0.677734375 0.453125 0.01171875 0.015625
0.0 0.62451171875 0.4446614583333333 0.0107421875 0.016927083333333332
0.0 0.6064453125 0.451171875 0.009765625 0.014322916666666666
0.0 0.36572265625 0.3951822916666667 0.0048828125 0.009114583333333334
0.0 0.7744140625 0.4583333333333333 0.013671875 0.020833333333333332
0.0 0.87353515625 0.47265625 0.0185546875 0.026041666666666668
0.0 0.72412109375 0.4485677083333333 0.0107421875 0.016927083333333332
0.0 0.89501953125 0.4361979166666667 0.0087890625 0.013020833333333334
0.0 0.91357421875 0.4342447916666667 0.0126953125 0.016927083333333332
0.0 0.92578125 0.4322916666666667 0.009765625 0.018229166666666668
0.0 0.9189453125 0.4544270833333333 0.009765625 0.015625
0.0 0.93310546875 0.4596354166666667 0.0087890625 0.015625
0.0 0.95361328125 0.458984375 0.0107421875 0.01953125
0.0 0.96630859375 0.455078125 0.0126953125 0.024739583333333332
0.0 0.82958984375 0.4401041666666667 0.0087890625 0.015625
0.0 0.99169921875 0.4563802083333333 0.0126953125 0.02734375
0.0 0.24951171875 0.4661458333333333 0.0107421875 0.015625
0.0 0.21923828125 0.4694010416666667 0.0107421875 0.024739583333333332
0.0 0.56689453125 0.5006510416666666 0.0126953125 0.01953125
0.0 0.70947265625 0.44140625 0.0087890625 0.018229166666666668
0.0 0.0595703125 0.5052083333333334 0.009765625 0.026041666666666668
