0.0 0.96337890625 0.4334795321637427 0.0126953125 0.024853801169590642
0.0 0.9296875 0.43494152046783624 0.015625 0.024853801169590642
0.0 0.89697265625 0.3881578947368421 0.0146484375 0.027777777777777776
0.0 0.84716796875 0.41228070175438597 0.0146484375 0.02631578947368421
0.0 0.8203125 0.3969298245614035 0.013671875 0.027777777777777776
0.0 0.8173828125 0.3230994152046784 0.01171875 0.017543859649122806
0.0 0.85107421875 0.2909356725146199 0.0146484375 0.02631578947368421
0.0 0.8701171875 0.2916666666666667 0.013671875 0.027777777777777776
0.0 0.9287109375 0.30409356725146197 0.013671875 0.02631578947368421
0.0 0.9658203125 0.30409356725146197 0.013671875 0.02631578947368421
0.0 0.99462890625 0.3084795321637427 0.0107421875 0.02631578947368421
0.0 0.81396484375 0.3019005847953216 0.0126953125 0.021929824561403508
0.0 0.77099609375 0.3033625730994152 0.0166015625 0.024853801169590642
0.0 0.76318359375 0.4152046783625731 0.0224609375 0.04093567251461988
0.0 0.55322265625 0.3823099415204678 0.0302734375 0.05701754385964912
0.0 0.5087890625 0.3201754385964912 0.029296875 0.05847953216374269
0.0 0.55419921875 0.2953216374269006 0.0107421875 0.02046783625730994
0.0 0.60205078125 0.33771929824561403 0.0205078125 0.05263157894736842
0.0 0.404296875 0.3530701754385965 0.021484375 0.04532163742690058
0.0 0.49072265625 0.27046783625730997 0.0107421875 0.023391812865497075
0.0 0.341796875 0.3128654970760234 0.03125 0.05263157894736842
0.0 0.3076171875 0.3391812865497076 0.0234375 0.04678362573099415
0.0 0.27490234375 0.24707602339181287 0.0224609375 0.038011695906432746
0.0 0.34716796875 0.26169590643274854 0.0126953125 0.023391812865497075
0.0 0.38427734375 0.29385964912280704 0.0126953125 0.02046783625730994
0.0 0.443359375 0.2953216374269006 0.01171875 0.02046783625730994
0.0 0.09521484375 0.39546783625730997 0.0244140625 0.04239766081871345
0.0 0.09375 0.3165204678362573 0.025390625 0.033625730994152045
0.0 0.13232421875 0.24707602339181287 0.0224609375 0.04093567251461988
0.0 0.19091796875 0.3252923976608187 0.0087890625 0.019005847953216373
0.0 0.44287109375 0.0804093567251462 0.0087890625 0.017543859649122806
0.0 0.470703125 0.07894736842105263 0.0078125 0.014619883040935672
0.0 0.482421875 0.08406432748538012 0.0078125 0.01608187134502924
0.0 0.40869140625 0.07163742690058479 0.0087890625 0.017543859649122806
0.0 0.15087890625 0.021929824561403508 0.0087890625 0.014619883040935672
0.0 0.16796875 0.019736842105263157 0.0078125 0.013157894736842105
0.0 0.11474609375 0.054093567251461985 0.0087890625 0.014619883040935672
0.0 0.0947265625 0.05555555555555555 0.0078125 0.011695906432748537
0.0 0.08203125 0.0489766081871345 0.0078125 0.01608187134502924
0.0 0.8828125 0.3252923976608187 0.013671875 0.024853801169590642
0.0 0.75927734375 0.2814327485380117 0.0107421875 0.021929824561403508
0.0 0.9453125 0.2916666666666667 0.013671875 0.03070175438596491
0.0 0.37646484375 0.10818713450292397 0.0087890625 0.017543859649122806
0.0 0.41064453125 0.11915204678362573 0.0068359375 0.01608187134502924
0.0 0.4921875 0.33114035087719296 0.0234375 0.05116959064327485
