0.0 0.43115234375 0.24739583333333334 0.0224609375 0.0390625
0.0 0.48974609375 0.228515625 0.0185546875 0.03515625
0.0 0.51806640625 0.2545572916666667 0.0263671875 0.045572916666666664
0.0 0.55517578125 0.244140625 0.0224609375 0.04296875
0.0 0.56982421875 0.21028645833333334 0.0224609375 0.037760416666666664
0.0 0.59521484375 0.2975260416666667 0.0263671875 0.045572916666666664
0.0 0.646484375 0.2578125 0.025390625 0.0390625
0.0 0.6708984375 0.26171875 0.02734375 0.0390625
0.0 0.763671875 0.18294270833333334 0.03125 0.05078125
0.0 0.8173828125 0.3522135416666667 0.03515625 0.055989583333333336
0.0 0.5078125 0.5481770833333334 0.033203125 0.049479166666666664
0.0 0.43505859375 0.51953125 0.0361328125 0.046875
0.0 0.365234375 0.5013020833333334 0.03125 0.049479166666666664
0.0 0.322265625 0.4830729166666667 0.0234375 0.044270833333333336
0.0 0.2724609375 0.4837239583333333 0.02734375 0.045572916666666664
0.0 0.23291015625 0.4830729166666667 0.0244140625 0.036458333333333336
0.0 0.2060546875 0.4680989583333333 0.0234375 0.029947916666666668
0.0 0.154296875 0.474609375 0.0234375 0.037760416666666664
0.0 0.4638671875 0.5338541666666666 0.01953125 0.03125
0.0 0.11669921875 0.4134114583333333 0.0048828125 0.01171875
0.0 0.09814453125 0.4173177083333333 0.0048828125 0.009114583333333334
0.0 0.1083984375 0.412109375 0.00390625 0.006510416666666667
0.0 0.0087890625 0.3815104166666667 0.005859375 0.010416666666666666
0.0 0.06591796875 0.4108072916666667 0.0048828125 0.009114583333333334
0.0 0.1513671875 0.4153645833333333 0.00390625 0.005208333333333333
