0.0 0.75830078125 0.4064327485380117 0.0400390625 0.07602339181286549
0.0 0.8173828125 0.42251461988304095 0.021484375 0.05263157894736842
0.0 0.71044921875 0.4868421052631579 0.0439453125 0.07602339181286549
0.0 0.6015625 0.5555555555555556 0.037109375 0.07309941520467836
0.0 0.50390625 0.39546783625730997 0.0390625 0.06871345029239766
0.0 0.49609375 0.29385964912280704 0.044921875 0.07309941520467836
0.0 0.44921875 0.2134502923976608 0.02734375 0.06140350877192982
0.0 0.45703125 0.5292397660818714 0.04296875 0.07017543859649122
0.0 0.29345703125 0.547514619883041 0.0400390625 0.07163742690058479
0.0 0.28173828125 0.3267543859649123 0.0302734375 0.06871345029239766
0.0 0.20166015625 0.4232456140350877 0.0302734375 0.06578947368421052
0.0 0.19873046875 0.5080409356725146 0.0283203125 0.07163742690058479
0.0 0.68359375 0.38742690058479534 0.033203125 0.07017543859649122
0.0 0.1025390625 0.591374269005848 0.025390625 0.06578947368421052
0.0 0.03515625 0.6293859649122807 0.037109375 0.06286549707602339
0.0 0.0537109375 0.5884502923976608 0.025390625 0.05701754385964912
0.0 0.02392578125 0.9707602339181286 0.0341796875 0.05847953216374269
0.0 0.59619140625 0.38084795321637427 0.0322265625 0.054093567251461985
