0.0 0.21826171875 0.3342013888888889 0.0283203125 0.057291666666666664
0.0 0.25390625 0.2960069444444444 0.033203125 0.06770833333333333
0.0 0.17236328125 0.2907986111111111 0.0087890625 0.019097222222222224
0.0 0.087890625 0.2586805555555556 0.0078125 0.020833333333333332
0.0 0.04345703125 0.2170138888888889 0.0068359375 0.017361111111111112
0.0 0.0810546875 0.1753472222222222 0.005859375 0.017361111111111112
0.0 0.0478515625 0.1779513888888889 0.005859375 0.015625
0.0 0.16064453125 0.3272569444444444 0.0068359375 0.019097222222222224
0.0 0.14111328125 0.2890625 0.0068359375 0.015625
0.0 0.099609375 0.1796875 0.0078125 0.019097222222222224
0.0 0.1298828125 0.1467013888888889 0.005859375 0.015625
0.0 0.08544921875 0.13368055555555555 0.0087890625 0.017361111111111112
0.0 0.06005859375 0.1328125 0.0068359375 0.019097222222222224
0.0 0.02734375 0.1545138888888889 0.009765625 0.03125
0.0 0.0107421875 0.15364583333333334 0.0078125 0.022569444444444444
0.0 0.1669921875 0.2534722222222222 0.0078125 0.027777777777777776
0.0 0.1728515625 0.22743055555555555 0.0078125 0.024305555555555556
0.0 0.17578125 0.1970486111111111 0.009765625 0.026041666666666668
0.0 0.11962890625 0.1857638888888889 0.0087890625 0.017361111111111112
0.0 0.18359375 0.13541666666666666 0.0078125 0.020833333333333332
0.0 0.15869140625 0.14583333333333334 0.0107421875 0.020833333333333332
0.0 0.10400390625 0.1527777777777778 0.0068359375 0.020833333333333332
0.0 0.18603515625 0.3767361111111111 0.0107421875 0.024305555555555556
0.0 0.21484375 0.1267361111111111 0.005859375 0.013888888888888888
0.0 0.1240234375 0.2552083333333333 0.005859375 0.013888888888888888
0.0 0.13330078125 0.3020833333333333 0.0068359375 0.017361111111111112
0.0 0.140625 0.3585069444444444 0.009765625 0.026041666666666668
0.0 0.1474609375 0.1953125 0.0078125 0.022569444444444444
0.0 0.11083984375 0.2526041666666667 0.0048828125 0.019097222222222224
0.0 0.13916015625 0.3333333333333333 0.0048828125 0.013888888888888888
0.0 0.11572265625 0.2248263888888889 0.0068359375 0.019097222222222224
0.0 0.12939453125 0.20833333333333334 0.0068359375 0.017361111111111112
0.0 0.31689453125 0.296875 0.0068359375 0.017361111111111112
0.0 0.29833984375 0.2621527777777778 0.0068359375 0.020833333333333332
0.0 0.32958984375 0.2378472222222222 0.0068359375 0.017361111111111112
0.0 0.30078125 0.2204861111111111 0.0078125 0.017361111111111112
0.0 0.22607421875 0.18055555555555555 0.0068359375 0.020833333333333332
0.0 0.37109375 0.4782986111111111 0.009765625 0.019097222222222224
0.0 0.38134765625 0.4296875 0.0107421875 0.029513888888888888
0.0 0.47119140625 0.3211805555555556 0.0361328125 0.0625
0.0 0.35107421875 0.2482638888888889 0.0068359375 0.017361111111111112
0.0 0.40576171875 0.24131944444444445 0.0087890625 0.020833333333333332
0.0 0.43408203125 0.2326388888888889 0.0087890625 0.020833333333333332
0.0 0.435546875 0.19618055555555555 0.005859375 0.017361111111111112
0.0 0.42236328125 0.19618055555555555 0.0048828125 0.017361111111111112
0.0 0.408203125 0.1970486111111111 0.005859375 0.019097222222222224
0.0 0.38232421875 0.1814236111111111 0.0087890625 0.022569444444444444
0.0 0.3818359375 0.24913194444444445 0.0078125 0.026041666666666668
0.0 0.35546875 0.18229166666666666 0.0078125 0.020833333333333332
0.0 0.2763671875 0.1605902777777778 0.0078125 0.019097222222222224
0.0 0.28662109375 0.16319444444444445 0.0087890625 0.020833333333333332
0.0 0.31103515625 0.14322916666666666 0.0068359375 0.019097222222222224
0.0 0.47216796875 0.14756944444444445 0.0068359375 0.017361111111111112
0.0 0.46630859375 0.140625 0.0068359375 0.013888888888888888
0.0 0.630859375 0.3880208333333333 0.03125 0.0642361111111111
0.0 0.66845703125 0.3975694444444444 0.0322265625 0.059027777777777776
0.0 0.8955078125 0.3723958333333333 0.033203125 0.07118055555555555
0.0 0.87353515625 0.3958333333333333 0.0205078125 0.04513888888888889
0.0 0.560546875 0.2777777777777778 0.0078125 0.034722222222222224
0.0 0.6416015625 0.2508680555555556 0.00390625 0.022569444444444444
0.0 0.693359375 0.2821180555555556 0.009765625 0.026041666666666668
0.0 0.66796875 0.25 0.005859375 0.020833333333333332
0.0 0.6806640625 0.24131944444444445 0.0078125 0.024305555555555556
0.0 0.7177734375 0.2916666666666667 0.0078125 0.024305555555555556
0.0 0.74609375 0.2925347222222222 0.01171875 0.029513888888888888
0.0 0.771484375 0.2890625 0.009765625 0.026041666666666668
0.0 0.7958984375 0.2847222222222222 0.009765625 0.020833333333333332
0.0 0.83740234375 0.4340277777777778 0.0068359375 0.024305555555555556
0.0 0.8564453125 0.4027777777777778 0.0078125 0.024305555555555556
0.0 0.830078125 0.4036458333333333 0.005859375 0.022569444444444444
0.0 0.85400390625 0.3654513888888889 0.0068359375 0.019097222222222224
0.0 0.7861328125 0.3697916666666667 0.0078125 0.017361111111111112
0.0 0.7998046875 0.3697916666666667 0.005859375 0.017361111111111112
0.0 0.23876953125 0.1388888888888889 0.0068359375 0.017361111111111112
0.0 0.361328125 0.3697916666666667 0.015625 0.041666666666666664
0.0 0.31689453125 0.1310763888888889 0.0087890625 0.015625
0.0 0.5771484375 0.4878472222222222 0.013671875 0.027777777777777776
0.0 0.77978515625 0.3333333333333333 0.0107421875 0.027777777777777776
0.0 0.703125 0.3125 0.005859375 0.017361111111111112
0.0 0.73095703125 0.3203125 0.0068359375 0.022569444444444444
0.0 0.7529296875 0.3203125 0.0078125 0.019097222222222224
0.0 0.5390625 0.20572916666666666 0.0078125 0.015625
0.0 0.51806640625 0.2126736111111111 0.0107421875 0.019097222222222224
0.0 0.7421875 0.3585069444444444 0.0078125 0.019097222222222224
0.0 0.6318359375 0.16319444444444445 0.0078125 0.020833333333333332
0.0 0.61083984375 0.2265625 0.0107421875 0.03993055555555555
0.0 0.5859375 0.2734375 0.0078125 0.026041666666666668
0.0 0.619140625 0.2786458333333333 0.009765625 0.026041666666666668
0.0 0.5908203125 0.23958333333333334 0.009765625 0.034722222222222224
0.0 0.58154296875 0.2456597222222222 0.0146484375 0.03298611111111111
0.0 0.685546875 0.2647569444444444 0.009765625 0.029513888888888888
0.0 0.6328125 0.22135416666666666 0.013671875 0.043402777777777776
0.0 0.34326171875 0.2881944444444444 0.0087890625 0.024305555555555556
0.0 0.41357421875 0.2899305555555556 0.0087890625 0.024305555555555556
0.0 0.384765625 0.2838541666666667 0.01171875 0.022569444444444444
0.0 0.36328125 0.1345486111111111 0.005859375 0.015625
0.0 0.3271484375 0.1857638888888889 0.0078125 0.03125
0.0 0.92578125 0.2743055555555556 0.013671875 0.03125
0.0 0.994140625 0.3940972222222222 0.0078125 0.03819444444444445
0.0 0.92626953125 0.3541666666666667 0.0107421875 0.027777777777777776
0.0 0.94140625 0.3723958333333333 0.009765625 0.029513888888888888
0.0 0.681640625 0.1605902777777778 0.0078125 0.019097222222222224
0.0 0.7294921875 0.18836805555555555 0.0078125 0.029513888888888888
0.0 0.97509765625 0.4331597222222222 0.0126953125 0.026041666666666668
0.0 0.96826171875 0.3932291666666667 0.0107421875 0.022569444444444444
0.0 0.96875 0.3541666666666667 0.01171875 0.027777777777777776
0.0 0.8251953125 0.359375 0.005859375 0.020833333333333332
0.0 0.8203125 0.328125 0.009765625 0.020833333333333332
0.0 0.84765625 0.3203125 0.009765625 0.019097222222222224
0.0 0.86279296875 0.3237847222222222 0.0048828125 0.019097222222222224
0.0 0.8251953125 0.2951388888888889 0.009765625 0.024305555555555556
0.0 0.826171875 0.2230902777777778 0.009765625 0.026041666666666668
0.0 0.80615234375 0.2152777777777778 0.0087890625 0.03125
0.0 0.783203125 0.2508680555555556 0.01171875 0.03298611111111111
0.0 0.74365234375 0.2569444444444444 0.0087890625 0.024305555555555556
0.0 0.83203125 0.1953125 0.0078125 0.03298611111111111
0.0 0.8369140625 0.22569444444444445 0.009765625 0.03819444444444445
0.0 0.67724609375 0.21614583333333334 0.0126953125 0.026041666666666668
0.0 0.583984375 0.18229166666666666 0.01171875 0.03125
0.0 0.5576171875 0.1857638888888889 0.0078125 0.024305555555555556
0.0 0.7158203125 0.2612847222222222 0.005859375 0.019097222222222224
0.0 0.65673828125 0.18663194444444445 0.0087890625 0.026041666666666668
0.0 0.55810546875 0.22743055555555555 0.0087890625 0.03125
0.0 0.7880859375 0.1953125 0.0078125 0.019097222222222224
0.0 0.60498046875 0.16927083333333334 0.0087890625 0.022569444444444444
0.0 0.6591796875 0.1527777777777778 0.009765625 0.024305555555555556
0.0 0.01123046875 0.3046875 0.0185546875 0.06076388888888889
0.0 0.44189453125 0.12152777777777778 0.0048828125 0.013888888888888888
0.0 0.7041015625 0.18836805555555555 0.005859375 0.015625
