0.0 0.04248046875 0.2863849765258216 0.0322265625 0.04225352112676056
0.0 0.0693359375 0.12265258215962441 0.015625 0.022300469483568074
0.0 0.07080078125 0.08450704225352113 0.0166015625 0.02112676056338028
0.0 0.09375 0.024061032863849766 0.015625 0.017605633802816902
0.0 0.23193359375 0.008802816901408451 0.0126953125 0.015258215962441314
0.0 0.263671875 0.15492957746478872 0.013671875 0.023474178403755867
0.0 0.36572265625 0.09330985915492958 0.0146484375 0.02699530516431925
0.0 0.20068359375 0.1255868544600939 0.0146484375 0.02112676056338028
0.0 0.3115234375 0.22359154929577466 0.05078125 0.06924882629107981
0.0 0.4091796875 0.0539906103286385 0.013671875 0.023474178403755867
0.0 0.43896484375 0.034624413145539906 0.0166015625 0.015258215962441314
0.0 0.470703125 0.05927230046948357 0.013671875 0.02464788732394366
0.0 0.5048828125 0.03697183098591549 0.013671875 0.01995305164319249
0.0 0.5703125 0.04401408450704225 0.015625 0.017605633802816902
0.0 0.5712890625 0.09565727699530517 0.015625 0.02464788732394366
0.0 0.5888671875 0.12206572769953052 0.015625 0.023474178403755867
0.0 0.56298828125 0.1572769953051643 0.0126953125 0.018779342723004695
0.0 0.6552734375 0.2347417840375587 0.05078125 0.06807511737089202
0.0 0.70751953125 0.1238262910798122 0.0107421875 0.017605633802816902
0.0 0.798828125 0.20950704225352113 0.052734375 0.057511737089201875
0.0 0.87109375 0.12617370892018778 0.015625 0.02464788732394366
0.0 0.88427734375 0.06866197183098592 0.0146484375 0.02464788732394366
0.0 0.93017578125 0.11619718309859155 0.0146484375 0.023474178403755867
0.0 0.90771484375 0.0539906103286385 0.0146484375 0.018779342723004695
0.0 0.73095703125 0.09389671361502347 0.0107421875 0.02112676056338028
0.0 0.8291015625 0.03051643192488263 0.015625 0.018779342723004695
0.0 0.96337890625 0.07746478873239436 0.0126953125 0.023474178403755867
0.0 0.984375 0.13321596244131456 0.013671875 0.015258215962441314
0.0 0.482421875 0.012910798122065728 0.01171875 0.02112676056338028
0.0 0.57958984375 0.011150234741784037 0.0146484375 0.01995305164319249
0.0 0.6591796875 0.009976525821596244 0.01171875 0.017605633802816902
0.0 0.7353515625 0.011150234741784037 0.017578125 0.017605633802816902
0.0 0.79296875 0.013497652582159625 0.017578125 0.01995305164319249
0.0 0.29248046875 0.008215962441314555 0.0107421875 0.011737089201877934
0.0 0.20458984375 0.008215962441314555 0.0126953125 0.01643192488262911
