0.0 0.74560546875 0.5410764872521246 0.0185546875 0.031161473087818695
0.0 0.80126953125 0.5396600566572238 0.0166015625 0.0339943342776204
0.0 0.8583984375 0.5347025495750708 0.015625 0.024079320113314446
0.0 0.87255859375 0.6189801699716714 0.0185546875 0.031161473087818695
0.0 0.87548828125 0.6798866855524079 0.0166015625 0.0339943342776204
0.0 0.81396484375 0.6763456090651558 0.0185546875 0.032577903682719546
0.0 0.75390625 0.6848441926345609 0.01953125 0.03541076487252125
0.0 0.70068359375 0.6890934844192634 0.0185546875 0.03824362606232295
0.0 0.6435546875 0.6905099150141643 0.01953125 0.03541076487252125
0.0 0.59716796875 0.7053824362606232 0.0166015625 0.0339943342776204
0.0 0.63232421875 0.6246458923512748 0.0166015625 0.0339943342776204
0.0 0.6943359375 0.626770538243626 0.017578125 0.032577903682719546
0.0 0.75830078125 0.6260623229461756 0.0185546875 0.0339943342776204
0.0 0.81787109375 0.6373937677053825 0.0166015625 0.031161473087818695
0.0 0.6884765625 0.5460339943342776 0.017578125 0.03824362606232295
0.0 0.63037109375 0.5417847025495751 0.0185546875 0.029745042492917848
0.0 0.6279296875 0.46175637393767704 0.017578125 0.0339943342776204
0.0 0.68505859375 0.45963172804532576 0.0166015625 0.029745042492917848
0.0 0.74072265625 0.46175637393767704 0.0185546875 0.031161473087818695
0.0 0.79541015625 0.45538243626062325 0.0166015625 0.026912181303116147
0.0 0.8505859375 0.45679886685552407 0.015625 0.029745042492917848
0.0 0.783203125 0.38172804532577903 0.015625 0.032577903682719546
0.0 0.84326171875 0.37535410764872523 0.0166015625 0.031161473087818695
0.0 0.9091796875 0.5304532577903682 0.013671875 0.026912181303116147
0.0 0.947265625 0.5141643059490085 0.017578125 0.036827195467422094
0.0 0.61572265625 0.3881019830028329 0.0185546875 0.031161473087818695
0.0 0.6767578125 0.3810198300283286 0.015625 0.036827195467422094
0.0 0.60693359375 0.32011331444759206 0.0166015625 0.031161473087818695
0.0 0.66748046875 0.32011331444759206 0.0185546875 0.0339943342776204
0.0 0.716796875 0.311614730878187 0.015625 0.0339943342776204
0.0 0.77099609375 0.31444759206798867 0.0166015625 0.031161473087818695
0.0 0.8388671875 0.3094900849858357 0.017578125 0.032577903682719546
0.0 0.82568359375 0.23441926345609065 0.0166015625 0.029745042492917848
0.0 0.76953125 0.24079320113314448 0.015625 0.028328611898016998
0.0 0.72021484375 0.24787535410764872 0.0185546875 0.028328611898016998
0.0 0.66259765625 0.2443342776203966 0.0166015625 0.029745042492917848
0.0 0.603515625 0.2507082152974504 0.015625 0.025495750708215296
0.0 0.73046875 0.38172804532577903 0.015625 0.026912181303116147
0.0 0.552734375 0.2471671388101983 0.013671875 0.024079320113314446
0.0 0.5537109375 0.32082152974504247 0.013671875 0.029745042492917848
0.0 0.5615234375 0.38526912181303113 0.015625 0.031161473087818695
0.0 0.57080078125 0.4631728045325779 0.0185546875 0.025495750708215296
0.0 0.572265625 0.5460339943342776 0.015625 0.029745042492917848
0.0 0.5751953125 0.636685552407932 0.017578125 0.032577903682719546
0.0 0.5458984375 0.6983002832861189 0.017578125 0.036827195467422094
0.0 0.51025390625 0.5481586402266289 0.0146484375 0.0339943342776204
0.0 0.517578125 0.6317280453257791 0.017578125 0.031161473087818695
0.0 0.4990234375 0.6975920679886686 0.01953125 0.03824362606232295
0.0 0.513671875 0.4631728045325779 0.01953125 0.028328611898016998
0.0 0.50390625 0.3873937677053824 0.015625 0.03541076487252125
0.0 0.505859375 0.31657223796033995 0.015625 0.029745042492917848
0.0 0.4951171875 0.2514164305949009 0.015625 0.03541076487252125
0.0 0.435546875 0.6926345609065155 0.017578125 0.036827195467422094
0.0 0.46435546875 0.6281869688385269 0.0146484375 0.03541076487252125
0.0 0.4501953125 0.5460339943342776 0.017578125 0.032577903682719546
0.0 0.4521484375 0.45821529745042494 0.015625 0.032577903682719546
0.0 0.447265625 0.3873937677053824 0.017578125 0.032577903682719546
0.0 0.4501953125 0.32082152974504247 0.015625 0.026912181303116147
0.0 0.392578125 0.5417847025495751 0.017578125 0.032577903682719546
0.0 0.39208984375 0.46246458923512745 0.0166015625 0.029745042492917848
0.0 0.39111328125 0.37677053824362605 0.0146484375 0.028328611898016998
0.0 0.392578125 0.31728045325779036 0.013671875 0.031161473087818695
0.0 0.4453125 0.2556657223796034 0.015625 0.032577903682719546
0.0 0.39599609375 0.24858356940509915 0.0146484375 0.032577903682719546
0.0 0.3359375 0.25 0.017578125 0.024079320113314446
0.0 0.33740234375 0.31869688385269124 0.0166015625 0.028328611898016998
0.0 0.333984375 0.3881019830028329 0.013671875 0.0226628895184136
0.0 0.33056640625 0.45538243626062325 0.0185546875 0.032577903682719546
0.0 0.3310546875 0.5368271954674221 0.017578125 0.0339943342776204
0.0 0.33203125 0.626770538243626 0.017578125 0.032577903682719546
0.0 0.3994140625 0.6281869688385269 0.01953125 0.03541076487252125
0.0 0.36767578125 0.6798866855524079 0.0185546875 0.0339943342776204
0.0 0.31982421875 0.6883852691218131 0.0166015625 0.0339943342776204
0.0 0.2685546875 0.6855524079320113 0.017578125 0.0339943342776204
0.0 0.267578125 0.6196883852691218 0.015625 0.03541076487252125
0.0 0.26806640625 0.5375354107648725 0.0166015625 0.029745042492917848
0.0 0.27734375 0.45892351274787535 0.015625 0.028328611898016998
0.0 0.27783203125 0.386685552407932 0.0166015625 0.028328611898016998
0.0 0.28125 0.31728045325779036 0.015625 0.025495750708215296
0.0 0.27734375 0.24787535410764872 0.015625 0.0339943342776204
0.0 0.2041015625 0.6784702549575071 0.017578125 0.0339943342776204
0.0 0.2099609375 0.6203966005665722 0.017578125 0.031161473087818695
0.0 0.2099609375 0.5318696883852692 0.017578125 0.032577903682719546
0.0 0.2197265625 0.45538243626062325 0.015625 0.026912181303116147
0.0 0.22119140625 0.38526912181303113 0.0166015625 0.028328611898016998
0.0 0.2236328125 0.32507082152974504 0.015625 0.03541076487252125
0.0 0.228515625 0.2507082152974504 0.015625 0.025495750708215296
0.0 0.1767578125 0.2386685552407932 0.015625 0.029745042492917848
0.0 0.16796875 0.3123229461756374 0.015625 0.029745042492917848
0.0 0.1572265625 0.3810198300283286 0.015625 0.028328611898016998
0.0 0.1494140625 0.4546742209631728 0.017578125 0.0339943342776204
0.0 0.1455078125 0.53328611898017 0.017578125 0.032577903682719546
0.0 0.099609375 0.476628895184136 0.017578125 0.03824362606232295
0.0 0.14794921875 0.6260623229461756 0.0185546875 0.036827195467422094
0.0 0.15576171875 0.6827195467422096 0.0185546875 0.036827195467422094
0.0 0.1005859375 0.6706798866855525 0.017578125 0.03541076487252125
0.0 0.05908203125 0.49291784702549574 0.0166015625 0.0339943342776204
