0.0 0.0126953125 0.5865617433414043 0.009765625 0.015738498789346248
0.0 0.025390625 0.601089588377724 0.01171875 0.018159806295399514
0.0 0.0498046875 0.5980629539951574 0.009765625 0.012106537530266344
0.0 0.12548828125 0.5998789346246973 0.0087890625 0.013317191283292978
0.0 0.1376953125 0.5980629539951574 0.01171875 0.01937046004842615
0.0 0.0078125 0.6755447941888619 0.009765625 0.026634382566585957
0.0 0.111328125 0.6023002421307506 0.005859375 0.010895883777239709
0.0 0.35693359375 0.4092009685230024 0.0166015625 0.0387409200968523
0.0 0.5078125 0.47336561743341404 0.015625 0.04116222760290557
0.0 0.57373046875 0.6089588377723971 0.0107421875 0.01694915254237288
0.0 0.615234375 0.6228813559322034 0.013671875 0.018159806295399514
0.0 0.64501953125 0.6180387409200968 0.0087890625 0.015738498789346248
0.0 0.63818359375 0.6186440677966102 0.0068359375 0.014527845036319613
0.0 0.68408203125 0.6422518159806295 0.0126953125 0.018159806295399514
0.0 0.677734375 0.6095641646489104 0.01171875 0.015738498789346248
0.0 0.83349609375 0.6349878934624698 0.0107421875 0.023002421307506054
0.0 0.86474609375 0.6410411622276029 0.0126953125 0.020581113801452784
0.0 0.880859375 0.6416464891041163 0.0078125 0.01694915254237288
0.0 0.9150390625 0.6349878934624698 0.01171875 0.023002421307506054
0.0 0.9296875 0.6446731234866828 0.009765625 0.020581113801452784
0.0 0.92236328125 0.6858353510895884 0.0126953125 0.023002421307506054
0.0 0.86328125 0.7524213075060533 0.013671875 0.023002421307506054
0.0 0.91943359375 0.7433414043583535 0.0146484375 0.024213075060532687
0.0 0.95068359375 0.7766343825665859 0.0146484375 0.018159806295399514
0.0 0.99658203125 0.7699757869249395 0.0068359375 0.021791767554479417
0.0 0.958984375 0.6743341404358354 0.01171875 0.01694915254237288
0.0 0.9609375 0.6531476997578692 0.01171875 0.018159806295399514
0.0 0.90576171875 0.6380145278450363 0.0087890625 0.012106537530266344
0.0 0.53466796875 0.851089588377724 0.0322265625 0.12832929782082325
