0.0 0.06787109375 0.36347517730496454 0.0283203125 0.06028368794326241
0.0 0.1318359375 0.324468085106383 0.02734375 0.06382978723404255
0.0 0.1982421875 0.34308510638297873 0.025390625 0.0549645390070922
0.0 0.3232421875 0.3776595744680851 0.029296875 0.05673758865248227
0.0 0.3076171875 0.24911347517730498 0.021484375 0.0549645390070922
0.0 0.16552734375 0.19060283687943264 0.0126953125 0.03368794326241135
0.0 0.04736328125 0.22783687943262412 0.0224609375 0.044326241134751775
0.0 0.44287109375 0.37943262411347517 0.0283203125 0.06382978723404255
0.0 0.560546875 0.36436170212765956 0.029296875 0.06560283687943262
0.0 0.36083984375 0.3191489361702128 0.0283203125 0.05673758865248227
0.0 0.431640625 0.30141843971631205 0.0234375 0.05673758865248227
0.0 0.66064453125 0.31560283687943264 0.0263671875 0.05673758865248227
0.0 0.62158203125 0.2845744680851064 0.0283203125 0.06205673758865248
0.0 0.83154296875 0.3182624113475177 0.0244140625 0.06205673758865248
0.0 0.88037109375 0.30407801418439717 0.0302734375 0.0726950354609929
0.0 0.91748046875 0.2987588652482269 0.0244140625 0.06560283687943262
0.0 0.94189453125 0.29521276595744683 0.0224609375 0.06205673758865248
0.0 0.97021484375 0.28900709219858156 0.0205078125 0.05673758865248227
0.0 0.99267578125 0.2987588652482269 0.0146484375 0.0549645390070922
0.0 0.24169921875 0.15159574468085107 0.0126953125 0.030141843971631204
0.0 0.36572265625 0.17287234042553193 0.0146484375 0.03368794326241135
0.0 0.37841796875 0.21365248226950354 0.0126953125 0.026595744680851064
0.0 0.279296875 0.28812056737588654 0.0078125 0.01950354609929078
0.0 0.17822265625 0.3147163120567376 0.0126953125 0.026595744680851064
0.0 0.4189453125 0.14361702127659576 0.013671875 0.03546099290780142
0.0 0.47705078125 0.2632978723404255 0.0185546875 0.051418439716312055
0.0 0.50341796875 0.2854609929078014 0.0185546875 0.0425531914893617
0.0 0.58056640625 0.13120567375886524 0.0146484375 0.024822695035460994
0.0 0.56201171875 0.11524822695035461 0.0087890625 0.024822695035460994
0.0 0.5302734375 0.14893617021276595 0.009765625 0.024822695035460994
0.0 0.6796875 0.11879432624113476 0.0078125 0.02127659574468085
0.0 0.71337890625 0.15070921985815602 0.0107421875 0.02127659574468085
0.0 0.74365234375 0.12234042553191489 0.0087890625 0.02127659574468085
0.0 0.7509765625 0.14450354609929078 0.009765625 0.02304964539007092
0.0 0.81689453125 0.12588652482269502 0.0087890625 0.02127659574468085
0.0 0.82666015625 0.24645390070921985 0.0146484375 0.03900709219858156
0.0 0.86083984375 0.09397163120567376 0.0107421875 0.024822695035460994
0.0 0.9765625 0.08333333333333333 0.005859375 0.014184397163120567
0.0 0.40380859375 0.34308510638297873 0.0224609375 0.051418439716312055
