0.0 0.0234375 0.0436046511627907 0.0078125 0.01308139534883721
0.0 0.0458984375 0.040697674418604654 0.0068359375 0.011627906976744186
0.0 0.064453125 0.046511627906976744 0.0068359375 0.011627906976744186
0.0 0.0634765625 0.03343023255813953 0.00390625 0.005813953488372093
0.0 0.017578125 0.10319767441860465 0.0068359375 0.010174418604651164
0.0 0.0068359375 0.18604651162790697 0.0068359375 0.014534883720930232
0.0 0.029296875 0.17877906976744187 0.0078125 0.014534883720930232
0.0 0.0556640625 0.19912790697674418 0.0078125 0.0188953488372093
0.0 0.076171875 0.1875 0.0068359375 0.014534883720930232
0.0 0.0908203125 0.18604651162790697 0.0078125 0.015988372093023256
0.0 0.0947265625 0.17151162790697674 0.0087890625 0.01308139534883721
0.0 0.08203125 0.09447674418604651 0.0078125 0.01308139534883721
0.0 0.0888671875 0.09302325581395349 0.0068359375 0.01308139534883721
0.0 0.0068359375 0.23837209302325582 0.0078125 0.014534883720930232
0.0 0.02734375 0.23546511627906977 0.0078125 0.015988372093023256
0.0 0.021484375 0.2601744186046512 0.0087890625 0.015988372093023256
0.0 0.046875 0.26308139534883723 0.005859375 0.011627906976744186
0.0 0.0615234375 0.26308139534883723 0.0068359375 0.015988372093023256
0.0 0.0751953125 0.2747093023255814 0.0068359375 0.01308139534883721
0.0 0.076171875 0.2936046511627907 0.0087890625 0.01308139534883721
0.0 0.025390625 0.28488372093023256 0.0078125 0.011627906976744186
0.0 0.0244140625 0.30377906976744184 0.0087890625 0.015988372093023256
0.0 0.0029296875 0.311046511627907 0.005859375 0.00872093023255814
0.0 0.0390625 0.3372093023255814 0.0068359375 0.01308139534883721
0.0 0.017578125 0.37209302325581395 0.009765625 0.0188953488372093
0.0 0.0302734375 0.3866279069767442 0.0068359375 0.01308139534883721
0.0 0.0634765625 0.37209302325581395 0.005859375 0.010174418604651164
0.0 0.0341796875 0.4680232558139535 0.0078125 0.01308139534883721
0.0 0.0302734375 0.4127906976744186 0.0078125 0.010174418604651164
0.0 0.1025390625 0.3866279069767442 0.0068359375 0.011627906976744186
0.0 0.087890625 0.3808139534883721 0.0087890625 0.011627906976744186
0.0 0.1171875 0.37209302325581395 0.0068359375 0.014534883720930232
0.0 0.1064453125 0.35174418604651164 0.005859375 0.014534883720930232
0.0 0.0869140625 0.3488372093023256 0.0078125 0.01308139534883721
0.0 0.107421875 0.29651162790697677 0.0087890625 0.015988372093023256
0.0 0.1240234375 0.27906976744186046 0.0078125 0.01744186046511628
0.0 0.1123046875 0.25726744186046513 0.0087890625 0.0188953488372093
0.0 0.1474609375 0.27761627906976744 0.0078125 0.015988372093023256
0.0 0.1455078125 0.2543604651162791 0.0048828125 0.00872093023255814
0.0 0.1875 0.27325581395348836 0.0087890625 0.01308139534883721
0.0 0.189453125 0.25 0.0068359375 0.014534883720930232
0.0 0.1611328125 0.20494186046511628 0.0078125 0.011627906976744186
0.0 0.181640625 0.19040697674418605 0.0107421875 0.014534883720930232
0.0 0.2021484375 0.19767441860465115 0.0068359375 0.015988372093023256
0.0 0.220703125 0.20494186046511628 0.0068359375 0.011627906976744186
0.0 0.2119140625 0.19040697674418605 0.0068359375 0.010174418604651164
0.0 0.140625 0.1875 0.0078125 0.010174418604651164
0.0 0.1201171875 0.19186046511627908 0.0078125 0.011627906976744186
0.0 0.1201171875 0.16279069767441862 0.0078125 0.01308139534883721
0.0 0.1533203125 0.1569767441860465 0.0078125 0.01308139534883721
0.0 0.1376953125 0.12790697674418605 0.0068359375 0.00872093023255814
0.0 0.123046875 0.13517441860465115 0.005859375 0.014534883720930232
0.0 0.1728515625 0.12354651162790697 0.0078125 0.01308139534883721
0.0 0.1787109375 0.1119186046511628 0.0068359375 0.00872093023255814
0.0 0.154296875 0.13226744186046513 0.005859375 0.00872093023255814
0.0 0.1455078125 0.07267441860465117 0.005859375 0.010174418604651164
0.0 0.154296875 0.07122093023255814 0.005859375 0.014534883720930232
0.0 0.2060546875 0.05813953488372093 0.0078125 0.015988372093023256
0.0 0.220703125 0.12209302325581395 0.0068359375 0.011627906976744186
0.0 0.2373046875 0.09738372093023256 0.0078125 0.015988372093023256
0.0 0.2353515625 0.07122093023255814 0.0078125 0.014534883720930232
0.0 0.2509765625 0.06540697674418605 0.0078125 0.014534883720930232
0.0 0.234375 0.04796511627906977 0.0068359375 0.011627906976744186
0.0 0.2568359375 0.11482558139534883 0.005859375 0.005813953488372093
0.0 0.251953125 0.12936046511627908 0.0078125 0.015988372093023256
0.0 0.236328125 0.13662790697674418 0.0048828125 0.005813953488372093
0.0 0.2724609375 0.12790697674418605 0.0068359375 0.007267441860465116
0.0 0.267578125 0.09593023255813954 0.0068359375 0.010174418604651164
0.0 0.2890625 0.056686046511627904 0.005859375 0.01308139534883721
0.0 0.318359375 0.10174418604651163 0.0078125 0.010174418604651164
0.0 0.326171875 0.056686046511627904 0.005859375 0.00872093023255814
0.0 0.3447265625 0.050872093023255814 0.0068359375 0.01308139534883721
0.0 0.33984375 0.07848837209302326 0.0068359375 0.011627906976744186
0.0 0.2900390625 0.13372093023255813 0.0087890625 0.01308139534883721
0.0 0.3173828125 0.14098837209302326 0.0068359375 0.010174418604651164
0.0 0.3154296875 0.17587209302325582 0.0068359375 0.011627906976744186
0.0 0.3193359375 0.17005813953488372 0.0068359375 0.010174418604651164
0.0 0.2958984375 0.20784883720930233 0.0087890625 0.011627906976744186
0.0 0.3193359375 0.19767441860465115 0.0078125 0.01308139534883721
0.0 0.3125 0.251453488372093 0.0048828125 0.010174418604651164
0.0 0.3125 0.22674418604651161 0.0068359375 0.011627906976744186
0.0 0.2529296875 0.2441860465116279 0.0078125 0.01308139534883721
0.0 0.2236328125 0.27906976744186046 0.0078125 0.015988372093023256
0.0 0.23828125 0.20930232558139536 0.0068359375 0.010174418604651164
0.0 0.2197265625 0.311046511627907 0.0068359375 0.010174418604651164
0.0 0.208984375 0.31976744186046513 0.0078125 0.01308139534883721
0.0 0.216796875 0.3546511627906977 0.0078125 0.010174418604651164
0.0 0.2197265625 0.37209302325581395 0.0068359375 0.01308139534883721
0.0 0.212890625 0.40261627906976744 0.0078125 0.010174418604651164
0.0 0.22265625 0.4375 0.005859375 0.011627906976744186
0.0 0.2333984375 0.42151162790697677 0.0087890625 0.01308139534883721
0.0 0.2392578125 0.4491279069767442 0.005859375 0.015988372093023256
0.0 0.2265625 0.46511627906976744 0.0078125 0.014534883720930232
0.0 0.1640625 0.4694767441860465 0.0087890625 0.00872093023255814
0.0 0.130859375 0.46656976744186046 0.0087890625 0.015988372093023256
0.0 0.11328125 0.4622093023255814 0.0087890625 0.011627906976744186
0.0 0.173828125 0.4258720930232558 0.0078125 0.01308139534883721
0.0 0.205078125 0.4258720930232558 0.0078125 0.01308139534883721
0.0 0.197265625 0.42005813953488375 0.0087890625 0.01308139534883721
0.0 0.18359375 0.3851744186046512 0.0078125 0.015988372093023256
0.0 0.1708984375 0.33575581395348836 0.0068359375 0.01744186046511628
0.0 0.171875 0.3008720930232558 0.0078125 0.01308139534883721
0.0 0.1572265625 0.3125 0.0078125 0.015988372093023256
0.0 0.150390625 0.3386627906976744 0.0068359375 0.01744186046511628
0.0 0.25 0.26744186046511625 0.0068359375 0.015988372093023256
0.0 0.2763671875 0.3488372093023256 0.009765625 0.01744186046511628
0.0 0.255859375 0.3808139534883721 0.005859375 0.0188953488372093
0.0 0.2998046875 0.31976744186046513 0.0107421875 0.020348837209302327
0.0 0.30859375 0.3008720930232558 0.0087890625 0.014534883720930232
0.0 0.337890625 0.31976744186046513 0.0078125 0.01308139534883721
0.0 0.3427734375 0.34593023255813954 0.0087890625 0.014534883720930232
0.0 0.3505859375 0.34738372093023256 0.0087890625 0.01744186046511628
0.0 0.33203125 0.3706395348837209 0.009765625 0.020348837209302327
0.0 0.376953125 0.376453488372093 0.009765625 0.01744186046511628
0.0 0.4013671875 0.373546511627907 0.0087890625 0.0188953488372093
0.0 0.4228515625 0.29651162790697677 0.0078125 0.01308139534883721
0.0 0.455078125 0.3081395348837209 0.0078125 0.015988372093023256
0.0 0.470703125 0.3066860465116279 0.0078125 0.0188953488372093
0.0 0.404296875 0.3183139534883721 0.009765625 0.015988372093023256
0.0 0.400390625 0.2761627906976744 0.0078125 0.01744186046511628
0.0 0.3681640625 0.2877906976744186 0.0087890625 0.014534883720930232
0.0 0.369140625 0.27180232558139533 0.0078125 0.011627906976744186
0.0 0.3515625 0.2601744186046512 0.0078125 0.00872093023255814
0.0 0.3564453125 0.21075581395348839 0.0068359375 0.01308139534883721
0.0 0.353515625 0.22674418604651161 0.005859375 0.010174418604651164
0.0 0.361328125 0.2063953488372093 0.005859375 0.01308139534883721
0.0 0.3779296875 0.2005813953488372 0.0068359375 0.014534883720930232
0.0 0.396484375 0.19476744186046513 0.0078125 0.014534883720930232
0.0 0.3974609375 0.17877906976744187 0.0087890625 0.015988372093023256
0.0 0.3740234375 0.18313953488372092 0.0078125 0.011627906976744186
0.0 0.380859375 0.16715116279069767 0.0068359375 0.014534883720930232
0.0 0.3583984375 0.18313953488372092 0.0068359375 0.011627906976744186
0.0 0.3447265625 0.16715116279069767 0.0087890625 0.01308139534883721
0.0 0.359375 0.10465116279069768 0.0087890625 0.01308139534883721
0.0 0.396484375 0.12354651162790697 0.0068359375 0.010174418604651164
0.0 0.400390625 0.09302325581395349 0.0068359375 0.011627906976744186
0.0 0.408203125 0.05377906976744186 0.005859375 0.011627906976744186
0.0 0.3837890625 0.08284883720930232 0.0068359375 0.010174418604651164
0.0 0.3779296875 0.06395348837209303 0.0068359375 0.01308139534883721
0.0 0.4384765625 0.07994186046511628 0.0078125 0.010174418604651164
0.0 0.423828125 0.11918604651162791 0.0078125 0.01308139534883721
0.0 0.451171875 0.09302325581395349 0.0068359375 0.00872093023255814
0.0 0.4462890625 0.061046511627906974 0.0068359375 0.01308139534883721
0.0 0.474609375 0.0625 0.0068359375 0.011627906976744186
0.0 0.431640625 0.13372093023255813 0.0068359375 0.011627906976744186
0.0 0.439453125 0.13662790697674418 0.005859375 0.00872093023255814
0.0 0.44140625 0.15406976744186046 0.0068359375 0.00872093023255814
0.0 0.4189453125 0.16715116279069767 0.0087890625 0.014534883720930232
0.0 0.455078125 0.18313953488372092 0.009765625 0.011627906976744186
0.0 0.47265625 0.15406976744186046 0.0068359375 0.011627906976744186
0.0 0.46484375 0.20203488372093023 0.0078125 0.011627906976744186
0.0 0.4111328125 0.2194767441860465 0.0078125 0.01308139534883721
0.0 0.125 0.4011627906976744 0.0078125 0.011627906976744186
0.0 0.5009765625 0.0755813953488372 0.0087890625 0.011627906976744186
0.0 0.5322265625 0.056686046511627904 0.0068359375 0.010174418604651164
0.0 0.5068359375 0.09593023255813954 0.0048828125 0.010174418604651164
0.0 0.529296875 0.11046511627906977 0.005859375 0.011627906976744186
0.0 0.5205078125 0.09738372093023256 0.005859375 0.011627906976744186
0.0 0.5224609375 0.12354651162790697 0.0048828125 0.011627906976744186
0.0 0.5048828125 0.12790697674418605 0.0068359375 0.011627906976744186
0.0 0.525390625 0.17296511627906977 0.0078125 0.015988372093023256
0.0 0.4970703125 0.19186046511627908 0.0078125 0.011627906976744186
0.0 0.525390625 0.19476744186046513 0.0078125 0.015988372093023256
0.0 0.5419921875 0.19476744186046513 0.009765625 0.011627906976744186
0.0 0.548828125 0.17005813953488372 0.0068359375 0.010174418604651164
0.0 0.5537109375 0.1569767441860465 0.0068359375 0.007267441860465116
0.0 0.5537109375 0.14098837209302326 0.00390625 0.010174418604651164
0.0 0.5576171875 0.12063953488372094 0.0068359375 0.011627906976744186
0.0 0.5478515625 0.1119186046511628 0.0068359375 0.01308139534883721
0.0 0.5546875 0.1002906976744186 0.0068359375 0.010174418604651164
0.0 0.5625 0.08866279069767442 0.0068359375 0.011627906976744186
0.0 0.576171875 0.10465116279069768 0.0078125 0.010174418604651164
0.0 0.5791015625 0.14098837209302326 0.0068359375 0.00872093023255814
0.0 0.60546875 0.125 0.0068359375 0.011627906976744186
0.0 0.59765625 0.09593023255813954 0.0068359375 0.011627906976744186
0.0 0.615234375 0.11918604651162791 0.005859375 0.011627906976744186
0.0 0.578125 0.17587209302325582 0.005859375 0.005813953488372093
0.0 0.6083984375 0.18604651162790697 0.005859375 0.007267441860465116
0.0 0.6103515625 0.1744186046511628 0.0068359375 0.007267441860465116
0.0 0.625 0.17005813953488372 0.0087890625 0.011627906976744186
0.0 0.6337890625 0.1438953488372093 0.0087890625 0.014534883720930232
0.0 0.654296875 0.14534883720930233 0.0068359375 0.010174418604651164
0.0 0.6650390625 0.12063953488372094 0.005859375 0.010174418604651164
0.0 0.6689453125 0.09593023255813954 0.005859375 0.011627906976744186
0.0 0.6708984375 0.0755813953488372 0.0048828125 0.00872093023255814
0.0 0.65625 0.055232558139534885 0.0087890625 0.014534883720930232
0.0 0.6357421875 0.10465116279069768 0.0068359375 0.014534883720930232
0.0 0.6376953125 0.125 0.0068359375 0.011627906976744186
0.0 0.6337890625 0.1875 0.0068359375 0.014534883720930232
0.0 0.646484375 0.20203488372093023 0.0068359375 0.014534883720930232
0.0 0.673828125 0.22238372093023256 0.0068359375 0.011627906976744186
0.0 0.6328125 0.24563953488372092 0.0068359375 0.011627906976744186
0.0 0.595703125 0.21511627906976744 0.0078125 0.015988372093023256
0.0 0.578125 0.20203488372093023 0.005859375 0.010174418604651164
0.0 0.57421875 0.22674418604651161 0.0078125 0.014534883720930232
0.0 0.5556640625 0.20930232558139536 0.0078125 0.01308139534883721
0.0 0.5419921875 0.21075581395348839 0.005859375 0.010174418604651164
0.0 0.5263671875 0.21656976744186046 0.0048828125 0.010174418604651164
0.0 0.5400390625 0.2688953488372093 0.0068359375 0.010174418604651164
0.0 0.5390625 0.29796511627906974 0.0078125 0.015988372093023256
0.0 0.5625 0.27906976744186046 0.005859375 0.011627906976744186
0.0 0.560546875 0.24127906976744187 0.00390625 0.00872093023255814
0.0 0.5673828125 0.22965116279069767 0.0029296875 0.00872093023255814
0.0 0.546875 0.3372093023255814 0.0068359375 0.01308139534883721
0.0 0.5478515625 0.35755813953488375 0.005859375 0.015988372093023256
0.0 0.51171875 0.31540697674418605 0.009765625 0.01744186046511628
0.0 0.5009765625 0.37790697674418605 0.0078125 0.015988372093023256
0.0 0.4892578125 0.40406976744186046 0.0078125 0.015988372093023256
0.0 0.50390625 0.40843023255813954 0.01171875 0.015988372093023256
0.0 0.6435546875 0.32703488372093026 0.0087890625 0.01308139534883721
0.0 0.6416015625 0.3561046511627907 0.0068359375 0.011627906976744186
0.0 0.634765625 0.35755813953488375 0.0068359375 0.011627906976744186
0.0 0.681640625 0.35319767441860467 0.0068359375 0.014534883720930232
0.0 0.697265625 0.36046511627906974 0.0068359375 0.01308139534883721
0.0 0.69140625 0.39098837209302323 0.0078125 0.01308139534883721
0.0 0.7138671875 0.3430232558139535 0.0078125 0.01308139534883721
0.0 0.7099609375 0.30959302325581395 0.0078125 0.014534883720930232
0.0 0.693359375 0.3241279069767442 0.005859375 0.01308139534883721
0.0 0.669921875 0.2761627906976744 0.0068359375 0.01744186046511628
0.0 0.6953125 0.20348837209302326 0.0078125 0.01308139534883721
0.0 0.681640625 0.20494186046511628 0.005859375 0.014534883720930232
0.0 0.693359375 0.17587209302325582 0.0068359375 0.015988372093023256
0.0 0.681640625 0.18313953488372092 0.0078125 0.010174418604651164
0.0 0.69140625 0.14970930232558138 0.0078125 0.014534883720930232
0.0 0.6982421875 0.13662790697674418 0.0068359375 0.01308139534883721
0.0 0.7255859375 0.16424418604651161 0.0068359375 0.015988372093023256
0.0 0.720703125 0.19186046511627908 0.005859375 0.011627906976744186
0.0 0.716796875 0.2180232558139535 0.0087890625 0.01308139534883721
0.0 0.732421875 0.23546511627906977 0.005859375 0.01308139534883721
0.0 0.7412109375 0.251453488372093 0.005859375 0.011627906976744186
0.0 0.740234375 0.19912790697674418 0.0068359375 0.01308139534883721
0.0 0.75390625 0.16279069767441862 0.0068359375 0.01744186046511628
0.0 0.73046875 0.29796511627906974 0.0078125 0.01308139534883721
0.0 0.7470703125 0.31540697674418605 0.0078125 0.015988372093023256
0.0 0.7744140625 0.40406976744186046 0.0087890625 0.02180232558139535
0.0 0.78515625 0.3546511627906977 0.0078125 0.014534883720930232
0.0 0.7783203125 0.3706395348837209 0.0078125 0.0188953488372093
0.0 0.802734375 0.32994186046511625 0.0078125 0.0188953488372093
0.0 0.8251953125 0.3691860465116279 0.005859375 0.010174418604651164
0.0 0.888671875 0.35755813953488375 0.0068359375 0.011627906976744186
0.0 0.896484375 0.3633720930232558 0.0087890625 0.015988372093023256
0.0 0.8876953125 0.29796511627906974 0.005859375 0.014534883720930232
0.0 0.89453125 0.26744186046511625 0.005859375 0.015988372093023256
0.0 0.8271484375 0.2936046511627907 0.0078125 0.011627906976744186
0.0 0.833984375 0.25872093023255816 0.0087890625 0.020348837209302327
0.0 0.845703125 0.2805232558139535 0.0068359375 0.0188953488372093
0.0 0.8115234375 0.2558139534883721 0.0068359375 0.011627906976744186
0.0 0.806640625 0.2441860465116279 0.0078125 0.011627906976744186
0.0 0.7900390625 0.2601744186046512 0.005859375 0.014534883720930232
0.0 0.7880859375 0.23401162790697674 0.0078125 0.01308139534883721
0.0 0.794921875 0.2180232558139535 0.0078125 0.011627906976744186
0.0 0.80859375 0.18459302325581395 0.0068359375 0.014534883720930232
0.0 0.833984375 0.1875 0.0078125 0.011627906976744186
0.0 0.8525390625 0.18313953488372092 0.0087890625 0.01744186046511628
0.0 0.8427734375 0.13372093023255813 0.0078125 0.011627906976744186
0.0 0.84375 0.11627906976744186 0.0048828125 0.00872093023255814
0.0 0.865234375 0.14244186046511628 0.0048828125 0.011627906976744186
0.0 0.8740234375 0.14680232558139536 0.0078125 0.011627906976744186
0.0 0.8740234375 0.18604651162790697 0.0068359375 0.010174418604651164
0.0 0.88671875 0.2238372093023256 0.0078125 0.01308139534883721
0.0 0.908203125 0.15406976744186046 0.0048828125 0.014534883720930232
0.0 0.884765625 0.0625 0.0068359375 0.010174418604651164
0.0 0.8876953125 0.18313953488372092 0.0078125 0.01308139534883721
0.0 0.8154296875 0.1613372093023256 0.0087890625 0.014534883720930232
0.0 0.7861328125 0.16569767441860464 0.005859375 0.00872093023255814
0.0 0.783203125 0.20494186046511628 0.0068359375 0.010174418604651164
0.0 0.75 0.1438953488372093 0.0068359375 0.010174418604651164
0.0 0.765625 0.12645348837209303 0.005859375 0.010174418604651164
0.0 0.75 0.11773255813953488 0.0068359375 0.011627906976744186
0.0 0.7431640625 0.10319767441860465 0.0078125 0.014534883720930232
0.0 0.7548828125 0.07994186046511628 0.0078125 0.015988372093023256
0.0 0.7255859375 0.07703488372093023 0.0087890625 0.014534883720930232
0.0 0.775390625 0.0872093023255814 0.0078125 0.011627906976744186
0.0 0.7939453125 0.07848837209302326 0.0068359375 0.010174418604651164
0.0 0.775390625 0.10901162790697674 0.0068359375 0.011627906976744186
0.0 0.5078125 0.14244186046511628 0.005859375 0.01308139534883721
0.0 0.833984375 0.21220930232558138 0.0068359375 0.014534883720930232
0.0 0.76953125 0.26308139534883723 0.0087890625 0.01308139534883721
0.0 0.853515625 0.438953488372093 0.0078125 0.014534883720930232
0.0 0.6513671875 0.40843023255813954 0.0078125 0.0188953488372093
0.0 0.61328125 0.20348837209302326 0.0078125 0.011627906976744186
0.0 0.9267578125 0.08866279069767442 0.0068359375 0.01308139534883721
0.0 0.94140625 0.11918604651162791 0.0087890625 0.015988372093023256
0.0 0.9736328125 0.12209302325581395 0.005859375 0.00872093023255814
0.0 0.9755859375 0.14534883720930233 0.0048828125 0.007267441860465116
0.0 0.9814453125 0.17877906976744187 0.005859375 0.011627906976744186
0.0 0.9873046875 0.18895348837209303 0.0078125 0.011627906976744186
0.0 0.9697265625 0.21511627906976744 0.0068359375 0.00872093023255814
0.0 0.953125 0.21220930232558138 0.005859375 0.00872093023255814
0.0 0.95703125 0.22674418604651161 0.0048828125 0.011627906976744186
0.0 0.9716796875 0.251453488372093 0.0078125 0.01308139534883721
0.0 0.958984375 0.26453488372093026 0.0048828125 0.00872093023255814
0.0 0.94921875 0.26308139534883723 0.0078125 0.01308139534883721
0.0 0.974609375 0.3226744186046512 0.0078125 0.01308139534883721
0.0 0.9873046875 0.35174418604651164 0.005859375 0.01308139534883721
0.0 0.9697265625 0.3633720930232558 0.005859375 0.00872093023255814
0.0 0.96875 0.3851744186046512 0.0087890625 0.01308139534883721
0.0 0.9375 0.32122093023255816 0.0068359375 0.011627906976744186
0.0 0.9375 0.3066860465116279 0.0078125 0.011627906976744186
0.0 0.9248046875 0.27180232558139533 0.0048828125 0.00872093023255814
0.0 0.93359375 0.26598837209302323 0.005859375 0.011627906976744186
0.0 0.9091796875 0.2601744186046512 0.0087890625 0.015988372093023256
0.0 0.9189453125 0.23401162790697674 0.0078125 0.015988372093023256
0.0 0.939453125 0.2441860465116279 0.0078125 0.00872093023255814
0.0 0.91796875 0.19622093023255813 0.0078125 0.011627906976744186
0.0 0.9189453125 0.16569767441860464 0.0087890625 0.015988372093023256
0.0 0.9306640625 0.38226744186046513 0.005859375 0.01308139534883721
0.0 0.947265625 0.3851744186046512 0.005859375 0.011627906976744186
0.0 0.9091796875 0.4011627906976744 0.0087890625 0.015988372093023256
0.0 0.9189453125 0.4055232558139535 0.0078125 0.015988372093023256
0.0 0.9306640625 0.4375 0.0048828125 0.00872093023255814
0.0 0.9482421875 0.4694767441860465 0.0087890625 0.011627906976744186
0.0 0.9794921875 0.5058139534883721 0.00390625 0.011627906976744186
0.0 0.9892578125 0.4956395348837209 0.0048828125 0.01308139534883721
0.0 0.9599609375 0.5348837209302325 0.0068359375 0.011627906976744186
0.0 0.9599609375 0.5174418604651163 0.0078125 0.010174418604651164
0.0 0.9453125 0.5523255813953488 0.0087890625 0.015988372093023256
0.0 0.953125 0.5741279069767442 0.0087890625 0.01744186046511628
0.0 0.9794921875 0.5959302325581395 0.005859375 0.01308139534883721
0.0 0.91796875 0.5552325581395349 0.0087890625 0.01744186046511628
0.0 0.9189453125 0.5261627906976745 0.0087890625 0.014534883720930232
0.0 0.9052734375 0.5479651162790697 0.0078125 0.01744186046511628
0.0 0.892578125 0.5188953488372093 0.0087890625 0.01744186046511628
0.0 0.8994140625 0.498546511627907 0.005859375 0.00872093023255814
0.0 0.8837890625 0.5087209302325582 0.0087890625 0.01744186046511628
0.0 0.9072265625 0.5159883720930233 0.0087890625 0.01308139534883721
0.0 0.9189453125 0.4898255813953488 0.0068359375 0.015988372093023256
0.0 0.9267578125 0.5 0.0068359375 0.01744186046511628
0.0 0.9208984375 0.4433139534883721 0.005859375 0.014534883720930232
0.0 0.8779296875 0.26598837209302323 0.0048828125 0.01744186046511628
0.0 0.8896484375 0.24273255813953487 0.005859375 0.010174418604651164
0.0 0.9716796875 0.565406976744186 0.0068359375 0.014534883720930232
0.0 0.921875 0.5973837209302325 0.0068359375 0.01744186046511628
0.0 0.9765625 0.15406976744186046 0.005859375 0.01308139534883721
0.0 0.833984375 0.10755813953488372 0.005859375 0.01308139534883721
0.0 0.9296875 0.2136627906976744 0.005859375 0.011627906976744186
0.0 0.8828125 0.5406976744186046 0.009765625 0.0188953488372093
0.0 0.4814453125 0.38808139534883723 0.0068359375 0.014534883720930232
0.0 0.5625 0.45058139534883723 0.0087890625 0.01308139534883721
0.0 0.681640625 0.4636627906976744 0.0126953125 0.0188953488372093
0.0 0.7294921875 0.47819767441860467 0.0107421875 0.0188953488372093
0.0 0.3330078125 0.6729651162790697 0.0078125 0.020348837209302327
0.0 0.4794921875 0.688953488372093 0.009765625 0.0188953488372093
0.0 0.609375 0.688953488372093 0.0087890625 0.020348837209302327
0.0 0.7021484375 0.7005813953488372 0.0078125 0.014534883720930232
0.0 0.0283203125 0.5072674418604651 0.005859375 0.015988372093023256
0.0 0.05078125 0.5116279069767442 0.0068359375 0.011627906976744186
0.0 0.109375 0.5174418604651163 0.0068359375 0.014534883720930232
0.0 0.140625 0.5 0.005859375 0.011627906976744186
0.0 0.197265625 0.48401162790697677 0.009765625 0.01308139534883721
0.0 0.2353515625 0.5101744186046512 0.0068359375 0.01308139534883721
0.0 0.2373046875 0.49709302325581395 0.0078125 0.011627906976744186
0.0 0.2294921875 0.49127906976744184 0.0078125 0.014534883720930232
0.0 0.05859375 0.46511627906976744 0.0087890625 0.011627906976744186
0.0 0.0712890625 0.6162790697674418 0.0078125 0.01308139534883721
0.0 0.029296875 0.6991279069767442 0.0107421875 0.01744186046511628
0.0 0.228515625 0.6671511627906976 0.005859375 0.01308139534883721
0.0 0.9365234375 0.6715116279069767 0.0087890625 0.015988372093023256
0.0 0.966796875 0.7078488372093024 0.0078125 0.011627906976744186
0.0 0.9755859375 0.9578488372093024 0.0068359375 0.01744186046511628
0.0 0.52734375 0.8008720930232558 0.0068359375 0.01744186046511628
0.0 0.1865234375 0.752906976744186 0.0068359375 0.015988372093023256
0.0 0.744140625 0.39680232558139533 0.0087890625 0.01744186046511628
0.0 0.8095703125 0.3546511627906977 0.0078125 0.01308139534883721
0.0 0.80859375 0.36627906976744184 0.0078125 0.0188953488372093
0.0 0.8017578125 0.40988372093023256 0.0087890625 0.015988372093023256
0.0 0.787109375 0.32994186046511625 0.005859375 0.014534883720930232
0.0 0.2158203125 0.7209302325581395 0.009765625 0.0188953488372093
0.0 0.005859375 0.7601744186046512 0.01171875 0.02616279069767442
0.0 0.0009765625 0.7906976744186046 0.0078125 0.015988372093023256
0.0 0.052734375 0.7441860465116279 0.0107421875 0.02180232558139535
0.0 0.037109375 0.7834302325581395 0.0087890625 0.020348837209302327
0.0 0.1240234375 0.5334302325581395 0.0087890625 0.014534883720930232
0.0 0.0712890625 0.502906976744186 0.0087890625 0.011627906976744186
0.0 0.0615234375 0.40261627906976744 0.0078125 0.011627906976744186
0.0 0.0693359375 0.42151162790697677 0.0087890625 0.015988372093023256
0.0 0.0419921875 0.41569767441860467 0.0068359375 0.010174418604651164
0.0 0.0546875 0.43459302325581395 0.0068359375 0.014534883720930232
0.0 0.0302734375 0.4375 0.0087890625 0.01308139534883721
0.0 0.0078125 0.4375 0.0087890625 0.014534883720930232
0.0 0.083984375 0.12354651162790697 0.0068359375 0.014534883720930232
0.0 0.1259765625 0.1816860465116279 0.005859375 0.014534883720930232
0.0 0.1376953125 0.16569767441860464 0.005859375 0.011627906976744186
0.0 0.48046875 0.14098837209302326 0.005859375 0.00872093023255814
0.0 0.486328125 0.17587209302325582 0.0068359375 0.010174418604651164
0.0 0.4375 0.18604651162790697 0.0068359375 0.015988372093023256
0.0 0.44921875 0.22819767441860464 0.0068359375 0.011627906976744186
0.0 0.4453125 0.24563953488372092 0.005859375 0.010174418604651164
0.0 0.466796875 0.2238372093023256 0.0068359375 0.011627906976744186
0.0 0.4296875 0.26598837209302323 0.0068359375 0.00872093023255814
0.0 0.4990234375 0.20930232558139536 0.0068359375 0.01308139534883721
0.0 0.486328125 0.22093023255813954 0.0068359375 0.01308139534883721
0.0 0.2890625 0.11918604651162791 0.005859375 0.011627906976744186
0.0 0.6435546875 0.07994186046511628 0.0078125 0.01308139534883721
