0.0 0.828125 0.01020408163265306 0.02734375 0.04518950437317784
0.0 0.7578125 0.013119533527696793 0.0263671875 0.043731778425655975
0.0 0.705078125 0.0058309037900874635 0.025390625 0.02040816326530612
0.0 0.740234375 0.06559766763848396 0.0302734375 0.05102040816326531
0.0 0.6865234375 0.03644314868804665 0.0263671875 0.04664723032069971
0.0 0.4697265625 0.011661807580174927 0.03125 0.05102040816326531
0.0 0.470703125 0.07725947521865889 0.0322265625 0.056851311953352766
0.0 0.5048828125 0.11224489795918367 0.03125 0.04956268221574344
0.0 0.443359375 0.19533527696793002 0.0263671875 0.05102040816326531
0.0 0.4267578125 0.09037900874635568 0.025390625 0.052478134110787174
0.0 0.408203125 0.04664723032069971 0.0234375 0.03644314868804665
0.0 0.42578125 0.02040816326530612 0.025390625 0.048104956268221574
0.0 0.3994140625 0.0014577259475218659 0.0283203125 0.03206997084548105
0.0 0.3359375 0.02040816326530612 0.01953125 0.04956268221574344
0.0 0.3212890625 0.037900874635568516 0.025390625 0.04664723032069971
0.0 0.021484375 0.0029154518950437317 0.021484375 0.029154518950437316
0.0 0.056640625 0.0029154518950437317 0.0234375 0.033527696793002916
0.0 0.1396484375 0.0029154518950437317 0.0244140625 0.02040816326530612
0.0 0.1748046875 0.04664723032069971 0.0322265625 0.04664723032069971
0.0 0.2041015625 0.08017492711370262 0.0205078125 0.04518950437317784
0.0 0.119140625 0.06997084548104957 0.0244140625 0.037900874635568516
0.0 0.0771484375 0.06997084548104957 0.02734375 0.04518950437317784
0.0 0.005859375 0.05539358600583091 0.0244140625 0.06559766763848396
0.0 0.0 0.1588921282798834 0.0166015625 0.052478134110787174
0.0 0.103515625 0.6034985422740525 0.072265625 0.1588921282798834
0.0 0.6640625 0.5626822157434402 0.05078125 0.1239067055393586
0.0 0.4169921875 0.34839650145772594 0.068359375 0.10204081632653061
0.0 0.2568359375 0.027696793002915453 0.025390625 0.043731778425655975
