0.0 0.849609375 0.43191800878477304 0.01171875 0.021961932650073207
0.0 0.826171875 0.4143484626647145 0.01171875 0.02635431918008785
0.0 0.7890625 0.424597364568082 0.013671875 0.03074670571010249
0.0 0.76953125 0.42752562225475843 0.0078125 0.016105417276720352
0.0 0.92578125 0.40995607613469986 0.013671875 0.02635431918008785
0.0 0.90625 0.4363103953147877 0.01171875 0.021961932650073207
0.0 0.9482421875 0.43484626647144947 0.009765625 0.016105417276720352
0.0 0.9853515625 0.43045387994143486 0.009765625 0.02342606149341142
0.0 0.892578125 0.4260614934114202 0.0068359375 0.014641288433382138
0.0 0.708984375 0.43484626647144947 0.0087890625 0.017569546120058566
0.0 0.6494140625 0.4289897510980966 0.0302734375 0.05710102489019034
0.0 0.6787109375 0.43923865300146414 0.017578125 0.03953147877013177
0.0 0.6181640625 0.424597364568082 0.0107421875 0.02635431918008785
0.0 0.7412109375 0.4289897510980966 0.0068359375 0.010248901903367497
0.0 0.572265625 0.3923865300146413 0.0205078125 0.03953147877013177
0.0 0.5390625 0.4465592972181552 0.0283203125 0.04978038067349927
0.0 0.44140625 0.3923865300146413 0.025390625 0.03953147877013177
0.0 0.35546875 0.4055636896046852 0.029296875 0.05124450951683748
0.0 0.287109375 0.404099560761347 0.0244140625 0.04538799414348463
0.0 0.5361328125 0.4172767203513909 0.0078125 0.01171303074670571
0.0 0.5068359375 0.41874084919472915 0.0068359375 0.016105417276720352
0.0 0.1767578125 0.4128843338213763 0.0146484375 0.027818448023426062
0.0 0.1181640625 0.39092240117130306 0.017578125 0.032210834553440704
0.0 0.0126953125 0.3762811127379209 0.0126953125 0.036603221083455345
0.0 0.0966796875 0.3762811127379209 0.01171875 0.032210834553440704
0.0 0.033203125 0.3821376281112738 0.0126953125 0.021961932650073207
0.0 0.60546875 0.29282576866764276 0.013671875 0.024890190336749635
0.0 0.732421875 0.43191800878477304 0.0078125 0.013177159590043924
0.0 0.048828125 0.39092240117130306 0.009765625 0.017569546120058566
0.0 0.8056640625 0.4480234260614934 0.029296875 0.048316251830161056
