0.0 0.6025390625 0.29460966542750927 0.0234375 0.05762081784386617
0.0 0.66748046875 0.3131970260223048 0.0205078125 0.046468401486988845
0.0 0.4970703125 0.3104089219330855 0.02734375 0.05947955390334572
0.0 0.71826171875 0.3447955390334573 0.0185546875 0.046468401486988845
0.0 0.16796875 0.2815985130111524 0.037109375 0.0687732342007435
0.0 0.24462890625 0.3420074349442379 0.0107421875 0.02973977695167286
0.0 0.28173828125 0.29182156133828996 0.0146484375 0.03345724907063197
0.0 0.31103515625 0.3048327137546468 0.0224609375 0.05204460966542751
0.0 0.39453125 0.3104089219330855 0.01953125 0.040892193308550186
0.0 0.357421875 0.32620817843866173 0.013671875 0.027881040892193308
0.0 0.44677734375 0.3420074349442379 0.0146484375 0.026022304832713755
0.0 0.9248046875 0.3819702602230483 0.01171875 0.024163568773234202
0.0 0.90234375 0.36988847583643125 0.013671875 0.02973977695167286
0.0 0.86865234375 0.3336431226765799 0.0146484375 0.031598513011152414
0.0 0.8017578125 0.34572490706319703 0.015625 0.03345724907063197
0.0 0.765625 0.30855018587360594 0.01953125 0.04460966542750929
0.0 0.01953125 0.2955390334572491 0.0234375 0.055762081784386616
0.0 0.0986328125 0.28345724907063197 0.017578125 0.04275092936802974
0.0 0.55810546875 0.3066914498141264 0.0107421875 0.026022304832713755
