0.0 0.0322265625 0.2864583333333333 0.017578125 0.01953125
0.0 0.072265625 0.2864583333333333 0.015625 0.01953125
0.0 0.1083984375 0.2630208333333333 0.0126953125 0.024739583333333332
0.0 0.1689453125 0.234375 0.0166015625 0.026041666666666668
0.0 0.1181640625 0.3177083333333333 0.0224609375 0.040364583333333336
0.0 0.2001953125 0.3216145833333333 0.0224609375 0.03125
0.0 0.2841796875 0.3203125 0.0185546875 0.029947916666666668
0.0 0.30078125 0.2513020833333333 0.0126953125 0.0234375
0.0 0.265625 0.2591145833333333 0.0068359375 0.01953125
0.0 0.35546875 0.3046875 0.013671875 0.028645833333333332
0.0 0.3515625 0.30859375 0.0166015625 0.053385416666666664
0.0 0.419921875 0.29296875 0.0146484375 0.033854166666666664
0.0 0.396484375 0.2265625 0.013671875 0.0234375
0.0 0.4599609375 0.23567708333333334 0.009765625 0.01953125
0.0 0.46875 0.2825520833333333 0.0166015625 0.02734375
0.0 0.515625 0.2890625 0.015625 0.026041666666666668
0.0 0.4970703125 0.2721354166666667 0.0087890625 0.013020833333333334
0.0 0.53125 0.2682291666666667 0.009765625 0.014322916666666666
0.0 0.5498046875 0.2903645833333333 0.0087890625 0.014322916666666666
0.0 0.5615234375 0.2903645833333333 0.013671875 0.020833333333333332
0.0 0.607421875 0.2825520833333333 0.0107421875 0.022135416666666668
0.0 0.6572265625 0.2734375 0.009765625 0.01953125
0.0 0.69140625 0.2786458333333333 0.0078125 0.018229166666666668
0.0 0.7294921875 0.2669270833333333 0.0087890625 0.022135416666666668
0.0 0.74609375 0.2721354166666667 0.0107421875 0.016927083333333332
0.0 0.8017578125 0.2799479166666667 0.0107421875 0.022135416666666668
0.0 0.86328125 0.2760416666666667 0.0078125 0.029947916666666668
0.0 0.90234375 0.265625 0.0107421875 0.01953125
