0.0 0.2529296875 0.7048611111111112 0.0078125 0.008680555555555556
0.0 0.291015625 0.6927083333333334 0.00390625 0.010416666666666666
0.0 0.38671875 0.6944444444444444 0.00390625 0.008680555555555556
0.0 0.4072265625 0.7222222222222222 0.00390625 0.013888888888888888
0.0 0.4501953125 0.6753472222222222 0.0068359375 0.017361111111111112
0.0 0.4931640625 0.7256944444444444 0.005859375 0.013888888888888888
0.0 0.513671875 0.6736111111111112 0.0048828125 0.013888888888888888
0.0 0.533203125 0.625 0.00390625 0.013888888888888888
0.0 0.6357421875 0.6423611111111112 0.0048828125 0.010416666666666666
0.0 0.6767578125 0.6302083333333334 0.0048828125 0.013888888888888888
0.0 0.69140625 0.6284722222222222 0.0048828125 0.010416666666666666
0.0 0.673828125 0.734375 0.0068359375 0.010416666666666666
0.0 0.7333984375 0.6701388888888888 0.005859375 0.012152777777777778
0.0 0.765625 0.6180555555555556 0.005859375 0.012152777777777778
0.0 0.18359375 0.6128472222222222 0.00390625 0.010416666666666666
0.0 0.21875 0.6128472222222222 0.0048828125 0.010416666666666666
0.0 0.25 0.6180555555555556 0.005859375 0.008680555555555556
0.0 0.2998046875 0.609375 0.00390625 0.006944444444444444
0.0 0.3154296875 0.5642361111111112 0.0029296875 0.006944444444444444
0.0 0.28125 0.5607638888888888 0.0029296875 0.005208333333333333
0.0 0.240234375 0.5642361111111112 0.0048828125 0.005208333333333333
0.0 0.2021484375 0.5625 0.0029296875 0.003472222222222222
0.0 0.1552734375 0.5607638888888888 0.0029296875 0.003472222222222222
0.0 0.330078125 0.6354166666666666 0.0048828125 0.006944444444444444
0.0 0.3515625 0.6180555555555556 0.0029296875 0.006944444444444444
0.0 0.3759765625 0.6180555555555556 0.0048828125 0.010416666666666666
0.0 0.3583984375 0.5711805555555556 0.005859375 0.008680555555555556
0.0 0.4599609375 0.6319444444444444 0.00390625 0.008680555555555556
0.0 0.447265625 0.6197916666666666 0.00390625 0.008680555555555556
0.0 0.458984375 0.5711805555555556 0.0029296875 0.008680555555555556
0.0 0.4345703125 0.5677083333333334 0.005859375 0.012152777777777778
0.0 0.5 0.5555555555555556 0.001953125 0.006944444444444444
0.0 0.6611328125 0.6319444444444444 0.001953125 0.008680555555555556
0.0 0.6103515625 0.5815972222222222 0.0029296875 0.006944444444444444
0.0 0.6669921875 0.5763888888888888 0.0029296875 0.005208333333333333
0.0 0.712890625 0.5746527777777778 0.0029296875 0.006944444444444444
0.0 0.7431640625 0.5746527777777778 0.0029296875 0.008680555555555556
0.0 0.7822265625 0.6319444444444444 0.00390625 0.006944444444444444
0.0 0.798828125 0.6336805555555556 0.00390625 0.010416666666666666
0.0 0.81640625 0.6267361111111112 0.0048828125 0.010416666666666666
0.0 0.845703125 0.6354166666666666 0.0048828125 0.010416666666666666
0.0 0.87890625 0.6267361111111112 0.00390625 0.010416666666666666
0.0 0.8984375 0.640625 0.00390625 0.006944444444444444
0.0 0.9287109375 0.6232638888888888 0.00390625 0.013888888888888888
0.0 0.97265625 0.6336805555555556 0.0048828125 0.010416666666666666
0.0 0.958984375 0.5833333333333334 0.00390625 0.005208333333333333
0.0 0.91796875 0.5868055555555556 0.001953125 0.008680555555555556
0.0 0.8330078125 0.5763888888888888 0.001953125 0.006944444444444444
0.0 0.72265625 0.6423611111111112 0.0048828125 0.006944444444444444
0.0 0.1005859375 0.6215277777777778 0.0029296875 0.008680555555555556
0.0 0.119140625 0.6267361111111112 0.0048828125 0.008680555555555556
0.0 0.515625 0.5572916666666666 0.0029296875 0.005208333333333333
0.0 0.533203125 0.5555555555555556 0.00390625 0.006944444444444444
0.0 0.5615234375 0.5607638888888888 0.0029296875 0.005208333333333333
