0.0 0.1181640625 0.5647410358565738 0.013671875 0.03386454183266932
0.0 0.095703125 0.5916334661354582 0.013671875 0.03187250996015936
0.0 0.1689453125 0.5906374501992032 0.009765625 0.025896414342629483
0.0 0.095703125 0.5358565737051793 0.013671875 0.035856573705179286
0.0 0.2431640625 0.547808764940239 0.01953125 0.043824701195219126
0.0 0.31640625 0.5189243027888446 0.015625 0.045816733067729085
0.0 0.2880859375 0.5089641434262948 0.01171875 0.029880478087649404
0.0 0.2666015625 0.5029880478087649 0.015625 0.025896414342629483
0.0 0.251953125 0.4960159362549801 0.009765625 0.02390438247011952
0.0 0.18701171875 0.5179282868525896 0.0146484375 0.0398406374501992
0.0 0.20263671875 0.5099601593625498 0.0146484375 0.03187250996015936
0.0 0.36376953125 0.5378486055776892 0.0146484375 0.04780876494023904
0.0 0.396484375 0.5328685258964143 0.015625 0.03386454183266932
0.0 0.37744140625 0.5368525896414342 0.0126953125 0.029880478087649404
0.0 0.4697265625 0.5169322709163346 0.015625 0.03386454183266932
0.0 0.41748046875 0.48705179282868527 0.0146484375 0.03386454183266932
0.0 0.3408203125 0.4900398406374502 0.013671875 0.03187250996015936
0.0 0.37548828125 0.4850597609561753 0.0126953125 0.029880478087649404
0.0 0.392578125 0.48904382470119523 0.01171875 0.037848605577689244
0.0 0.43408203125 0.4820717131474104 0.0126953125 0.03187250996015936
0.0 0.4560546875 0.4800796812749004 0.01171875 0.02390438247011952
0.0 0.35205078125 0.40039840637450197 0.0087890625 0.0199203187250996
0.0 0.27880859375 0.4601593625498008 0.0146484375 0.027888446215139442
0.0 0.3525390625 0.500996015936255 0.009765625 0.021912350597609563
0.0 0.328125 0.47808764940239046 0.009765625 0.0199203187250996
0.0 0.484375 0.48705179282868527 0.0078125 0.021912350597609563
0.0 0.30029296875 0.5099601593625498 0.0107421875 0.027888446215139442
0.0 0.53466796875 0.5268924302788844 0.0185546875 0.045816733067729085
0.0 0.55908203125 0.5209163346613546 0.0166015625 0.037848605577689244
0.0 0.5009765625 0.5159362549800797 0.013671875 0.027888446215139442
0.0 0.52001953125 0.5129482071713147 0.0126953125 0.029880478087649404
0.0 0.62646484375 0.5159362549800797 0.0126953125 0.035856573705179286
0.0 0.64501953125 0.5049800796812749 0.0126953125 0.037848605577689244
0.0 0.64306640625 0.4581673306772908 0.0146484375 0.027888446215139442
0.0 0.55029296875 0.4850597609561753 0.0107421875 0.025896414342629483
0.0 0.56591796875 0.4362549800796813 0.0146484375 0.035856573705179286
0.0 0.525390625 0.47310756972111556 0.01171875 0.025896414342629483
0.0 0.69482421875 0.5517928286852589 0.0146484375 0.035856573705179286
0.0 0.70263671875 0.4950199203187251 0.0146484375 0.03386454183266932
0.0 0.765625 0.499003984063745 0.013671875 0.03386454183266932
0.0 0.9326171875 0.5129482071713147 0.015625 0.04183266932270916
0.0 0.87548828125 0.5876494023904383 0.0126953125 0.027888446215139442
0.0 0.85009765625 0.5089641434262948 0.0146484375 0.037848605577689244
0.0 0.82421875 0.5239043824701195 0.017578125 0.043824701195219126
0.0 0.4423828125 0.5029880478087649 0.015625 0.037848605577689244
