0.0 0.03662109375 0.6460980036297641 0.0107421875 0.029038112522686024
0.0 0.06494140625 0.6352087114337568 0.0107421875 0.025408348457350273
0.0 0.091796875 0.6524500907441017 0.01171875 0.02722323049001815
0.0 0.12646484375 0.6433756805807622 0.0107421875 0.02722323049001815
0.0 0.13720703125 0.661524500907441 0.0107421875 0.02722323049001815
0.0 0.16162109375 0.6497277676950998 0.0107421875 0.029038112522686024
0.0 0.13623046875 0.7096188747731398 0.0107421875 0.029038112522686024
0.0 0.10107421875 0.7123411978221416 0.0107421875 0.02722323049001815
0.0 0.05859375 0.7704174228675136 0.01171875 0.030852994555353903
0.0 0.3505859375 0.721415607985481 0.01171875 0.02722323049001815
0.0 0.3154296875 0.7177858439201452 0.01171875 0.02722323049001815
0.0 0.28125 0.7186932849364791 0.01171875 0.025408348457350273
0.0 0.244140625 0.7150635208711433 0.01171875 0.029038112522686024
0.0 0.20947265625 0.7159709618874773 0.0107421875 0.02722323049001815
0.0 0.171875 0.7114337568058077 0.01171875 0.029038112522686024
0.0 0.17041015625 0.6660617059891107 0.0126953125 0.029038112522686024
0.0 0.20703125 0.6542649727767695 0.01171875 0.02722323049001815
0.0 0.240234375 0.6506352087114338 0.01171875 0.030852994555353903
0.0 0.27734375 0.6515426497277677 0.01171875 0.032667876588021776
0.0 0.31396484375 0.6551724137931034 0.0126953125 0.032667876588021776
0.0 0.3525390625 0.6515426497277677 0.01171875 0.029038112522686024
0.0 0.57177734375 0.7268602540834845 0.0107421875 0.023593466424682397
0.0 0.53564453125 0.721415607985481 0.0107421875 0.02722323049001815
0.0 0.49853515625 0.7232304900181489 0.0126953125 0.030852994555353903
0.0 0.46240234375 0.7286751361161524 0.0126953125 0.02722323049001815
0.0 0.423828125 0.720508166969147 0.01171875 0.029038112522686024
0.0 0.3876953125 0.7223230490018149 0.01171875 0.029038112522686024
0.0 0.39453125 0.6506352087114338 0.01171875 0.030852994555353903
0.0 0.4326171875 0.6524500907441017 0.01171875 0.030852994555353903
0.0 0.47314453125 0.6560798548094374 0.0107421875 0.030852994555353903
0.0 0.5146484375 0.6569872958257713 0.01171875 0.029038112522686024
0.0 0.5556640625 0.6569872958257713 0.01171875 0.029038112522686024
0.0 0.5947265625 0.6524500907441017 0.009765625 0.023593466424682397
0.0 0.5576171875 0.5789473684210527 0.01171875 0.029038112522686024
0.0 0.5205078125 0.5825771324863884 0.01171875 0.029038112522686024
0.0 0.48095703125 0.5771324863883848 0.0107421875 0.029038112522686024
0.0 0.439453125 0.5789473684210527 0.01171875 0.029038112522686024
0.0 0.39990234375 0.5834845735027223 0.0126953125 0.030852994555353903
0.0 0.35888671875 0.5789473684210527 0.0126953125 0.029038112522686024
0.0 0.80419921875 0.7168784029038112 0.0126953125 0.029038112522686024
0.0 0.76513671875 0.7141560798548094 0.0126953125 0.030852994555353903
0.0 0.7255859375 0.7159709618874773 0.01171875 0.030852994555353903
0.0 0.68505859375 0.7150635208711433 0.0126953125 0.032667876588021776
0.0 0.646484375 0.7186932849364791 0.01171875 0.032667876588021776
0.0 0.6083984375 0.720508166969147 0.01171875 0.032667876588021776
0.0 0.6357421875 0.6551724137931034 0.01171875 0.032667876588021776
0.0 0.67431640625 0.6488203266787659 0.0126953125 0.034482758620689655
0.0 0.7158203125 0.6442831215970962 0.01171875 0.032667876588021776
0.0 0.75927734375 0.6442831215970962 0.0126953125 0.032667876588021776
0.0 0.78173828125 0.6578947368421053 0.0126953125 0.030852994555353903
0.0 0.806640625 0.6451905626134301 0.01171875 0.030852994555353903
0.0 0.82666015625 0.6578947368421053 0.0126953125 0.034482758620689655
0.0 0.806640625 0.5753176043557169 0.01171875 0.029038112522686024
0.0 0.84765625 0.5689655172413793 0.01171875 0.030852994555353903
0.0 0.85107421875 0.5072595281306715 0.0126953125 0.030852994555353903
0.0 0.88916015625 0.6343012704174229 0.0107421875 0.02722323049001815
0.0 0.85205078125 0.6488203266787659 0.0126953125 0.02722323049001815
0.0 0.84423828125 0.720508166969147 0.0126953125 0.029038112522686024
0.0 0.884765625 0.778584392014519 0.01171875 0.032667876588021776
0.0 0.89013671875 0.5753176043557169 0.0126953125 0.029038112522686024
0.0 0.8935546875 0.5099818511796733 0.01171875 0.029038112522686024
0.0 0.89111328125 0.4482758620689655 0.0146484375 0.029038112522686024
0.0 0.7666015625 0.5725952813067151 0.01171875 0.030852994555353903
0.0 0.80615234375 0.5054446460980037 0.0107421875 0.02722323049001815
0.0 0.72021484375 0.5725952813067151 0.0107421875 0.02722323049001815
0.0 0.76611328125 0.5081669691470054 0.0126953125 0.032667876588021776
0.0 0.7197265625 0.5127041742286751 0.01171875 0.030852994555353903
0.0 0.6806640625 0.5081669691470054 0.013671875 0.032667876588021776
0.0 0.6826171875 0.574410163339383 0.01171875 0.034482758620689655
0.0 0.6396484375 0.5753176043557169 0.01171875 0.032667876588021776
0.0 0.6025390625 0.5789473684210527 0.01171875 0.029038112522686024
0.0 0.60400390625 0.5081669691470054 0.0107421875 0.029038112522686024
0.0 0.640625 0.5108892921960072 0.01171875 0.030852994555353903
0.0 0.72314453125 0.44646098003629764 0.0126953125 0.032667876588021776
0.0 0.76708984375 0.44283121597096187 0.0126953125 0.032667876588021776
0.0 0.68603515625 0.4455535390199637 0.0126953125 0.02722323049001815
0.0 0.6474609375 0.45099818511796735 0.01171875 0.030852994555353903
0.0 0.60986328125 0.4537205081669691 0.0126953125 0.032667876588021776
0.0 0.56982421875 0.4519056261343013 0.0126953125 0.032667876588021776
0.0 0.5673828125 0.5099818511796733 0.01171875 0.032667876588021776
0.0 0.95849609375 0.6234119782214156 0.0126953125 0.030852994555353903
0.0 0.951171875 0.5916515426497277 0.01171875 0.029038112522686024
0.0 0.93017578125 0.6152450090744102 0.0126953125 0.029038112522686024
0.0 0.8955078125 0.2604355716878403 0.01171875 0.02722323049001815
0.0 0.89501953125 0.323956442831216 0.0107421875 0.02722323049001815
0.0 0.89453125 0.38656987295825773 0.01171875 0.032667876588021776
0.0 0.85595703125 0.24319419237749546 0.0126953125 0.032667876588021776
0.0 0.8525390625 0.31125226860254085 0.013671875 0.030852994555353903
0.0 0.849609375 0.37568058076225047 0.01171875 0.029038112522686024
0.0 0.85107421875 0.4355716878402904 0.0126953125 0.032667876588021776
0.0 0.80859375 0.4419237749546279 0.01171875 0.030852994555353903
0.0 0.81103515625 0.38021778584392013 0.0126953125 0.030852994555353903
0.0 0.81103515625 0.31306715063520874 0.0126953125 0.034482758620689655
0.0 0.81298828125 0.24773139745916514 0.0126953125 0.030852994555353903
0.0 0.28662109375 0.5807622504537205 0.0107421875 0.029038112522686024
0.0 0.24951171875 0.5807622504537205 0.0107421875 0.029038112522686024
0.0 0.21142578125 0.5798548094373865 0.0107421875 0.02722323049001815
0.0 0.17919921875 0.5798548094373865 0.0126953125 0.030852994555353903
0.0 0.13671875 0.5807622504537205 0.01171875 0.029038112522686024
0.0 0.1005859375 0.5852994555353902 0.01171875 0.030852994555353903
0.0 0.11181640625 0.5226860254083484 0.0107421875 0.029038112522686024
0.0 0.14892578125 0.5199637023593466 0.0126953125 0.030852994555353903
0.0 0.18701171875 0.5199637023593466 0.0107421875 0.030852994555353903
0.0 0.2197265625 0.5190562613430127 0.01171875 0.029038112522686024
0.0 0.25439453125 0.5181488203266787 0.0107421875 0.02722323049001815
0.0 0.29150390625 0.5217785843920145 0.0126953125 0.030852994555353903
0.0 0.1220703125 0.46823956442831216 0.01171875 0.025408348457350273
0.0 0.13134765625 0.4056261343012704 0.0107421875 0.02722323049001815
0.0 0.1552734375 0.45825771324863884 0.01171875 0.02722323049001815
0.0 0.32275390625 0.5798548094373865 0.0107421875 0.02722323049001815
0.0 0.44384765625 0.5172413793103449 0.0107421875 0.029038112522686024
0.0 0.40673828125 0.514519056261343 0.0126953125 0.030852994555353903
0.0 0.36767578125 0.5127041742286751 0.0107421875 0.02722323049001815
0.0 0.33056640625 0.5172413793103449 0.0107421875 0.029038112522686024
0.0 0.4521484375 0.45462794918330307 0.01171875 0.030852994555353903
0.0 0.41259765625 0.45462794918330307 0.0126953125 0.030852994555353903
0.0 0.37255859375 0.46098003629764067 0.0126953125 0.029038112522686024
0.0 0.33642578125 0.455535390199637 0.0107421875 0.029038112522686024
0.0 0.2998046875 0.4573502722323049 0.01171875 0.032667876588021776
0.0 0.138671875 0.3502722323049002 0.01171875 0.029038112522686024
0.0 0.15087890625 0.29038112522686027 0.0107421875 0.029038112522686024
0.0 0.17138671875 0.338475499092559 0.0107421875 0.02722323049001815
0.0 0.1611328125 0.39473684210526316 0.01171875 0.02722323049001815
0.0 0.19677734375 0.3992740471869328 0.0126953125 0.025408348457350273
0.0 0.18017578125 0.2695099818511797 0.0107421875 0.02722323049001815
0.0 0.21337890625 0.2731397459165154 0.0107421875 0.02722323049001815
0.0 0.2451171875 0.2749546279491833 0.01171875 0.02722323049001815
0.0 0.2802734375 0.2749546279491833 0.01171875 0.02722323049001815
0.0 0.2734375 0.33484573502722326 0.009765625 0.02722323049001815
0.0 0.23876953125 0.338475499092559 0.0126953125 0.030852994555353903
0.0 0.20751953125 0.33303085299455537 0.0107421875 0.02722323049001815
0.0 0.2666015625 0.39473684210526316 0.01171875 0.030852994555353903
0.0 0.2333984375 0.39473684210526316 0.01171875 0.030852994555353903
0.0 0.2626953125 0.46098003629764067 0.01171875 0.029038112522686024
0.0 0.2265625 0.455535390199637 0.01171875 0.025408348457350273
0.0 0.19140625 0.45825771324863884 0.009765625 0.02722323049001815
0.0 0.31884765625 0.27404718693284935 0.0126953125 0.029038112522686024
0.0 0.3564453125 0.27404718693284935 0.013671875 0.032667876588021776
0.0 0.39453125 0.2695099818511797 0.01171875 0.030852994555353903
0.0 0.4267578125 0.2695099818511797 0.01171875 0.030852994555353903
0.0 0.423828125 0.3294010889292196 0.01171875 0.02722323049001815
0.0 0.3857421875 0.33303085299455537 0.01171875 0.02722323049001815
0.0 0.3486328125 0.3339382940108893 0.01171875 0.029038112522686024
0.0 0.310546875 0.33030852994555354 0.01171875 0.032667876588021776
0.0 0.41845703125 0.38838475499092556 0.0107421875 0.029038112522686024
0.0 0.38037109375 0.38838475499092556 0.0107421875 0.032667876588021776
0.0 0.341796875 0.3911070780399274 0.01171875 0.030852994555353903
0.0 0.306640625 0.39473684210526316 0.01171875 0.02722323049001815
0.0 0.5302734375 0.4500907441016334 0.01171875 0.025408348457350273
0.0 0.5244140625 0.5163339382940109 0.01171875 0.030852994555353903
0.0 0.4892578125 0.4528130671506352 0.01171875 0.030852994555353903
0.0 0.484375 0.5172413793103449 0.01171875 0.029038112522686024
0.0 0.5771484375 0.2631578947368421 0.01171875 0.032667876588021776
0.0 0.57568359375 0.32304900181488205 0.0107421875 0.032667876588021776
0.0 0.5341796875 0.3248638838475499 0.01171875 0.032667876588021776
0.0 0.53955078125 0.2676950998185118 0.0126953125 0.030852994555353903
0.0 0.50341796875 0.2695099818511797 0.0126953125 0.030852994555353903
0.0 0.46533203125 0.2695099818511797 0.0126953125 0.030852994555353903
0.0 0.57373046875 0.39019963702359345 0.0107421875 0.029038112522686024
0.0 0.53369140625 0.3911070780399274 0.0107421875 0.02722323049001815
0.0 0.494140625 0.3929219600725953 0.01171875 0.030852994555353903
0.0 0.45703125 0.3929219600725953 0.01171875 0.02722323049001815
0.0 0.4599609375 0.33212341197822143 0.01171875 0.029038112522686024
0.0 0.49755859375 0.33030852994555354 0.0126953125 0.029038112522686024
0.0 0.7734375 0.24863883847549909 0.01171875 0.029038112522686024
0.0 0.7705078125 0.31851179673321234 0.01171875 0.030852994555353903
0.0 0.76904296875 0.37749546279491836 0.0107421875 0.029038112522686024
0.0 0.7255859375 0.37749546279491836 0.013671875 0.032667876588021776
0.0 0.728515625 0.3194192377495463 0.013671875 0.032667876588021776
0.0 0.732421875 0.24954627949183303 0.01171875 0.030852994555353903
0.0 0.693359375 0.2558983666061706 0.01171875 0.029038112522686024
0.0 0.65673828125 0.2577132486388385 0.0126953125 0.032667876588021776
0.0 0.61669921875 0.26225045372050815 0.0126953125 0.030852994555353903
0.0 0.6904296875 0.3157894736842105 0.01171875 0.029038112522686024
0.0 0.68701171875 0.37749546279491836 0.0126953125 0.029038112522686024
0.0 0.65087890625 0.38294010889292196 0.0126953125 0.029038112522686024
0.0 0.6162109375 0.3248638838475499 0.01171875 0.029038112522686024
0.0 0.6533203125 0.3176043557168784 0.01171875 0.029038112522686024
0.0 0.61279296875 0.3874773139745917 0.0107421875 0.02722323049001815
