0.0 0.017578125 0.3854166666666667 0.03515625 0.07291666666666667
0.0 0.07763671875 0.3880208333333333 0.0322265625 0.044270833333333336
0.0 0.06201171875 0.37890625 0.0166015625 0.0390625
0.0 0.12158203125 0.3860677083333333 0.0283203125 0.04296875
0.0 0.1025390625 0.30859375 0.01953125 0.033854166666666664
0.0 0.07275390625 0.287109375 0.0048828125 0.01171875
0.0 0.17236328125 0.2890625 0.0205078125 0.03125
0.0 0.15283203125 0.3515625 0.0244140625 0.046875
0.0 0.201171875 0.3385416666666667 0.0234375 0.0390625
0.0 0.1689453125 0.4134114583333333 0.046875 0.06380208333333333
0.0 0.20361328125 0.6256510416666666 0.0986328125 0.13671875
0.0 0.3359375 0.4342447916666667 0.037109375 0.055989583333333336
0.0 0.275390625 0.384765625 0.01953125 0.04296875
0.0 0.302734375 0.353515625 0.02734375 0.048177083333333336
0.0 0.31494140625 0.345703125 0.0185546875 0.029947916666666668
0.0 0.35986328125 0.3177083333333333 0.0126953125 0.028645833333333332
0.0 0.37255859375 0.3834635416666667 0.0224609375 0.04296875
0.0 0.4150390625 0.4016927083333333 0.021484375 0.040364583333333336
0.0 0.431640625 0.3658854166666667 0.013671875 0.03125
0.0 0.46826171875 0.384765625 0.0380859375 0.07421875
0.0 0.51123046875 0.4127604166666667 0.0498046875 0.07291666666666667
0.0 0.53955078125 0.326171875 0.0205078125 0.03515625
0.0 0.5390625 0.3014322916666667 0.015625 0.01953125
0.0 0.587890625 0.296875 0.017578125 0.0234375
0.0 0.62841796875 0.3704427083333333 0.0185546875 0.040364583333333336
0.0 0.630859375 0.3424479166666667 0.021484375 0.026041666666666668
0.0 0.67578125 0.3470052083333333 0.021484375 0.037760416666666664
0.0 0.7021484375 0.3528645833333333 0.021484375 0.036458333333333336
0.0 0.7392578125 0.359375 0.017578125 0.033854166666666664
0.0 0.7109375 0.4095052083333333 0.02734375 0.037760416666666664
0.0 0.76611328125 0.3645833333333333 0.0205078125 0.0390625
0.0 0.763671875 0.2923177083333333 0.015625 0.02734375
0.0 0.7841796875 0.328125 0.013671875 0.026041666666666668
0.0 0.8212890625 0.296875 0.013671875 0.0234375
0.0 0.8134765625 0.3626302083333333 0.01953125 0.03515625
0.0 0.689453125 0.322265625 0.015625 0.022135416666666668
0.0 0.98095703125 0.318359375 0.0146484375 0.024739583333333332
0.0 0.93115234375 0.2578125 0.0068359375 0.013020833333333334
0.0 0.93798828125 0.2662760416666667 0.0048828125 0.01171875
0.0 0.94775390625 0.2701822916666667 0.0048828125 0.014322916666666666
0.0 0.9306640625 0.3307291666666667 0.017578125 0.033854166666666664
0.0 0.94091796875 0.3196614583333333 0.0107421875 0.022135416666666668
0.0 0.93896484375 0.3483072916666667 0.0244140625 0.03515625
0.0 0.89404296875 0.3333333333333333 0.0185546875 0.026041666666666668
0.0 0.86669921875 0.345703125 0.0166015625 0.03515625
0.0 0.94287109375 0.4029947916666667 0.0166015625 0.037760416666666664
