0.0 0.5048828125 0.4281524926686217 0.009765625 0.020527859237536656
0.0 0.8125 0.5161290322580645 0.017578125 0.02932551319648094
0.0 0.89501953125 0.6195014662756598 0.0166015625 0.030791788856304986
0.0 0.85595703125 0.75 0.0224609375 0.039589442815249266
0.0 0.92724609375 0.4281524926686217 0.0146484375 0.03225806451612903
0.0 0.61181640625 0.5542521994134897 0.0107421875 0.02932551319648094
0.0 0.775390625 0.49266862170087977 0.01171875 0.02346041055718475
0.0 0.73681640625 0.4303519061583578 0.0126953125 0.024926686217008796
0.0 0.7880859375 0.4464809384164223 0.009765625 0.02785923753665689
0.0 0.6865234375 0.2470674486803519 0.013671875 0.021994134897360705
0.0 0.79638671875 0.18548387096774194 0.0126953125 0.021994134897360705
0.0 0.83740234375 0.2558651026392962 0.0126953125 0.01906158357771261
0.0 0.99267578125 0.27346041055718473 0.0126953125 0.021994134897360705
0.0 0.6123046875 0.3687683284457478 0.013671875 0.024926686217008796
0.0 0.5068359375 0.22434017595307917 0.013671875 0.02346041055718475
0.0 0.5810546875 0.22727272727272727 0.013671875 0.02932551319648094
0.0 0.38916015625 0.40249266862170086 0.0126953125 0.02785923753665689
0.0 0.41357421875 0.5608504398826979 0.0146484375 0.024926686217008796
0.0 0.47265625 0.5205278592375366 0.009765625 0.02346041055718475
0.0 0.50439453125 0.5960410557184751 0.0087890625 0.02785923753665689
0.0 0.57177734375 0.7206744868035191 0.0205078125 0.036656891495601175
0.0 0.5234375 0.3651026392961877 0.009765625 0.026392961876832845
0.0 0.32177734375 0.46920821114369504 0.0185546875 0.026392961876832845
0.0 0.212890625 0.531524926686217 0.021484375 0.03372434017595308
0.0 0.24267578125 0.7521994134897361 0.0224609375 0.04398826979472141
0.0 0.2861328125 0.842375366568915 0.025390625 0.045454545454545456
0.0 0.181640625 0.42302052785923755 0.017578125 0.030791788856304986
0.0 0.11328125 0.47214076246334313 0.01953125 0.026392961876832845
0.0 0.1357421875 0.3980938416422287 0.013671875 0.02785923753665689
0.0 0.05078125 0.4530791788856305 0.015625 0.026392961876832845
0.0 0.0390625 0.2859237536656892 0.013671875 0.026392961876832845
0.0 0.09033203125 0.20381231671554254 0.0126953125 0.02932551319648094
0.0 0.19482421875 0.2434017595307918 0.0146484375 0.020527859237536656
0.0 0.06103515625 0.3680351906158358 0.0146484375 0.02346041055718475
0.0 0.4833984375 0.499266862170088 0.01171875 0.016129032258064516
0.0 0.31201171875 0.41715542521994137 0.0126953125 0.02785923753665689
0.0 0.09521484375 0.2844574780058651 0.0107421875 0.020527859237536656
