0.0 0.580078125 0.35546875 0.0185546875 0.055989583333333336
0.0 0.720703125 0.328125 0.025390625 0.041666666666666664
0.0 0.771484375 0.37109375 0.01171875 0.029947916666666668
0.0 0.806640625 0.3645833333333333 0.01171875 0.022135416666666668
0.0 0.439453125 0.3515625 0.0234375 0.033854166666666664
0.0 0.283203125 0.33203125 0.0283203125 0.046875
0.0 0.1484375 0.37109375 0.0234375 0.0390625
0.0 0.0068359375 0.3580729166666667 0.0205078125 0.032552083333333336
0.0 0.9833984375 0.3776041666666667 0.0146484375 0.026041666666666668
0.0 0.9423828125 0.3802083333333333 0.0107421875 0.018229166666666668
0.0 0.8349609375 0.3893229166666667 0.0107421875 0.016927083333333332
0.0 0.8486328125 0.37109375 0.0107421875 0.013020833333333334
0.0 0.6552734375 0.3723958333333333 0.021484375 0.03515625
0.0 0.5166015625 0.3333333333333333 0.0185546875 0.03515625
0.0 0.6171875 0.38671875 0.0068359375 0.01171875
0.0 0.595703125 0.3854166666666667 0.0107421875 0.013020833333333334
0.0 0.376953125 0.3567708333333333 0.0107421875 0.01953125
0.0 0.35546875 0.37890625 0.0166015625 0.022135416666666668
0.0 0.392578125 0.3776041666666667 0.005859375 0.009114583333333334
0.0 0.3955078125 0.3723958333333333 0.0068359375 0.009114583333333334
0.0 0.38671875 0.3020833333333333 0.0068359375 0.010416666666666666
0.0 0.3173828125 0.3151041666666667 0.0078125 0.01171875
0.0 0.33203125 0.31640625 0.0068359375 0.010416666666666666
0.0 0.080078125 0.3997395833333333 0.0146484375 0.024739583333333332
0.0 0.19921875 0.3815104166666667 0.009765625 0.020833333333333332
0.0 0.21484375 0.3919270833333333 0.009765625 0.018229166666666668
0.0 0.1845703125 0.3880208333333333 0.01171875 0.0234375
0.0 0.1875 0.3567708333333333 0.0087890625 0.018229166666666668
0.0 0.0810546875 0.36328125 0.0087890625 0.013020833333333334
0.0 0.0458984375 0.39453125 0.01171875 0.015625
0.0 0.236328125 0.3815104166666667 0.01171875 0.016927083333333332
0.0 0.11328125 0.3984375 0.015625 0.016927083333333332
0.0 0.0595703125 0.31640625 0.009765625 0.013020833333333334
0.0 0.31640625 0.3828125 0.01171875 0.018229166666666668
0.0 0.0244140625 0.3645833333333333 0.01171875 0.020833333333333332
