0.0 0.1298828125 0.44805194805194803 0.046875 0.07272727272727272
0.0 0.333984375 0.4409090909090909 0.111328125 0.17532467532467533
0.0 0.1650390625 0.30974025974025976 0.02734375 0.04025974025974026
0.0 0.04833984375 0.2818181818181818 0.0244140625 0.046753246753246755
0.0 0.23388671875 0.3 0.0166015625 0.03116883116883117
0.0 0.54150390625 0.474025974025974 0.0341796875 0.05194805194805195
0.0 0.4990234375 0.45454545454545453 0.017578125 0.03116883116883117
0.0 0.4345703125 0.5084415584415585 0.025390625 0.04025974025974026
0.0 0.6982421875 0.43116883116883115 0.056640625 0.07792207792207792
0.0 0.60546875 0.4961038961038961 0.015625 0.02857142857142857
0.0 0.52685546875 0.512987012987013 0.0205078125 0.033766233766233764
0.0 0.47314453125 0.37402597402597404 0.0126953125 0.02077922077922078
0.0 0.4541015625 0.35194805194805195 0.015625 0.02857142857142857
0.0 0.65185546875 0.4012987012987013 0.0087890625 0.01818181818181818
0.0 0.560546875 0.38051948051948054 0.009765625 0.01818181818181818
0.0 0.52197265625 0.39025974025974025 0.0107421875 0.016883116883116882
0.0 0.79345703125 0.41818181818181815 0.0419921875 0.05714285714285714
0.0 0.84765625 0.4701298701298701 0.02734375 0.04415584415584416
0.0 0.8857421875 0.4746753246753247 0.015625 0.02727272727272727
0.0 0.89892578125 0.4779220779220779 0.0126953125 0.023376623376623377
0.0 0.4951171875 0.40974025974025974 0.009765625 0.016883116883116882
