0.0 0.025390625 0.01953125 0.0068359375 0.021484375
0.0 0.0322265625 0.03125 0.0087890625 0.025390625
0.0 0.0380859375 0.013671875 0.0078125 0.017578125
0.0 0.0546875 0.01171875 0.0087890625 0.025390625
0.0 0.06640625 0.037109375 0.0068359375 0.01953125
0.0 0.060546875 0.03515625 0.005859375 0.021484375
0.0 0.017578125 0.05078125 0.005859375 0.03125
0.0 0.01953125 0.087890625 0.0087890625 0.025390625
0.0 0.0263671875 0.126953125 0.0146484375 0.033203125
0.0 0.0185546875 0.146484375 0.0107421875 0.029296875
0.0 0.06640625 0.095703125 0.0087890625 0.017578125
0.0 0.0869140625 0.0 0.0087890625 0.025390625
0.0 0.1064453125 0.064453125 0.01171875 0.03125
0.0 0.12109375 0.03515625 0.0087890625 0.03125
0.0 0.14453125 0.05078125 0.0087890625 0.02734375
0.0 0.150390625 0.0 0.0107421875 0.0234375
0.0 0.1669921875 0.009765625 0.005859375 0.02734375
0.0 0.173828125 0.015625 0.009765625 0.025390625
0.0 0.1904296875 0.00390625 0.0078125 0.021484375
0.0 0.1826171875 0.056640625 0.0078125 0.021484375
0.0 0.18359375 0.03515625 0.0078125 0.021484375
0.0 0.0537109375 0.123046875 0.0166015625 0.03515625
0.0 0.072265625 0.109375 0.0126953125 0.029296875
0.0 0.0830078125 0.109375 0.009765625 0.033203125
0.0 0.078125 0.138671875 0.0087890625 0.025390625
0.0 0.0859375 0.140625 0.005859375 0.021484375
0.0 0.0771484375 0.166015625 0.0078125 0.025390625
0.0 0.0576171875 0.1875 0.01171875 0.029296875
0.0 0.0322265625 0.1640625 0.009765625 0.02734375
0.0 0.033203125 0.19921875 0.0107421875 0.025390625
0.0 0.025390625 0.220703125 0.0126953125 0.03125
0.0 0.037109375 0.23046875 0.0126953125 0.03125
0.0 0.0224609375 0.279296875 0.0107421875 0.0234375
0.0 0.0390625 0.271484375 0.0126953125 0.033203125
0.0 0.052734375 0.2265625 0.009765625 0.033203125
0.0 0.048828125 0.28125 0.0107421875 0.029296875
0.0 0.0498046875 0.3125 0.01171875 0.029296875
0.0 0.0205078125 0.310546875 0.01171875 0.025390625
0.0 0.03515625 0.375 0.013671875 0.029296875
0.0 0.056640625 0.435546875 0.0107421875 0.025390625
0.0 0.0673828125 0.4375 0.0078125 0.015625
0.0 0.08984375 0.38671875 0.013671875 0.033203125
0.0 0.0986328125 0.375 0.01171875 0.02734375
0.0 0.072265625 0.31640625 0.0078125 0.029296875
0.0 0.10546875 0.2890625 0.0126953125 0.03125
0.0 0.0849609375 0.255859375 0.0087890625 0.02734375
0.0 0.0888671875 0.212890625 0.0107421875 0.03125
0.0 0.1123046875 0.25 0.0068359375 0.0234375
0.0 0.1337890625 0.287109375 0.0126953125 0.02734375
0.0 0.126953125 0.208984375 0.0107421875 0.02734375
0.0 0.1220703125 0.087890625 0.009765625 0.029296875
0.0 0.13671875 0.083984375 0.01171875 0.033203125
0.0 0.14453125 0.09765625 0.005859375 0.01953125
0.0 0.1005859375 0.1484375 0.0078125 0.017578125
0.0 0.1396484375 0.138671875 0.009765625 0.033203125
0.0 0.154296875 0.21484375 0.0146484375 0.03125
0.0 0.1787109375 0.1484375 0.009765625 0.02734375
0.0 0.1669921875 0.15625 0.0078125 0.033203125
0.0 0.177734375 0.275390625 0.0107421875 0.02734375
0.0 0.1875 0.279296875 0.0107421875 0.029296875
0.0 0.197265625 0.265625 0.01171875 0.029296875
0.0 0.20703125 0.1796875 0.0087890625 0.025390625
0.0 0.1708984375 0.111328125 0.0087890625 0.0234375
0.0 0.16796875 0.0703125 0.0087890625 0.029296875
0.0 0.21484375 0.078125 0.009765625 0.03125
0.0 0.2294921875 0.080078125 0.0087890625 0.03125
0.0 0.240234375 0.08203125 0.0087890625 0.021484375
0.0 0.2158203125 0.060546875 0.0078125 0.01953125
0.0 0.20703125 0.0390625 0.0087890625 0.0234375
0.0 0.1982421875 0.04296875 0.0068359375 0.0234375
0.0 0.2060546875 0.015625 0.0078125 0.01953125
0.0 0.2236328125 0.03515625 0.005859375 0.0234375
0.0 0.2265625 0.130859375 0.0087890625 0.02734375
0.0 0.19140625 0.1015625 0.009765625 0.02734375
0.0 0.244140625 0.00390625 0.0107421875 0.02734375
0.0 0.275390625 0.04296875 0.009765625 0.025390625
0.0 0.2783203125 0.0703125 0.0078125 0.02734375
0.0 0.2529296875 0.05078125 0.0068359375 0.025390625
0.0 0.2890625 0.072265625 0.0078125 0.025390625
0.0 0.298828125 0.09375 0.0078125 0.021484375
0.0 0.28515625 0.025390625 0.0078125 0.021484375
0.0 0.306640625 0.01171875 0.0078125 0.025390625
0.0 0.3447265625 0.009765625 0.005859375 0.021484375
0.0 0.3427734375 0.03515625 0.0087890625 0.0234375
0.0 0.357421875 0.037109375 0.0087890625 0.033203125
0.0 0.3642578125 0.0234375 0.0087890625 0.029296875
0.0 0.376953125 0.03125 0.009765625 0.029296875
0.0 0.3349609375 0.06640625 0.009765625 0.033203125
0.0 0.375 0.083984375 0.0087890625 0.02734375
0.0 0.3623046875 0.076171875 0.005859375 0.025390625
0.0 0.3828125 0.06640625 0.009765625 0.029296875
0.0 0.267578125 0.109375 0.0087890625 0.025390625
0.0 0.283203125 0.119140625 0.0087890625 0.0234375
0.0 0.3095703125 0.1171875 0.0078125 0.02734375
0.0 0.3095703125 0.080078125 0.0087890625 0.02734375
0.0 0.265625 0.1796875 0.0087890625 0.0234375
0.0 0.30078125 0.142578125 0.0087890625 0.02734375
0.0 0.3271484375 0.15234375 0.0078125 0.02734375
0.0 0.3154296875 0.142578125 0.0078125 0.02734375
0.0 0.3271484375 0.11328125 0.0087890625 0.033203125
0.0 0.37890625 0.123046875 0.0087890625 0.029296875
0.0 0.24609375 0.185546875 0.0078125 0.025390625
0.0 0.255859375 0.18359375 0.0078125 0.025390625
0.0 0.23828125 0.212890625 0.0126953125 0.03125
0.0 0.2421875 0.248046875 0.013671875 0.037109375
0.0 0.2265625 0.23046875 0.0107421875 0.03125
0.0 0.2744140625 0.216796875 0.0087890625 0.033203125
0.0 0.29296875 0.216796875 0.009765625 0.029296875
0.0 0.1923828125 0.2109375 0.01171875 0.01953125
0.0 0.16015625 0.185546875 0.0078125 0.021484375
0.0 0.1669921875 0.259765625 0.0107421875 0.02734375
0.0 0.138671875 0.37890625 0.0087890625 0.033203125
0.0 0.1337890625 0.423828125 0.01171875 0.033203125
0.0 0.15234375 0.3828125 0.01171875 0.033203125
0.0 0.154296875 0.423828125 0.01171875 0.03125
0.0 0.173828125 0.421875 0.0107421875 0.029296875
0.0 0.2041015625 0.40625 0.013671875 0.033203125
0.0 0.193359375 0.423828125 0.0107421875 0.033203125
0.0 0.13671875 0.46875 0.0107421875 0.025390625
0.0 0.1767578125 0.3203125 0.0107421875 0.025390625
0.0 0.197265625 0.34375 0.01171875 0.033203125
0.0 0.2060546875 0.36328125 0.0087890625 0.025390625
0.0 0.2080078125 0.322265625 0.0107421875 0.02734375
0.0 0.20703125 0.294921875 0.0087890625 0.021484375
0.0 0.240234375 0.3203125 0.01171875 0.033203125
0.0 0.2607421875 0.349609375 0.0107421875 0.029296875
0.0 0.25 0.33984375 0.0107421875 0.029296875
0.0 0.2451171875 0.400390625 0.013671875 0.029296875
0.0 0.22265625 0.412109375 0.0126953125 0.029296875
0.0 0.255859375 0.44921875 0.01171875 0.02734375
0.0 0.2734375 0.451171875 0.0146484375 0.03515625
0.0 0.2763671875 0.392578125 0.0107421875 0.029296875
0.0 0.2919921875 0.3828125 0.0126953125 0.03125
0.0 0.296875 0.4296875 0.01171875 0.021484375
0.0 0.224609375 0.451171875 0.0107421875 0.029296875
0.0 0.2099609375 0.455078125 0.0107421875 0.029296875
0.0 0.2861328125 0.26171875 0.0087890625 0.03125
0.0 0.306640625 0.18359375 0.005859375 0.021484375
0.0 0.296875 0.193359375 0.0078125 0.01953125
0.0 0.3154296875 0.205078125 0.0068359375 0.01953125
0.0 0.3701171875 0.123046875 0.0068359375 0.021484375
0.0 0.328125 0.25390625 0.0087890625 0.025390625
0.0 0.3271484375 0.220703125 0.0068359375 0.021484375
0.0 0.400390625 0.04296875 0.0078125 0.025390625
0.0 0.43359375 0.046875 0.009765625 0.02734375
0.0 0.421875 0.015625 0.0087890625 0.025390625
0.0 0.4482421875 0.01171875 0.0087890625 0.02734375
0.0 0.443359375 0.0078125 0.0048828125 0.017578125
0.0 0.47265625 0.017578125 0.005859375 0.015625
0.0 0.484375 0.00390625 0.005859375 0.015625
0.0 0.4560546875 0.0625 0.0078125 0.01953125
0.0 0.4716796875 0.056640625 0.009765625 0.01953125
0.0 0.484375 0.0390625 0.0078125 0.0234375
0.0 0.5166015625 0.0 0.0078125 0.009765625
0.0 0.5244140625 0.01171875 0.0078125 0.01953125
0.0 0.521484375 0.044921875 0.0087890625 0.021484375
0.0 0.529296875 0.037109375 0.0087890625 0.0234375
0.0 0.5615234375 0.0 0.0107421875 0.0234375
0.0 0.5908203125 0.013671875 0.0078125 0.0234375
0.0 0.583984375 0.021484375 0.0068359375 0.017578125
0.0 0.576171875 0.001953125 0.005859375 0.01953125
0.0 0.560546875 0.04296875 0.0078125 0.029296875
0.0 0.5439453125 0.052734375 0.0107421875 0.02734375
0.0 0.5625 0.0703125 0.0087890625 0.021484375
0.0 0.580078125 0.076171875 0.009765625 0.029296875
0.0 0.59375 0.080078125 0.0068359375 0.017578125
0.0 0.60546875 0.048828125 0.0107421875 0.01953125
0.0 0.615234375 0.025390625 0.009765625 0.021484375
0.0 0.6142578125 0.076171875 0.0107421875 0.03125
0.0 0.6513671875 0.0078125 0.0078125 0.021484375
0.0 0.6435546875 0.05859375 0.0078125 0.021484375
0.0 0.654296875 0.0625 0.0068359375 0.021484375
0.0 0.642578125 0.126953125 0.009765625 0.025390625
0.0 0.65234375 0.095703125 0.0087890625 0.03125
0.0 0.6162109375 0.111328125 0.0078125 0.02734375
0.0 0.6162109375 0.173828125 0.013671875 0.0390625
0.0 0.64453125 0.19140625 0.0068359375 0.025390625
0.0 0.625 0.189453125 0.0087890625 0.029296875
0.0 0.65234375 0.224609375 0.0068359375 0.017578125
0.0 0.6318359375 0.228515625 0.0068359375 0.017578125
0.0 0.6376953125 0.22265625 0.0068359375 0.017578125
0.0 0.1865234375 0.4609375 0.005859375 0.02734375
0.0 0.1669921875 0.482421875 0.0107421875 0.033203125
0.0 0.1396484375 0.52734375 0.0107421875 0.033203125
0.0 0.197265625 0.501953125 0.0087890625 0.029296875
0.0 0.2099609375 0.490234375 0.0126953125 0.037109375
0.0 0.2353515625 0.505859375 0.0146484375 0.025390625
0.0 0.255859375 0.5078125 0.0087890625 0.03515625
0.0 0.30078125 0.50390625 0.009765625 0.029296875
0.0 0.2783203125 0.501953125 0.0078125 0.0234375
0.0 0.3125 0.46484375 0.0078125 0.021484375
0.0 0.2587890625 0.556640625 0.0146484375 0.0390625
0.0 0.25390625 0.5703125 0.0087890625 0.03125
0.0 0.21484375 0.568359375 0.015625 0.037109375
0.0 0.1923828125 0.55078125 0.0126953125 0.029296875
0.0 0.2060546875 0.537109375 0.0107421875 0.048828125
0.0 0.2294921875 0.544921875 0.0126953125 0.03515625
0.0 0.2412109375 0.5390625 0.015625 0.03125
0.0 0.16015625 0.541015625 0.01171875 0.03125
0.0 0.1015625 0.6015625 0.017578125 0.046875
0.0 0.0654296875 0.61328125 0.015625 0.0390625
0.0 0.0361328125 0.796875 0.0146484375 0.041015625
0.0 0.0283203125 0.849609375 0.0146484375 0.037109375
0.0 0.025390625 0.94921875 0.01171875 0.03515625
0.0 0.1572265625 0.60546875 0.013671875 0.037109375
0.0 0.14453125 0.560546875 0.0078125 0.0234375
0.0 0.1826171875 0.623046875 0.0126953125 0.03125
0.0 0.263671875 0.6015625 0.0146484375 0.03125
0.0 0.298828125 0.57421875 0.0126953125 0.033203125
0.0 0.3349609375 0.615234375 0.0068359375 0.02734375
0.0 0.3466796875 0.615234375 0.013671875 0.033203125
0.0 0.3544921875 0.640625 0.01171875 0.03515625
0.0 0.3720703125 0.619140625 0.005859375 0.017578125
0.0 0.3896484375 0.591796875 0.0126953125 0.033203125
0.0 0.3837890625 0.560546875 0.015625 0.033203125
0.0 0.396484375 0.54296875 0.0107421875 0.03125
0.0 0.40625 0.60546875 0.013671875 0.033203125
0.0 0.150390625 0.826171875 0.009765625 0.03515625
0.0 0.1533203125 0.853515625 0.0078125 0.02734375
0.0 0.16015625 0.9140625 0.009765625 0.029296875
0.0 0.2041015625 0.90234375 0.015625 0.0390625
0.0 0.2275390625 0.865234375 0.015625 0.041015625
0.0 0.1806640625 0.849609375 0.0087890625 0.03515625
0.0 0.203125 0.857421875 0.0146484375 0.033203125
0.0 0.2314453125 0.93359375 0.0126953125 0.037109375
0.0 0.2421875 0.93359375 0.0078125 0.033203125
0.0 0.2734375 0.9296875 0.01171875 0.02734375
0.0 0.255859375 0.943359375 0.01171875 0.025390625
0.0 0.3017578125 0.947265625 0.01171875 0.03515625
0.0 0.31640625 0.89453125 0.01171875 0.041015625
0.0 0.3291015625 0.8359375 0.009765625 0.0234375
0.0 0.32421875 0.869140625 0.013671875 0.046875
0.0 0.361328125 0.8671875 0.01171875 0.046875
0.0 0.369140625 0.880859375 0.01171875 0.0390625
0.0 0.390625 0.935546875 0.0126953125 0.03125
0.0 0.373046875 0.919921875 0.013671875 0.029296875
0.0 0.41015625 0.951171875 0.013671875 0.03125
0.0 0.4228515625 0.841796875 0.01171875 0.029296875
0.0 0.4521484375 0.650390625 0.01171875 0.0234375
0.0 0.4521484375 0.58984375 0.01171875 0.033203125
0.0 0.54296875 0.6015625 0.01171875 0.033203125
0.0 0.578125 0.623046875 0.0087890625 0.021484375
0.0 0.46484375 0.865234375 0.0107421875 0.03125
0.0 0.4814453125 0.83203125 0.0087890625 0.03125
0.0 0.4853515625 0.89453125 0.0107421875 0.037109375
0.0 0.4462890625 0.9140625 0.013671875 0.03125
0.0 0.458984375 0.953125 0.0146484375 0.033203125
0.0 0.5322265625 0.962890625 0.0166015625 0.029296875
0.0 0.533203125 0.869140625 0.0146484375 0.041015625
0.0 0.5498046875 0.88671875 0.009765625 0.033203125
0.0 0.5625 0.814453125 0.0078125 0.01953125
0.0 0.55859375 0.845703125 0.013671875 0.03125
0.0 0.5693359375 0.86328125 0.0107421875 0.03125
0.0 0.5869140625 0.90234375 0.009765625 0.0234375
0.0 0.615234375 0.84765625 0.013671875 0.033203125
0.0 0.6005859375 0.79296875 0.009765625 0.029296875
0.0 0.607421875 0.92578125 0.015625 0.0390625
0.0 0.6025390625 0.890625 0.009765625 0.041015625
0.0 0.6318359375 0.9140625 0.0107421875 0.037109375
0.0 0.5947265625 0.96484375 0.009765625 0.0234375
0.0 0.6533203125 0.927734375 0.0166015625 0.025390625
0.0 0.6787109375 0.900390625 0.015625 0.037109375
0.0 0.6796875 0.833984375 0.0146484375 0.044921875
0.0 0.7314453125 0.935546875 0.0107421875 0.037109375
0.0 0.7412109375 0.90234375 0.015625 0.037109375
0.0 0.7255859375 0.84375 0.013671875 0.03515625
0.0 0.7294921875 0.80859375 0.0146484375 0.03515625
0.0 0.748046875 0.818359375 0.01171875 0.03515625
0.0 0.7822265625 0.962890625 0.01171875 0.037109375
0.0 0.796875 0.9140625 0.009765625 0.03515625
0.0 0.802734375 0.87109375 0.0126953125 0.03515625
0.0 0.8134765625 0.8046875 0.015625 0.044921875
0.0 0.8310546875 0.931640625 0.0087890625 0.0390625
0.0 0.8759765625 0.8984375 0.0126953125 0.0390625
0.0 0.861328125 0.97265625 0.0146484375 0.02734375
0.0 0.8955078125 0.962890625 0.01171875 0.037109375
0.0 0.8564453125 0.880859375 0.009765625 0.029296875
0.0 0.9111328125 0.90234375 0.0146484375 0.041015625
0.0 0.931640625 0.923828125 0.0126953125 0.033203125
0.0 0.9716796875 0.87109375 0.0146484375 0.0390625
0.0 0.9814453125 0.962890625 0.0126953125 0.037109375
0.0 0.974609375 0.970703125 0.0126953125 0.029296875
0.0 0.748046875 0.603515625 0.01171875 0.03515625
0.0 0.7626953125 0.60546875 0.01171875 0.037109375
0.0 0.76171875 0.53515625 0.01171875 0.037109375
0.0 0.708984375 0.56640625 0.013671875 0.0390625
0.0 0.7216796875 0.53125 0.01171875 0.033203125
0.0 0.69921875 0.541015625 0.015625 0.03125
0.0 0.68359375 0.564453125 0.01171875 0.03125
0.0 0.6689453125 0.572265625 0.0126953125 0.033203125
0.0 0.62890625 0.6171875 0.0126953125 0.03515625
0.0 0.662109375 0.529296875 0.0126953125 0.037109375
0.0 0.6640625 0.474609375 0.01171875 0.033203125
0.0 0.7080078125 0.494140625 0.0126953125 0.03515625
0.0 0.6826171875 0.494140625 0.0126953125 0.03515625
0.0 0.6787109375 0.45703125 0.009765625 0.025390625
0.0 0.771484375 0.45703125 0.0087890625 0.029296875
0.0 0.7490234375 0.4609375 0.0087890625 0.0234375
0.0 0.7568359375 0.44921875 0.0087890625 0.0234375
0.0 0.7021484375 0.458984375 0.0087890625 0.0234375
0.0 0.7431640625 0.3984375 0.01171875 0.029296875
0.0 0.6806640625 0.4296875 0.009765625 0.02734375
0.0 0.7255859375 0.490234375 0.0107421875 0.017578125
0.0 0.7353515625 0.5078125 0.0146484375 0.029296875
0.0 0.751953125 0.48046875 0.0087890625 0.0234375
0.0 0.728515625 0.40625 0.009765625 0.025390625
0.0 0.69921875 0.390625 0.009765625 0.03515625
0.0 0.736328125 0.357421875 0.013671875 0.029296875
0.0 0.822265625 0.419921875 0.0126953125 0.04296875
0.0 0.794921875 0.375 0.0126953125 0.033203125
0.0 0.7802734375 0.373046875 0.005859375 0.03125
0.0 0.7861328125 0.37109375 0.0087890625 0.037109375
0.0 0.791015625 0.34765625 0.009765625 0.025390625
0.0 0.892578125 0.390625 0.009765625 0.03125
0.0 0.8828125 0.38671875 0.0078125 0.033203125
0.0 0.8427734375 0.365234375 0.0126953125 0.03515625
0.0 0.8662109375 0.3515625 0.01171875 0.025390625
0.0 0.8095703125 0.328125 0.01171875 0.02734375
0.0 0.771484375 0.349609375 0.0107421875 0.03125
0.0 0.7841796875 0.326171875 0.009765625 0.02734375
0.0 0.7763671875 0.302734375 0.0068359375 0.0234375
0.0 0.681640625 0.318359375 0.0107421875 0.021484375
0.0 0.8935546875 0.30859375 0.009765625 0.029296875
0.0 0.87109375 0.30859375 0.0087890625 0.029296875
0.0 0.6787109375 0.083984375 0.0087890625 0.021484375
0.0 0.6904296875 0.0625 0.0068359375 0.021484375
0.0 0.6953125 0.0234375 0.0087890625 0.017578125
0.0 0.7158203125 0.048828125 0.009765625 0.029296875
0.0 0.7412109375 0.12890625 0.0107421875 0.029296875
0.0 0.76171875 0.083984375 0.0078125 0.0234375
0.0 0.7470703125 0.056640625 0.0068359375 0.0234375
0.0 0.7529296875 0.01953125 0.0078125 0.02734375
0.0 0.8115234375 0.037109375 0.0068359375 0.025390625
0.0 0.802734375 0.013671875 0.009765625 0.029296875
0.0 0.8388671875 0.0 0.0078125 0.0234375
0.0 0.86328125 0.06640625 0.009765625 0.02734375
0.0 0.880859375 0.029296875 0.0087890625 0.017578125
0.0 0.865234375 0.01171875 0.0078125 0.021484375
0.0 0.8583984375 0.0 0.0078125 0.009765625
0.0 0.876953125 0.005859375 0.0068359375 0.021484375
0.0 0.89453125 0.00390625 0.0078125 0.02734375
0.0 0.8837890625 0.0078125 0.00390625 0.015625
0.0 0.908203125 0.009765625 0.01171875 0.025390625
0.0 0.927734375 0.03125 0.005859375 0.0234375
0.0 0.9248046875 0.005859375 0.005859375 0.021484375
0.0 0.9462890625 0.0 0.0068359375 0.021484375
0.0 0.9697265625 0.001953125 0.009765625 0.01953125
0.0 0.978515625 0.0390625 0.0068359375 0.021484375
0.0 0.9873046875 0.03515625 0.009765625 0.029296875
0.0 0.96875 0.044921875 0.0078125 0.0234375
0.0 0.7890625 0.12109375 0.009765625 0.021484375
0.0 0.80859375 0.087890625 0.0078125 0.025390625
0.0 0.7939453125 0.140625 0.0068359375 0.017578125
0.0 0.77734375 0.16015625 0.0107421875 0.021484375
0.0 0.7744140625 0.1875 0.0068359375 0.021484375
0.0 0.7841796875 0.19921875 0.009765625 0.017578125
0.0 0.8076171875 0.14453125 0.0087890625 0.029296875
0.0 0.8203125 0.15625 0.0078125 0.025390625
0.0 0.8251953125 0.119140625 0.0087890625 0.025390625
0.0 0.8525390625 0.056640625 0.0078125 0.021484375
0.0 0.8291015625 0.0625 0.0078125 0.0234375
0.0 0.83203125 0.044921875 0.005859375 0.013671875
0.0 0.8349609375 0.142578125 0.0087890625 0.029296875
0.0 0.8564453125 0.15234375 0.01171875 0.02734375
0.0 0.8583984375 0.115234375 0.0078125 0.025390625
0.0 0.8955078125 0.080078125 0.0078125 0.025390625
0.0 0.8720703125 0.0546875 0.0078125 0.02734375
0.0 0.923828125 0.080078125 0.0126953125 0.03125
0.0 0.939453125 0.0625 0.009765625 0.0234375
0.0 0.98046875 0.1015625 0.009765625 0.02734375
0.0 0.9716796875 0.111328125 0.0078125 0.025390625
0.0 0.951171875 0.10546875 0.0146484375 0.029296875
0.0 0.931640625 0.1171875 0.0078125 0.021484375
0.0 0.939453125 0.1328125 0.009765625 0.021484375
0.0 0.91015625 0.150390625 0.0107421875 0.02734375
0.0 0.89453125 0.1796875 0.0078125 0.02734375
0.0 0.8955078125 0.1640625 0.0087890625 0.015625
0.0 0.8466796875 0.208984375 0.009765625 0.029296875
0.0 0.853515625 0.189453125 0.0087890625 0.017578125
0.0 0.849609375 0.15234375 0.0068359375 0.017578125
0.0 0.8046875 0.23828125 0.0087890625 0.0234375
0.0 0.7705078125 0.255859375 0.009765625 0.0234375
0.0 0.765625 0.216796875 0.009765625 0.029296875
0.0 0.6787109375 0.36328125 0.009765625 0.03125
0.0 0.7958984375 0.287109375 0.0078125 0.01953125
0.0 0.7939453125 0.255859375 0.0078125 0.025390625
0.0 0.8232421875 0.28515625 0.0087890625 0.029296875
0.0 0.8349609375 0.2578125 0.0087890625 0.02734375
0.0 0.8427734375 0.287109375 0.0068359375 0.01953125
0.0 0.8583984375 0.26953125 0.009765625 0.02734375
0.0 0.8583984375 0.224609375 0.01171875 0.033203125
0.0 0.9013671875 0.20703125 0.0087890625 0.0234375
0.0 0.927734375 0.20703125 0.0087890625 0.025390625
0.0 0.935546875 0.1640625 0.0087890625 0.01953125
0.0 0.95703125 0.20703125 0.0107421875 0.03125
0.0 0.96875 0.212890625 0.0087890625 0.02734375
0.0 0.9677734375 0.1875 0.0126953125 0.017578125
0.0 0.9716796875 0.17578125 0.009765625 0.03125
0.0 0.9873046875 0.271484375 0.01171875 0.04296875
0.0 0.9345703125 0.251953125 0.0078125 0.025390625
0.0 0.9423828125 0.2421875 0.0087890625 0.02734375
0.0 0.916015625 0.244140625 0.0087890625 0.02734375
0.0 0.923828125 0.29296875 0.0107421875 0.02734375
0.0 0.93359375 0.328125 0.009765625 0.02734375
0.0 0.935546875 0.3671875 0.0107421875 0.03125
0.0 0.927734375 0.390625 0.013671875 0.029296875
0.0 0.93359375 0.427734375 0.01171875 0.017578125
0.0 0.9521484375 0.375 0.0126953125 0.041015625
0.0 0.966796875 0.26953125 0.013671875 0.037109375
0.0 0.9794921875 0.349609375 0.0185546875 0.0390625
0.0 0.9716796875 0.4296875 0.015625 0.017578125
0.0 0.9873046875 0.40625 0.009765625 0.02734375
0.0 0.7158203125 0.234375 0.005859375 0.013671875
0.0 0.703125 0.26953125 0.0068359375 0.021484375
0.0 0.287109375 0.814453125 0.005859375 0.025390625
0.0 0.0673828125 0.94140625 0.0107421875 0.0390625
0.0 0.7353515625 0.54296875 0.01171875 0.02734375
0.0 0.7802734375 0.126953125 0.005859375 0.015625
