0.0 0.06787109375 0.08948087431693989 0.0185546875 0.025956284153005466
0.0 0.04638671875 0.01707650273224044 0.0166015625 0.028688524590163935
0.0 0.095703125 0.040983606557377046 0.015625 0.030054644808743168
0.0 0.14892578125 0.036202185792349725 0.0166015625 0.028688524590163935
0.0 0.12255859375 0.05259562841530055 0.0146484375 0.023224043715846996
0.0 0.20654296875 0.03551912568306011 0.0185546875 0.0273224043715847
0.0 0.166015625 0.08538251366120218 0.013671875 0.025956284153005466
0.0 0.10302734375 0.09016393442622951 0.0146484375 0.03551912568306011
0.0 0.01513671875 0.13046448087431695 0.0126953125 0.028688524590163935
0.0 0.06591796875 0.17418032786885246 0.0166015625 0.031420765027322405
0.0 0.05078125 0.2342896174863388 0.013671875 0.028688524590163935
0.0 0.0322265625 0.3599726775956284 0.029296875 0.04234972677595628
0.0 0.1240234375 0.34289617486338797 0.0234375 0.03825136612021858
0.0 0.21630859375 0.34494535519125685 0.0205078125 0.036885245901639344
0.0 0.31298828125 0.37158469945355194 0.0244140625 0.03551912568306011
0.0 0.408203125 0.30601092896174864 0.029296875 0.04918032786885246
0.0 0.26416015625 0.20969945355191258 0.0185546875 0.031420765027322405
0.0 0.28515625 0.22062841530054644 0.017578125 0.025956284153005466
0.0 0.35302734375 0.23497267759562843 0.0166015625 0.03278688524590164
0.0 0.23828125 0.06352459016393443 0.01171875 0.025956284153005466
0.0 0.2548828125 0.05122950819672131 0.01953125 0.025956284153005466
0.0 0.2666015625 0.09084699453551913 0.013671875 0.025956284153005466
0.0 0.35546875 0.12363387978142076 0.013671875 0.028688524590163935
0.0 0.4873046875 0.17008196721311475 0.01953125 0.031420765027322405
0.0 0.54052734375 0.18442622950819673 0.0166015625 0.03551912568306011
0.0 0.5087890625 0.11543715846994536 0.017578125 0.028688524590163935
0.0 0.53955078125 0.11953551912568305 0.0166015625 0.03415300546448088
0.0 0.54052734375 0.07923497267759563 0.0166015625 0.02459016393442623
0.0 0.55908203125 0.11133879781420765 0.0205078125 0.03961748633879782
0.0 0.462890625 0.11202185792349727 0.017578125 0.03551912568306011
0.0 0.5 0.06420765027322405 0.017578125 0.0273224043715847
0.0 0.59033203125 0.08469945355191257 0.0166015625 0.02459016393442623
0.0 0.56787109375 0.20355191256830601 0.0146484375 0.030054644808743168
0.0 0.54833984375 0.23975409836065573 0.0126953125 0.028688524590163935
0.0 0.49951171875 0.36885245901639346 0.0283203125 0.03825136612021858
0.0 0.58056640625 0.34562841530054644 0.0263671875 0.03825136612021858
0.0 0.7099609375 0.2575136612021858 0.0390625 0.05874316939890711
0.0 0.6474609375 0.20765027322404372 0.017578125 0.03278688524590164
0.0 0.5283203125 0.015710382513661202 0.015625 0.023224043715846996
0.0 0.59033203125 0.041666666666666664 0.0166015625 0.025956284153005466
0.0 0.67529296875 0.0778688524590164 0.0146484375 0.0273224043715847
0.0 0.65625 0.06830601092896176 0.013671875 0.02459016393442623
0.0 0.6513671875 0.022540983606557378 0.013671875 0.028688524590163935
0.0 0.73828125 0.029371584699453553 0.017578125 0.031420765027322405
0.0 0.78369140625 0.03825136612021858 0.0146484375 0.0273224043715847
0.0 0.80322265625 0.0389344262295082 0.0166015625 0.03415300546448088
0.0 0.83984375 0.0703551912568306 0.01953125 0.031420765027322405
0.0 0.79638671875 0.0976775956284153 0.0166015625 0.03415300546448088
0.0 0.73046875 0.09016393442622951 0.017578125 0.03278688524590164
0.0 0.82275390625 0.17691256830601093 0.0205078125 0.031420765027322405
0.0 0.8544921875 0.16393442622950818 0.015625 0.03278688524590164
0.0 0.79541015625 0.3292349726775956 0.0322265625 0.05191256830601093
0.0 0.86376953125 0.3435792349726776 0.0283203125 0.04234972677595628
0.0 0.8974609375 0.32103825136612024 0.015625 0.030054644808743168
0.0 0.9775390625 0.2103825136612022 0.01953125 0.030054644808743168
0.0 0.92724609375 0.1359289617486339 0.0166015625 0.028688524590163935
0.0 0.90625 0.05327868852459016 0.021484375 0.03825136612021858
0.0 0.98486328125 0.04781420765027322 0.0166015625 0.0273224043715847
0.0 0.91845703125 0.09699453551912568 0.0166015625 0.03278688524590164
0.0 0.74853515625 0.06352459016393443 0.0146484375 0.031420765027322405
0.0 0.74951171875 0.1919398907103825 0.0166015625 0.03415300546448088
0.0 0.34716796875 0.0430327868852459 0.0166015625 0.025956284153005466
0.0 0.03271484375 0.07240437158469945 0.0146484375 0.030054644808743168
0.0 0.0537109375 0.04781420765027322 0.015625 0.030054644808743168
0.0 0.3310546875 0.31693989071038253 0.021484375 0.03278688524590164
