0.0 0.068359375 0.35662299854439594 0.01953125 0.03202328966521106
0.0 0.02734375 0.3260553129548763 0.0185546875 0.026200873362445413
0.0 0.515625 0.5953420669577875 0.03125 0.055312954876273655
0.0 0.361328125 0.5036390101892285 0.0283203125 0.048034934497816595
0.0 0.2646484375 0.438136826783115 0.029296875 0.042212518195050945
0.0 0.90234375 0.5312954876273653 0.0302734375 0.056768558951965066
0.0 0.923828125 0.4104803493449782 0.02734375 0.039301310043668124
0.0 0.80078125 0.38427947598253276 0.0244140625 0.036390101892285295
0.0 0.6826171875 0.33624454148471616 0.0205078125 0.036390101892285295
0.0 0.59375 0.3245997088791849 0.017578125 0.026200873362445413
0.0 0.51171875 0.3158660844250364 0.01953125 0.027656477438136828
0.0 0.3681640625 0.264919941775837 0.015625 0.023289665211062592
0.0 0.3046875 0.25036390101892286 0.0126953125 0.020378457059679767
0.0 0.236328125 0.22416302765647744 0.01171875 0.020378457059679767
0.0 0.1962890625 0.21106259097525473 0.01171875 0.021834061135371178
0.0 0.1513671875 0.2328966521106259 0.0107421875 0.01601164483260553
0.0 0.0810546875 0.22270742358078602 0.009765625 0.017467248908296942
0.0 0.2822265625 0.2081513828238719 0.0107421875 0.017467248908296942
0.0 0.3642578125 0.2096069868995633 0.01171875 0.018922852983988356
0.0 0.6767578125 0.2052401746724891 0.0107421875 0.018922852983988356
0.0 0.5849609375 0.2081513828238719 0.01171875 0.01455604075691412
0.0 0.5341796875 0.22416302765647744 0.01171875 0.018922852983988356
0.0 0.44140625 0.21251819505094613 0.0107421875 0.01601164483260553
0.0 0.9873046875 0.19359534206695778 0.01171875 0.020378457059679767
0.0 0.8505859375 0.19068413391557495 0.01171875 0.017467248908296942
0.0 0.7294921875 0.2081513828238719 0.01171875 0.017467248908296942
