0.0 0.16162109375 0.5670572916666666 0.0205078125 0.03515625
0.0 0.27001953125 0.5319010416666666 0.0205078125 0.040364583333333336
0.0 0.1865234375 0.484375 0.009765625 0.015625
0.0 0.322265625 0.5319010416666666 0.015625 0.022135416666666668
0.0 0.37109375 0.5260416666666666 0.009765625 0.015625
0.0 0.359375 0.4954427083333333 0.005859375 0.009114583333333334
0.0 0.51220703125 0.5963541666666666 0.0205078125 0.033854166666666664
0.0 0.3837890625 0.5657552083333334 0.01953125 0.02734375
0.0 0.44482421875 0.5670572916666666 0.0166015625 0.02734375
0.0 0.4794921875 0.5475260416666666 0.013671875 0.024739583333333332
0.0 0.46044921875 0.5208333333333334 0.0126953125 0.018229166666666668
0.0 0.62646484375 0.5677083333333334 0.0224609375 0.026041666666666668
0.0 0.59765625 0.5045572916666666 0.013671875 0.022135416666666668
0.0 0.5673828125 0.4674479166666667 0.01171875 0.018229166666666668
0.0 0.5927734375 0.453125 0.01171875 0.015625
0.0 0.25830078125 0.4934895833333333 0.0126953125 0.013020833333333334
0.0 0.51123046875 0.4557291666666667 0.0087890625 0.010416666666666666
0.0 0.55712890625 0.474609375 0.0068359375 0.01171875
0.0 0.6572265625 0.509765625 0.01171875 0.01953125
0.0 0.646484375 0.505859375 0.0078125 0.01171875
0.0 0.5595703125 0.5533854166666666 0.0078125 0.010416666666666666
0.0 0.6953125 0.5319010416666666 0.01171875 0.01953125
0.0 0.62060546875 0.4680989583333333 0.0068359375 0.009114583333333334
0.0 0.67333984375 0.4680989583333333 0.0107421875 0.014322916666666666
0.0 0.71923828125 0.5162760416666666 0.0107421875 0.016927083333333332
0.0 0.75390625 0.458984375 0.015625 0.02734375
0.0 0.4208984375 0.4733072916666667 0.0078125 0.01171875
0.0 0.791015625 0.6028645833333334 0.021484375 0.03125
0.0 0.74072265625 0.5494791666666666 0.0068359375 0.010416666666666666
0.0 0.8603515625 0.4322916666666667 0.015625 0.028645833333333332
0.0 0.89599609375 0.447265625 0.0146484375 0.029947916666666668
0.0 0.8037109375 0.5559895833333334 0.01171875 0.018229166666666668
