0.0 0.70703125 0.27058823529411763 0.0283203125 0.05
0.0 0.62890625 0.3176470588235294 0.021484375 0.03529411764705882
0.0 0.7421875 0.275 0.0078125 0.01764705882352941
0.0 0.78515625 0.2647058823529412 0.0087890625 0.016176470588235296
0.0 0.8037109375 0.2985294117647059 0.0234375 0.041176470588235294
0.0 0.890625 0.3044117647058823 0.0234375 0.03823529411764706
0.0 0.876953125 0.22205882352941175 0.0107421875 0.023529411764705882
0.0 0.939453125 0.22941176470588234 0.0146484375 0.023529411764705882
0.0 0.9453125 0.3338235294117647 0.0224609375 0.03676470588235294
0.0 0.9892578125 0.3588235294117647 0.0107421875 0.027941176470588237
0.0 0.830078125 0.2838235294117647 0.005859375 0.016176470588235296
0.0 0.92578125 0.275 0.0107421875 0.020588235294117647
0.0 0.4033203125 0.27058823529411763 0.033203125 0.05
0.0 0.4345703125 0.3088235294117647 0.017578125 0.027941176470588237
0.0 0.3125 0.4 0.009765625 0.014705882352941176
0.0 0.3251953125 0.40147058823529413 0.0087890625 0.014705882352941176
0.0 0.2314453125 0.23088235294117648 0.041015625 0.060294117647058824
0.0 0.0888671875 0.3911764705882353 0.0126953125 0.01911764705882353
0.0 0.05078125 0.39705882352941174 0.0107421875 0.01764705882352941
0.0 0.046875 0.39558823529411763 0.0078125 0.014705882352941176
0.0 0.0244140625 0.40588235294117647 0.0068359375 0.014705882352941176
0.0 0.548828125 0.22941176470588234 0.033203125 0.06323529411764706
