0.0 0.822265625 0.2635431918008785 0.0263671875 0.05124450951683748
0.0 0.9072265625 0.2781844802342606 0.02734375 0.0527086383601757
0.0 0.798828125 0.1171303074670571 0.0234375 0.0424597364568082
0.0 0.6923828125 0.1390922401171303 0.0234375 0.04978038067349927
0.0 0.6787109375 0.27379209370424595 0.0234375 0.048316251830161056
0.0 0.5380859375 0.14494875549048317 0.01953125 0.0424597364568082
0.0 0.4853515625 0.25768667642752563 0.025390625 0.05856515373352855
0.0 0.4697265625 0.16105417276720352 0.0224609375 0.040995607613469986
0.0 0.01953125 0.1171303074670571 0.021484375 0.043923865300146414
0.0 0.033203125 0.20644216691068815 0.0283203125 0.05124450951683748
0.0 0.1123046875 0.15226939970717424 0.0205078125 0.0424597364568082
0.0 0.3349609375 0.17715959004392387 0.0234375 0.048316251830161056
0.0 0.2978515625 0.22547584187408493 0.0263671875 0.055636896046852125
0.0 0.2578125 0.22547584187408493 0.0244140625 0.04685212298682284
0.0 0.205078125 0.11273792093704246 0.0205078125 0.03806734992679356
0.0 0.1611328125 0.2342606149341142 0.0263671875 0.04685212298682284
0.0 0.4208984375 0.37042459736456806 0.0283203125 0.07027818448023426
0.0 0.001953125 0.10980966325036604 0.0166015625 0.03367496339677892
