0.0 0.8271484375 0.225 0.044921875 0.06764705882352941
0.0 0.69140625 0.275 0.03515625 0.057352941176470586
0.0 0.58984375 0.2926470588235294 0.029296875 0.04852941176470588
0.0 0.513671875 0.35 0.0263671875 0.045588235294117645
0.0 0.455078125 0.3426470588235294 0.025390625 0.03823529411764706
0.0 0.416015625 0.3941176470588235 0.0205078125 0.03529411764705882
0.0 0.3642578125 0.3779411764705882 0.0185546875 0.03235294117647059
0.0 0.3271484375 0.3926470588235294 0.0166015625 0.030882352941176472
0.0 0.2724609375 0.425 0.013671875 0.023529411764705882
0.0 0.2392578125 0.4573529411764706 0.0087890625 0.026470588235294117
0.0 0.203125 0.4338235294117647 0.01171875 0.023529411764705882
0.0 0.1875 0.4455882352941177 0.0078125 0.01911764705882353
0.0 0.1630859375 0.4485294117647059 0.0107421875 0.01911764705882353
0.0 0.1455078125 0.4455882352941177 0.0087890625 0.01764705882352941
0.0 0.1240234375 0.4588235294117647 0.009765625 0.014705882352941176
0.0 0.107421875 0.4573529411764706 0.0107421875 0.01911764705882353
0.0 0.0830078125 0.4676470588235294 0.009765625 0.016176470588235296
0.0 0.072265625 0.47205882352941175 0.009765625 0.013235294117647059
0.0 0.9931640625 0.45 0.0068359375 0.01911764705882353
0.0 0.294921875 0.3985294117647059 0.0166015625 0.03529411764705882
