0.0 0.849609375 0.45973645680819913 0.0146484375 0.024890190336749635
0.0 0.953125 0.48462664714494874 0.013671875 0.020497803806734993
0.0 0.767578125 0.4904831625183016 0.01171875 0.01903367496339678
0.0 0.5087890625 0.4612005856515373 0.013671875 0.02635431918008785
0.0 0.5908203125 0.43923865300146414 0.017578125 0.027818448023426062
0.0 0.2890625 0.404099560761347 0.015625 0.02635431918008785
0.0 0.22265625 0.4260614934114202 0.015625 0.03074670571010249
0.0 0.1982421875 0.4289897510980966 0.015625 0.029282576866764276
0.0 0.1357421875 0.47291361639824303 0.005859375 0.01171303074670571
0.0 0.0751953125 0.46412884333821375 0.0078125 0.01171303074670571
0.0 0.044921875 0.4568081991215227 0.0068359375 0.01171303074670571
0.0 0.01171875 0.4568081991215227 0.0068359375 0.01171303074670571
0.0 0.3212890625 0.2840409956076135 0.013671875 0.021961932650073207
0.0 0.462890625 0.40702781844802344 0.0068359375 0.014641288433382138
