0.0 0.04931640625 0.06629491945477076 0.0302734375 0.048327137546468404
0.0 0.1376953125 0.10532837670384139 0.029296875 0.04956629491945477
0.0 0.17333984375 0.12143742255266418 0.0263671875 0.042131350681536554
0.0 0.20654296875 0.09355638166047088 0.0244140625 0.040892193308550186
0.0 0.24853515625 0.10099132589838909 0.0302734375 0.040892193308550186
0.0 0.27734375 0.02664188351920694 0.01953125 0.026022304832713755
0.0 0.31103515625 0.046468401486988845 0.0146484375 0.026022304832713755
0.0 0.21728515625 0.02540272614622057 0.0146484375 0.021065675340768277
0.0 0.40087890625 0.13506815365551425 0.0283203125 0.04708798017348203
0.0 0.4736328125 0.13135068153655513 0.0078125 0.01486988847583643
0.0 0.49560546875 0.13816604708798016 0.0068359375 0.011152416356877323
0.0 0.51611328125 0.1288723667905824 0.0068359375 0.012391573729863693
0.0 0.4306640625 0.13073110285006195 0.005859375 0.013630731102850062
0.0 0.06884765625 0.5892193308550185 0.0244140625 0.04337050805452292
0.0 0.03076171875 0.6065675340768277 0.0185546875 0.028500619578686492
0.0 0.15625 0.5997521685254027 0.009765625 0.01734820322180917
0.0 0.18896484375 0.6047087980173482 0.0302734375 0.04460966542750929
0.0 0.2333984375 0.6084262701363073 0.01171875 0.01734820322180917
0.0 0.2265625 0.5941759603469641 0.0078125 0.011152416356877323
0.0 0.326171875 0.6239157372986369 0.015625 0.023543990086741014
0.0 0.4365234375 0.5991325898389095 0.015625 0.03345724907063197
0.0 0.42626953125 0.614002478314746 0.0068359375 0.013630731102850062
0.0 0.84912109375 0.570631970260223 0.0185546875 0.03841387856257745
0.0 0.91162109375 0.5477075588599752 0.0224609375 0.04956629491945477
0.0 0.66259765625 0.5830235439900867 0.0478515625 0.07063197026022305
