0.0 0.97265625 0.3274739583333333 0.01953125 0.05078125
0.0 0.93994140625 0.2916666666666667 0.0205078125 0.0390625
0.0 0.884765625 0.24739583333333334 0.02734375 0.052083333333333336
0.0 0.83056640625 0.265625 0.0244140625 0.046875
0.0 0.7822265625 0.23372395833333334 0.029296875 0.053385416666666664
0.0 0.74609375 0.21158854166666666 0.02734375 0.053385416666666664
0.0 0.69091796875 0.193359375 0.0263671875 0.04296875
0.0 0.64501953125 0.16927083333333334 0.0322265625 0.0546875
0.0 0.5146484375 0.1328125 0.03125 0.059895833333333336
0.0 0.37646484375 0.15299479166666666 0.0380859375 0.05859375
0.0 0.29150390625 0.14127604166666666 0.0380859375 0.04296875
0.0 0.19140625 0.16015625 0.033203125 0.0546875
0.0 0.1220703125 0.18359375 0.029296875 0.046875
0.0 0.845703125 0.81640625 0.013671875 0.03125
0.0 0.017578125 0.919921875 0.01953125 0.037760416666666664
0.0 0.0234375 0.8365885416666666 0.0078125 0.024739583333333332
0.0 0.03466796875 0.849609375 0.0087890625 0.024739583333333332
0.0 0.109375 0.9127604166666666 0.025390625 0.052083333333333336
0.0 0.15087890625 0.8561197916666666 0.0185546875 0.02734375
0.0 0.2236328125 0.7994791666666666 0.037109375 0.0546875
0.0 0.36767578125 0.7552083333333334 0.0302734375 0.049479166666666664
0.0 0.7822265625 0.814453125 0.017578125 0.03515625
