0.0 0.9736328125 0.7972560975609756 0.017578125 0.04878048780487805
0.0 0.931640625 0.9176829268292683 0.0224609375 0.051829268292682924
0.0 0.8916015625 0.8826219512195121 0.0205078125 0.04573170731707317
0.0 0.8984375 0.8292682926829268 0.01953125 0.042682926829268296
0.0 0.908203125 0.7560975609756098 0.0234375 0.04420731707317073
0.0 0.833984375 0.9115853658536586 0.0244140625 0.04573170731707317
0.0 0.7919921875 0.8871951219512195 0.0205078125 0.039634146341463415
0.0 0.7919921875 0.7911585365853658 0.021484375 0.039634146341463415
0.0 0.783203125 0.7530487804878049 0.025390625 0.05030487804878049
0.0 0.8740234375 0.7286585365853658 0.021484375 0.041158536585365856
0.0 0.7529296875 0.8490853658536586 0.021484375 0.04878048780487805
0.0 0.76171875 0.6935975609756098 0.0224609375 0.04725609756097561
0.0 0.7109375 0.7728658536585366 0.025390625 0.04573170731707317
0.0 0.7099609375 0.8460365853658537 0.0185546875 0.039634146341463415
0.0 0.9375 0.5899390243902439 0.0205078125 0.041158536585365856
0.0 0.931640625 0.6326219512195121 0.0224609375 0.04725609756097561
0.0 0.79296875 0.6463414634146342 0.0224609375 0.039634146341463415
0.0 0.884765625 0.5792682926829268 0.01953125 0.041158536585365856
0.0 0.7275390625 0.5716463414634146 0.02734375 0.06097560975609756
0.0 0.7734375 0.5838414634146342 0.0234375 0.042682926829268296
0.0 0.7734375 0.5320121951219512 0.0234375 0.04420731707317073
0.0 0.7998046875 0.5548780487804879 0.0224609375 0.038109756097560975
0.0 0.8642578125 0.5076219512195121 0.0205078125 0.051829268292682924
0.0 0.91796875 0.42835365853658536 0.025390625 0.054878048780487805
0.0 0.892578125 0.4009146341463415 0.0244140625 0.053353658536585365
0.0 0.94140625 0.3475609756097561 0.0234375 0.05030487804878049
0.0 0.96875 0.35365853658536583 0.0244140625 0.051829268292682924
0.0 0.94140625 0.3048780487804878 0.021484375 0.038109756097560975
0.0 0.9052734375 0.29573170731707316 0.0205078125 0.041158536585365856
0.0 0.8486328125 0.3079268292682927 0.0224609375 0.041158536585365856
0.0 0.81640625 0.3490853658536585 0.0224609375 0.051829268292682924
0.0 0.775390625 0.34146341463414637 0.0234375 0.05030487804878049
0.0 0.7431640625 0.3551829268292683 0.021484375 0.04725609756097561
0.0 0.7890625 0.28353658536585363 0.0234375 0.053353658536585365
0.0 0.763671875 0.4298780487804878 0.025390625 0.05030487804878049
0.0 0.791015625 0.45884146341463417 0.0244140625 0.04878048780487805
0.0 0.83984375 0.43597560975609756 0.0244140625 0.04420731707317073
0.0 0.982421875 0.13414634146341464 0.017578125 0.053353658536585365
0.0 0.9638671875 0.22408536585365854 0.0234375 0.04878048780487805
0.0 0.9052734375 0.16310975609756098 0.0263671875 0.051829268292682924
0.0 0.8876953125 0.12347560975609756 0.021484375 0.04420731707317073
0.0 0.8623046875 0.19359756097560976 0.0234375 0.04878048780487805
0.0 0.8291015625 0.17073170731707318 0.0224609375 0.038109756097560975
0.0 0.775390625 0.19054878048780488 0.0185546875 0.03353658536585366
0.0 0.7763671875 0.25152439024390244 0.021484375 0.039634146341463415
0.0 0.8125 0.10823170731707317 0.025390625 0.0350609756097561
0.0 0.7490234375 0.1722560975609756 0.017578125 0.03353658536585366
0.0 0.673828125 0.13719512195121952 0.0244140625 0.051829268292682924
0.0 0.69921875 0.09603658536585366 0.01953125 0.041158536585365856
0.0 0.7216796875 0.10213414634146341 0.0205078125 0.038109756097560975
0.0 0.6982421875 0.22865853658536586 0.0205078125 0.042682926829268296
0.0 0.666015625 0.23170731707317074 0.0244140625 0.04725609756097561
0.0 0.677734375 0.2850609756097561 0.0244140625 0.04573170731707317
0.0 0.8642578125 0.022865853658536585 0.0283203125 0.041158536585365856
0.0 0.95703125 0.06554878048780488 0.0234375 0.039634146341463415
0.0 0.9365234375 0.0 0.0244140625 0.041158536585365856
0.0 0.6337890625 0.0975609756097561 0.025390625 0.05030487804878049
0.0 0.615234375 0.1798780487804878 0.0244140625 0.04878048780487805
0.0 0.560546875 0.17073170731707318 0.0205078125 0.04420731707317073
0.0 0.53125 0.21341463414634146 0.0234375 0.04878048780487805
0.0 0.5927734375 0.2301829268292683 0.0205078125 0.042682926829268296
0.0 0.505859375 0.30335365853658536 0.0244140625 0.042682926829268296
0.0 0.619140625 0.26676829268292684 0.0224609375 0.04420731707317073
0.0 0.611328125 0.05030487804878049 0.021484375 0.04420731707317073
0.0 0.5478515625 0.08536585365853659 0.025390625 0.04725609756097561
0.0 0.4912109375 0.09451219512195122 0.0244140625 0.04420731707317073
0.0 0.69140625 0.012195121951219513 0.0224609375 0.05030487804878049
0.0 0.751953125 0.0 0.0205078125 0.028963414634146343
0.0 0.7158203125 0.0 0.0224609375 0.024390243902439025
0.0 0.97265625 0.6829268292682927 0.0244140625 0.041158536585365856
0.0 0.87109375 0.6554878048780488 0.01953125 0.03048780487804878
0.0 0.693359375 0.4801829268292683 0.0244140625 0.053353658536585365
0.0 0.6865234375 0.3948170731707317 0.0224609375 0.053353658536585365
0.0 0.650390625 0.4024390243902439 0.021484375 0.04725609756097561
0.0 0.6259765625 0.3978658536585366 0.0205078125 0.042682926829268296
0.0 0.568359375 0.4298780487804878 0.0234375 0.042682926829268296
0.0 0.6083984375 0.5167682926829268 0.0244140625 0.04420731707317073
0.0 0.5791015625 0.5213414634146342 0.0244140625 0.042682926829268296
0.0 0.5771484375 0.4847560975609756 0.0244140625 0.042682926829268296
0.0 0.662109375 0.8109756097560976 0.0263671875 0.05945121951219512
0.0 0.6630859375 0.7515243902439024 0.021484375 0.039634146341463415
0.0 0.693359375 0.676829268292683 0.025390625 0.04878048780487805
0.0 0.66796875 0.6448170731707317 0.0234375 0.051829268292682924
0.0 0.599609375 0.6875 0.0224609375 0.051829268292682924
0.0 0.61328125 0.7560975609756098 0.0224609375 0.04878048780487805
0.0 0.57421875 0.7713414634146342 0.021484375 0.04725609756097561
0.0 0.591796875 0.8628048780487805 0.0185546875 0.039634146341463415
0.0 0.4970703125 0.7271341463414634 0.0244140625 0.041158536585365856
0.0 0.40625 0.7957317073170732 0.0205078125 0.038109756097560975
0.0 0.4033203125 0.6966463414634146 0.0263671875 0.04878048780487805
0.0 0.44921875 0.6875 0.0263671875 0.039634146341463415
0.0 0.3837890625 0.635670731707317 0.0224609375 0.041158536585365856
0.0 0.4072265625 0.6265243902439024 0.0205078125 0.03353658536585366
0.0 0.361328125 0.5792682926829268 0.0224609375 0.04420731707317073
0.0 0.4755859375 0.5762195121951219 0.0234375 0.05030487804878049
0.0 0.576171875 0.6539634146341463 0.0244140625 0.04420731707317073
0.0 0.677734375 0.5625 0.0185546875 0.03048780487804878
0.0 0.7138671875 0.5655487804878049 0.0166015625 0.036585365853658534
0.0 0.6982421875 0.5990853658536586 0.0224609375 0.04573170731707317
0.0 0.529296875 0.6859756097560976 0.021484375 0.039634146341463415
0.0 0.4443359375 0.6265243902439024 0.025390625 0.039634146341463415
0.0 0.4501953125 0.8871951219512195 0.0224609375 0.041158536585365856
0.0 0.5361328125 0.4070121951219512 0.021484375 0.05030487804878049
0.0 0.5986328125 0.35060975609756095 0.021484375 0.04725609756097561
0.0 0.55078125 0.2774390243902439 0.0244140625 0.04420731707317073
0.0 0.4560546875 0.2942073170731707 0.0224609375 0.04878048780487805
0.0 0.3974609375 0.3551829268292683 0.0263671875 0.042682926829268296
0.0 0.412109375 0.4070121951219512 0.0224609375 0.04725609756097561
0.0 0.4208984375 0.46646341463414637 0.0224609375 0.039634146341463415
0.0 0.4716796875 0.44664634146341464 0.0234375 0.051829268292682924
0.0 0.5234375 0.4771341463414634 0.0224609375 0.04878048780487805
0.0 0.4951171875 0.3673780487804878 0.0224609375 0.04420731707317073
0.0 0.33984375 0.3567073170731707 0.0224609375 0.04878048780487805
0.0 0.416015625 0.2576219512195122 0.0224609375 0.04878048780487805
0.0 0.3701171875 0.3125 0.021484375 0.04573170731707317
0.0 0.3798828125 0.22713414634146342 0.0234375 0.04725609756097561
0.0 0.4560546875 0.19969512195121952 0.0244140625 0.042682926829268296
0.0 0.4912109375 0.2073170731707317 0.0205078125 0.041158536585365856
0.0 0.974609375 0.4725609756097561 0.0224609375 0.04878048780487805
0.0 0.58984375 0.010670731707317074 0.0205078125 0.04420731707317073
0.0 0.546875 0.001524390243902439 0.0234375 0.04420731707317073
0.0 0.49609375 0.001524390243902439 0.0244140625 0.041158536585365856
0.0 0.451171875 0.0350609756097561 0.0234375 0.042682926829268296
0.0 0.4599609375 0.007621951219512195 0.021484375 0.04420731707317073
0.0 0.4306640625 0.004573170731707317 0.01953125 0.039634146341463415
0.0 0.3955078125 0.10823170731707317 0.021484375 0.04420731707317073
0.0 0.4052734375 0.19054878048780488 0.0224609375 0.04725609756097561
0.0 0.296875 0.028963414634146343 0.0234375 0.04420731707317073
0.0 0.2578125 0.11128048780487805 0.021484375 0.04725609756097561
0.0 0.220703125 0.10213414634146341 0.0234375 0.04573170731707317
0.0 0.212890625 0.15396341463414634 0.0224609375 0.04878048780487805
0.0 0.3408203125 0.17835365853658536 0.0224609375 0.04878048780487805
0.0 0.283203125 0.19664634146341464 0.0234375 0.04725609756097561
0.0 0.3271484375 0.22865853658536586 0.02734375 0.04878048780487805
0.0 0.390625 0.0 0.0185546875 0.025914634146341462
0.0 0.322265625 0.0 0.0166015625 0.021341463414634148
0.0 0.2294921875 0.053353658536585365 0.0205078125 0.04725609756097561
0.0 0.25390625 0.23323170731707318 0.0224609375 0.04573170731707317
0.0 0.8046875 0.9679878048780488 0.0234375 0.03201219512195122
0.0 0.765625 0.9375 0.025390625 0.0350609756097561
0.0 0.712890625 0.9344512195121951 0.0205078125 0.036585365853658534
0.0 0.69140625 0.948170731707317 0.0234375 0.038109756097560975
0.0 0.39453125 0.4557926829268293 0.025390625 0.053353658536585365
0.0 0.34765625 0.4496951219512195 0.021484375 0.04420731707317073
0.0 0.302734375 0.49085365853658536 0.0224609375 0.053353658536585365
0.0 0.296875 0.42073170731707316 0.0244140625 0.051829268292682924
0.0 0.32421875 0.5914634146341463 0.021484375 0.041158536585365856
0.0 0.2900390625 0.5990853658536586 0.021484375 0.036585365853658534
0.0 0.267578125 0.4573170731707317 0.0244140625 0.054878048780487805
0.0 0.25 0.5121951219512195 0.0244140625 0.04878048780487805
0.0 0.310546875 0.6996951219512195 0.0234375 0.051829268292682924
0.0 0.564453125 0.9512195121951219 0.0185546875 0.039634146341463415
0.0 0.271484375 0.864329268292683 0.0234375 0.03048780487804878
0.0 0.1982421875 0.8902439024390244 0.021484375 0.042682926829268296
0.0 0.26953125 0.9009146341463414 0.015625 0.041158536585365856
0.0 0.26171875 0.8003048780487805 0.0224609375 0.04878048780487805
0.0 0.2236328125 0.8246951219512195 0.0224609375 0.04420731707317073
0.0 0.0595703125 0.8628048780487805 0.021484375 0.042682926829268296
0.0 0.15625 0.7286585365853658 0.0224609375 0.04878048780487805
0.0 0.056640625 0.760670731707317 0.0185546875 0.039634146341463415
0.0 0.1884765625 0.926829268292683 0.013671875 0.028963414634146343
0.0 0.1220703125 0.8826219512195121 0.0283203125 0.042682926829268296
0.0 0.2626953125 0.6371951219512195 0.0244140625 0.04573170731707317
0.0 0.21875 0.6798780487804879 0.0263671875 0.04725609756097561
0.0 0.1640625 0.6905487804878049 0.0224609375 0.04878048780487805
0.0 0.1767578125 0.6417682926829268 0.0244140625 0.042682926829268296
0.0 0.22265625 0.5487804878048781 0.0224609375 0.051829268292682924
0.0 0.158203125 0.5472560975609756 0.0224609375 0.04878048780487805
0.0 0.212890625 0.5015243902439024 0.0263671875 0.03353658536585366
0.0 0.140625 0.45426829268292684 0.025390625 0.038109756097560975
0.0 0.0517578125 0.6295731707317073 0.0234375 0.042682926829268296
0.0 0.0771484375 0.5914634146341463 0.0244140625 0.039634146341463415
0.0 0.07421875 0.5350609756097561 0.0224609375 0.036585365853658534
0.0 0.01953125 0.5579268292682927 0.0234375 0.04725609756097561
0.0 0.0009765625 0.8246951219512195 0.017578125 0.04420731707317073
0.0 0.0205078125 0.38109756097560976 0.021484375 0.04878048780487805
0.0 0.0234375 0.4725609756097561 0.0244140625 0.04420731707317073
0.0 0.056640625 0.4344512195121951 0.0205078125 0.042682926829268296
0.0 0.0693359375 0.4009146341463415 0.021484375 0.038109756097560975
0.0 0.0615234375 0.3475609756097561 0.017578125 0.036585365853658534
0.0 0.03125 0.2942073170731707 0.0224609375 0.036585365853658534
0.0 0.10546875 0.32164634146341464 0.0234375 0.04573170731707317
0.0 0.1396484375 0.30335365853658536 0.0263671875 0.04725609756097561
0.0 0.1806640625 0.3018292682926829 0.0244140625 0.056402439024390245
0.0 0.1611328125 0.37347560975609756 0.0224609375 0.042682926829268296
0.0 0.1044921875 0.3978658536585366 0.021484375 0.041158536585365856
0.0 0.130859375 0.48628048780487804 0.021484375 0.036585365853658534
0.0 0.2099609375 0.4115853658536585 0.0244140625 0.04725609756097561
0.0 0.2451171875 0.35365853658536583 0.0205078125 0.04420731707317073
0.0 0.310546875 0.3246951219512195 0.021484375 0.0350609756097561
0.0 0.3271484375 0.9283536585365854 0.0146484375 0.036585365853658534
0.0 0.0966796875 0.13109756097560976 0.025390625 0.053353658536585365
0.0 0.0693359375 0.2423780487804878 0.021484375 0.04420731707317073
0.0 0.0751953125 0.19664634146341464 0.0244140625 0.042682926829268296
0.0 0.1787109375 0.21189024390243902 0.025390625 0.04878048780487805
0.0 0.1455078125 0.2606707317073171 0.021484375 0.041158536585365856
0.0 0.17578125 0.022865853658536585 0.0205078125 0.038109756097560975
0.0 0.107421875 0.07164634146341463 0.0263671875 0.057926829268292686
0.0 0.1396484375 0.057926829268292686 0.0185546875 0.0350609756097561
0.0 0.306640625 0.14786585365853658 0.0205078125 0.036585365853658534
0.0 0.01953125 0.21036585365853658 0.021484375 0.054878048780487805
0.0 0.0283203125 0.16310975609756098 0.0244140625 0.04573170731707317
0.0 0.0263671875 0.10213414634146341 0.025390625 0.04878048780487805
0.0 0.025390625 0.0 0.015625 0.01524390243902439
0.0 0.0068359375 0.0 0.017578125 0.022865853658536585
0.0 0.0009765625 0.7088414634146342 0.01953125 0.053353658536585365
0.0 0.5078125 0.16158536585365854 0.0244140625 0.05030487804878049
0.0 0.341796875 0.7179878048780488 0.017578125 0.03353658536585366
0.0 0.3564453125 0.7057926829268293 0.0185546875 0.03201219512195122
0.0 0.0126953125 0.3429878048780488 0.0244140625 0.05030487804878049
0.0 0.3271484375 0.10213414634146341 0.0205078125 0.042682926829268296
0.0 0.390625 0.8429878048780488 0.0234375 0.042682926829268296
0.0 0.4140625 0.8475609756097561 0.01953125 0.0350609756097561
0.0 0.9560546875 0.9801829268292683 0.0234375 0.019817073170731708
0.0 0.9853515625 0.8612804878048781 0.0146484375 0.041158536585365856
