0.0 0.4404296875 0.5580029368575624 0.0263671875 0.04405286343612335
0.0 0.55078125 0.5697503671071953 0.0224609375 0.039647577092511016
0.0 0.5029296875 0.5256975036710719 0.0205078125 0.0381791483113069
0.0 0.5771484375 0.5330396475770925 0.0185546875 0.042584434654919234
0.0 0.09375 0.5080763582966226 0.0205078125 0.04552129221732746
0.0 0.6044921875 0.5770925110132159 0.0205078125 0.0381791483113069
0.0 0.53515625 0.5756240822320118 0.01171875 0.03671071953010279
0.0 0.6640625 0.4243759177679883 0.017578125 0.03671071953010279
0.0 0.1943359375 0.8472834067547724 0.0390625 0.08076358296622614
0.0 0.080078125 0.07048458149779736 0.0185546875 0.041116005873715125
0.0 0.1865234375 0.06607929515418502 0.021484375 0.042584434654919234
0.0 0.87109375 0.5741556534508077 0.0146484375 0.039647577092511016
0.0 0.931640625 0.5829662261380323 0.0126953125 0.027900146842878122
0.0 0.88671875 0.5829662261380323 0.0087890625 0.01762114537444934
0.0 0.8173828125 0.591776798825257 0.0126953125 0.020558002936857563
0.0 0.8408203125 0.5770925110132159 0.009765625 0.020558002936857563
0.0 0.91796875 0.9074889867841409 0.0341796875 0.07195301027900147
0.0 0.439453125 0.039647577092511016 0.0234375 0.048458149779735685
0.0 0.4765625 0.07342143906020558 0.0234375 0.04552129221732746
0.0 0.54296875 0.09251101321585903 0.0224609375 0.039647577092511016
0.0 0.880859375 0.25697503671071953 0.013671875 0.023494860499265784
0.0 0.9833984375 0.315712187958884 0.0126953125 0.02643171806167401
0.0 0.76953125 0.8839941262848752 0.017578125 0.06607929515418502
0.0 0.8994140625 0.2687224669603524 0.0107421875 0.020558002936857563
0.0 0.947265625 0.8663729809104258 0.0400390625 0.05873715124816446
0.0 0.3193359375 0.5462555066079295 0.0224609375 0.04405286343612335
0.0 0.7763671875 0.24963289280469897 0.01171875 0.01908957415565345
0.0 0.9375 0.3142437591776799 0.013671875 0.020558002936857563
0.0 0.1806640625 0.09251101321585903 0.0205078125 0.03671071953010279
0.0 0.212890625 0.6798825256975036 0.0263671875 0.04552129221732746
0.0 0.8505859375 0.2701908957415565 0.013671875 0.027900146842878122
