0.0 0.005859375 0.2890625 0.0400390625 0.06770833333333333
0.0 0.080078125 0.3333333333333333 0.0283203125 0.049479166666666664
0.0 0.0673828125 0.3268229166666667 0.0234375 0.036458333333333336
0.0 0.216796875 0.3880208333333333 0.0283203125 0.046875
0.0 0.2412109375 0.3997395833333333 0.017578125 0.032552083333333336
0.0 0.2998046875 0.4739583333333333 0.0302734375 0.052083333333333336
0.0 0.2890625 0.4192708333333333 0.025390625 0.0390625
0.0 0.3095703125 0.3697916666666667 0.0244140625 0.033854166666666664
0.0 0.376953125 0.43359375 0.02734375 0.048177083333333336
0.0 0.4140625 0.4765625 0.0302734375 0.053385416666666664
0.0 0.380859375 0.3255208333333333 0.0087890625 0.032552083333333336
0.0 0.4560546875 0.3776041666666667 0.009765625 0.022135416666666668
0.0 0.484375 0.33984375 0.013671875 0.029947916666666668
0.0 0.5654296875 0.41015625 0.037109375 0.059895833333333336
0.0 0.515625 0.4127604166666667 0.0263671875 0.048177083333333336
0.0 0.5380859375 0.3958333333333333 0.025390625 0.045572916666666664
0.0 0.486328125 0.3958333333333333 0.017578125 0.033854166666666664
0.0 0.478515625 0.4375 0.0166015625 0.02734375
0.0 0.525390625 0.3307291666666667 0.01953125 0.036458333333333336
0.0 0.54296875 0.3203125 0.0234375 0.046875
0.0 0.6220703125 0.3880208333333333 0.02734375 0.040364583333333336
0.0 0.60546875 0.40234375 0.0146484375 0.0234375
0.0 0.6533203125 0.4036458333333333 0.0302734375 0.052083333333333336
0.0 0.7021484375 0.40625 0.01953125 0.0390625
0.0 0.6708984375 0.3216145833333333 0.0126953125 0.02734375
0.0 0.748046875 0.3203125 0.0126953125 0.024739583333333332
0.0 0.7490234375 0.3854166666666667 0.029296875 0.053385416666666664
0.0 0.7705078125 0.3372395833333333 0.0234375 0.0390625
0.0 0.8076171875 0.3203125 0.0166015625 0.02734375
0.0 0.8466796875 0.3190104166666667 0.0263671875 0.037760416666666664
0.0 0.8466796875 0.4401041666666667 0.02734375 0.036458333333333336
0.0 0.884765625 0.3294270833333333 0.017578125 0.033854166666666664
0.0 0.7021484375 0.3424479166666667 0.0107421875 0.014322916666666666
0.0 0.7587890625 0.32421875 0.01171875 0.02734375
0.0 0.9072265625 0.19921875 0.03515625 0.07421875
0.0 0.5634765625 0.3138020833333333 0.0166015625 0.036458333333333336
