0.0 0.078125 0.3815104166666667 0.0341796875 0.059895833333333336
0.0 0.1328125 0.4140625 0.01953125 0.02734375
0.0 0.2177734375 0.4296875 0.0166015625 0.03125
0.0 0.3720703125 0.6119791666666666 0.04296875 0.06510416666666667
0.0 0.3818359375 0.5 0.0283203125 0.045572916666666664
0.0 0.498046875 0.5533854166666666 0.03125 0.045572916666666664
0.0 0.6025390625 0.4114583333333333 0.0263671875 0.045572916666666664
0.0 0.416015625 0.4036458333333333 0.0126953125 0.022135416666666668
0.0 0.4580078125 0.4036458333333333 0.0146484375 0.0234375
0.0 0.302734375 0.41015625 0.017578125 0.026041666666666668
0.0 0.3515625 0.4348958333333333 0.01171875 0.018229166666666668
0.0 0.4365234375 0.5078125 0.01171875 0.018229166666666668
0.0 0.6611328125 0.3919270833333333 0.013671875 0.020833333333333332
0.0 0.716796875 0.4049479166666667 0.01953125 0.03125
0.0 0.7685546875 0.48828125 0.0302734375 0.052083333333333336
0.0 0.818359375 0.5052083333333334 0.021484375 0.03125
0.0 0.6865234375 0.6354166666666666 0.037109375 0.061197916666666664
0.0 0.8603515625 0.3841145833333333 0.021484375 0.03125
0.0 0.6435546875 0.40234375 0.0087890625 0.014322916666666666
0.0 0.7021484375 0.3919270833333333 0.0087890625 0.015625
0.0 0.708984375 0.390625 0.0107421875 0.014322916666666666
0.0 0.9443359375 0.4622395833333333 0.0146484375 0.020833333333333332
0.0 0.9677734375 0.3841145833333333 0.0107421875 0.01953125
0.0 0.8466796875 0.39453125 0.009765625 0.013020833333333334
0.0 0.7734375 0.4049479166666667 0.0107421875 0.014322916666666666
0.0 0.6591796875 0.5846354166666666 0.015625 0.020833333333333332
0.0 0.23046875 0.4205729166666667 0.01171875 0.020833333333333332
0.0 0.416015625 0.26953125 0.0224609375 0.03125
