0.0 0.0693359375 0.41420118343195267 0.01953125 0.03254437869822485
0.0 0.087890625 0.386094674556213 0.0224609375 0.04585798816568047
0.0 0.1103515625 0.3890532544378698 0.025390625 0.04437869822485207
0.0 0.146484375 0.34615384615384615 0.0283203125 0.05325443786982249
0.0 0.2724609375 0.3994082840236686 0.0234375 0.04437869822485207
0.0 0.32421875 0.3624260355029586 0.02734375 0.047337278106508875
0.0 0.375 0.3668639053254438 0.0263671875 0.04881656804733728
0.0 0.458984375 0.40976331360946744 0.02734375 0.051775147928994084
0.0 0.4951171875 0.41420118343195267 0.015625 0.03106508875739645
0.0 0.5380859375 0.3994082840236686 0.025390625 0.047337278106508875
0.0 0.59765625 0.3890532544378698 0.0244140625 0.05029585798816568
0.0 0.7490234375 0.23076923076923078 0.0361328125 0.07840236686390532
0.0 0.8720703125 0.47337278106508873 0.01171875 0.01775147928994083
0.0 0.8828125 0.46153846153846156 0.0107421875 0.022189349112426034
0.0 0.8564453125 0.5443786982248521 0.0126953125 0.02514792899408284
0.0 0.89453125 0.5399408284023669 0.0146484375 0.03254437869822485
0.0 0.9384765625 0.4245562130177515 0.0205078125 0.04437869822485207
0.0 0.83203125 0.46005917159763315 0.01953125 0.03550295857988166
0.0 0.888671875 0.5710059171597633 0.01171875 0.022189349112426034
0.0 0.990234375 0.4393491124260355 0.009765625 0.03254437869822485
0.0 0.6259765625 0.1937869822485207 0.0078125 0.01775147928994083
0.0 0.607421875 0.21449704142011836 0.0087890625 0.01775147928994083
0.0 0.5908203125 0.1908284023668639 0.0087890625 0.016272189349112426
