0.0 0.453125 0.6627565982404692 0.01953125 0.02932551319648094
0.0 0.49853515625 0.6048387096774194 0.0166015625 0.030791788856304986
0.0 0.56640625 0.5777126099706745 0.013671875 0.020527859237536656
0.0 0.37890625 0.4831378299120235 0.009765625 0.016129032258064516
0.0 0.35986328125 0.4435483870967742 0.0126953125 0.01906158357771261
0.0 0.298828125 0.47653958944281527 0.013671875 0.02346041055718475
0.0 0.2373046875 0.49780058651026393 0.01171875 0.01906158357771261
0.0 0.22998046875 0.46187683284457476 0.0107421875 0.017595307917888565
0.0 0.98388671875 0.5762463343108505 0.0107421875 0.020527859237536656
0.0 0.9521484375 0.5131964809384164 0.01171875 0.020527859237536656
0.0 0.916015625 0.5183284457478006 0.009765625 0.021994134897360705
0.0 0.9951171875 0.4846041055718475 0.009765625 0.01906158357771261
0.0 0.96875 0.42302052785923755 0.009765625 0.01906158357771261
0.0 0.9677734375 0.39002932551319647 0.01171875 0.020527859237536656
0.0 0.81689453125 0.5425219941348973 0.0107421875 0.017595307917888565
0.0 0.853515625 0.4897360703812317 0.01171875 0.02346041055718475
0.0 0.88818359375 0.4442815249266862 0.0107421875 0.017595307917888565
0.0 0.80224609375 0.5073313782991202 0.0126953125 0.02346041055718475
0.0 0.755859375 0.48607038123167157 0.0078125 0.016129032258064516
0.0 0.63427734375 0.35117302052785926 0.0126953125 0.021994134897360705
0.0 0.87548828125 0.4237536656891496 0.0107421875 0.02346041055718475
0.0 0.88525390625 0.34384164222873903 0.0087890625 0.016129032258064516
0.0 0.91162109375 0.3841642228739003 0.0087890625 0.017595307917888565
0.0 0.876953125 0.3870967741935484 0.009765625 0.017595307917888565
0.0 0.84228515625 0.3651026392961877 0.0087890625 0.020527859237536656
0.0 0.83642578125 0.3277126099706745 0.0087890625 0.016129032258064516
0.0 0.68701171875 0.41348973607038125 0.0126953125 0.020527859237536656
0.0 0.9482421875 0.22947214076246333 0.0078125 0.01906158357771261
0.0 0.93115234375 0.3093841642228739 0.0087890625 0.017595307917888565
0.0 0.90673828125 0.2829912023460411 0.0068359375 0.011730205278592375
0.0 0.08251953125 0.4604105571847507 0.0087890625 0.01466275659824047
0.0 0.02001953125 0.32331378299120234 0.0068359375 0.010263929618768328
0.0 0.095703125 0.3321114369501466 0.005859375 0.013196480938416423
0.0 0.3642578125 0.2932551319648094 0.009765625 0.017595307917888565
0.0 0.39892578125 0.27712609970674484 0.0068359375 0.01466275659824047
0.0 0.43896484375 0.2690615835777126 0.0087890625 0.013196480938416423
0.0 0.35693359375 0.2749266862170088 0.0087890625 0.013196480938416423
0.0 0.37939453125 0.2434017595307918 0.0068359375 0.011730205278592375
0.0 0.3984375 0.2316715542521994 0.0078125 0.011730205278592375
0.0 0.42578125 0.23607038123167157 0.005859375 0.011730205278592375
0.0 0.43798828125 0.2316715542521994 0.0068359375 0.011730205278592375
0.0 0.466796875 0.23826979472140764 0.005859375 0.010263929618768328
0.0 0.48291015625 0.2287390029325513 0.0068359375 0.011730205278592375
0.0 0.4501953125 0.22140762463343108 0.005859375 0.011730205278592375
0.0 0.41357421875 0.2221407624633431 0.0048828125 0.010263929618768328
0.0 0.42529296875 0.2089442815249267 0.0068359375 0.010263929618768328
0.0 0.494140625 0.2221407624633431 0.005859375 0.010263929618768328
0.0 0.46484375 0.21334310850439883 0.005859375 0.010263929618768328
0.0 0.4765625 0.20674486803519063 0.005859375 0.011730205278592375
0.0 0.51123046875 0.20381231671554254 0.0048828125 0.008797653958944282
0.0 0.43798828125 0.20527859237536658 0.0048828125 0.008797653958944282
0.0 0.45068359375 0.19501466275659823 0.0048828125 0.008797653958944282
0.0 0.4609375 0.1942815249266862 0.00390625 0.010263929618768328
0.0 0.0634765625 0.2587976539589443 0.009765625 0.010263929618768328
0.0 0.50146484375 0.21407624633431085 0.0048828125 0.008797653958944282
0.0 0.48779296875 0.1942815249266862 0.0048828125 0.007331378299120235
