0.0 0.16015625 0.40234375 0.015625 0.024739583333333332
0.0 0.107421875 0.3971354166666667 0.0146484375 0.0234375
0.0 0.2109375 0.3893229166666667 0.0146484375 0.026041666666666668
0.0 0.1220703125 0.4270833333333333 0.0146484375 0.0234375
0.0 0.4814453125 0.40625 0.0185546875 0.02734375
0.0 0.44140625 0.4049479166666667 0.0166015625 0.026041666666666668
0.0 0.400390625 0.421875 0.0166015625 0.024739583333333332
0.0 0.3828125 0.4036458333333333 0.0126953125 0.0234375
0.0 0.4208984375 0.4296875 0.015625 0.022135416666666668
0.0 0.599609375 0.4296875 0.0146484375 0.022135416666666668
0.0 0.5634765625 0.41015625 0.0185546875 0.028645833333333332
0.0 0.533203125 0.4231770833333333 0.0126953125 0.020833333333333332
0.0 0.7470703125 0.4114583333333333 0.0166015625 0.022135416666666668
0.0 0.7060546875 0.4088541666666667 0.017578125 0.024739583333333332
0.0 0.6806640625 0.4127604166666667 0.015625 0.0234375
0.0 0.6572265625 0.41796875 0.013671875 0.0234375
0.0 0.888671875 0.4283854166666667 0.0146484375 0.028645833333333332
0.0 0.8046875 0.4296875 0.017578125 0.028645833333333332
0.0 0.2880859375 0.40234375 0.017578125 0.0234375
0.0 0.314453125 0.4088541666666667 0.017578125 0.0234375
0.0 0.06640625 0.41796875 0.0166015625 0.0234375
0.0 0.0908203125 0.4166666666666667 0.015625 0.0234375
