0.0 0.078125 0.35687263556116017 0.0361328125 0.05422446406052964
0.0 0.0537109375 0.5825977301387137 0.0107421875 0.02269861286254729
0.0 0.064453125 0.5535939470365699 0.0087890625 0.01639344262295082
0.0 0.0166015625 0.5573770491803278 0.01171875 0.021437578814627996
0.0 0.1611328125 0.27112232030264816 0.0400390625 0.05926860025220681
0.0 0.2607421875 0.3316519546027743 0.0341796875 0.04791929382093316
0.0 0.3427734375 0.3770491803278688 0.029296875 0.04539722572509458
0.0 0.40625 0.39470365699873894 0.0263671875 0.03909205548549811
0.0 0.435546875 0.2988650693568726 0.0380859375 0.05044136191677175
0.0 0.5029296875 0.3493064312736444 0.03125 0.044136191677175286
0.0 0.5703125 0.37578814627994955 0.0283203125 0.03909205548549811
0.0 0.60546875 0.3871374527112232 0.0283203125 0.03530895334174023
0.0 0.66796875 0.2484237074401009 0.0380859375 0.05296343001261034
0.0 0.7646484375 0.3480453972257251 0.017578125 0.03278688524590164
0.0 0.7890625 0.3669609079445145 0.021484375 0.027742749054224466
0.0 0.8251953125 0.38083228247162676 0.0205078125 0.03278688524590164
0.0 0.84765625 0.40226986128625475 0.015625 0.02395964691046658
0.0 0.8828125 0.424968474148802 0.015625 0.02395964691046658
0.0 0.9033203125 0.4451450189155107 0.015625 0.021437578814627996
0.0 0.9541015625 0.4905422446406053 0.013671875 0.0201765447667087
0.0 0.978515625 0.4728877679697352 0.0146484375 0.0201765447667087
