0.0 0.74365234375 0.40762463343108507 0.0283203125 0.0469208211143695
0.0 0.60693359375 0.3658357771260997 0.0341796875 0.05718475073313783
0.0 0.64111328125 0.4120234604105572 0.0263671875 0.05278592375366569
0.0 0.3583984375 0.3790322580645161 0.029296875 0.051319648093841645
0.0 0.28955078125 0.3914956011730205 0.0302734375 0.05571847507331378
0.0 0.31201171875 0.3819648093841642 0.0224609375 0.051319648093841645
0.0 0.19775390625 0.37390029325513197 0.0283203125 0.0469208211143695
0.0 0.45751953125 0.36070381231671556 0.0224609375 0.04398826979472141
0.0 0.4775390625 0.3614369501466276 0.02734375 0.045454545454545456
0.0 0.57421875 0.375366568914956 0.029296875 0.04985337243401759
0.0 0.560546875 0.37390029325513197 0.021484375 0.03812316715542522
0.0 0.71630859375 0.374633431085044 0.0263671875 0.045454545454545456
0.0 0.03662109375 0.25733137829912023 0.0107421875 0.01906158357771261
0.0 0.06103515625 0.2536656891495601 0.0087890625 0.020527859237536656
0.0 0.0859375 0.2536656891495601 0.009765625 0.017595307917888565
0.0 0.111328125 0.25513196480938416 0.009765625 0.01466275659824047
0.0 0.13427734375 0.25513196480938416 0.0087890625 0.01466275659824047
0.0 0.1611328125 0.2250733137829912 0.01171875 0.01906158357771261
0.0 0.216796875 0.24120234604105573 0.0078125 0.016129032258064516
0.0 0.25830078125 0.22360703812316715 0.0087890625 0.013196480938416423
0.0 0.287109375 0.21480938416422288 0.009765625 0.016129032258064516
0.0 0.2392578125 0.23313782991202345 0.009765625 0.020527859237536656
0.0 0.2080078125 0.21920821114369501 0.01171875 0.021994134897360705
0.0 0.1123046875 0.23900293255131966 0.01171875 0.02346041055718475
0.0 0.08837890625 0.21994134897360704 0.0126953125 0.02346041055718475
0.0 0.060546875 0.2280058651026393 0.009765625 0.01906158357771261
0.0 0.029296875 0.22067448680351906 0.009765625 0.01906158357771261
0.0 0.01513671875 0.1935483870967742 0.0107421875 0.02346041055718475
0.0 0.0361328125 0.1942815249266862 0.009765625 0.01906158357771261
0.0 0.103515625 0.1840175953079179 0.009765625 0.01906158357771261
0.0 0.11328125 0.2155425219941349 0.01171875 0.011730205278592375
0.0 0.22119140625 0.19648093841642228 0.0087890625 0.020527859237536656
0.0 0.1376953125 0.1627565982404692 0.0078125 0.011730205278592375
0.0 0.0419921875 0.1590909090909091 0.009765625 0.01906158357771261
0.0 0.0166015625 0.16129032258064516 0.01171875 0.020527859237536656
0.0 0.2041015625 0.12976539589442815 0.0078125 0.013196480938416423
0.0 0.23828125 0.13856304985337242 0.0078125 0.013196480938416423
0.0 0.18505859375 0.1282991202346041 0.0068359375 0.013196480938416423
0.0 0.15771484375 0.18475073313782991 0.0087890625 0.017595307917888565
0.0 0.20166015625 0.19134897360703812 0.0126953125 0.021994134897360705
0.0 0.11669921875 0.125366568914956 0.0087890625 0.016129032258064516
0.0 0.09619140625 0.13049853372434017 0.0068359375 0.01466275659824047
0.0 0.39990234375 0.3460410557184751 0.0302734375 0.05278592375366569
0.0 0.7802734375 0.3555718475073314 0.0078125 0.016129032258064516
0.0 0.8173828125 0.35410557184750735 0.0078125 0.016129032258064516
0.0 0.8427734375 0.374633431085044 0.009765625 0.01906158357771261
0.0 0.89208984375 0.3555718475073314 0.0048828125 0.010263929618768328
0.0 0.93212890625 0.3841642228739003 0.0087890625 0.01466275659824047
0.0 0.873046875 0.31158357771260997 0.0078125 0.016129032258064516
0.0 0.853515625 0.3027859237536657 0.009765625 0.016129032258064516
0.0 0.82470703125 0.3196480938416422 0.0068359375 0.01466275659824047
0.0 0.8076171875 0.2991202346041056 0.0078125 0.011730205278592375
0.0 0.7919921875 0.28005865102639294 0.0078125 0.01466275659824047
0.0 0.7666015625 0.27785923753665687 0.0078125 0.016129032258064516
0.0 0.11279296875 0.16055718475073313 0.0107421875 0.01906158357771261
0.0 0.12744140625 0.08064516129032258 0.0087890625 0.017595307917888565
0.0 0.1611328125 0.0747800586510264 0.0078125 0.01466275659824047
0.0 0.1923828125 0.0813782991202346 0.0078125 0.013196480938416423
0.0 0.2236328125 0.07258064516129033 0.0078125 0.016129032258064516
0.0 0.0283203125 0.10190615835777127 0.0078125 0.016129032258064516
0.0 0.95849609375 0.3159824046920821 0.0087890625 0.01906158357771261
0.0 0.96630859375 0.29838709677419356 0.0068359375 0.010263929618768328
0.0 0.955078125 0.28005865102639294 0.009765625 0.020527859237536656
0.0 0.95166015625 0.35043988269794724 0.0107421875 0.017595307917888565
0.0 0.92578125 0.3460410557184751 0.0078125 0.01466275659824047
0.0 0.98828125 0.3189149560117302 0.0078125 0.016129032258064516
0.0 0.9580078125 0.2536656891495601 0.0078125 0.017595307917888565
0.0 0.91162109375 0.25439882697947214 0.0087890625 0.016129032258064516
0.0 0.89892578125 0.23826979472140764 0.0087890625 0.016129032258064516
0.0 0.9248046875 0.2126099706744868 0.0078125 0.01466275659824047
0.0 0.95654296875 0.2155425219941349 0.0068359375 0.01466275659824047
0.0 0.97265625 0.2368035190615836 0.005859375 0.013196480938416423
0.0 0.98095703125 0.2565982404692082 0.0068359375 0.020527859237536656
0.0 0.92138671875 0.02785923753665689 0.0068359375 0.011730205278592375
0.0 0.8896484375 0.022727272727272728 0.009765625 0.010263929618768328
0.0 0.91796875 0.07404692082111437 0.005859375 0.013196480938416423
0.0 0.77490234375 0.09090909090909091 0.0087890625 0.01466275659824047
0.0 0.7490234375 0.0747800586510264 0.009765625 0.01466275659824047
0.0 0.74462890625 0.04618768328445748 0.0107421875 0.016129032258064516
0.0 0.7587890625 0.007331378299120235 0.009765625 0.01466275659824047
0.0 0.78466796875 0.03372434017595308 0.0087890625 0.011730205278592375
0.0 0.8408203125 0.038856304985337244 0.009765625 0.016129032258064516
0.0 0.94091796875 0.009530791788856305 0.0068359375 0.016129032258064516
0.0 0.86474609375 0.025659824046920823 0.0107421875 0.016129032258064516
0.0 0.80078125 0.06524926686217009 0.0078125 0.013196480938416423
0.0 0.8017578125 0.04105571847507331 0.009765625 0.017595307917888565
0.0 0.740234375 0.019794721407624633 0.0078125 0.01906158357771261
0.0 0.83349609375 0.013929618768328446 0.0107421875 0.01906158357771261
0.0 0.9599609375 0.3533724340175953 0.009765625 0.020527859237536656
0.0 0.53515625 0.10703812316715543 0.0078125 0.017595307917888565
0.0 0.44189453125 0.03152492668621701 0.0087890625 0.01906158357771261
0.0 0.4169921875 0.022727272727272728 0.005859375 0.010263929618768328
0.0 0.5302734375 0.005865102639296188 0.0078125 0.011730205278592375
0.0 0.57373046875 0.06378299120234604 0.0087890625 0.013196480938416423
0.0 0.599609375 0.0689149560117302 0.0078125 0.01466275659824047
0.0 0.62939453125 0.047653958944281524 0.0068359375 0.016129032258064516
0.0 0.56298828125 0.10043988269794721 0.0087890625 0.013196480938416423
0.0 0.49951171875 0.14516129032258066 0.0068359375 0.011730205278592375
0.0 0.470703125 0.1312316715542522 0.009765625 0.013196480938416423
0.0 0.43212890625 0.1348973607038123 0.0068359375 0.011730205278592375
0.0 0.474609375 0.06158357771260997 0.0078125 0.01466275659824047
0.0 0.4892578125 0.056451612903225805 0.009765625 0.01906158357771261
0.0 0.51171875 0.06085043988269795 0.009765625 0.01906158357771261
0.0 0.50830078125 0.08431085043988269 0.0068359375 0.013196480938416423
0.0 0.49560546875 0.08431085043988269 0.0087890625 0.013196480938416423
0.0 0.31640625 0.28885630498533726 0.009765625 0.017595307917888565
0.0 0.2412109375 0.3343108504398827 0.009765625 0.017595307917888565
0.0 0.2861328125 0.3255131964809384 0.0078125 0.017595307917888565
0.0 0.25927734375 0.29105571847507333 0.0087890625 0.01906158357771261
0.0 0.31982421875 0.3313782991202346 0.0087890625 0.01466275659824047
0.0 0.1103515625 0.32697947214076245 0.009765625 0.01466275659824047
0.0 0.03662109375 0.3533724340175953 0.0087890625 0.017595307917888565
0.0 0.0302734375 0.32697947214076245 0.009765625 0.017595307917888565
0.0 0.06689453125 0.35997067448680353 0.0087890625 0.013196480938416423
0.0 0.17041015625 0.3152492668621701 0.0107421875 0.017595307917888565
0.0 0.0087890625 0.2558651026392962 0.01171875 0.01906158357771261
0.0 0.068359375 0.19941348973607037 0.01171875 0.017595307917888565
0.0 0.05029296875 0.0967741935483871 0.0087890625 0.01466275659824047
0.0 0.00341796875 0.038856304985337244 0.0068359375 0.013196480938416423
0.0 0.02490234375 0.03812316715542522 0.0087890625 0.01466275659824047
0.0 0.0234375 0.07771260997067449 0.0078125 0.01466275659824047
0.0 0.09228515625 0.03592375366568915 0.0068359375 0.013196480938416423
0.0 0.12109375 0.04252199413489736 0.0078125 0.01466275659824047
0.0 0.140625 0.0373900293255132 0.0078125 0.013196480938416423
0.0 0.16357421875 0.038856304985337244 0.0087890625 0.013196480938416423
0.0 0.21533203125 0.04618768328445748 0.0068359375 0.013196480938416423
0.0 0.18896484375 0.02346041055718475 0.0087890625 0.01466275659824047
0.0 0.21484375 0.025659824046920823 0.005859375 0.013196480938416423
0.0 0.240234375 0.005865102639296188 0.0078125 0.011730205278592375
0.0 0.216796875 0.004398826979472141 0.0078125 0.008797653958944282
0.0 0.15234375 0.01466275659824047 0.0078125 0.011730205278592375
0.0 0.1328125 0.016129032258064516 0.005859375 0.011730205278592375
0.0 0.107421875 0.015395894428152493 0.005859375 0.010263929618768328
0.0 0.08056640625 0.010997067448680353 0.0068359375 0.013196480938416423
0.0 0.056640625 0.013929618768328446 0.0078125 0.013196480938416423
0.0 0.9287109375 0.30498533724340177 0.009765625 0.017595307917888565
0.0 0.94384765625 0.2991202346041056 0.0068359375 0.01466275659824047
0.0 0.90087890625 0.32404692082111436 0.0107421875 0.01466275659824047
0.0 0.8466796875 0.23607038123167157 0.009765625 0.017595307917888565
0.0 0.7861328125 0.3181818181818182 0.0078125 0.01466275659824047
0.0 0.791015625 0.30425219941348974 0.0078125 0.016129032258064516
0.0 0.8759765625 0.23826979472140764 0.009765625 0.01906158357771261
0.0 0.751953125 0.18695014662756598 0.009765625 0.016129032258064516
0.0 0.0966796875 0.06085043988269795 0.009765625 0.01906158357771261
0.0 0.06884765625 0.0747800586510264 0.0087890625 0.020527859237536656
0.0 0.04443359375 0.06451612903225806 0.0107421875 0.017595307917888565
0.0 0.1484375 0.06085043988269795 0.009765625 0.016129032258064516
0.0 0.76123046875 0.13929618768328444 0.0068359375 0.011730205278592375
0.0 0.7568359375 0.16642228739002932 0.0078125 0.016129032258064516
0.0 0.79736328125 0.17595307917888564 0.0087890625 0.011730205278592375
0.0 0.82177734375 0.19208211143695014 0.0068359375 0.01466275659824047
0.0 0.86962890625 0.17155425219941348 0.0068359375 0.01466275659824047
0.0 0.8388671875 0.15175953079178886 0.0078125 0.010263929618768328
0.0 0.88037109375 0.06451612903225806 0.0068359375 0.01466275659824047
0.0 0.8662109375 0.0469208211143695 0.009765625 0.011730205278592375
0.0 0.8583984375 0.10997067448680352 0.0078125 0.017595307917888565
0.0 0.91357421875 0.11217008797653959 0.0068359375 0.013196480938416423
0.0 0.89453125 0.1092375366568915 0.0078125 0.010263929618768328
0.0 0.94384765625 0.11070381231671554 0.0068359375 0.016129032258064516
0.0 0.943359375 0.09017595307917889 0.0078125 0.013196480938416423
0.0 0.96484375 0.08651026392961877 0.005859375 0.011730205278592375
0.0 0.9892578125 0.08944281524926687 0.0078125 0.01466275659824047
0.0 0.95751953125 0.04912023460410557 0.0068359375 0.013196480938416423
0.0 0.9638671875 0.024926686217008796 0.0078125 0.01466275659824047
0.0 0.9814453125 0.021994134897360705 0.0078125 0.01466275659824047
0.0 0.9267578125 0.0373900293255132 0.0078125 0.013196480938416423
0.0 0.025390625 0.015395894428152493 0.0078125 0.013196480938416423
0.0 0.1171875 0.005131964809384164 0.0078125 0.010263929618768328
0.0 0.166015625 0.005131964809384164 0.005859375 0.010263929618768328
0.0 0.13525390625 0.2089442815249267 0.0087890625 0.01906158357771261
0.0 0.2099609375 0.15029325513196481 0.0078125 0.013196480938416423
0.0 0.17333984375 0.1744868035190616 0.0087890625 0.017595307917888565
0.0 0.19189453125 0.060117302052785926 0.0087890625 0.01466275659824047
0.0 0.7783203125 0.2602639296187683 0.0078125 0.013196480938416423
0.0 0.80322265625 0.2587976539589443 0.0068359375 0.016129032258064516
0.0 0.84326171875 0.27785923753665687 0.0087890625 0.01906158357771261
0.0 0.8681640625 0.2749266862170088 0.0078125 0.01906158357771261
0.0 0.88037109375 0.29765395894428154 0.0087890625 0.017595307917888565
0.0 0.9091796875 0.29472140762463345 0.009765625 0.017595307917888565
0.0 0.80322265625 0.14589442815249268 0.0068359375 0.013196480938416423
