0.0 0.197265625 0.490234375 0.013671875 0.024739583333333332
0.0 0.71826171875 0.3795572916666667 0.0146484375 0.022135416666666668
0.0 0.40234375 0.4661458333333333 0.015625 0.0234375
0.0 0.474609375 0.4407552083333333 0.009765625 0.016927083333333332
0.0 0.52099609375 0.412109375 0.0107421875 0.01953125
0.0 0.4990234375 0.4798177083333333 0.01953125 0.03515625
0.0 0.56640625 0.4856770833333333 0.01953125 0.03125
0.0 0.61572265625 0.4524739583333333 0.0185546875 0.029947916666666668
0.0 0.63232421875 0.4309895833333333 0.0107421875 0.018229166666666668
0.0 0.27197265625 0.4869791666666667 0.0224609375 0.03125
0.0 0.6220703125 0.4095052083333333 0.013671875 0.01953125
