0.0 0.212890625 0.25936599423631124 0.021484375 0.04610951008645533
0.0 0.2685546875 0.2889048991354467 0.009765625 0.01585014409221902
0.0 0.33447265625 0.25 0.0283203125 0.056195965417867436
0.0 0.4443359375 0.2845821325648415 0.01171875 0.03025936599423631
0.0 0.470703125 0.2961095100864553 0.005859375 0.012968299711815562
0.0 0.6689453125 0.25720461095100866 0.064453125 0.12247838616714697
0.0 0.56201171875 0.2831412103746398 0.0107421875 0.01585014409221902
0.0 0.6015625 0.2838616714697406 0.00390625 0.008645533141210375
0.0 0.62109375 0.29322766570605185 0.00390625 0.007204610951008645
0.0 0.82861328125 0.27737752161383283 0.0283203125 0.053314121037463975
0.0 0.4189453125 0.28674351585014407 0.00390625 0.008645533141210375
