0.0 0.1728515625 0.5455729166666666 0.03125 0.045572916666666664
0.0 0.208984375 0.5572916666666666 0.0390625 0.05859375
0.0 0.2978515625 0.5338541666666666 0.03515625 0.052083333333333336
0.0 0.3427734375 0.4752604166666667 0.03125 0.048177083333333336
0.0 0.421875 0.4895833333333333 0.03125 0.049479166666666664
0.0 0.474609375 0.609375 0.037109375 0.061197916666666664
0.0 0.498046875 0.5052083333333334 0.029296875 0.049479166666666664
0.0 0.5546875 0.5013020833333334 0.025390625 0.048177083333333336
0.0 0.6484375 0.4947916666666667 0.033203125 0.052083333333333336
0.0 0.7255859375 0.5768229166666666 0.037109375 0.061197916666666664
0.0 0.7822265625 0.3763020833333333 0.0341796875 0.057291666666666664
0.0 0.748046875 0.3151041666666667 0.0341796875 0.049479166666666664
0.0 0.6982421875 0.3697916666666667 0.029296875 0.045572916666666664
0.0 0.6318359375 0.359375 0.02734375 0.045572916666666664
0.0 0.5791015625 0.3424479166666667 0.025390625 0.0390625
0.0 0.603515625 0.2994791666666667 0.0263671875 0.041666666666666664
0.0 0.5048828125 0.4283854166666667 0.03125 0.0390625
0.0 0.501953125 0.3255208333333333 0.025390625 0.044270833333333336
0.0 0.47265625 0.3411458333333333 0.0244140625 0.032552083333333336
0.0 0.376953125 0.26171875 0.0302734375 0.05078125
0.0 0.3251953125 0.3541666666666667 0.0322265625 0.041666666666666664
0.0 0.2705078125 0.3645833333333333 0.0283203125 0.045572916666666664
0.0 0.8515625 0.3841145833333333 0.0390625 0.06380208333333333
