0.0 0.001953125 0.19619326500732065 0.0185546875 0.048316251830161056
0.0 0.0234375 0.19472913616398244 0.0244140625 0.04978038067349927
0.0 0.103515625 0.22108345534407028 0.0341796875 0.07174231332357248
0.0 0.1591796875 0.24011713030746706 0.029296875 0.048316251830161056
0.0 0.201171875 0.232796486090776 0.01953125 0.032210834553440704
0.0 0.2529296875 0.25036603221083453 0.03125 0.05856515373352855
0.0 0.31640625 0.23133235724743778 0.0302734375 0.04978038067349927
0.0 0.291015625 0.27232796486090777 0.0205078125 0.032210834553440704
0.0 0.4794921875 0.2869692532942899 0.021484375 0.03513909224011713
0.0 0.3974609375 0.2767203513909224 0.0087890625 0.01903367496339678
0.0 0.384765625 0.28550512445095166 0.0068359375 0.014641288433382138
0.0 0.4287109375 0.2884333821376281 0.0087890625 0.017569546120058566
0.0 0.521484375 0.2591508052708638 0.044921875 0.08638360175695461
0.0 0.6259765625 0.2781844802342606 0.0341796875 0.06881405563689605
0.0 0.681640625 0.2869692532942899 0.0205078125 0.03513909224011713
0.0 0.6640625 0.30161054172767204 0.013671875 0.024890190336749635
0.0 0.7197265625 0.2913616398243045 0.0166015625 0.03367496339677892
0.0 0.767578125 0.34992679355783307 0.0126953125 0.027818448023426062
0.0 0.7822265625 0.35431918008784774 0.013671875 0.02342606149341142
0.0 0.80859375 0.31332357247437775 0.0244140625 0.04685212298682284
0.0 0.841796875 0.30307467057101023 0.0302734375 0.05856515373352855
0.0 0.8623046875 0.232796486090776 0.02734375 0.048316251830161056
0.0 0.8017578125 0.2781844802342606 0.01953125 0.03074670571010249
0.0 0.78515625 0.2884333821376281 0.013671875 0.02635431918008785
0.0 0.732421875 0.2781844802342606 0.013671875 0.02342606149341142
0.0 0.7119140625 0.25036603221083453 0.009765625 0.021961932650073207
0.0 0.951171875 0.2913616398243045 0.017578125 0.03367496339677892
0.0 0.9404296875 0.3645680819912152 0.009765625 0.024890190336749635
0.0 0.962890625 0.3616398243045388 0.0146484375 0.024890190336749635
0.0 0.9306640625 0.2708638360175695 0.0126953125 0.024890190336749635
0.0 0.935546875 0.23572474377745242 0.0126953125 0.02342606149341142
0.0 0.7373046875 0.37481698389458273 0.009765625 0.020497803806734993
0.0 0.74609375 0.35431918008784774 0.013671875 0.029282576866764276
0.0 0.4619140625 0.2767203513909224 0.0078125 0.017569546120058566
0.0 0.9892578125 0.28257686676427524 0.0107421875 0.029282576866764276
0.0 0.9833984375 0.37920937042459735 0.0146484375 0.02635431918008785
0.0 0.982421875 0.4670571010248902 0.013671875 0.029282576866764276
0.0 0.955078125 0.46266471449487556 0.013671875 0.03074670571010249
0.0 0.9853515625 0.23133235724743778 0.0087890625 0.02342606149341142
0.0 0.63671875 0.2518301610541728 0.009765625 0.024890190336749635
0.0 0.6533203125 0.26500732064421667 0.0087890625 0.01903367496339678
0.0 0.74609375 0.2635431918008785 0.01171875 0.02342606149341142
0.0 0.9072265625 0.27379209370424595 0.015625 0.02635431918008785
0.0 0.41015625 0.26500732064421667 0.0068359375 0.013177159590043924
