0.0 0.474609375 0.4474708171206226 0.0849609375 0.1582360570687419
0.0 0.0390625 0.06355382619974059 0.01171875 0.018158236057068743
0.0 0.0546875 0.08430609597924774 0.009765625 0.019455252918287938
0.0 0.1220703125 0.029831387808041506 0.009765625 0.019455252918287938
0.0 0.1064453125 0.05966277561608301 0.009765625 0.011673151750972763
0.0 0.1005859375 0.09857328145265888 0.0087890625 0.01556420233463035
0.0 0.173828125 0.05058365758754864 0.009765625 0.016861219195849545
0.0 0.1904296875 0.011673151750972763 0.0068359375 0.01297016861219196
0.0 0.1962890625 0.09987029831387809 0.0087890625 0.01556420233463035
0.0 0.216796875 0.06744487678339818 0.0087890625 0.016861219195849545
0.0 0.2177734375 0.041504539559014265 0.0087890625 0.016861219195849545
0.0 0.2353515625 0.08690012970168612 0.009765625 0.019455252918287938
0.0 0.2734375 0.054474708171206226 0.0078125 0.011673151750972763
0.0 0.1318359375 0.496757457846952 0.0126953125 0.020752269779507133
0.0 0.166015625 0.5084306095979247 0.0146484375 0.02464332036316472
0.0 0.185546875 0.4915693904020752 0.0126953125 0.02204928664072633
0.0 0.1708984375 0.5512321660181583 0.013671875 0.02464332036316472
0.0 0.1572265625 0.5512321660181583 0.0126953125 0.023346303501945526
0.0 0.1650390625 0.5849546044098574 0.0146484375 0.019455252918287938
0.0 0.181640625 0.6264591439688716 0.015625 0.02464332036316472
0.0 0.08203125 0.603112840466926 0.013671875 0.023346303501945526
0.0 0.0966796875 0.6005188067444877 0.0146484375 0.02204928664072633
0.0 0.0224609375 0.5940337224383917 0.013671875 0.02204928664072633
0.0 0.0029296875 0.5953307392996109 0.0126953125 0.02204928664072633
0.0 0.0009765625 0.6160830090791181 0.0146484375 0.02464332036316472
0.0 0.0185546875 0.6186770428015564 0.015625 0.02204928664072633
0.0 0.0888671875 0.6523994811932555 0.0126953125 0.02204928664072633
0.0 0.1005859375 0.6459143968871596 0.0126953125 0.02464332036316472
0.0 0.130859375 0.6303501945525292 0.015625 0.028534370946822308
0.0 0.138671875 0.6173800259403373 0.013671875 0.023346303501945526
0.0 0.1240234375 0.6549935149156939 0.017578125 0.028534370946822308
0.0 0.15234375 0.6472114137483788 0.013671875 0.027237354085603113
0.0 0.1787109375 0.6900129701686122 0.013671875 0.02464332036316472
0.0 0.150390625 0.6977950713359273 0.0146484375 0.027237354085603113
0.0 0.1162109375 0.6926070038910506 0.0146484375 0.023346303501945526
0.0 0.0947265625 0.7055771725032426 0.0146484375 0.023346303501945526
0.0 0.064453125 0.7055771725032426 0.013671875 0.023346303501945526
0.0 0.048828125 0.7107652399481194 0.0146484375 0.02464332036316472
0.0 0.009765625 0.6913099870298314 0.015625 0.02464332036316472
0.0 0.0 0.648508430609598 0.0146484375 0.02594033722438392
0.0 0.0205078125 0.6575875486381323 0.0126953125 0.023346303501945526
0.0 0.0517578125 0.603112840466926 0.0166015625 0.027237354085603113
0.0 0.140625 0.5914396887159533 0.0126953125 0.02464332036316472
0.0 0.1435546875 0.7302204928664072 0.01953125 0.029831387808041506
0.0 0.1064453125 0.7302204928664072 0.015625 0.028534370946822308
0.0 0.080078125 0.728923476005188 0.0166015625 0.027237354085603113
0.0 0.0224609375 0.8223086900129701 0.015625 0.02594033722438392
0.0 0.0439453125 0.8313878080415046 0.015625 0.02594033722438392
0.0 0.1103515625 0.7756160830090791 0.013671875 0.020752269779507133
0.0 0.169921875 0.767833981841764 0.015625 0.02464332036316472
0.0 0.201171875 0.7198443579766537 0.0146484375 0.02464332036316472
0.0 0.1923828125 0.8378728923476005 0.017578125 0.029831387808041506
0.0 0.15625 0.8119325551232166 0.0146484375 0.027237354085603113
0.0 0.1796875 0.8054474708171206 0.0146484375 0.027237354085603113
0.0 0.0439453125 0.9455252918287937 0.017578125 0.0311284046692607
0.0 0.0234375 0.9701686121919585 0.017578125 0.028534370946822308
0.0 0.0595703125 0.9818417639429312 0.0185546875 0.016861219195849545
0.0 0.1005859375 0.9623865110246433 0.0205078125 0.0324254215304799
0.0 0.134765625 0.9636835278858625 0.0205078125 0.027237354085603113
0.0 0.1005859375 0.893644617380026 0.013671875 0.029831387808041506
0.0 0.1220703125 0.9105058365758755 0.0146484375 0.029831387808041506
0.0 0.2509765625 0.9559014267185474 0.01953125 0.03761348897535668
0.0 0.2421875 0.953307392996109 0.015625 0.028534370946822308
0.0 0.189453125 0.9442282749675746 0.0146484375 0.019455252918287938
0.0 0.2578125 0.8897535667963683 0.015625 0.028534370946822308
0.0 0.236328125 0.8482490272373541 0.015625 0.029831387808041506
0.0 0.255859375 0.8365758754863813 0.0126953125 0.027237354085603113
0.0 0.2392578125 0.8261997405966277 0.0146484375 0.02464332036316472
0.0 0.2890625 0.8417639429312581 0.015625 0.023346303501945526
0.0 0.3193359375 0.8573281452658884 0.0166015625 0.027237354085603113
0.0 0.3095703125 0.8404669260700389 0.0146484375 0.027237354085603113
0.0 0.27734375 0.8754863813229572 0.015625 0.027237354085603113
0.0 0.29296875 0.9066147859922179 0.015625 0.027237354085603113
0.0 0.33203125 0.8949416342412452 0.0166015625 0.02594033722438392
0.0 0.3447265625 0.933852140077821 0.017578125 0.02464332036316472
0.0 0.3759765625 0.9610894941634242 0.0185546875 0.029831387808041506
0.0 0.3671875 0.8573281452658884 0.0146484375 0.027237354085603113
0.0 0.3837890625 0.9260700389105059 0.013671875 0.02594033722438392
0.0 0.39453125 0.8573281452658884 0.015625 0.028534370946822308
0.0 0.216796875 0.7833981841763943 0.013671875 0.023346303501945526
0.0 0.234375 0.8028534370946823 0.0146484375 0.02204928664072633
0.0 0.203125 0.8236057068741893 0.015625 0.02594033722438392
0.0 0.2744140625 0.7872892347600519 0.01171875 0.027237354085603113
0.0 0.2978515625 0.7846952010376135 0.01171875 0.023346303501945526
0.0 0.314453125 0.8028534370946823 0.0126953125 0.02464332036316472
0.0 0.21875 0.7496757457846952 0.013671875 0.023346303501945526
0.0 0.251953125 0.7405966277561609 0.0126953125 0.023346303501945526
0.0 0.265625 0.7457846952010376 0.015625 0.02594033722438392
0.0 0.3173828125 0.7302204928664072 0.01171875 0.02204928664072633
0.0 0.3447265625 0.767833981841764 0.0166015625 0.028534370946822308
0.0 0.2265625 0.7003891050583657 0.0166015625 0.02594033722438392
0.0 0.255859375 0.7133592736705577 0.0166015625 0.02594033722438392
0.0 0.2099609375 0.6459143968871596 0.0146484375 0.02464332036316472
0.0 0.2265625 0.6511024643320363 0.0146484375 0.02464332036316472
0.0 0.23046875 0.6731517509727627 0.015625 0.023346303501945526
0.0 0.279296875 0.6900129701686122 0.0146484375 0.023346303501945526
0.0 0.283203125 0.648508430609598 0.0146484375 0.02204928664072633
0.0 0.1416015625 0.4604409857328145 0.0166015625 0.029831387808041506
0.0 0.2109375 0.5836575875486382 0.0126953125 0.023346303501945526
0.0 0.205078125 0.5045395590142672 0.013671875 0.020752269779507133
0.0 0.2470703125 0.6095979247730221 0.0146484375 0.023346303501945526
0.0 0.3134765625 0.5097276264591439 0.0126953125 0.02204928664072633
0.0 0.2412109375 0.582360570687419 0.013671875 0.023346303501945526
0.0 0.22265625 0.49286640726329445 0.0146484375 0.02204928664072633
0.0 0.34375 0.5188067444876784 0.0146484375 0.02464332036316472
0.0 0.3662109375 0.5447470817120622 0.013671875 0.02204928664072633
0.0 0.333984375 0.5460440985732814 0.0107421875 0.018158236057068743
0.0 0.3447265625 0.49416342412451364 0.0126953125 0.019455252918287938
0.0 0.359375 0.74189364461738 0.013671875 0.02464332036316472
0.0 0.33203125 0.6679636835278858 0.0166015625 0.027237354085603113
0.0 0.3740234375 0.708171206225681 0.015625 0.02594033722438392
0.0 0.39453125 0.7626459143968871 0.0146484375 0.02464332036316472
0.0 0.3916015625 0.7989623865110247 0.01953125 0.0311284046692607
0.0 0.3828125 0.5512321660181583 0.01171875 0.023346303501945526
0.0 0.392578125 0.5006485084306096 0.013671875 0.02204928664072633
0.0 0.4453125 0.5214007782101168 0.0126953125 0.02204928664072633
0.0 0.4375 0.5538261997405967 0.013671875 0.018158236057068743
0.0 0.4326171875 0.5252918287937743 0.01171875 0.019455252918287938
0.0 0.2998046875 0.41115434500648507 0.013671875 0.020752269779507133
0.0 0.3447265625 0.43060959792477305 0.013671875 0.020752269779507133
0.0 0.3876953125 0.437094682230869 0.0126953125 0.020752269779507133
0.0 0.4345703125 0.4176394293125811 0.0126953125 0.019455252918287938
0.0 0.4755859375 0.41245136186770426 0.0126953125 0.018158236057068743
0.0 0.4814453125 0.3787289234760052 0.013671875 0.020752269779507133
0.0 0.4658203125 0.35667963683527887 0.0126953125 0.02204928664072633
0.0 0.48046875 0.3346303501945525 0.0107421875 0.019455252918287938
0.0 0.466796875 0.3125810635538262 0.0107421875 0.016861219195849545
0.0 0.4541015625 0.3359273670557717 0.009765625 0.018158236057068743
0.0 0.380859375 0.3346303501945525 0.0126953125 0.018158236057068743
0.0 0.3369140625 0.3398184176394293 0.0107421875 0.016861219195849545
0.0 0.4228515625 0.3865110246433204 0.009765625 0.014267185473411154
0.0 0.4208984375 0.3203631647211414 0.0107421875 0.01556420233463035
0.0 0.3447265625 0.30739299610894943 0.0146484375 0.019455252918287938
0.0 0.3828125 0.3138780804150454 0.0126953125 0.014267185473411154
0.0 0.2861328125 0.31906614785992216 0.013671875 0.020752269779507133
0.0 0.291015625 0.35019455252918286 0.0126953125 0.019455252918287938
0.0 0.31640625 0.3631647211413748 0.0107421875 0.01556420233463035
0.0 0.2763671875 0.028534370946822308 0.0087890625 0.014267185473411154
0.0 0.302734375 0.03501945525291829 0.0087890625 0.01556420233463035
0.0 0.13671875 0.1219195849546044 0.009765625 0.018158236057068743
0.0 0.1728515625 0.13359273670557717 0.0107421875 0.018158236057068743
0.0 0.23828125 0.16861219195849547 0.009765625 0.01556420233463035
0.0 0.2802734375 0.16342412451361868 0.0087890625 0.014267185473411154
0.0 0.2900390625 0.1621271076523995 0.0087890625 0.014267185473411154
0.0 0.005859375 0.07133592736705577 0.0078125 0.011673151750972763
0.0 0.0322265625 0.14656290531776914 0.009765625 0.016861219195849545
0.0 0.048828125 0.15953307392996108 0.01171875 0.01556420233463035
0.0 0.0205078125 0.1621271076523995 0.01171875 0.018158236057068743
0.0 0.107421875 0.18028534370946822 0.013671875 0.019455252918287938
0.0 0.1298828125 0.1504539559014267 0.0107421875 0.019455252918287938
0.0 0.0810546875 0.16861219195849547 0.0126953125 0.01556420233463035
0.0 0.1513671875 0.20881971465629054 0.009765625 0.01556420233463035
0.0 0.1513671875 0.191958495460441 0.009765625 0.014267185473411154
0.0 0.1943359375 0.20492866407263294 0.0107421875 0.016861219195849545
0.0 0.1923828125 0.23476005188067445 0.009765625 0.016861219195849545
0.0 0.1748046875 0.1880674448767834 0.0087890625 0.014267185473411154
0.0 0.0859375 0.22957198443579765 0.0107421875 0.018158236057068743
0.0 0.05859375 0.2127107652399481 0.0107421875 0.014267185473411154
0.0 0.01953125 0.20363164721141375 0.009765625 0.016861219195849545
0.0 0.1572265625 0.23994811932555124 0.0126953125 0.019455252918287938
0.0 0.029296875 0.2723735408560311 0.0107421875 0.019455252918287938
0.0 0.060546875 0.2710765239948119 0.0107421875 0.019455252918287938
0.0 0.1015625 0.2619974059662776 0.0126953125 0.018158236057068743
0.0 0.130859375 0.2529182879377432 0.01171875 0.018158236057068743
0.0 0.1083984375 0.2438391699092088 0.009765625 0.016861219195849545
0.0 0.185546875 0.25680933852140075 0.0107421875 0.020752269779507133
0.0 0.1865234375 0.30739299610894943 0.013671875 0.020752269779507133
0.0 0.1494140625 0.3164721141374838 0.0126953125 0.020752269779507133
0.0 0.123046875 0.33722438391699094 0.0126953125 0.020752269779507133
0.0 0.0986328125 0.324254215304799 0.013671875 0.019455252918287938
0.0 0.0947265625 0.28793774319066145 0.0126953125 0.020752269779507133
0.0 0.015625 0.3424124513618677 0.01171875 0.01556420233463035
0.0 0.181640625 0.3463035019455253 0.0126953125 0.02204928664072633
0.0 0.05078125 0.36057068741893644 0.0126953125 0.018158236057068743
0.0 0.001953125 0.3670557717250324 0.01171875 0.018158236057068743
0.0 0.01953125 0.3852140077821012 0.0126953125 0.018158236057068743
0.0 0.05859375 0.3955901426718547 0.0126953125 0.02464332036316472
0.0 0.0966796875 0.41374837872892345 0.01171875 0.02204928664072633
0.0 0.130859375 0.40077821011673154 0.013671875 0.02204928664072633
0.0 0.154296875 0.38002594033722437 0.0126953125 0.020752269779507133
0.0 0.1728515625 0.42153047989623865 0.01171875 0.019455252918287938
0.0 0.201171875 0.41245136186770426 0.0126953125 0.019455252918287938
0.0 0.21484375 0.45395590142671854 0.0107421875 0.018158236057068743
0.0 0.181640625 0.46173800259403375 0.01171875 0.018158236057068743
0.0 0.11328125 0.4487678339818418 0.013671875 0.02204928664072633
0.0 0.0 0.4565499351491569 0.01171875 0.019455252918287938
0.0 0.0068359375 0.47341115434500647 0.009765625 0.020752269779507133
0.0 0.0205078125 0.5577172503242542 0.0166015625 0.019455252918287938
0.0 0.0205078125 0.4980544747081712 0.0126953125 0.02204928664072633
0.0 0.0478515625 0.5123216601815823 0.0126953125 0.019455252918287938
0.0 0.064453125 0.49286640726329445 0.01171875 0.02204928664072633
0.0 0.0517578125 0.4915693904020752 0.01171875 0.018158236057068743
0.0 0.0859375 0.5239948119325551 0.0146484375 0.018158236057068743
0.0 0.0810546875 0.5486381322957199 0.015625 0.023346303501945526
0.0 0.0625 0.5706874189364461 0.013671875 0.020752269779507133
0.0 0.11328125 0.5836575875486382 0.0146484375 0.02204928664072633
0.0 0.130859375 0.5654993514915694 0.0126953125 0.023346303501945526
0.0 0.1162109375 0.5473411154345007 0.0126953125 0.02464332036316472
0.0 0.947265625 0.2697795071335927 0.01171875 0.016861219195849545
0.0 0.931640625 0.23735408560311283 0.0126953125 0.020752269779507133
0.0 0.9638671875 0.23994811932555124 0.009765625 0.01556420233463035
0.0 0.9833984375 0.2723735408560311 0.01171875 0.019455252918287938
0.0 0.921875 0.3229571984435798 0.01171875 0.018158236057068743
0.0 0.9599609375 0.3138780804150454 0.01171875 0.016861219195849545
0.0 0.849609375 0.33852140077821014 0.0107421875 0.018158236057068743
0.0 0.8828125 0.377431906614786 0.0126953125 0.020752269779507133
0.0 0.7978515625 0.38780804150453957 0.0126953125 0.018158236057068743
0.0 0.7587890625 0.29442282749675747 0.0107421875 0.018158236057068743
0.0 0.7861328125 0.25551232166018156 0.009765625 0.014267185473411154
0.0 0.6875 0.3735408560311284 0.01171875 0.019455252918287938
0.0 0.6982421875 0.36964980544747084 0.009765625 0.014267185473411154
0.0 0.712890625 0.4059662775616083 0.0126953125 0.019455252918287938
0.0 0.7958984375 0.46173800259403375 0.0126953125 0.019455252918287938
0.0 0.8408203125 0.4578469520103761 0.013671875 0.020752269779507133
0.0 0.95703125 0.4915693904020752 0.01171875 0.020752269779507133
0.0 0.923828125 0.5395590142671854 0.013671875 0.023346303501945526
0.0 0.89453125 0.5447470817120622 0.0126953125 0.020752269779507133
0.0 0.826171875 0.5317769130998703 0.0107421875 0.019455252918287938
0.0 0.78515625 0.5136186770428015 0.013671875 0.020752269779507133
0.0 0.9794921875 0.5252918287937743 0.015625 0.019455252918287938
0.0 0.9755859375 0.543450064850843 0.013671875 0.019455252918287938
0.0 0.96875 0.556420233463035 0.0146484375 0.02204928664072633
0.0 0.9384765625 0.569390402075227 0.013671875 0.019455252918287938
0.0 0.9677734375 0.6277561608300908 0.0146484375 0.023346303501945526
0.0 0.8759765625 0.5992217898832685 0.013671875 0.020752269779507133
0.0 0.90625 0.6459143968871596 0.0126953125 0.019455252918287938
0.0 0.5634765625 0.3411154345006485 0.0107421875 0.020752269779507133
0.0 0.556640625 0.311284046692607 0.01171875 0.018158236057068743
0.0 0.615234375 0.2697795071335927 0.009765625 0.016861219195849545
0.0 0.52734375 0.3787289234760052 0.0107421875 0.016861219195849545
0.0 0.55078125 0.4033722438391699 0.0126953125 0.019455252918287938
0.0 0.5859375 0.3942931258106355 0.0126953125 0.019455252918287938
0.0 0.587890625 0.43190661478599224 0.013671875 0.020752269779507133
0.0 0.630859375 0.39040207522697795 0.01171875 0.020752269779507133
0.0 0.630859375 0.3437094682230869 0.0126953125 0.016861219195849545
0.0 0.5947265625 0.3450064850843061 0.0126953125 0.01556420233463035
0.0 0.603515625 0.324254215304799 0.0107421875 0.016861219195849545
0.0 0.6376953125 0.43320363164721143 0.0126953125 0.023346303501945526
0.0 0.6689453125 0.39040207522697795 0.0087890625 0.01556420233463035
0.0 0.638671875 0.38002594033722437 0.009765625 0.018158236057068743
0.0 0.580078125 0.4785992217898833 0.013671875 0.019455252918287938
0.0 0.6357421875 0.4876783398184176 0.013671875 0.020752269779507133
0.0 0.66015625 0.4993514915693904 0.009765625 0.016861219195849545
0.0 0.68359375 0.5175097276264592 0.0107421875 0.016861219195849545
0.0 0.669921875 0.5214007782101168 0.013671875 0.023346303501945526
0.0 0.6064453125 0.5395590142671854 0.013671875 0.02204928664072633
0.0 0.583984375 0.5265888456549935 0.0126953125 0.023346303501945526
0.0 0.55859375 0.5460440985732814 0.0107421875 0.020752269779507133
0.0 0.6826171875 0.44357976653696496 0.0126953125 0.023346303501945526
0.0 0.625 0.5330739299610895 0.013671875 0.020752269779507133
0.0 0.63671875 0.04928664072632944 0.009765625 0.019455252918287938
0.0 0.6474609375 0.07911802853437094 0.0078125 0.01556420233463035
0.0 0.677734375 0.06744487678339818 0.0087890625 0.01297016861219196
0.0 0.7138671875 0.08560311284046693 0.0087890625 0.014267185473411154
0.0 0.732421875 0.08041504539559015 0.0087890625 0.016861219195849545
0.0 0.755859375 0.09208819714656291 0.009765625 0.016861219195849545
0.0 0.7421875 0.12321660181582361 0.0107421875 0.020752269779507133
0.0 0.349609375 0.38132295719844356 0.0146484375 0.019455252918287938
0.0 0.3671875 0.49546044098573283 0.0126953125 0.023346303501945526
0.0 0.2451171875 0.26459143968871596 0.01171875 0.018158236057068743
0.0 0.2333984375 0.21141374837872892 0.009765625 0.01556420233463035
0.0 0.2548828125 0.22178988326848248 0.01171875 0.016861219195849545
0.0 0.2890625 0.23346303501945526 0.0107421875 0.016861219195849545
0.0 0.287109375 0.25810635538262 0.009765625 0.018158236057068743
0.0 0.2626953125 0.28664072632944226 0.01171875 0.019455252918287938
0.0 0.34765625 0.26848249027237353 0.009765625 0.018158236057068743
0.0 0.3154296875 0.2710765239948119 0.013671875 0.018158236057068743
0.0 0.3271484375 0.21530479896238652 0.0107421875 0.01556420233463035
0.0 0.3681640625 0.23476005188067445 0.0126953125 0.018158236057068743
0.0 0.4130859375 0.26329442282749677 0.01171875 0.018158236057068743
0.0 0.3818359375 0.26588845654993515 0.0087890625 0.016861219195849545
0.0 0.412109375 0.2191958495460441 0.009765625 0.019455252918287938
0.0 0.4296875 0.23605706874189364 0.0107421875 0.018158236057068743
0.0 0.435546875 0.20103761348897536 0.0107421875 0.018158236057068743
0.0 0.390625 0.18417639429312582 0.0107421875 0.016861219195849545
0.0 0.3994140625 0.1621271076523995 0.0107421875 0.01556420233463035
0.0 0.4423828125 0.15953307392996108 0.009765625 0.018158236057068743
0.0 0.34375 0.16861219195849547 0.0078125 0.014267185473411154
0.0 0.3583984375 0.17509727626459143 0.0107421875 0.016861219195849545
0.0 0.373046875 0.19066147859922178 0.009765625 0.01556420233463035
0.0 0.3125 0.1815823605706874 0.0107421875 0.016861219195849545
0.0 0.4169921875 0.27626459143968873 0.0107421875 0.020752269779507133
0.0 0.3330078125 0.11413748378728923 0.0087890625 0.014267185473411154
0.0 0.333984375 0.05317769130998703 0.0087890625 0.01556420233463035
0.0 0.3876953125 0.05058365758754864 0.0107421875 0.01556420233463035
0.0 0.4443359375 0.03761348897535668 0.0087890625 0.01556420233463035
0.0 0.3916015625 0.11024643320363164 0.0078125 0.01297016861219196
0.0 0.419921875 0.11673151750972763 0.0107421875 0.016861219195849545
0.0 0.466796875 0.11154345006485085 0.009765625 0.01556420233463035
0.0 0.4912109375 0.07522697795071336 0.009765625 0.014267185473411154
0.0 0.48046875 0.09857328145265888 0.009765625 0.01556420233463035
0.0 0.5087890625 0.057068741893644616 0.0078125 0.014267185473411154
0.0 0.54296875 0.04798962386511025 0.0087890625 0.01556420233463035
0.0 0.5888671875 0.08690012970168612 0.009765625 0.01556420233463035
0.0 0.603515625 0.03761348897535668 0.0087890625 0.011673151750972763
0.0 0.6142578125 0.07263294422827497 0.0107421875 0.020752269779507133
0.0 0.615234375 0.10765239948119326 0.009765625 0.016861219195849545
0.0 0.607421875 0.14526588845654995 0.0087890625 0.014267185473411154
0.0 0.6025390625 0.1309987029831388 0.0068359375 0.01556420233463035
0.0 0.58984375 0.12710765239948119 0.009765625 0.01556420233463035
0.0 0.5302734375 0.12840466926070038 0.009765625 0.014267185473411154
0.0 0.541015625 0.14915693904020752 0.01171875 0.01556420233463035
0.0 0.49609375 0.16601815823605706 0.01171875 0.018158236057068743
0.0 0.5302734375 0.17898832684824903 0.009765625 0.01556420233463035
0.0 0.5703125 0.1621271076523995 0.009765625 0.018158236057068743
0.0 0.4892578125 0.20622568093385213 0.0107421875 0.016861219195849545
0.0 0.4765625 0.20103761348897536 0.0107421875 0.019455252918287938
0.0 0.4775390625 0.25551232166018156 0.0107421875 0.01556420233463035
0.0 0.4638671875 0.2723735408560311 0.009765625 0.01556420233463035
0.0 0.5234375 0.26459143968871596 0.0126953125 0.018158236057068743
0.0 0.5263671875 0.23346303501945526 0.0107421875 0.018158236057068743
0.0 0.55078125 0.22178988326848248 0.0087890625 0.01556420233463035
0.0 0.5322265625 0.20363164721141375 0.0107421875 0.019455252918287938
0.0 0.5732421875 0.19844357976653695 0.0107421875 0.018158236057068743
0.0 0.59765625 0.19584954604409857 0.0107421875 0.01556420233463035
0.0 0.58984375 0.2204928664072633 0.0107421875 0.016861219195849545
0.0 0.57421875 0.22827496757457846 0.009765625 0.01297016861219196
0.0 0.5849609375 0.2594033722438392 0.0107421875 0.016861219195849545
0.0 0.57421875 0.2853437094682231 0.0126953125 0.020752269779507133
0.0 0.720703125 0.14526588845654995 0.0107421875 0.01556420233463035
0.0 0.7421875 0.1569390402075227 0.0087890625 0.016861219195849545
0.0 0.755859375 0.1608300907911803 0.0107421875 0.016861219195849545
0.0 0.6484375 0.12321660181582361 0.009765625 0.014267185473411154
0.0 0.634765625 0.13488975356679636 0.0078125 0.01556420233463035
0.0 0.6728515625 0.14137483787289234 0.0087890625 0.01556420233463035
0.0 0.673828125 0.08949416342412451 0.009765625 0.011673151750972763
0.0 0.6416015625 0.17639429312581065 0.009765625 0.016861219195849545
0.0 0.62109375 0.18417639429312582 0.0107421875 0.016861219195849545
0.0 0.7138671875 0.18028534370946822 0.009765625 0.016861219195849545
0.0 0.7021484375 0.1621271076523995 0.0078125 0.01556420233463035
0.0 0.6806640625 0.1815823605706874 0.0126953125 0.019455252918287938
0.0 0.7626953125 0.19066147859922178 0.0107421875 0.018158236057068743
0.0 0.7451171875 0.19455252918287938 0.009765625 0.014267185473411154
0.0 0.720703125 0.20492866407263294 0.0087890625 0.01556420233463035
0.0 0.6650390625 0.22957198443579765 0.0087890625 0.018158236057068743
0.0 0.669921875 0.21141374837872892 0.009765625 0.016861219195849545
0.0 0.65234375 0.25551232166018156 0.0107421875 0.018158236057068743
0.0 0.6298828125 0.22568093385214008 0.0087890625 0.01556420233463035
0.0 0.6318359375 0.2931258106355383 0.01171875 0.019455252918287938
0.0 0.705078125 0.2594033722438392 0.01171875 0.018158236057068743
0.0 0.72265625 0.23865110246433205 0.01171875 0.019455252918287938
0.0 0.6767578125 0.24254215304798962 0.0078125 0.018158236057068743
0.0 0.69140625 0.27626459143968873 0.009765625 0.01556420233463035
0.0 0.677734375 0.3424124513618677 0.0126953125 0.020752269779507133
0.0 0.69140625 0.31906614785992216 0.009765625 0.01556420233463035
0.0 0.7373046875 0.3009079118028534 0.01171875 0.019455252918287938
0.0 0.7568359375 0.3138780804150454 0.009765625 0.018158236057068743
0.0 0.7529296875 0.25680933852140075 0.0126953125 0.01556420233463035
0.0 0.8701171875 0.055771725032425425 0.0107421875 0.016861219195849545
0.0 0.9052734375 0.05058365758754864 0.0107421875 0.016861219195849545
0.0 0.94140625 0.0959792477302205 0.013671875 0.020752269779507133
0.0 0.9736328125 0.08560311284046693 0.009765625 0.016861219195849545
0.0 0.8896484375 0.10635538261997406 0.0107421875 0.016861219195849545
0.0 0.892578125 0.13229571984435798 0.009765625 0.018158236057068743
0.0 0.8505859375 0.10246433203631647 0.0107421875 0.01556420233463035
0.0 0.9404296875 0.1297016861219196 0.0087890625 0.016861219195849545
0.0 0.9677734375 0.16601815823605706 0.0107421875 0.02204928664072633
0.0 0.9296875 0.16601815823605706 0.009765625 0.018158236057068743
0.0 0.939453125 0.1582360570687419 0.0107421875 0.018158236057068743
0.0 0.9228515625 0.1556420233463035 0.009765625 0.014267185473411154
0.0 0.9140625 0.1504539559014267 0.009765625 0.018158236057068743
0.0 0.88671875 0.1556420233463035 0.009765625 0.016861219195849545
0.0 0.869140625 0.14526588845654995 0.009765625 0.016861219195849545
0.0 0.8505859375 0.14526588845654995 0.0107421875 0.016861219195849545
0.0 0.8203125 0.11154345006485085 0.0107421875 0.02204928664072633
0.0 0.7861328125 0.13359273670557717 0.009765625 0.016861219195849545
0.0 0.78515625 0.1543450064850843 0.0107421875 0.01556420233463035
0.0 0.796875 0.16861219195849547 0.0087890625 0.018158236057068743
0.0 0.8271484375 0.16472114137483787 0.009765625 0.018158236057068743
0.0 0.8427734375 0.17769130998702984 0.0107421875 0.018158236057068743
0.0 0.916015625 0.19455252918287938 0.01171875 0.020752269779507133
0.0 0.9443359375 0.21011673151750973 0.0126953125 0.02204928664072633
0.0 0.962890625 0.2127107652399481 0.0126953125 0.019455252918287938
0.0 0.873046875 0.2230869001297017 0.01171875 0.020752269779507133
0.0 0.8212890625 0.24124513618677043 0.0146484375 0.019455252918287938
0.0 0.8076171875 0.20881971465629054 0.009765625 0.01556420233463035
0.0 0.80859375 0.22178988326848248 0.0107421875 0.018158236057068743
0.0 0.8466796875 0.23346303501945526 0.01171875 0.019455252918287938
0.0 0.869140625 0.2801556420233463 0.009765625 0.01297016861219196
0.0 0.8896484375 0.25810635538262 0.009765625 0.01556420233463035
0.0 0.91015625 0.2775616083009079 0.0107421875 0.014267185473411154
0.0 0.876953125 0.6627756160830091 0.0146484375 0.019455252918287938
0.0 0.970703125 0.6679636835278858 0.01171875 0.020752269779507133
0.0 0.943359375 0.6900129701686122 0.015625 0.02464332036316472
0.0 0.8056640625 0.6044098573281452 0.0126953125 0.018158236057068743
0.0 0.861328125 0.6381322957198443 0.0126953125 0.02204928664072633
0.0 0.80078125 0.6329442282749675 0.013671875 0.020752269779507133
0.0 0.822265625 0.642023346303502 0.013671875 0.020752269779507133
0.0 0.810546875 0.6640726329442282 0.0126953125 0.02204928664072633
0.0 0.7783203125 0.62905317769131 0.013671875 0.02204928664072633
0.0 0.751953125 0.6744487678339819 0.0146484375 0.028534370946822308
0.0 0.7880859375 0.7016861219195849 0.0107421875 0.02204928664072633
0.0 0.8564453125 0.5966277561608301 0.013671875 0.02204928664072633
0.0 0.8056640625 0.5784695201037614 0.013671875 0.019455252918287938
0.0 0.7939453125 0.5940337224383917 0.01171875 0.018158236057068743
0.0 0.8447265625 0.5862516212710766 0.0126953125 0.018158236057068743
0.0 0.771484375 0.6549935149156939 0.0146484375 0.023346303501945526
0.0 0.705078125 0.6614785992217899 0.0146484375 0.02204928664072633
0.0 0.69140625 0.7561608300907912 0.013671875 0.02204928664072633
0.0 0.69921875 0.7354085603112841 0.015625 0.023346303501945526
0.0 0.751953125 0.7509727626459144 0.013671875 0.02464332036316472
0.0 0.77734375 0.7328145265888456 0.0126953125 0.02204928664072633
0.0 0.7998046875 0.7405966277561609 0.0146484375 0.02464332036316472
0.0 0.837890625 0.7107652399481194 0.0146484375 0.02204928664072633
0.0 0.72265625 0.7976653696498055 0.0126953125 0.02464332036316472
0.0 0.6650390625 0.7976653696498055 0.0166015625 0.02594033722438392
0.0 0.6591796875 0.8158236057068742 0.0166015625 0.023346303501945526
0.0 0.6513671875 0.9520103761348897 0.0166015625 0.0311284046692607
0.0 0.6591796875 0.8560311284046692 0.0146484375 0.027237354085603113
0.0 0.703125 0.8365758754863813 0.0166015625 0.02594033722438392
0.0 0.697265625 0.874189364461738 0.0185546875 0.02594033722438392
0.0 0.724609375 0.8560311284046692 0.0166015625 0.02594033722438392
0.0 0.7451171875 0.8352788586251622 0.0126953125 0.019455252918287938
0.0 0.7294921875 0.8962386511024644 0.0166015625 0.02464332036316472
0.0 0.7060546875 0.9014267185473411 0.0166015625 0.029831387808041506
0.0 0.681640625 0.9130998702983139 0.0146484375 0.027237354085603113
0.0 0.6943359375 0.9649805447470817 0.01953125 0.029831387808041506
0.0 0.634765625 0.9818417639429312 0.0166015625 0.018158236057068743
0.0 0.77734375 0.9701686121919585 0.017578125 0.029831387808041506
0.0 0.7666015625 0.9260700389105059 0.017578125 0.027237354085603113
0.0 0.7900390625 0.8780804150453956 0.017578125 0.028534370946822308
0.0 0.806640625 0.8158236057068742 0.0146484375 0.02204928664072633
0.0 0.8115234375 0.9234760051880675 0.01171875 0.02594033722438392
0.0 0.83203125 0.9688715953307393 0.0126953125 0.023346303501945526
0.0 0.9541015625 0.74189364461738 0.013671875 0.023346303501945526
0.0 0.8984375 0.7224383916990921 0.013671875 0.020752269779507133
0.0 0.869140625 0.7626459143968871 0.0146484375 0.020752269779507133
0.0 0.9072265625 0.7898832684824902 0.013671875 0.020752269779507133
0.0 0.9423828125 0.7911802853437094 0.015625 0.027237354085603113
0.0 0.9140625 0.7392996108949417 0.0126953125 0.020752269779507133
0.0 0.935546875 0.7730220492866408 0.0146484375 0.02594033722438392
0.0 0.8740234375 0.7924773022049286 0.0146484375 0.02594033722438392
0.0 0.8486328125 0.7924773022049286 0.0146484375 0.02594033722438392
0.0 0.9814453125 0.767833981841764 0.013671875 0.023346303501945526
0.0 0.984375 0.7055771725032426 0.0107421875 0.019455252918287938
0.0 0.86328125 0.8560311284046692 0.017578125 0.02204928664072633
0.0 0.8974609375 0.8599221789883269 0.0166015625 0.02594033722438392
0.0 0.9384765625 0.8274967574578469 0.0146484375 0.027237354085603113
0.0 0.970703125 0.8365758754863813 0.0146484375 0.02464332036316472
0.0 0.984375 0.8261997405966277 0.009765625 0.016861219195849545
0.0 0.88671875 0.8313878080415046 0.015625 0.023346303501945526
0.0 0.8701171875 0.8236057068741893 0.013671875 0.02204928664072633
0.0 0.9091796875 0.8949416342412452 0.0166015625 0.027237354085603113
0.0 0.8544921875 0.8884565499351491 0.013671875 0.02464332036316472
0.0 0.8603515625 0.9079118028534371 0.0146484375 0.02594033722438392
0.0 0.96875 0.8586251621271076 0.0146484375 0.027237354085603113
0.0 0.9404296875 0.959792477302205 0.0166015625 0.028534370946822308
0.0 0.9130859375 0.9507133592736705 0.0185546875 0.0311284046692607
0.0 0.8837890625 0.9377431906614786 0.0146484375 0.028534370946822308
0.0 0.73828125 0.7016861219195849 0.0146484375 0.02204928664072633
0.0 0.76953125 0.8119325551232166 0.0166015625 0.023346303501945526
0.0 0.1416015625 0.8832684824902723 0.0146484375 0.02594033722438392
0.0 0.1083984375 0.8793774319066148 0.017578125 0.02464332036316472
0.0 0.064453125 0.3359273670557717 0.0126953125 0.020752269779507133
0.0 0.8798828125 0.6900129701686122 0.0166015625 0.023346303501945526
0.0 0.9111328125 0.6186770428015564 0.0126953125 0.020752269779507133
0.0 0.9365234375 0.6147859922178989 0.0126953125 0.023346303501945526
0.0 0.96484375 0.6005188067444877 0.01171875 0.02204928664072633
0.0 0.5380859375 0.08171206225680934 0.01171875 0.019455252918287938
0.0 0.5810546875 0.06355382619974059 0.0107421875 0.019455252918287938
0.0 0.4775390625 0.22697795071335927 0.01171875 0.018158236057068743
0.0 0.3173828125 0.29442282749675747 0.01171875 0.019455252918287938
0.0 0.8466796875 0.5239948119325551 0.0107421875 0.02464332036316472
0.0 0.8583984375 0.74189364461738 0.0146484375 0.0324254215304799
0.0 0.962890625 0.8962386511024644 0.0126953125 0.02464332036316472
0.0 0.9931640625 0.9001297016861219 0.0068359375 0.03631647211413749
0.0 0.5859375 0.36186770428015563 0.0126953125 0.020752269779507133
0.0 0.513671875 0.3748378728923476 0.01171875 0.020752269779507133
0.0 0.736328125 0.3476005188067445 0.009765625 0.019455252918287938
0.0 0.8720703125 0.18028534370946822 0.009765625 0.019455252918287938
