0.0 0.87548828125 0.7733812949640287 0.0302734375 0.058992805755395686
0.0 0.94384765625 0.4748201438848921 0.0146484375 0.02302158273381295
0.0 0.97119140625 0.42949640287769786 0.0087890625 0.015827338129496403
0.0 0.9951171875 0.420863309352518 0.0078125 0.015827338129496403
0.0 0.94140625 0.43453237410071943 0.009765625 0.014388489208633094
0.0 0.07763671875 0.7784172661870503 0.0478515625 0.08633093525179857
0.0 0.18798828125 0.47697841726618706 0.0107421875 0.01870503597122302
0.0 0.21728515625 0.45611510791366905 0.0107421875 0.02014388489208633
0.0 0.20849609375 0.439568345323741 0.0087890625 0.01870503597122302
0.0 0.17822265625 0.4366906474820144 0.0126953125 0.01870503597122302
0.0 0.1796875 0.5136690647482014 0.009765625 0.014388489208633094
0.0 0.138671875 0.46906474820143884 0.0078125 0.017266187050359712
0.0 0.126953125 0.46402877697841727 0.009765625 0.012949640287769784
0.0 0.0888671875 0.5014388489208633 0.0078125 0.015827338129496403
0.0 0.06103515625 0.4719424460431655 0.0107421875 0.017266187050359712
0.0 0.07421875 0.4618705035971223 0.009765625 0.017266187050359712
0.0 0.06982421875 0.44028776978417267 0.0107421875 0.017266187050359712
0.0 0.04443359375 0.43597122302158275 0.0107421875 0.014388489208633094
0.0 0.03173828125 0.46618705035971225 0.0107421875 0.017266187050359712
0.0 0.0302734375 0.5007194244604316 0.009765625 0.014388489208633094
0.0 0.01123046875 0.4381294964028777 0.0107421875 0.01870503597122302
0.0 0.05078125 0.40863309352517985 0.009765625 0.017266187050359712
0.0 0.0703125 0.4 0.0078125 0.014388489208633094
0.0 0.072265625 0.4223021582733813 0.0078125 0.012949640287769784
0.0 0.107421875 0.418705035971223 0.01171875 0.02014388489208633
0.0 0.146484375 0.420863309352518 0.01171875 0.01870503597122302
0.0 0.12255859375 0.41654676258992807 0.0087890625 0.015827338129496403
0.0 0.12060546875 0.4568345323741007 0.0087890625 0.015827338129496403
0.0 0.111328125 0.44676258992805756 0.009765625 0.015827338129496403
0.0 0.2197265625 0.40431654676258993 0.0078125 0.011510791366906475
0.0 0.25048828125 0.4 0.0087890625 0.014388489208633094
0.0 0.25830078125 0.4352517985611511 0.0107421875 0.01870503597122302
0.0 0.00927734375 0.41079136690647483 0.0087890625 0.015827338129496403
0.0 0.01953125 0.37194244604316545 0.0078125 0.012949640287769784
0.0 0.1640625 0.44964028776978415 0.0078125 0.015827338129496403
0.0 0.181640625 0.4158273381294964 0.009765625 0.014388489208633094
