0.0 0.05078125 0.2805232558139535 0.0361328125 0.05232558139534884
0.0 0.021484375 0.2238372093023256 0.01171875 0.01744186046511628
0.0 0.1240234375 0.2688953488372093 0.0263671875 0.04941860465116279
0.0 0.169921875 0.2238372093023256 0.01171875 0.015988372093023256
0.0 0.2216796875 0.28488372093023256 0.021484375 0.03343023255813953
0.0 0.2470703125 0.3023255813953488 0.021484375 0.04215116279069767
0.0 0.3076171875 0.2936046511627907 0.0341796875 0.0625
0.0 0.39453125 0.2805232558139535 0.0185546875 0.04215116279069767
0.0 0.435546875 0.2703488372093023 0.021484375 0.0436046511627907
0.0 0.5185546875 0.32558139534883723 0.0205078125 0.03488372093023256
0.0 0.46875 0.3633720930232558 0.0234375 0.0436046511627907
0.0 0.6845703125 0.3125 0.01953125 0.03924418604651163
0.0 0.740234375 0.3502906976744186 0.0478515625 0.08866279069767442
0.0 0.88671875 0.375 0.0478515625 0.07848837209302326
0.0 0.966796875 0.28488372093023256 0.015625 0.030523255813953487
0.0 0.6240234375 0.3241279069767442 0.0244140625 0.05377906976744186
0.0 0.4287109375 0.22965116279069767 0.0087890625 0.015988372093023256
0.0 0.9296875 0.313953488372093 0.0205078125 0.05232558139534884
