0.0 0.0087890625 0.58203125 0.015625 0.024739583333333332
0.0 0.1298828125 0.35546875 0.0078125 0.013020833333333334
0.0 0.1640625 0.2942708333333333 0.0087890625 0.010416666666666666
0.0 0.26953125 0.3033854166666667 0.009765625 0.013020833333333334
0.0 0.216796875 0.3763020833333333 0.0087890625 0.014322916666666666
0.0 0.369140625 0.3072916666666667 0.0078125 0.009114583333333334
0.0 0.3935546875 0.32421875 0.0078125 0.01171875
0.0 0.3544921875 0.3776041666666667 0.0087890625 0.01171875
0.0 0.4375 0.3828125 0.009765625 0.018229166666666668
0.0 0.4521484375 0.3802083333333333 0.0107421875 0.015625
0.0 0.505859375 0.3333333333333333 0.0078125 0.014322916666666666
0.0 0.482421875 0.2955729166666667 0.0068359375 0.010416666666666666
0.0 0.5859375 0.2903645833333333 0.0068359375 0.010416666666666666
0.0 0.703125 0.2916666666666667 0.0078125 0.010416666666666666
0.0 0.63671875 0.3515625 0.0087890625 0.013020833333333334
0.0 0.7333984375 0.3984375 0.009765625 0.015625
0.0 0.5791015625 0.4153645833333333 0.0087890625 0.014322916666666666
0.0 0.810546875 0.2981770833333333 0.005859375 0.010416666666666666
0.0 0.9033203125 0.3541666666666667 0.009765625 0.014322916666666666
0.0 0.275390625 0.5130208333333334 0.01171875 0.014322916666666666
0.0 0.2548828125 0.6028645833333334 0.015625 0.024739583333333332
0.0 0.4169921875 0.5690104166666666 0.013671875 0.022135416666666668
0.0 0.5107421875 0.6041666666666666 0.015625 0.0234375
0.0 0.6806640625 0.6614583333333334 0.0146484375 0.0234375
0.0 0.75390625 0.5182291666666666 0.01171875 0.016927083333333332
0.0 0.8837890625 0.6979166666666666 0.017578125 0.024739583333333332
0.0 0.982421875 0.69921875 0.017578125 0.029947916666666668
