0.0 0.67626953125 0.3587239583333333 0.0283203125 0.045572916666666664
0.0 0.607421875 0.3548177083333333 0.0390625 0.055989583333333336
0.0 0.50634765625 0.3704427083333333 0.0302734375 0.048177083333333336
0.0 0.4482421875 0.3776041666666667 0.04296875 0.057291666666666664
0.0 0.4130859375 0.369140625 0.021484375 0.03515625
0.0 0.3759765625 0.3951822916666667 0.02734375 0.040364583333333336
0.0 0.32666015625 0.3834635416666667 0.0185546875 0.040364583333333336
0.0 0.27783203125 0.3958333333333333 0.0185546875 0.026041666666666668
0.0 0.2197265625 0.3912760416666667 0.017578125 0.02734375
0.0 0.24658203125 0.34375 0.0166015625 0.018229166666666668
0.0 0.2568359375 0.3411458333333333 0.009765625 0.020833333333333332
0.0 0.26904296875 0.3411458333333333 0.0087890625 0.015625
0.0 0.2802734375 0.3470052083333333 0.009765625 0.014322916666666666
0.0 0.21533203125 0.365234375 0.0166015625 0.022135416666666668
0.0 0.17822265625 0.349609375 0.0087890625 0.014322916666666666
0.0 0.18896484375 0.34375 0.0107421875 0.013020833333333334
0.0 0.0126953125 0.3248697916666667 0.005859375 0.009114583333333334
0.0 0.15771484375 0.328125 0.0048828125 0.0078125
0.0 0.119140625 0.328125 0.005859375 0.0078125
0.0 0.1123046875 0.3483072916666667 0.0078125 0.01171875
0.0 0.1806640625 0.3125 0.005859375 0.0078125
0.0 0.2080078125 0.310546875 0.005859375 0.009114583333333334
0.0 0.26611328125 0.3079427083333333 0.0068359375 0.01171875
0.0 0.1669921875 0.3255208333333333 0.005859375 0.010416666666666666
0.0 0.3935546875 0.3385416666666667 0.01171875 0.020833333333333332
0.0 0.52490234375 0.3203125 0.0068359375 0.010416666666666666
0.0 0.7216796875 0.3951822916666667 0.03515625 0.05859375
