0.0 0.7197265625 0.8301610541727672 0.041015625 0.0849194729136164
0.0 0.63037109375 0.6142020497803806 0.0419921875 0.07174231332357248
0.0 0.59521484375 0.58199121522694 0.0400390625 0.06588579795021962
0.0 0.86083984375 0.5614934114202049 0.0322265625 0.06881405563689605
0.0 0.77880859375 0.41654465592972184 0.0419921875 0.07174231332357248
0.0 0.9365234375 0.3140556368960469 0.0390625 0.0746705710102489
0.0 0.98779296875 0.4055636896046852 0.0244140625 0.08199121522693997
0.0 0.97265625 0.17130307467057102 0.0234375 0.040995607613469986
0.0 0.86474609375 0.1822840409956076 0.0283203125 0.048316251830161056
0.0 0.9091796875 0.1720351390922401 0.021484375 0.036603221083455345
0.0 0.90673828125 0.08931185944363104 0.0166015625 0.029282576866764276
0.0 0.7509765625 0.19326500732064422 0.0234375 0.040995607613469986
0.0 0.7939453125 0.18448023426061494 0.01953125 0.040995607613469986
0.0 0.8134765625 0.28184480234260617 0.02734375 0.048316251830161056
0.0 0.65185546875 0.29282576866764276 0.0244140625 0.03806734992679356
0.0 0.6689453125 0.3989751098096633 0.029296875 0.048316251830161056
0.0 0.6435546875 0.438506588579795 0.03515625 0.05710102489019034
0.0 0.947265625 0.4289897510980966 0.03515625 0.055636896046852125
0.0 0.48095703125 0.83601756954612 0.0380859375 0.06149341142020498
0.0 0.5224609375 0.6346998535871157 0.044921875 0.06881405563689605
0.0 0.45947265625 0.62298682284041 0.0361328125 0.0629575402635432
0.0 0.38134765625 0.7628111273792094 0.0263671875 0.06734992679355783
0.0 0.3251953125 0.9158125915080527 0.05078125 0.09224011713030747
0.0 0.49072265625 0.9516837481698389 0.0380859375 0.08784773060029283
0.0 0.345703125 0.6325036603221084 0.03515625 0.055636896046852125
0.0 0.2265625 0.931185944363104 0.041015625 0.08199121522693997
0.0 0.21875 0.8191800878477306 0.0390625 0.060029282576866766
0.0 0.19482421875 0.7225475841874085 0.0283203125 0.05417276720351391
0.0 0.11474609375 0.8023426061493412 0.0302734375 0.06442166910688141
0.0 0.03857421875 0.6610541727672035 0.0244140625 0.0424597364568082
0.0 0.06396484375 0.6171303074670571 0.0224609375 0.03953147877013177
0.0 0.0810546875 0.6837481698389458 0.03125 0.0527086383601757
0.0 0.037109375 0.7986822840409956 0.037109375 0.05124450951683748
0.0 0.11865234375 0.49487554904831627 0.0205078125 0.03513909224011713
0.0 0.1591796875 0.48975109809663253 0.01953125 0.036603221083455345
0.0 0.205078125 0.46925329428989754 0.021484375 0.036603221083455345
0.0 0.07763671875 0.5541727672035139 0.0224609375 0.03953147877013177
0.0 0.0361328125 0.5461200585651538 0.017578125 0.029282576866764276
0.0 0.07275390625 0.4773060029282577 0.0126953125 0.032210834553440704
0.0 0.2490234375 0.5666178623718887 0.017578125 0.03806734992679356
0.0 0.1552734375 0.6434846266471449 0.025390625 0.04538799414348463
0.0 0.12548828125 0.5761346998535871 0.0244140625 0.03953147877013177
0.0 0.36865234375 0.3733528550512445 0.0205078125 0.029282576866764276
0.0 0.37841796875 0.45973645680819913 0.0283203125 0.0527086383601757
0.0 0.3896484375 0.5439238653001464 0.025390625 0.060029282576866766
0.0 0.54833984375 0.47291361639824303 0.0302734375 0.055636896046852125
0.0 0.56591796875 0.33528550512445093 0.0244140625 0.04685212298682284
0.0 0.40771484375 0.41947291361639827 0.0263671875 0.0424597364568082
0.0 0.458984375 0.40995607613469986 0.02734375 0.04685212298682284
0.0 0.4951171875 0.369692532942899 0.025390625 0.04538799414348463
0.0 0.4326171875 0.3323572474377745 0.01953125 0.03513909224011713
0.0 0.4140625 0.3279648609077599 0.021484375 0.03806734992679356
0.0 0.31787109375 0.2972181551976574 0.0107421875 0.017569546120058566
0.0 0.34130859375 0.2745241581259151 0.0087890625 0.01903367496339678
0.0 0.2900390625 0.2986822840409956 0.0078125 0.01171303074670571
0.0 0.2451171875 0.3008784773060029 0.0078125 0.013177159590043924
0.0 0.013671875 0.4773060029282577 0.015625 0.02635431918008785
0.0 0.90185546875 0.6522693997071742 0.0439453125 0.07174231332357248
0.0 0.58642578125 0.1720351390922401 0.0087890625 0.016105417276720352
0.0 0.55419921875 0.12518301610541727 0.0087890625 0.016105417276720352
0.0 0.5361328125 0.12884333821376281 0.009765625 0.014641288433382138
0.0 0.5146484375 0.2108345534407028 0.0078125 0.014641288433382138
0.0 0.80029296875 0.07247437774524158 0.0087890625 0.01903367496339678
0.0 0.841796875 0.07979502196193265 0.013671875 0.016105417276720352
0.0 0.86962890625 0.04172767203513909 0.0087890625 0.01903367496339678
0.0 0.89453125 0.01903367496339678 0.01171875 0.020497803806734993
0.0 0.85546875 0.18667642752562225 0.021484375 0.0424597364568082
0.0 0.59130859375 0.4084919472913616 0.0302734375 0.043923865300146414
0.0 0.626953125 0.3726207906295754 0.0234375 0.05124450951683748
0.0 0.41552734375 0.7818448023426061 0.0302734375 0.06442166910688141
0.0 0.1103515625 0.3931185944363104 0.017578125 0.03074670571010249
0.0 0.11279296875 0.5702781844802343 0.0166015625 0.03367496339677892
0.0 0.35498046875 0.7086383601756955 0.0224609375 0.0527086383601757
