0.0 0.8095703125 0.31958762886597936 0.072265625 0.11487481590574374
0.0 0.7177734375 0.30633284241531666 0.0546875 0.09131075110456553
0.0 0.5185546875 0.4182621502209131 0.0712890625 0.11045655375552282
0.0 0.1982421875 0.40795287187039764 0.0751953125 0.12223858615611193
0.0 0.0185546875 0.41237113402061853 0.056640625 0.10456553755522828
0.0 0.056640625 0.38291605301914583 0.0478515625 0.09278350515463918
0.0 0.28125 0.39764359351988215 0.0546875 0.09720176730486009
0.0 0.4521484375 0.35640648011782033 0.0390625 0.06480117820324006
0.0 0.4306640625 0.34609720176730485 0.0341796875 0.061855670103092786
0.0 0.37890625 0.36082474226804123 0.0283203125 0.048600883652430045
0.0 0.09765625 0.3784977908689249 0.0419921875 0.07069219440353461
0.0 0.1376953125 0.3387334315169367 0.0205078125 0.039764359351988215
0.0 0.6318359375 0.33431516936671574 0.0400390625 0.06332842415316642
0.0 0.6533203125 0.3181148748159057 0.0341796875 0.07216494845360824
0.0 0.91796875 0.3755522827687776 0.046875 0.08689248895434462
0.0 0.8935546875 0.30486008836524303 0.0263671875 0.05154639175257732
0.0 0.9296875 0.2916053019145803 0.0224609375 0.045655375552282766
0.0 0.578125 0.3078055964653903 0.0185546875 0.03240058910162003
0.0 0.6005859375 0.31516936671575846 0.013671875 0.01914580265095729
