0.0 0.09716796875 0.5197947214076246 0.0087890625 0.016129032258064516
0.0 0.12255859375 0.5256598240469208 0.0126953125 0.021994134897360705
0.0 0.16064453125 0.5161290322580645 0.0126953125 0.020527859237536656
0.0 0.18017578125 0.5359237536656891 0.0107421875 0.01906158357771261
0.0 0.2001953125 0.5395894428152492 0.009765625 0.017595307917888565
0.0 0.2197265625 0.5227272727272727 0.01171875 0.01906158357771261
0.0 0.24462890625 0.5417888563049853 0.0126953125 0.01906158357771261
0.0 0.26123046875 0.5344574780058651 0.0107421875 0.016129032258064516
0.0 0.27587890625 0.532991202346041 0.0087890625 0.016129032258064516
0.0 0.3603515625 0.5087976539589443 0.013671875 0.020527859237536656
0.0 0.31689453125 0.5139296187683284 0.0087890625 0.013196480938416423
0.0 0.3798828125 0.5205278592375366 0.01171875 0.017595307917888565
0.0 0.48974609375 0.5205278592375366 0.0166015625 0.02346041055718475
0.0 0.6015625 0.5102639296187683 0.009765625 0.01466275659824047
0.0 0.6181640625 0.5205278592375366 0.01171875 0.017595307917888565
0.0 0.630859375 0.5359237536656891 0.013671875 0.01906158357771261
0.0 0.7001953125 0.5065982404692082 0.009765625 0.016129032258064516
0.0 0.7666015625 0.5373900293255132 0.01171875 0.016129032258064516
0.0 0.85400390625 0.5388563049853372 0.0107421875 0.021994134897360705
0.0 0.8759765625 0.5197947214076246 0.013671875 0.01906158357771261
0.0 0.92626953125 0.5161290322580645 0.0087890625 0.017595307917888565
0.0 0.91015625 0.5197947214076246 0.0078125 0.013196480938416423
