0.0 0.26220703125 0.27298050139275765 0.0205078125 0.027855153203342618
0.0 0.32177734375 0.30779944289693595 0.0185546875 0.036211699164345405
0.0 0.4306640625 0.3279944289693593 0.013671875 0.02924791086350975
0.0 0.90673828125 0.5174094707520891 0.0224609375 0.04596100278551532
0.0 0.97998046875 0.4909470752089137 0.0146484375 0.018105849582172703
0.0 0.92333984375 0.4958217270194986 0.0107421875 0.019498607242339833
0.0 0.98828125 0.4373259052924791 0.01171875 0.019498607242339833
0.0 0.99169921875 0.46518105849582175 0.0107421875 0.016713091922005572
0.0 0.97119140625 0.4435933147632312 0.0107421875 0.020891364902506964
0.0 0.861328125 0.4986072423398329 0.01171875 0.019498607242339833
0.0 0.87890625 0.47075208913649025 0.01171875 0.019498607242339833
0.0 0.89404296875 0.4401114206128134 0.0087890625 0.019498607242339833
0.0 0.85400390625 0.4435933147632312 0.0126953125 0.018105849582172703
0.0 0.8701171875 0.45473537604456826 0.0078125 0.01532033426183844
0.0 0.83544921875 0.4700557103064067 0.0126953125 0.01532033426183844
0.0 0.8486328125 0.46866295264623953 0.009765625 0.018105849582172703
0.0 0.92236328125 0.4714484679665738 0.0107421875 0.018105849582172703
0.0 0.8203125 0.47493036211699163 0.009765625 0.013927576601671309
0.0 0.927734375 0.4428969359331476 0.009765625 0.016713091922005572
0.0 0.89501953125 0.46657381615598886 0.0087890625 0.013927576601671309
0.0 0.849609375 0.4979108635097493 0.009765625 0.01532033426183844
0.0 0.828125 0.4979108635097493 0.0078125 0.01532033426183844
0.0 0.83642578125 0.4986072423398329 0.0068359375 0.013927576601671309
0.0 0.49267578125 0.4610027855153203 0.0087890625 0.019498607242339833
0.0 0.52587890625 0.5083565459610028 0.0087890625 0.011142061281337047
0.0 0.47705078125 0.5125348189415042 0.0087890625 0.011142061281337047
0.0 0.44970703125 0.5236768802228412 0.0068359375 0.013927576601671309
0.0 0.4462890625 0.5118384401114207 0.005859375 0.009749303621169917
