0.0 0.0224609375 0.2528223410576352 0.01953125 0.0184194890077243
0.0 0.1171875 0.24272133095662507 0.0234375 0.0172311348781937
0.0 0.02392578125 0.1925133689839572 0.0126953125 0.008318478906714201
0.0 0.0224609375 0.17201426024955438 0.01171875 0.008912655971479501
0.0 0.04638671875 0.16696375519904932 0.0087890625 0.0071301247771836
0.0 0.00830078125 0.19132501485442663 0.0126953125 0.008318478906714201
0.0 0.01513671875 0.15240641711229946 0.0087890625 0.007724301841948901
0.0 0.0869140625 0.14646464646464646 0.0078125 0.0053475935828877
0.0 0.13330078125 0.14705882352941177 0.0107421875 0.006535947712418301
0.0 0.15576171875 0.14111705288175877 0.0087890625 0.006535947712418301
0.0 0.11865234375 0.15715983363042185 0.0126953125 0.010101010101010102
0.0 0.1171875 0.17320261437908496 0.01171875 0.008912655971479501
0.0 0.158203125 0.18092691622103388 0.01171875 0.0112893642305407
0.0 0.17626953125 0.17973856209150327 0.0126953125 0.007724301841948901
0.0 0.1787109375 0.19399881164587046 0.01171875 0.008912655971479501
0.0 0.13720703125 0.21004159239453357 0.0146484375 0.0112893642305407
0.0 0.17724609375 0.20707070707070707 0.0126953125 0.0112893642305407
0.0 0.24462890625 0.19756387403446227 0.0126953125 0.012477718360071301
0.0 0.240234375 0.17914438502673796 0.015625 0.010101010101010102
0.0 0.2607421875 0.1586452762923351 0.013671875 0.008318478906714201
0.0 0.27685546875 0.13131313131313133 0.0107421875 0.0071301247771836
0.0 0.2646484375 0.13131313131313133 0.0078125 0.0071301247771836
0.0 0.2900390625 0.12863933452168747 0.0078125 0.006535947712418301
0.0 0.28955078125 0.15002970885323827 0.0068359375 0.006535947712418301
0.0 0.30419921875 0.14171122994652408 0.0087890625 0.007724301841948901
0.0 0.3193359375 0.13012477718360071 0.0078125 0.0059417706476530005
0.0 0.37890625 0.12150920974450387 0.009765625 0.006535947712418301
0.0 0.40283203125 0.12002376708259062 0.0087890625 0.0071301247771836
0.0 0.421875 0.11705288175876412 0.009765625 0.0071301247771836
0.0 0.115234375 0.42424242424242425 0.04296875 0.033273915626856804
0.0 0.119140625 0.5056446821152704 0.056640625 0.0427807486631016
0.0 0.34228515625 0.5344622697563874 0.0693359375 0.050505050505050504
0.0 0.3330078125 0.410873440285205 0.044921875 0.0338680926916221
0.0 0.43505859375 0.4691027926322044 0.0498046875 0.040998217468805706
0.0 0.45556640625 0.4275103980986334 0.0439453125 0.036244800950683304
0.0 0.54638671875 0.5392156862745098 0.0634765625 0.046939988116458706
0.0 0.708984375 0.45484254307783717 0.056640625 0.04337492572786691
0.0 0.46484375 0.26351752822341057 0.025390625 0.021984551396316103
0.0 0.546875 0.25341651812240046 0.025390625 0.021984551396316103
0.0 0.6435546875 0.24420677361853832 0.0234375 0.016636957813428402
0.0 0.71240234375 0.2522281639928699 0.0302734375 0.021984551396316103
0.0 0.6806640625 0.21360665478312538 0.0234375 0.0172311348781937
0.0 0.73974609375 0.22311348781937018 0.0263671875 0.0184194890077243
0.0 0.87744140625 0.22994652406417113 0.0302734375 0.024955436720142603
0.0 0.5654296875 0.20796197266785502 0.021484375 0.015448603683897801
0.0 0.62158203125 0.19518716577540107 0.0205078125 0.016042780748663103
0.0 0.64306640625 0.19696969696969696 0.0166015625 0.012477718360071301
0.0 0.66845703125 0.19399881164587046 0.0244140625 0.016042780748663103
0.0 0.759765625 0.19994058229352346 0.021484375 0.014854426619132501
0.0 0.6923828125 0.1895424836601307 0.01953125 0.015448603683897801
0.0 0.6865234375 0.17795603089720738 0.01953125 0.014854426619132501
0.0 0.662109375 0.16963755199049316 0.017578125 0.013666072489601902
0.0 0.6357421875 0.1527035056446821 0.015625 0.013071895424836602
0.0 0.68896484375 0.1503267973856209 0.0166015625 0.013071895424836602
0.0 0.8369140625 0.1836007130124777 0.01953125 0.016636957813428402
0.0 0.8125 0.1770647653000594 0.01953125 0.015448603683897801
0.0 0.76904296875 0.16339869281045752 0.0205078125 0.015448603683897801
0.0 0.8681640625 0.15715983363042185 0.017578125 0.013666072489601902
0.0 0.72705078125 0.15656565656565657 0.0166015625 0.013666072489601902
0.0 0.734375 0.13963161021984552 0.013671875 0.0106951871657754
0.0 0.78466796875 0.15062388591800357 0.0166015625 0.013666072489601902
0.0 0.7998046875 0.14349376114081996 0.015625 0.0112893642305407
0.0 0.830078125 0.12477718360071301 0.015625 0.013071895424836602
0.0 0.84619140625 0.14022578728461083 0.0166015625 0.0142602495543672
0.0 0.884765625 0.13666072489601902 0.015625 0.011883541295306001
0.0 0.8818359375 0.12448009506833037 0.01953125 0.012477718360071301
0.0 0.8486328125 0.10101010101010101 0.013671875 0.011883541295306001
0.0 0.88037109375 0.10130718954248366 0.0146484375 0.0112893642305407
0.0 0.783203125 0.10101010101010101 0.015625 0.011883541295306001
0.0 0.8076171875 0.09595959595959595 0.013671875 0.010101010101010102
0.0 0.4853515625 0.12685680332739158 0.005859375 0.0053475935828877
0.0 0.5107421875 0.11705288175876412 0.005859375 0.0059417706476530005
0.0 0.5322265625 0.10932857991681522 0.0078125 0.0059417706476530005
0.0 0.5537109375 0.1140819964349376 0.009765625 0.0071301247771836
0.0 0.57666015625 0.10457516339869281 0.0087890625 0.004753416518122401
0.0 0.61376953125 0.10071301247771836 0.0087890625 0.006535947712418301
0.0 0.634765625 0.10724896019013666 0.009765625 0.007724301841948901
0.0 0.650390625 0.09209744503862151 0.005859375 0.004753416518122401
0.0 0.67333984375 0.08882947118241236 0.0107421875 0.008912655971479501
0.0 0.7080078125 0.0944741532976827 0.0078125 0.0059417706476530005
0.0 0.736328125 0.07456922162804516 0.0078125 0.007724301841948901
0.0 0.75732421875 0.08496732026143791 0.0068359375 0.0059417706476530005
0.0 0.7880859375 0.07397504456327986 0.009765625 0.007724301841948901
0.0 0.8134765625 0.07456922162804516 0.0078125 0.006535947712418301
0.0 0.833984375 0.07813428401663695 0.009765625 0.007724301841948901
0.0 0.86767578125 0.0932857991681521 0.0146484375 0.013071895424836602
0.0 0.87646484375 0.08348187759952466 0.0107421875 0.008912655971479501
0.0 0.8876953125 0.07456922162804516 0.01171875 0.008912655971479501
0.0 0.90087890625 0.0748663101604278 0.0087890625 0.008318478906714201
0.0 0.919921875 0.07902554961378491 0.01171875 0.009506833036244802
0.0 0.94482421875 0.059714795008912656 0.0107421875 0.007724301841948901
0.0 0.962890625 0.06446821152703505 0.01171875 0.007724301841948901
