0.0 0.0234375 0.2011747430249633 0.0400390625 0.07195301027900147
0.0 0.138671875 0.19089574155653452 0.0537109375 0.09544787077826726
0.0 0.2470703125 0.2540381791483113 0.0380859375 0.07342143906020558
0.0 0.3154296875 0.21145374449339208 0.041015625 0.06607929515418502
0.0 0.4892578125 0.28928046989721 0.0390625 0.07929515418502203
0.0 0.54296875 0.28634361233480177 0.0419921875 0.08370044052863436
0.0 0.5927734375 0.29515418502202645 0.0361328125 0.07488986784140969
0.0 0.63671875 0.21585903083700442 0.0390625 0.06901615271659324
0.0 0.8271484375 0.2555066079295154 0.041015625 0.07048458149779736
0.0 0.890625 0.30983847283406757 0.041015625 0.07782672540381791
0.0 0.970703125 0.2643171806167401 0.029296875 0.07488986784140969
