0.0 0.1015625 0.7959641255605381 0.01171875 0.01943198804185351
0.0 0.98583984375 0.6390134529147982 0.0126953125 0.02242152466367713
0.0 0.951171875 0.6113602391629297 0.015625 0.029895366218236172
0.0 0.89501953125 0.6539611360239163 0.0126953125 0.01943198804185351
0.0 0.9169921875 0.7122571001494769 0.009765625 0.01943198804185351
0.0 0.83740234375 0.624813153961136 0.0205078125 0.03587443946188341
0.0 0.79638671875 0.6621823617339312 0.0107421875 0.017937219730941704
0.0 0.6806640625 0.5627802690582959 0.015625 0.028400597907324365
0.0 0.6767578125 0.7115097159940209 0.0078125 0.017937219730941704
0.0 0.6591796875 0.7286995515695067 0.009765625 0.013452914798206279
0.0 0.6484375 0.7242152466367713 0.0078125 0.016442451420029897
0.0 0.62353515625 0.7212257100149477 0.0087890625 0.013452914798206279
0.0 0.6240234375 0.773542600896861 0.0078125 0.013452914798206279
0.0 0.60009765625 0.7294469357249627 0.0068359375 0.01195814648729447
0.0 0.53125 0.7174887892376681 0.0078125 0.017937219730941704
0.0 0.76708984375 0.7399103139013453 0.0068359375 0.01195814648729447
0.0 0.57275390625 0.8094170403587444 0.0048828125 0.01046337817638266
0.0 0.5703125 0.7488789237668162 0.005859375 0.008968609865470852
0.0 0.455078125 0.8258594917787743 0.005859375 0.01046337817638266
0.0 0.4287109375 0.8363228699551569 0.005859375 0.007473841554559043
0.0 0.47314453125 0.750373692077728 0.0087890625 0.014947683109118086
0.0 0.5146484375 0.8318385650224215 0.00390625 0.007473841554559043
0.0 0.3447265625 0.6292974588938715 0.01953125 0.029895366218236172
0.0 0.20849609375 0.7324364723467862 0.0126953125 0.029895366218236172
0.0 0.0615234375 0.7765321375186846 0.01171875 0.02242152466367713
0.0 0.0361328125 0.7862481315396114 0.013671875 0.02391629297458894
0.0 0.44482421875 0.7855007473841554 0.0048828125 0.007473841554559043
0.0 0.43212890625 0.7989536621823617 0.0048828125 0.007473841554559043
