0.0 0.775390625 0.7113133940182055 0.0078125 0.018205461638491547
0.0 0.8515625 0.48764629388816644 0.0126953125 0.01950585175552666
0.0 0.8359375 0.4798439531859558 0.0126953125 0.02080624187256177
0.0 0.8095703125 0.4837451235370611 0.0107421875 0.02080624187256177
0.0 0.94921875 0.44993498049414826 0.01171875 0.02600780234070221
0.0 0.974609375 0.46293888166449937 0.01171875 0.016905071521456438
0.0 0.9111328125 0.435630689206762 0.01171875 0.01950585175552666
0.0 0.9423828125 0.4135240572171652 0.01171875 0.01950585175552666
0.0 0.98046875 0.4226267880364109 0.0126953125 0.018205461638491547
0.0 0.9697265625 0.40312093628088425 0.0087890625 0.018205461638491547
0.0 0.8720703125 0.4538361508452536 0.0126953125 0.01950585175552666
0.0 0.8359375 0.4486345903771131 0.0107421875 0.018205461638491547
0.0 0.7890625 0.4681404421326398 0.009765625 0.015604681404421327
0.0 0.73046875 0.49024707412223667 0.0126953125 0.02080624187256177
0.0 0.7578125 0.5201560468140443 0.0126953125 0.018205461638491547
0.0 0.7978515625 0.5136540962288687 0.013671875 0.016905071521456438
0.0 0.740234375 0.4694408322496749 0.01171875 0.016905071521456438
0.0 0.6474609375 0.4096228868660598 0.0107421875 0.018205461638491547
0.0 0.5712890625 0.39271781534460337 0.0126953125 0.015604681404421327
0.0 0.720703125 0.39011703511053314 0.0126953125 0.018205461638491547
0.0 0.765625 0.39011703511053314 0.0126953125 0.016905071521456438
0.0 0.5859375 0.5019505851755527 0.0126953125 0.018205461638491547
0.0 0.640625 0.47334200260078024 0.0126953125 0.02340702210663199
0.0 0.55078125 0.5305591677503251 0.0146484375 0.01950585175552666
0.0 0.5986328125 0.5396618985695709 0.0126953125 0.018205461638491547
0.0 0.5888671875 0.5695708712613784 0.009765625 0.015604681404421327
0.0 0.6259765625 0.5617685305591678 0.013671875 0.022106631989596878
0.0 0.611328125 0.6228868660598179 0.0126953125 0.018205461638491547
0.0 0.6357421875 0.6189856957087126 0.01171875 0.022106631989596878
0.0 0.6748046875 0.5851755526657998 0.0087890625 0.02080624187256177
0.0 0.66015625 0.6280884265279584 0.009765625 0.02080624187256177
0.0 0.6689453125 0.659297789336801 0.0107421875 0.015604681404421327
0.0 0.6904296875 0.6423927178153446 0.0107421875 0.015604681404421327
0.0 0.6923828125 0.5708712613784135 0.009765625 0.018205461638491547
0.0 0.673828125 0.5370611183355006 0.01171875 0.0247074122236671
0.0 0.6904296875 0.5045513654096229 0.0107421875 0.02080624187256177
0.0 0.6669921875 0.4564369310793238 0.0087890625 0.018205461638491547
0.0 0.6376953125 0.5942782834850455 0.0087890625 0.016905071521456438
0.0 0.7705078125 0.6163849154746424 0.009765625 0.015604681404421327
0.0 0.61328125 0.4720416124837451 0.0107421875 0.015604681404421327
0.0 0.5732421875 0.4980494148244473 0.0107421875 0.014304291287386216
0.0 0.568359375 0.5643693107932379 0.0126953125 0.016905071521456438
0.0 0.548828125 0.6098829648894668 0.0107421875 0.015604681404421327
0.0 0.9951171875 0.7399219765929779 0.0048828125 0.013003901170351105
0.0 0.994140625 0.5708712613784135 0.005859375 0.01950585175552666
0.0 0.8896484375 0.41092327698309494 0.0087890625 0.015604681404421327
0.0 0.6494140625 0.5513654096228868 0.009765625 0.018205461638491547
0.0 0.8603515625 0.5461638491547465 0.0126953125 0.016905071521456438
0.0 0.7783203125 0.8751625487646294 0.017578125 0.02990897269180754
0.0 0.30078125 0.8140442132639792 0.01171875 0.0247074122236671
0.0 0.36328125 0.823146944083225 0.0126953125 0.018205461638491547
0.0 0.4013671875 0.7893368010403121 0.0126953125 0.0247074122236671
0.0 0.435546875 0.8296488946684005 0.009765625 0.022106631989596878
0.0 0.5078125 0.7919375812743823 0.0126953125 0.02340702210663199
0.0 0.2607421875 0.8101430429128739 0.0126953125 0.02080624187256177
0.0 0.2666015625 0.788036410923277 0.01171875 0.02080624187256177
0.0 0.296875 0.788036410923277 0.009765625 0.02080624187256177
0.0 0.341796875 0.7893368010403121 0.0087890625 0.0247074122236671
0.0 0.25390625 0.7854356306892067 0.01171875 0.0247074122236671
0.0 0.1923828125 0.7776332899869961 0.01171875 0.02340702210663199
0.0 0.1728515625 0.7802340702210663 0.013671875 0.022106631989596878
0.0 0.1826171875 0.812743823146944 0.01171875 0.02080624187256177
0.0 0.1259765625 0.8049414824447334 0.0107421875 0.02080624187256177
0.0 0.080078125 0.8036410923276983 0.01171875 0.022106631989596878
0.0 0.0654296875 0.7867360208062418 0.01171875 0.02080624187256177
0.0 0.4052734375 0.6788036410923277 0.0126953125 0.022106631989596878
0.0 0.44140625 0.6879063719115734 0.013671875 0.018205461638491547
0.0 0.4775390625 0.6892067620286085 0.013671875 0.022106631989596878
0.0 0.5 0.7139141742522757 0.01171875 0.01950585175552666
0.0 0.525390625 0.7035110533159948 0.0107421875 0.018205461638491547
0.0 0.537109375 0.6762028608582574 0.009765625 0.02080624187256177
0.0 0.5068359375 0.6501950585175552 0.0126953125 0.022106631989596878
0.0 0.474609375 0.6436931079323797 0.0126953125 0.022106631989596878
0.0 0.373046875 0.694408322496749 0.0107421875 0.02080624187256177
0.0 0.365234375 0.6566970091027308 0.01171875 0.02080624187256177
0.0 0.4150390625 0.6488946684005201 0.009765625 0.022106631989596878
0.0 0.267578125 0.657997399219766 0.01171875 0.01950585175552666
0.0 0.2529296875 0.6970091027308193 0.01171875 0.01950585175552666
0.0 0.2001953125 0.6684005201560468 0.01171875 0.018205461638491547
0.0 0.1142578125 0.6723016905071522 0.01171875 0.015604681404421327
0.0 0.083984375 0.6801040312093628 0.01171875 0.018205461638491547
0.0 0.111328125 0.635890767230169 0.009765625 0.01950585175552666
0.0 0.142578125 0.6371911573472041 0.0078125 0.016905071521456438
0.0 0.171875 0.6306892067620286 0.0126953125 0.015604681404421327
0.0 0.2080078125 0.6215864759427828 0.009765625 0.016905071521456438
0.0 0.1923828125 0.6007802340702211 0.01171875 0.018205461638491547
0.0 0.244140625 0.6137841352405722 0.01171875 0.02080624187256177
0.0 0.2255859375 0.6072821846553966 0.009765625 0.013003901170351105
0.0 0.2724609375 0.6215864759427828 0.009765625 0.018205461638491547
0.0 0.2900390625 0.6163849154746424 0.0107421875 0.018205461638491547
0.0 0.3115234375 0.6215864759427828 0.009765625 0.014304291287386216
0.0 0.28125 0.5513654096228868 0.0126953125 0.01950585175552666
0.0 0.7412109375 0.6527958387516255 0.0146484375 0.022106631989596878
0.0 0.810546875 0.6657997399219766 0.0126953125 0.02080624187256177
0.0 0.888671875 0.6202860858257477 0.013671875 0.022106631989596878
0.0 0.953125 0.6723016905071522 0.0146484375 0.018205461638491547
0.0 0.6640625 0.7243172951885566 0.0146484375 0.02080624187256177
0.0 0.689453125 0.7321196358907672 0.0107421875 0.01950585175552666
0.0 0.82421875 0.6241872561768531 0.013671875 0.02080624187256177
0.0 0.8720703125 0.6775032509752926 0.015625 0.01950585175552666
0.0 0.876953125 0.7217165149544863 0.015625 0.02080624187256177
0.0 0.8271484375 0.7477243172951885 0.0146484375 0.02080624187256177
0.0 0.7509765625 0.8283485045513654 0.0126953125 0.0247074122236671
0.0 0.8359375 0.8335500650195059 0.0146484375 0.022106631989596878
0.0 0.9443359375 0.8374512353706112 0.0126953125 0.02080624187256177
0.0 0.9755859375 0.8491547464239272 0.01171875 0.018205461638491547
0.0 0.6162109375 0.7217165149544863 0.009765625 0.018205461638491547
0.0 0.58203125 0.7126137841352406 0.0078125 0.016905071521456438
0.0 0.552734375 0.6345903771131339 0.01171875 0.022106631989596878
0.0 0.5751953125 0.6801040312093628 0.009765625 0.015604681404421327
0.0 0.603515625 0.6866059817945384 0.0126953125 0.018205461638491547
0.0 0.66015625 0.6970091027308193 0.0107421875 0.015604681404421327
0.0 0.7119140625 0.659297789336801 0.013671875 0.022106631989596878
0.0 0.8046875 0.6345903771131339 0.013671875 0.02340702210663199
0.0 0.85546875 0.6319895968790638 0.0126953125 0.018205461638491547
0.0 0.748046875 0.6254876462938882 0.009765625 0.018205461638491547
0.0 0.6455078125 0.6501950585175552 0.0126953125 0.018205461638491547
0.0 0.611328125 0.64629388816645 0.0126953125 0.018205461638491547
0.0 0.5810546875 0.647594278283485 0.0126953125 0.014304291287386216
0.0 0.5654296875 0.6150845253576073 0.01171875 0.01950585175552666
0.0 0.72265625 0.5643693107932379 0.0126953125 0.02080624187256177
0.0 0.7939453125 0.5903771131339401 0.0126953125 0.01950585175552666
0.0 0.84375 0.5591677503250976 0.0126953125 0.01950585175552666
0.0 0.9169921875 0.5513654096228868 0.013671875 0.02340702210663199
0.0 0.958984375 0.5643693107932379 0.01171875 0.016905071521456438
0.0 0.98046875 0.6098829648894668 0.013671875 0.022106631989596878
0.0 0.931640625 0.6254876462938882 0.01171875 0.016905071521456438
0.0 0.9521484375 0.6449934980494149 0.013671875 0.018205461638491547
0.0 0.953125 0.6176853055916776 0.0107421875 0.014304291287386216
0.0 0.9794921875 0.6983094928478544 0.015625 0.02080624187256177
0.0 0.7646484375 0.540962288686606 0.0146484375 0.01950585175552666
0.0 0.79296875 0.5331599479843954 0.009765625 0.0247074122236671
0.0 0.8193359375 0.5162548764629389 0.009765625 0.018205461638491547
0.0 0.869140625 0.5162548764629389 0.013671875 0.022106631989596878
0.0 0.900390625 0.5214564369310793 0.0126953125 0.02080624187256177
0.0 0.9375 0.5344603381014305 0.01171875 0.02080624187256177
0.0 0.9619140625 0.5383615084525357 0.013671875 0.016905071521456438
0.0 0.8994140625 0.4668400520156047 0.013671875 0.02860858257477243
0.0 0.9375 0.4889466840052016 0.013671875 0.02600780234070221
0.0 0.984375 0.4850455136540962 0.0126953125 0.02080624187256177
0.0 0.9130859375 0.694408322496749 0.013671875 0.02080624187256177
0.0 0.9208984375 0.716514954486346 0.0107421875 0.0247074122236671
0.0 0.955078125 0.7425227568270482 0.0107421875 0.015604681404421327
0.0 0.7685546875 0.7945383615084526 0.0126953125 0.01950585175552666
0.0 0.7548828125 0.7334200260078023 0.013671875 0.0247074122236671
0.0 0.7451171875 0.706111833550065 0.01171875 0.01950585175552666
0.0 0.77734375 0.6879063719115734 0.01171875 0.016905071521456438
0.0 0.0 0.752925877763329 0.005859375 0.013003901170351105
0.0 0.66796875 0.33029908972691807 0.0107421875 0.01950585175552666
0.0 0.712890625 0.36671001300390116 0.009765625 0.015604681404421327
0.0 0.7421875 0.3328998699609883 0.0107421875 0.01950585175552666
0.0 0.783203125 0.32639791937581275 0.01171875 0.022106631989596878
0.0 0.8154296875 0.34460338101430427 0.009765625 0.02080624187256177
0.0 0.8837890625 0.3068920676202861 0.0078125 0.01950585175552666
0.0 0.908203125 0.27828348504551365 0.01171875 0.01950585175552666
0.0 0.9697265625 0.2743823146944083 0.01171875 0.016905071521456438
0.0 0.865234375 0.2665799739921977 0.009765625 0.01950585175552666
0.0 0.833984375 0.26007802340702213 0.0107421875 0.018205461638491547
0.0 0.8330078125 0.2951885565669701 0.009765625 0.018205461638491547
0.0 0.8173828125 0.33159947984395316 0.0107421875 0.015604681404421327
0.0 0.83984375 0.328998699609883 0.0078125 0.014304291287386216
0.0 0.623046875 0.33029908972691807 0.0126953125 0.02340702210663199
0.0 0.576171875 0.3511053315994798 0.0126953125 0.022106631989596878
0.0 0.5029296875 0.38751625487646296 0.01171875 0.015604681404421327
0.0 0.4833984375 0.43693107932379716 0.0107421875 0.01950585175552666
0.0 0.4404296875 0.39791937581274384 0.01171875 0.02080624187256177
0.0 0.42578125 0.33940182054616386 0.0107421875 0.016905071521456438
0.0 0.4619140625 0.34850455136540964 0.0087890625 0.016905071521456438
0.0 0.490234375 0.3342002600780234 0.009765625 0.01950585175552666
0.0 0.48046875 0.258777633289987 0.01171875 0.01950585175552666
0.0 0.447265625 0.28738621586475943 0.0087890625 0.01950585175552666
0.0 0.5126953125 0.3068920676202861 0.01171875 0.015604681404421327
0.0 0.5537109375 0.32249674902470743 0.0087890625 0.015604681404421327
0.0 0.5830078125 0.33029908972691807 0.0078125 0.015604681404421327
0.0 0.60546875 0.31209362808842656 0.01171875 0.018205461638491547
0.0 0.72265625 0.2951885565669701 0.0107421875 0.01950585175552666
0.0 0.7431640625 0.31469440832249673 0.01171875 0.022106631989596878
0.0 0.80078125 0.28608582574772434 0.01171875 0.01950585175552666
0.0 0.7568359375 0.2951885565669701 0.01171875 0.01950585175552666
0.0 0.716796875 0.258777633289987 0.01171875 0.016905071521456438
0.0 0.7802734375 0.2535760728218466 0.013671875 0.01950585175552666
0.0 0.80078125 0.24057217165149544 0.009765625 0.01950585175552666
0.0 0.845703125 0.22886866059817945 0.0107421875 0.01950585175552666
0.0 0.9169921875 0.25487646293888166 0.01171875 0.02080624187256177
0.0 0.9521484375 0.2223667100130039 0.0107421875 0.01950585175552666
0.0 0.921875 0.21456436931079323 0.01171875 0.01950585175552666
0.0 0.662109375 0.2808842652795839 0.01171875 0.02080624187256177
0.0 0.6875 0.27308192457737324 0.0107421875 0.01950585175552666
0.0 0.6806640625 0.30039011703511054 0.0107421875 0.016905071521456438
0.0 0.6474609375 0.31859557867360205 0.009765625 0.02080624187256177
0.0 0.58203125 0.26397919375812745 0.0107421875 0.015604681404421327
0.0 0.6142578125 0.28738621586475943 0.009765625 0.016905071521456438
0.0 0.6435546875 0.25487646293888166 0.01171875 0.018205461638491547
0.0 0.623046875 0.17815344603381014 0.0126953125 0.01950585175552666
0.0 0.6640625 0.1859557867360208 0.01171875 0.02080624187256177
0.0 0.6982421875 0.18205461638491546 0.0126953125 0.02340702210663199
0.0 0.80078125 0.17815344603381014 0.0107421875 0.016905071521456438
0.0 0.8837890625 0.16644993498049415 0.0126953125 0.02340702210663199
0.0 0.9892578125 0.18205461638491546 0.009765625 0.015604681404421327
0.0 0.548828125 0.2743823146944083 0.009765625 0.016905071521456438
0.0 0.4853515625 0.15604681404421328 0.01171875 0.016905071521456438
0.0 0.4580078125 0.16514954486345904 0.009765625 0.015604681404421327
0.0 0.470703125 0.14044213263979194 0.0107421875 0.02080624187256177
0.0 0.50390625 0.16644993498049415 0.009765625 0.018205461638491547
0.0 0.5263671875 0.15864759427828348 0.0087890625 0.018205461638491547
0.0 0.6015625 0.15604681404421328 0.01171875 0.015604681404421327
0.0 0.5712890625 0.18205461638491546 0.009765625 0.015604681404421327
0.0 0.580078125 0.18985695708712613 0.0107421875 0.015604681404421327
0.0 0.5908203125 0.1625487646293888 0.01171875 0.022106631989596878
0.0 0.6982421875 0.24187256176853056 0.009765625 0.018205461638491547
0.0 0.740234375 0.22106631989596878 0.01171875 0.018205461638491547
0.0 0.77734375 0.23797139141742524 0.009765625 0.016905071521456438
0.0 0.736328125 0.2743823146944083 0.0078125 0.015604681404421327
0.0 0.5078125 0.33550065019505854 0.009765625 0.015604681404421327
0.0 0.5400390625 0.3472041612483745 0.009765625 0.015604681404421327
0.0 0.5205078125 0.3250975292587776 0.0087890625 0.016905071521456438
0.0 0.4453125 0.48764629388816644 0.0087890625 0.013003901170351105
0.0 0.880859375 0.24187256176853056 0.0107421875 0.013003901170351105
0.0 0.3955078125 0.3016905071521456 0.009765625 0.01950585175552666
0.0 0.361328125 0.1482444733420026 0.009765625 0.016905071521456438
0.0 0.39453125 0.1508452535760728 0.0087890625 0.016905071521456438
0.0 0.4130859375 0.16384915474642392 0.0087890625 0.018205461638491547
0.0 0.3134765625 0.14564369310793238 0.0087890625 0.015604681404421327
0.0 0.271484375 0.14304291287386217 0.01171875 0.015604681404421327
0.0 0.2294921875 0.1599479843953186 0.0107421875 0.014304291287386216
0.0 0.1865234375 0.13003901170351106 0.0107421875 0.015604681404421327
0.0 0.146484375 0.1482444733420026 0.0078125 0.013003901170351105
0.0 0.1015625 0.15864759427828348 0.0068359375 0.013003901170351105
0.0 0.0654296875 0.14304291287386217 0.01171875 0.016905071521456438
0.0 0.0244140625 0.15604681404421328 0.0078125 0.011703511053315995
0.0 0.0302734375 0.1469440832249675 0.0078125 0.011703511053315995
0.0 0.1201171875 0.14954486345903772 0.009765625 0.014304291287386216
0.0 0.1591796875 0.14564369310793238 0.01171875 0.015604681404421327
0.0 0.216796875 0.1235370611183355 0.0107421875 0.018205461638491547
0.0 0.208984375 0.11833550065019506 0.009765625 0.015604681404421327
0.0 0.2265625 0.10403120936280884 0.0068359375 0.014304291287386216
0.0 0.28125 0.14304291287386217 0.0087890625 0.014304291287386216
0.0 0.3310546875 0.15604681404421328 0.009765625 0.014304291287386216
0.0 0.3486328125 0.14174252275682706 0.0107421875 0.015604681404421327
0.0 0.408203125 0.14304291287386217 0.0068359375 0.014304291287386216
0.0 0.224609375 0.5214564369310793 0.01171875 0.02080624187256177
0.0 0.2744140625 0.5188556566970091 0.013671875 0.02080624187256177
0.0 0.3623046875 0.6189856957087126 0.0107421875 0.018205461638491547
0.0 0.396484375 0.6228868660598179 0.009765625 0.018205461638491547
0.0 0.4248046875 0.6332899869960988 0.009765625 0.02080624187256177
0.0 0.4501953125 0.5981794538361509 0.01171875 0.01950585175552666
0.0 0.421875 0.5929778933680104 0.009765625 0.01950585175552666
0.0 0.5029296875 0.6072821846553966 0.0126953125 0.018205461638491547
0.0 0.470703125 0.577373211963589 0.009765625 0.016905071521456438
0.0 0.509765625 0.5695708712613784 0.01171875 0.018205461638491547
0.0 0.501953125 0.5513654096228868 0.0107421875 0.018205461638491547
0.0 0.4609375 0.5279583875162549 0.0107421875 0.015604681404421327
0.0 0.41796875 0.517555266579974 0.0087890625 0.02080624187256177
0.0 0.400390625 0.5162548764629389 0.0107421875 0.018205461638491547
0.0 0.369140625 0.5123537061118335 0.0087890625 0.01950585175552666
0.0 0.384765625 0.5513654096228868 0.009765625 0.022106631989596878
0.0 0.3095703125 0.5045513654096229 0.01171875 0.02080624187256177
0.0 0.0146484375 0.8439531859557867 0.0126953125 0.02080624187256177
0.0 0.1357421875 0.7724317295188556 0.0107421875 0.015604681404421327
0.0 0.1611328125 0.7503250975292588 0.0107421875 0.016905071521456438
0.0 0.0498046875 0.7841352405721717 0.009765625 0.014304291287386216
0.0 0.037109375 0.7776332899869961 0.0107421875 0.016905071521456438
0.0 0.248046875 0.6853055916775033 0.009765625 0.015604681404421327
0.0 0.22265625 0.6293888166449935 0.009765625 0.016905071521456438
0.0 0.1982421875 0.6553966189856957 0.0126953125 0.01950585175552666
0.0 0.388671875 0.5929778933680104 0.01171875 0.022106631989596878
0.0 0.35546875 0.5929778933680104 0.0107421875 0.01950585175552666
0.0 0.50390625 0.6892067620286085 0.013671875 0.018205461638491547
0.0 0.46484375 0.6007802340702211 0.01171875 0.022106631989596878
0.0 0.5283203125 0.5084525357607282 0.0078125 0.016905071521456438
0.0 0.3330078125 0.540962288686606 0.0126953125 0.02080624187256177
0.0 0.3583984375 0.02080624187256177 0.0087890625 0.01950585175552666
0.0 0.3828125 0.007802340702210663 0.0107421875 0.018205461638491547
0.0 0.21484375 0.0 0.0068359375 0.015604681404421327
0.0 0.234375 0.0039011703511053317 0.0087890625 0.015604681404421327
0.0 0.48046875 0.0 0.009765625 0.010403120936280884
0.0 0.904296875 0.04161248374512354 0.0107421875 0.015604681404421327
0.0 0.94921875 0.04811443433029909 0.0087890625 0.013003901170351105
0.0 0.9462890625 0.010403120936280884 0.0087890625 0.018205461638491547
0.0 0.97265625 0.044213263979193757 0.009765625 0.01950585175552666
0.0 0.796875 0.0247074122236671 0.01171875 0.01950585175552666
0.0 0.78515625 0.0377113133940182 0.0107421875 0.01950585175552666
0.0 0.8154296875 0.04031209362808843 0.0107421875 0.016905071521456438
0.0 0.7373046875 0.04681404421326398 0.009765625 0.016905071521456438
0.0 0.7548828125 0.027308192457737322 0.0087890625 0.016905071521456438
0.0 0.767578125 0.04681404421326398 0.0087890625 0.014304291287386216
0.0 0.771484375 0.014304291287386216 0.0087890625 0.016905071521456438
0.0 0.7265625 0.0247074122236671 0.0087890625 0.018205461638491547
0.0 0.8095703125 0.0 0.0107421875 0.010403120936280884
0.0 0.7802734375 0.0 0.01171875 0.011703511053315995
0.0 0.892578125 0.10273081924577374 0.0078125 0.015604681404421327
0.0 0.6513671875 0.05201560468140442 0.0087890625 0.014304291287386216
0.0 0.6806640625 0.05071521456436931 0.0087890625 0.018205461638491547
0.0 0.6962890625 0.04681404421326398 0.0107421875 0.018205461638491547
0.0 0.70703125 0.02990897269180754 0.0087890625 0.015604681404421327
0.0 0.671875 0.022106631989596878 0.0087890625 0.015604681404421327
0.0 0.603515625 0.055916775032509754 0.0087890625 0.015604681404421327
0.0 0.5771484375 0.0611183355006502 0.0107421875 0.010403120936280884
0.0 0.580078125 0.0 0.0068359375 0.010403120936280884
0.0 0.5673828125 0.0 0.009765625 0.011703511053315995
0.0 0.60546875 0.0 0.009765625 0.010403120936280884
0.0 0.6455078125 0.018205461638491547 0.0107421875 0.018205461638491547
0.0 0.6357421875 0.054616384915474644 0.0078125 0.014304291287386216
0.0 0.3671875 0.4265279583875163 0.009765625 0.018205461638491547
0.0 0.328125 0.4447334200260078 0.0087890625 0.014304291287386216
0.0 0.298828125 0.49154746423927176 0.01171875 0.01950585175552666
0.0 0.3984375 0.4460338101430429 0.01171875 0.018205461638491547
0.0 0.4140625 0.4434330299089727 0.0107421875 0.016905071521456438
0.0 0.466796875 0.3914174252275683 0.009765625 0.010403120936280884
0.0 0.40234375 0.3563068920676203 0.01171875 0.016905071521456438
0.0 0.296875 0.6488946684005201 0.01171875 0.018205461638491547
0.0 0.9140625 0.3381014304291287 0.0107421875 0.015604681404421327
0.0 0.8671875 0.2886866059817945 0.009765625 0.01950585175552666
0.0 0.427734375 0.8985695708712613 0.0107421875 0.027308192457737322
0.0 0.759765625 0.4967490247074122 0.01171875 0.014304291287386216
0.0 0.8291015625 0.1846553966189857 0.0068359375 0.013003901170351105
0.0 0.255859375 0.5916775032509753 0.009765625 0.018205461638491547
0.0 0.1943359375 0.6306892067620286 0.0078125 0.015604681404421327
0.0 0.1904296875 0.6540962288686606 0.0087890625 0.015604681404421327
0.0 0.732421875 0.7997399219765929 0.0107421875 0.022106631989596878
0.0 0.4091796875 0.5591677503250976 0.0107421875 0.02340702210663199
0.0 0.5830078125 0.2886866059817945 0.0087890625 0.015604681404421327
0.0 0.7138671875 0.33029908972691807 0.01171875 0.022106631989596878
0.0 0.7060546875 0.35240572171651496 0.009765625 0.014304291287386216
0.0 0.6904296875 0.7035110533159948 0.0078125 0.015604681404421327
0.0 0.58984375 0.6189856957087126 0.009765625 0.018205461638491547
0.0 0.11328125 0.7438231469440832 0.0126953125 0.01950585175552666
0.0 0.146484375 0.6697009102730819 0.01171875 0.016905071521456438
0.0 0.166015625 0.6540962288686606 0.0087890625 0.01950585175552666
0.0 0.6435546875 0.3732119635890767 0.009765625 0.014304291287386216
0.0 0.8564453125 0.6501950585175552 0.01171875 0.02080624187256177
0.0 0.9375 0.18335500650195058 0.01171875 0.016905071521456438
0.0 0.638671875 0.002600780234070221 0.0087890625 0.014304291287386216
