0.0 0.09521484375 0.7454427083333334 0.0068359375 0.009114583333333334
0.0 0.08447265625 0.7805989583333334 0.0087890625 0.01171875
0.0 0.06298828125 0.8313802083333334 0.0087890625 0.014322916666666666
0.0 0.13037109375 0.7486979166666666 0.0068359375 0.010416666666666666
0.0 0.16943359375 0.7584635416666666 0.0068359375 0.014322916666666666
0.0 0.1591796875 0.8046875 0.005859375 0.0078125
0.0 0.10205078125 0.859375 0.0087890625 0.010416666666666666
0.0 0.1455078125 0.8645833333333334 0.005859375 0.0078125
0.0 0.197265625 0.8255208333333334 0.009765625 0.010416666666666666
0.0 0.23193359375 0.8268229166666666 0.0048828125 0.0078125
0.0 0.28125 0.8274739583333334 0.009765625 0.009114583333333334
0.0 0.27685546875 0.7649739583333334 0.0087890625 0.006510416666666667
0.0 0.31103515625 0.765625 0.0087890625 0.013020833333333334
0.0 0.314453125 0.7298177083333334 0.0078125 0.006510416666666667
0.0 0.27587890625 0.7174479166666666 0.0068359375 0.010416666666666666
0.0 0.2392578125 0.7220052083333334 0.005859375 0.009114583333333334
0.0 0.24169921875 0.7565104166666666 0.0087890625 0.013020833333333334
0.0 0.20849609375 0.7610677083333334 0.0068359375 0.006510416666666667
0.0 0.21337890625 0.6946614583333334 0.0068359375 0.009114583333333334
0.0 0.1953125 0.8678385416666666 0.009765625 0.01171875
0.0 0.24365234375 0.861328125 0.0107421875 0.014322916666666666
0.0 0.29443359375 0.8717447916666666 0.0107421875 0.01171875
0.0 0.392578125 0.6861979166666666 0.005859375 0.005208333333333333
0.0 0.4267578125 0.6842447916666666 0.005859375 0.009114583333333334
0.0 0.40673828125 0.6412760416666666 0.0048828125 0.006510416666666667
0.0 0.466796875 0.7102864583333334 0.005859375 0.009114583333333334
0.0 0.42578125 0.7174479166666666 0.005859375 0.0078125
0.0 0.47119140625 0.7532552083333334 0.0068359375 0.006510416666666667
0.0 0.49658203125 0.685546875 0.0068359375 0.009114583333333334
0.0 0.529296875 0.6888020833333334 0.005859375 0.0078125
0.0 0.4873046875 0.6438802083333334 0.0078125 0.009114583333333334
0.0 0.49609375 0.60546875 0.005859375 0.005208333333333333
0.0 0.416015625 0.5423177083333334 0.00390625 0.00390625
0.0 0.5361328125 0.6360677083333334 0.00390625 0.00390625
0.0 0.5634765625 0.6888020833333334 0.005859375 0.010416666666666666
0.0 0.5498046875 0.7109375 0.005859375 0.005208333333333333
0.0 0.59619140625 0.6881510416666666 0.0048828125 0.009114583333333334
0.0 0.61181640625 0.7291666666666666 0.0048828125 0.0078125
0.0 0.6416015625 0.697265625 0.005859375 0.006510416666666667
0.0 0.65673828125 0.6438802083333334 0.0048828125 0.006510416666666667
0.0 0.6943359375 0.6490885416666666 0.005859375 0.006510416666666667
0.0 0.65283203125 0.5690104166666666 0.0048828125 0.0078125
0.0 0.63720703125 0.6022135416666666 0.0048828125 0.006510416666666667
0.0 0.533203125 0.59765625 0.005859375 0.010416666666666666
0.0 0.5283203125 0.5768229166666666 0.005859375 0.0078125
0.0 0.6474609375 0.5325520833333334 0.00390625 0.005208333333333333
0.0 0.45654296875 0.6002604166666666 0.0048828125 0.0078125
0.0 0.697265625 0.6022135416666666 0.005859375 0.009114583333333334
0.0 0.59326171875 0.6451822916666666 0.0068359375 0.01171875
0.0 0.02685546875 0.8229166666666666 0.0087890625 0.013020833333333334
0.0 0.00439453125 0.8118489583333334 0.0087890625 0.014322916666666666
0.0 0.58544921875 0.4856770833333333 0.0029296875 0.0026041666666666665
0.0 0.57421875 0.4778645833333333 0.00390625 0.005208333333333333
0.0 0.58837890625 0.47265625 0.0029296875 0.0026041666666666665
0.0 0.58056640625 0.46484375 0.0029296875 0.005208333333333333
0.0 0.60009765625 0.4759114583333333 0.0029296875 0.0013020833333333333
0.0 0.61328125 0.4654947916666667 0.001953125 0.00390625
0.0 0.62841796875 0.4680989583333333 0.0029296875 0.00390625
0.0 0.64453125 0.4557291666666667 0.00390625 0.005208333333333333
0.0 0.6806640625 0.4954427083333333 0.00390625 0.006510416666666667
0.0 0.61376953125 0.4915364583333333 0.0048828125 0.006510416666666667
0.0 0.521484375 0.5345052083333334 0.005859375 0.01171875
0.0 0.5 0.4733072916666667 0.005859375 0.009114583333333334
0.0 0.49951171875 0.4850260416666667 0.0048828125 0.006510416666666667
0.0 0.46728515625 0.458984375 0.0048828125 0.006510416666666667
0.0 0.49365234375 0.4661458333333333 0.0048828125 0.0078125
0.0 0.44287109375 0.4615885416666667 0.0048828125 0.006510416666666667
0.0 0.4609375 0.4694010416666667 0.00390625 0.006510416666666667
0.0 0.4384765625 0.4837239583333333 0.00390625 0.006510416666666667
0.0 0.73876953125 0.6373697916666666 0.0068359375 0.006510416666666667
0.0 0.6806640625 0.7389322916666666 0.005859375 0.009114583333333334
0.0 0.70166015625 0.7682291666666666 0.0068359375 0.0078125
0.0 0.72265625 0.7376302083333334 0.005859375 0.009114583333333334
0.0 0.7431640625 0.7669270833333334 0.0078125 0.010416666666666666
0.0 0.73046875 0.8151041666666666 0.009765625 0.013020833333333334
0.0 0.76953125 0.8072916666666666 0.009765625 0.013020833333333334
0.0 0.80517578125 0.80859375 0.0068359375 0.013020833333333334
0.0 0.83740234375 0.79296875 0.0068359375 0.013020833333333334
0.0 0.87109375 0.794921875 0.0078125 0.01171875
0.0 0.87109375 0.767578125 0.0078125 0.009114583333333334
0.0 0.8349609375 0.76171875 0.005859375 0.005208333333333333
0.0 0.80126953125 0.767578125 0.0068359375 0.009114583333333334
0.0 0.77734375 0.7545572916666666 0.0078125 0.009114583333333334
0.0 0.796875 0.7337239583333334 0.0078125 0.009114583333333334
0.0 0.8193359375 0.7115885416666666 0.0078125 0.006510416666666667
0.0 0.7744140625 0.7141927083333334 0.0078125 0.009114583333333334
0.0 0.75830078125 0.732421875 0.0068359375 0.009114583333333334
0.0 0.81494140625 0.8658854166666666 0.0068359375 0.0078125
0.0 0.84521484375 0.8606770833333334 0.0068359375 0.010416666666666666
0.0 0.775390625 0.8717447916666666 0.0078125 0.009114583333333334
0.0 0.72265625 0.8951822916666666 0.009765625 0.014322916666666666
0.0 0.04541015625 0.7688802083333334 0.0068359375 0.01171875
0.0 0.1171875 0.794921875 0.0078125 0.009114583333333334
0.0 0.162109375 0.7239583333333334 0.005859375 0.0078125
0.0 0.5546875 0.7473958333333334 0.0078125 0.010416666666666666
0.0 0.8671875 0.513671875 0.00390625 0.006510416666666667
0.0 0.81298828125 0.486328125 0.0029296875 0.006510416666666667
0.0 0.048828125 0.5182291666666666 0.00390625 0.0078125
0.0 0.103515625 0.4967447916666667 0.00390625 0.006510416666666667
0.0 0.17138671875 0.48046875 0.0029296875 0.005208333333333333
