0.0 0.02734375 0.08831168831168831 0.017578125 0.03116883116883117
0.0 0.0341796875 0.14675324675324675 0.0185546875 0.03766233766233766
0.0 0.08203125 0.13766233766233765 0.0478515625 0.06753246753246753
0.0 0.125 0.15584415584415584 0.0302734375 0.046753246753246755
0.0 0.1884765625 0.2506493506493506 0.0615234375 0.07922077922077922
0.0 0.365234375 0.17012987012987013 0.03515625 0.048051948051948054
0.0 0.3291015625 0.15194805194805194 0.0185546875 0.04025974025974026
0.0 0.474609375 0.13636363636363635 0.0322265625 0.04285714285714286
0.0 0.5263671875 0.11818181818181818 0.0283203125 0.03766233766233766
0.0 0.61328125 0.12207792207792208 0.041015625 0.05064935064935065
0.0 0.65234375 0.21428571428571427 0.0673828125 0.09610389610389611
0.0 0.7529296875 0.16103896103896104 0.0166015625 0.024675324675324677
0.0 0.7890625 0.15194805194805194 0.0478515625 0.06623376623376623
0.0 0.779296875 0.14415584415584415 0.01953125 0.04025974025974026
0.0 0.828125 0.18701298701298702 0.0400390625 0.05714285714285714
0.0 0.908203125 0.17922077922077922 0.03515625 0.05064935064935065
0.0 0.9501953125 0.13376623376623376 0.0283203125 0.046753246753246755
0.0 0.2412109375 0.18181818181818182 0.0380859375 0.05974025974025974
