0.0 0.0576171875 0.10700389105058365 0.0244140625 0.05252918287937743
0.0 0.14453125 0.10505836575875487 0.021484375 0.05642023346303502
0.0 0.21484375 0.14785992217898833 0.01953125 0.05058365758754864
0.0 0.2822265625 0.12062256809338522 0.0205078125 0.04474708171206226
0.0 0.3642578125 0.13618677042801555 0.01953125 0.05058365758754864
0.0 0.0693359375 0.2801556420233463 0.0244140625 0.05252918287937743
0.0 0.1552734375 0.26653696498054474 0.0224609375 0.05058365758754864
0.0 0.234375 0.21595330739299612 0.0224609375 0.05642023346303502
0.0 0.3095703125 0.23151750972762647 0.0234375 0.058365758754863814
0.0 0.2783203125 0.433852140077821 0.025390625 0.06031128404669261
0.0 0.1904296875 0.4474708171206226 0.0244140625 0.058365758754863814
0.0 0.3955078125 0.4260700389105058 0.0224609375 0.05642023346303502
0.0 0.3935546875 0.23929961089494164 0.0244140625 0.05642023346303502
0.0 0.48828125 0.245136186770428 0.0234375 0.04669260700389105
0.0 0.56640625 0.24708171206225682 0.0224609375 0.058365758754863814
0.0 0.4794921875 0.42996108949416345 0.025390625 0.058365758754863814
0.0 0.572265625 0.44357976653696496 0.025390625 0.05058365758754864
0.0 0.447265625 0.11478599221789883 0.01953125 0.048638132295719845
0.0 0.517578125 0.10700389105058365 0.021484375 0.05058365758754864
0.0 0.603515625 0.14980544747081712 0.0185546875 0.048638132295719845
0.0 0.6640625 0.13424124513618677 0.0185546875 0.04669260700389105
0.0 0.6396484375 0.2821011673151751 0.0205078125 0.054474708171206226
0.0 0.6650390625 0.42996108949416345 0.0234375 0.0622568093385214
0.0 0.6982421875 0.26264591439688717 0.0244140625 0.06031128404669261
0.0 0.7685546875 0.30544747081712065 0.0234375 0.05252918287937743
0.0 0.755859375 0.4280155642023346 0.025390625 0.0622568093385214
0.0 0.8505859375 0.44163424124513617 0.02734375 0.0622568093385214
0.0 0.8447265625 0.26459143968871596 0.0244140625 0.05642023346303502
0.0 0.7158203125 0.10700389105058365 0.0185546875 0.04474708171206226
0.0 0.791015625 0.1264591439688716 0.01953125 0.04669260700389105
0.0 0.857421875 0.1614785992217899 0.01953125 0.048638132295719845
0.0 0.9228515625 0.17509727626459143 0.0205078125 0.048638132295719845
