0.0 0.77001953125 0.9285714285714286 0.0087890625 0.013824884792626729
0.0 0.83642578125 0.9615975422427036 0.0107421875 0.018433179723502304
0.0 0.8759765625 0.9700460829493087 0.0078125 0.016897081413210446
0.0 0.9404296875 0.9546850998463902 0.005859375 0.016897081413210446
0.0 0.912109375 0.956989247311828 0.0078125 0.01228878648233487
0.0 0.95458984375 0.9009216589861752 0.0048828125 0.013824884792626729
0.0 0.91650390625 0.8433179723502304 0.0087890625 0.018433179723502304
0.0 0.744140625 0.9485407066052227 0.009765625 0.013824884792626729
0.0 0.92578125 0.8725038402457758 0.0078125 0.015360983102918587
0.0 0.94287109375 0.8709677419354839 0.0048828125 0.01228878648233487
0.0 0.3525390625 0.5407066052227343 0.00390625 0.009216589861751152
0.0 0.3720703125 0.6497695852534562 0.005859375 0.009216589861751152
0.0 0.3369140625 0.7196620583717358 0.0078125 0.013824884792626729
0.0 0.0703125 0.7258064516129032 0.0078125 0.013824884792626729
0.0 0.53857421875 0.5099846390168971 0.0048828125 0.009216589861751152
0.0 0.56103515625 0.5053763440860215 0.0048828125 0.009216589861751152
0.0 0.52099609375 0.5061443932411674 0.0048828125 0.007680491551459293
0.0 0.06787109375 0.642089093701997 0.0048828125 0.01228878648233487
0.0 0.0224609375 0.5783410138248848 0.00390625 0.010752688172043012
0.0 0.05126953125 0.6505376344086021 0.0048828125 0.007680491551459293
0.0 0.091796875 0.5061443932411674 0.00390625 0.007680491551459293
0.0 0.09912109375 0.5599078341013825 0.0048828125 0.007680491551459293
0.0 0.8720703125 0.7127496159754224 0.005859375 0.01228878648233487
0.0 0.876953125 0.7995391705069125 0.005859375 0.013824884792626729
0.0 0.888671875 0.8172043010752689 0.00390625 0.01228878648233487
0.0 0.919921875 0.8271889400921659 0.005859375 0.010752688172043012
0.0 0.9306640625 0.8241167434715821 0.005859375 0.010752688172043012
0.0 0.85546875 0.6482334869431644 0.005859375 0.009216589861751152
0.0 0.86767578125 0.6751152073732719 0.0048828125 0.007680491551459293
0.0 0.89013671875 0.7150537634408602 0.0048828125 0.010752688172043012
0.0 0.8603515625 0.771889400921659 0.0078125 0.010752688172043012
0.0 0.93310546875 0.8448540706605223 0.0068359375 0.01228878648233487
0.0 0.955078125 0.8302611367127496 0.005859375 0.013824884792626729
0.0 0.96240234375 0.8755760368663594 0.0068359375 0.015360983102918587
0.0 0.0419921875 0.6236559139784946 0.005859375 0.009216589861751152
0.0 0.02783203125 0.6152073732718893 0.0048828125 0.010752688172043012
0.0 0.05322265625 0.5560675883256528 0.0048828125 0.009216589861751152
0.0 0.109375 0.5614439324116743 0.005859375 0.010752688172043012
0.0 0.05908203125 0.49001536098310294 0.0068359375 0.01228878648233487
0.0 0.09521484375 0.5 0.0068359375 0.010752688172043012
0.0 0.041015625 0.5729646697388633 0.005859375 0.009216589861751152
0.0 0.076171875 0.5783410138248848 0.005859375 0.010752688172043012
0.0 0.12548828125 0.6298003072196621 0.0048828125 0.009216589861751152
