0.0 0.3466796875 0.4225721784776903 0.0380859375 0.06692913385826772
0.0 0.2578125 0.5065616797900262 0.0390625 0.06955380577427822
0.0 0.3642578125 0.22703412073490814 0.03125 0.06299212598425197
0.0 0.4375 0.05380577427821522 0.025390625 0.051181102362204724
0.0 0.373046875 0.09711286089238845 0.0302734375 0.05380577427821522
0.0 0.5341796875 0.051181102362204724 0.02734375 0.05380577427821522
0.0 0.4833984375 0.1036745406824147 0.03125 0.051181102362204724
0.0 0.4306640625 0.17454068241469817 0.0322265625 0.051181102362204724
0.0 0.4736328125 0.23490813648293962 0.03515625 0.06824146981627296
0.0 0.54296875 0.18503937007874016 0.0283203125 0.05774278215223097
0.0 0.4189453125 0.32808398950131235 0.0380859375 0.05905511811023622
0.0 0.5537109375 0.32545931758530183 0.0361328125 0.05511811023622047
0.0 0.615234375 0.40288713910761154 0.033203125 0.06430446194225722
0.0 0.4853515625 0.3963254593175853 0.04296875 0.06955380577427822
0.0 0.5595703125 0.515748031496063 0.0400390625 0.07217847769028872
0.0 0.421875 0.49343832020997375 0.0380859375 0.06824146981627296
0.0 0.6376953125 0.05249343832020997 0.02734375 0.051181102362204724
0.0 0.6953125 0.09448818897637795 0.03125 0.05249343832020997
0.0 0.7626953125 0.16666666666666666 0.029296875 0.05249343832020997
0.0 0.8212890625 0.12073490813648294 0.025390625 0.05511811023622047
0.0 0.587890625 0.10761154855643044 0.033203125 0.05511811023622047
0.0 0.65234375 0.1837270341207349 0.03125 0.05774278215223097
0.0 0.59375 0.23753280839895013 0.03125 0.05380577427821522
0.0 0.7109375 0.2335958005249344 0.0302734375 0.05905511811023622
0.0 0.8212890625 0.23228346456692914 0.0341796875 0.06167979002624672
0.0 0.7939453125 0.3241469816272966 0.0361328125 0.06561679790026247
0.0 0.6748046875 0.30183727034120733 0.0361328125 0.06824146981627296
0.0 0.7451171875 0.400262467191601 0.0400390625 0.06430446194225722
0.0 0.884765625 0.4041994750656168 0.03515625 0.06824146981627296
0.0 0.82421875 0.47506561679790027 0.0400390625 0.07480314960629922
0.0 0.689453125 0.5144356955380578 0.0390625 0.07480314960629922
0.0 0.162109375 0.1089238845144357 0.02734375 0.05643044619422572
0.0 0.33203125 0.04461942257217848 0.02734375 0.05511811023622047
0.0 0.2666015625 0.1194225721784777 0.02734375 0.051181102362204724
0.0 0.3076171875 0.16535433070866143 0.03125 0.05643044619422572
0.0 0.1943359375 0.1837270341207349 0.0322265625 0.05249343832020997
0.0 0.24609375 0.22703412073490814 0.033203125 0.06299212598425197
0.0 0.2890625 0.28608923884514437 0.033203125 0.06430446194225722
0.0 0.1181640625 0.21128608923884515 0.03125 0.06036745406824147
0.0 0.150390625 0.3188976377952756 0.0380859375 0.06299212598425197
0.0 0.0751953125 0.41338582677165353 0.037109375 0.07217847769028872
0.0 0.1103515625 0.47244094488188976 0.0419921875 0.07480314960629922
0.0 0.20703125 0.38451443569553806 0.0390625 0.07480314960629922
