0.0 0.0263671875 0.5063731170336037 0.0166015625 0.023174971031286212
0.0 0.0908203125 0.5063731170336037 0.0244140625 0.031286210892236384
0.0 0.146484375 0.4982618771726535 0.017578125 0.02085747392815759
0.0 0.2470703125 0.45770567786790267 0.0224609375 0.038238702201622246
0.0 0.29296875 0.4461181923522596 0.0185546875 0.03244495944380069
0.0 0.3271484375 0.3047508690614137 0.0517578125 0.08922363847045191
0.0 0.4365234375 0.3348783314020857 0.041015625 0.08227114716106605
0.0 0.5009765625 0.2630359212050985 0.0654296875 0.10312862108922363
0.0 0.724609375 0.35573580533024335 0.0322265625 0.06836616454229433
0.0 0.802734375 0.42178447276940906 0.0166015625 0.026651216685979143
0.0 0.87109375 0.38006952491309387 0.0244140625 0.039397450753186555
0.0 0.9306640625 0.4078794901506373 0.0205078125 0.031286210892236384
