0.0 0.00927734375 0.6692708333333334 0.0068359375 0.013020833333333334
0.0 0.02294921875 0.6692708333333334 0.0068359375 0.015625
0.0 0.0419921875 0.6569010416666666 0.0078125 0.01953125
0.0 0.0576171875 0.650390625 0.005859375 0.014322916666666666
0.0 0.07861328125 0.6451822916666666 0.0146484375 0.029947916666666668
0.0 0.12158203125 0.6529947916666666 0.0107421875 0.01953125
0.0 0.14208984375 0.6321614583333334 0.0068359375 0.01171875
0.0 0.09619140625 0.6236979166666666 0.0087890625 0.015625
0.0 0.0849609375 0.62109375 0.005859375 0.010416666666666666
0.0 0.07421875 0.6178385416666666 0.005859375 0.009114583333333334
0.0 0.078125 0.5950520833333334 0.005859375 0.0078125
0.0 0.08740234375 0.5924479166666666 0.0068359375 0.010416666666666666
0.0 0.1025390625 0.59375 0.005859375 0.013020833333333334
0.0 0.1142578125 0.6106770833333334 0.005859375 0.010416666666666666
0.0 0.1259765625 0.6028645833333334 0.005859375 0.013020833333333334
0.0 0.15869140625 0.5924479166666666 0.0029296875 0.010416666666666666
0.0 0.17041015625 0.6028645833333334 0.0068359375 0.010416666666666666
0.0 0.17236328125 0.5846354166666666 0.0048828125 0.010416666666666666
0.0 0.16796875 0.5690104166666666 0.005859375 0.010416666666666666
0.0 0.15087890625 0.5865885416666666 0.0068359375 0.01171875
0.0 0.1083984375 0.5735677083333334 0.00390625 0.006510416666666667
0.0 0.09765625 0.5755208333333334 0.005859375 0.0078125
0.0 0.05224609375 0.5911458333333334 0.0087890625 0.013020833333333334
0.0 0.0634765625 0.58984375 0.005859375 0.013020833333333334
0.0 0.0859375 0.5690104166666666 0.005859375 0.010416666666666666
0.0 0.0517578125 0.5696614583333334 0.005859375 0.009114583333333334
0.0 0.0283203125 0.57421875 0.005859375 0.010416666666666666
0.0 0.02294921875 0.599609375 0.0068359375 0.01171875
0.0 0.01171875 0.5833333333333334 0.005859375 0.013020833333333334
0.0 0.015625 0.5748697916666666 0.005859375 0.009114583333333334
0.0 0.00439453125 0.6015625 0.0048828125 0.013020833333333334
0.0 0.0419921875 0.6979166666666666 0.0078125 0.020833333333333332
0.0 0.03271484375 0.7083333333333334 0.0087890625 0.018229166666666668
0.0 0.0087890625 0.7161458333333334 0.009765625 0.026041666666666668
0.0 0.0576171875 0.724609375 0.01171875 0.024739583333333332
0.0 0.07861328125 0.71875 0.0107421875 0.026041666666666668
0.0 0.11328125 0.6927083333333334 0.0078125 0.018229166666666668
0.0 0.20703125 0.6256510416666666 0.021484375 0.029947916666666668
0.0 0.251953125 0.6627604166666666 0.013671875 0.0234375
0.0 0.24658203125 0.6360677083333334 0.0087890625 0.01171875
0.0 0.2431640625 0.5579427083333334 0.00390625 0.006510416666666667
0.0 0.24853515625 0.5716145833333334 0.0029296875 0.0078125
0.0 0.25244140625 0.5390625 0.0048828125 0.0078125
0.0 0.244140625 0.5338541666666666 0.00390625 0.0078125
0.0 0.22216796875 0.552734375 0.0029296875 0.006510416666666667
0.0 0.189453125 0.55078125 0.00390625 0.0078125
0.0 0.26904296875 0.5885416666666666 0.0048828125 0.0078125
0.0 0.24072265625 0.587890625 0.0048828125 0.009114583333333334
0.0 0.2373046875 0.6002604166666666 0.00390625 0.010416666666666666
0.0 0.2958984375 0.5989583333333334 0.013671875 0.03125
0.0 0.3212890625 0.607421875 0.015625 0.032552083333333336
0.0 0.38330078125 0.6647135416666666 0.0166015625 0.02734375
0.0 0.259765625 0.6276041666666666 0.0078125 0.018229166666666668
0.0 0.3017578125 0.5677083333333334 0.00390625 0.010416666666666666
0.0 0.4619140625 0.4029947916666667 0.0234375 0.037760416666666664
0.0 0.65234375 0.62890625 0.015625 0.0234375
0.0 0.6953125 0.6647135416666666 0.01171875 0.022135416666666668
0.0 0.72119140625 0.6516927083333334 0.0146484375 0.024739583333333332
0.0 0.7412109375 0.6477864583333334 0.017578125 0.02734375
0.0 0.65087890625 0.57421875 0.0087890625 0.015625
0.0 0.6650390625 0.6100260416666666 0.005859375 0.016927083333333332
0.0 0.607421875 0.5911458333333334 0.00390625 0.0078125
0.0 0.61083984375 0.5963541666666666 0.0048828125 0.0078125
0.0 0.73876953125 0.4967447916666667 0.0048828125 0.006510416666666667
0.0 0.75 0.5364583333333334 0.00390625 0.005208333333333333
0.0 0.7138671875 0.5625 0.00390625 0.0078125
0.0 0.755859375 0.5611979166666666 0.00390625 0.005208333333333333
0.0 0.7822265625 0.619140625 0.005859375 0.006510416666666667
0.0 0.7783203125 0.6360677083333334 0.00390625 0.009114583333333334
0.0 0.8310546875 0.6217447916666666 0.005859375 0.01171875
0.0 0.845703125 0.6002604166666666 0.00390625 0.015625
0.0 0.8134765625 0.6451822916666666 0.005859375 0.01171875
0.0 0.798828125 0.7115885416666666 0.0078125 0.014322916666666666
0.0 0.81103515625 0.6822916666666666 0.0068359375 0.010416666666666666
0.0 0.83154296875 0.712890625 0.0107421875 0.024739583333333332
0.0 0.86865234375 0.6959635416666666 0.0087890625 0.022135416666666668
0.0 0.89697265625 0.712890625 0.0166015625 0.02734375
0.0 0.8701171875 0.7727864583333334 0.01171875 0.016927083333333332
0.0 0.93310546875 0.7083333333333334 0.0146484375 0.033854166666666664
0.0 0.92626953125 0.6842447916666666 0.0126953125 0.01953125
0.0 0.9775390625 0.6341145833333334 0.009765625 0.0234375
0.0 0.962890625 0.7467447916666666 0.01171875 0.022135416666666668
0.0 0.9208984375 0.7330729166666666 0.013671875 0.0234375
0.0 0.91796875 0.5872395833333334 0.005859375 0.0078125
0.0 0.8896484375 0.6178385416666666 0.00390625 0.009114583333333334
0.0 0.87890625 0.5755208333333334 0.00390625 0.0078125
0.0 0.9423828125 0.6184895833333334 0.0078125 0.010416666666666666
0.0 0.96533203125 0.6067708333333334 0.0048828125 0.010416666666666666
0.0 0.939453125 0.5768229166666666 0.00390625 0.0078125
0.0 0.9501953125 0.5696614583333334 0.00390625 0.009114583333333334
0.0 0.7919921875 0.638671875 0.005859375 0.009114583333333334
0.0 0.994140625 0.7766927083333334 0.01171875 0.029947916666666668
0.0 0.99609375 0.6178385416666666 0.0078125 0.016927083333333332
0.0 0.97705078125 0.5911458333333334 0.0087890625 0.015625
0.0 0.8955078125 0.6458333333333334 0.009765625 0.015625
0.0 0.93115234375 0.6438802083333334 0.0048828125 0.01171875
0.0 0.8935546875 0.5813802083333334 0.005859375 0.01171875
