0.0 0.068359375 0.259233926128591 0.015625 0.025991792065663474
0.0 0.10546875 0.24555403556771546 0.015625 0.036935704514363885
0.0 0.2158203125 0.106703146374829 0.048828125 0.08755129958960328
0.0 0.32568359375 0.265389876880985 0.0068359375 0.013679890560875513
0.0 0.34228515625 0.25376196990424077 0.0068359375 0.012311901504787962
0.0 0.37548828125 0.24623803009575923 0.0185546875 0.038303693570451436
0.0 0.486328125 0.25444596443228457 0.03125 0.06566347469220246
0.0 0.56494140625 0.1689466484268126 0.0693359375 0.1518467852257182
0.0 0.93896484375 0.3023255813953488 0.0283203125 0.049247606019151846
0.0 0.88427734375 0.2708618331053352 0.0107421875 0.024623803009575923
