0.0 0.349609375 0.5807291666666666 0.021484375 0.028645833333333332
0.0 0.2861328125 0.6041666666666666 0.0185546875 0.032552083333333336
0.0 0.0478515625 0.6614583333333334 0.0126953125 0.01953125
0.0 0.134765625 0.65234375 0.0087890625 0.016927083333333332
0.0 0.158203125 0.6510416666666666 0.009765625 0.010416666666666666
0.0 0.09765625 0.65625 0.0078125 0.01171875
0.0 0.08984375 0.703125 0.0078125 0.01171875
0.0 0.015625 0.6536458333333334 0.005859375 0.009114583333333334
0.0 0.025390625 0.6510416666666666 0.0068359375 0.010416666666666666
0.0 0.0185546875 0.6875 0.0078125 0.013020833333333334
0.0 0.8681640625 0.609375 0.009765625 0.018229166666666668
0.0 0.89453125 0.6002604166666666 0.0126953125 0.022135416666666668
0.0 0.8935546875 0.5690104166666666 0.0107421875 0.016927083333333332
0.0 0.9462890625 0.5963541666666666 0.01171875 0.020833333333333332
0.0 0.9609375 0.67578125 0.01171875 0.020833333333333332
0.0 0.97265625 0.6432291666666666 0.0107421875 0.016927083333333332
0.0 0.9873046875 0.6158854166666666 0.0126953125 0.018229166666666668
0.0 0.8603515625 0.7018229166666666 0.015625 0.024739583333333332
0.0 0.91796875 0.7044270833333334 0.0126953125 0.022135416666666668
0.0 0.9677734375 0.6158854166666666 0.01171875 0.022135416666666668
0.0 0.9189453125 0.68359375 0.0107421875 0.015625
0.0 0.6279296875 0.6041666666666666 0.01171875 0.015625
0.0 0.61328125 0.6080729166666666 0.0087890625 0.014322916666666666
0.0 0.6806640625 0.5729166666666666 0.013671875 0.028645833333333332
0.0 0.5390625 0.5859375 0.0185546875 0.032552083333333336
0.0 0.939453125 0.69921875 0.0107421875 0.022135416666666668
