0.0 0.8798828125 0.42857142857142855 0.015625 0.02207792207792208
0.0 0.923828125 0.41688311688311686 0.0126953125 0.01948051948051948
0.0 0.9697265625 0.38961038961038963 0.0146484375 0.02207792207792208
0.0 0.982421875 0.37402597402597404 0.01171875 0.016883116883116882
0.0 0.8076171875 0.3961038961038961 0.0126953125 0.01818181818181818
0.0 0.8203125 0.37532467532467534 0.0146484375 0.01948051948051948
0.0 0.76953125 0.37922077922077924 0.015625 0.025974025974025976
0.0 0.734375 0.4051948051948052 0.0166015625 0.024675324675324677
0.0 0.6982421875 0.42467532467532465 0.0185546875 0.024675324675324677
0.0 0.6669921875 0.3961038961038961 0.0107421875 0.02077922077922078
0.0 0.6279296875 0.4 0.0146484375 0.02207792207792208
0.0 0.638671875 0.34285714285714286 0.009765625 0.012987012987012988
0.0 0.6552734375 0.37922077922077924 0.0107421875 0.014285714285714285
0.0 0.6416015625 0.38441558441558443 0.009765625 0.012987012987012988
0.0 0.580078125 0.44935064935064933 0.0146484375 0.01948051948051948
0.0 0.52734375 0.43376623376623374 0.0166015625 0.025974025974025976
0.0 0.4140625 0.509090909090909 0.0224609375 0.02727272727272727
0.0 0.4990234375 0.4038961038961039 0.013671875 0.024675324675324677
0.0 0.41015625 0.41688311688311686 0.0146484375 0.02077922077922078
0.0 0.4365234375 0.42597402597402595 0.013671875 0.02077922077922078
0.0 0.4541015625 0.37012987012987014 0.0107421875 0.015584415584415584
0.0 0.4951171875 0.37012987012987014 0.0107421875 0.014285714285714285
0.0 0.5302734375 0.35324675324675325 0.01171875 0.016883116883116882
0.0 0.576171875 0.33766233766233766 0.0087890625 0.015584415584415584
0.0 0.59765625 0.38701298701298703 0.0146484375 0.02077922077922078
0.0 0.46484375 0.35454545454545455 0.009765625 0.012987012987012988
0.0 0.412109375 0.35584415584415585 0.0107421875 0.016883116883116882
0.0 0.421875 0.37792207792207794 0.0126953125 0.016883116883116882
0.0 0.3759765625 0.38441558441558443 0.01171875 0.016883116883116882
0.0 0.3876953125 0.36363636363636365 0.0087890625 0.015584415584415584
0.0 0.0380859375 0.43246753246753245 0.015625 0.01948051948051948
0.0 0.091796875 0.4844155844155844 0.013671875 0.025974025974025976
0.0 0.1376953125 0.42597402597402595 0.013671875 0.024675324675324677
0.0 0.189453125 0.43766233766233764 0.015625 0.02077922077922078
0.0 0.1826171875 0.38181818181818183 0.0087890625 0.014285714285714285
0.0 0.234375 0.4116883116883117 0.009765625 0.016883116883116882
0.0 0.2666015625 0.42077922077922075 0.01171875 0.01818181818181818
0.0 0.2802734375 0.38441558441558443 0.0107421875 0.01948051948051948
0.0 0.3291015625 0.38441558441558443 0.0107421875 0.01818181818181818
0.0 0.3408203125 0.44285714285714284 0.015625 0.025974025974025976
0.0 0.8388671875 0.4805194805194805 0.0185546875 0.02987012987012987
