0.0 0.5302734375 0.3709677419354839 0.02734375 0.039589442815249266
0.0 0.4609375 0.3519061583577713 0.0244140625 0.05718475073313783
0.0 0.1240234375 0.5601173020527859 0.0126953125 0.021994134897360705
0.0 0.099609375 0.5762463343108505 0.01171875 0.020527859237536656
0.0 0.0576171875 0.5527859237536656 0.01171875 0.021994134897360705
0.0 0.0771484375 0.5513196480938416 0.013671875 0.021994134897360705
0.0 0.1025390625 0.5395894428152492 0.009765625 0.01906158357771261
0.0 0.166015625 0.530791788856305 0.0126953125 0.021994134897360705
0.0 0.154296875 0.5601173020527859 0.0126953125 0.021994134897360705
0.0 0.0439453125 0.5425219941348973 0.01171875 0.01906158357771261
