0.0 0.068359375 0.8016528925619835 0.025390625 0.05785123966942149
0.0 0.06640625 0.7768595041322314 0.0205078125 0.03801652892561983
0.0 0.048828125 0.743801652892562 0.0205078125 0.04132231404958678
0.0 0.0234375 0.6975206611570248 0.0205078125 0.04297520661157025
0.0 0.0068359375 0.7107438016528925 0.017578125 0.03305785123966942
0.0 0.0029296875 0.6826446280991736 0.0107421875 0.02809917355371901
0.0 0.2255859375 0.5074380165289256 0.0234375 0.047933884297520664
0.0 0.2109375 0.5173553719008265 0.0185546875 0.04132231404958678
0.0 0.1962890625 0.5289256198347108 0.017578125 0.03636363636363636
0.0 0.1845703125 0.5338842975206611 0.013671875 0.03305785123966942
0.0 0.1650390625 0.5322314049586777 0.0146484375 0.03305785123966942
0.0 0.3212890625 0.5256198347107438 0.0185546875 0.03636363636363636
0.0 0.296875 0.5421487603305785 0.0185546875 0.03636363636363636
0.0 0.2802734375 0.5355371900826447 0.0166015625 0.03305785123966942
0.0 0.34765625 0.5239669421487604 0.01953125 0.03801652892561983
0.0 0.37109375 0.49586776859504134 0.021484375 0.04132231404958678
0.0 0.41796875 0.49421487603305786 0.0244140625 0.047933884297520664
0.0 0.396484375 0.5173553719008265 0.0146484375 0.03140495867768595
0.0 0.4990234375 0.5041322314049587 0.0185546875 0.04132231404958678
0.0 0.4716796875 0.5371900826446281 0.0185546875 0.03636363636363636
0.0 0.5478515625 0.7123966942148761 0.0146484375 0.03140495867768595
0.0 0.6044921875 0.7239669421487603 0.01953125 0.03801652892561983
0.0 0.7109375 0.7471074380165289 0.0234375 0.04462809917355372
0.0 0.845703125 0.7652892561983471 0.0234375 0.05289256198347107
0.0 0.7890625 0.715702479338843 0.015625 0.02975206611570248
0.0 0.8525390625 0.6793388429752066 0.013671875 0.026446280991735537
0.0 0.783203125 0.6727272727272727 0.0126953125 0.02809917355371901
0.0 0.728515625 0.6859504132231405 0.0166015625 0.03140495867768595
0.0 0.6669921875 0.6628099173553719 0.013671875 0.02975206611570248
0.0 0.6220703125 0.6809917355371901 0.013671875 0.023140495867768594
0.0 0.568359375 0.6727272727272727 0.013671875 0.024793388429752067
0.0 0.5966796875 0.6545454545454545 0.0087890625 0.019834710743801654
0.0 0.560546875 0.6512396694214876 0.0087890625 0.01652892561983471
0.0 0.8369140625 0.656198347107438 0.0107421875 0.024793388429752067
0.0 0.8603515625 0.6479338842975206 0.0078125 0.013223140495867768
0.0 0.640625 0.6595041322314049 0.0107421875 0.021487603305785124
0.0 0.625 0.6462809917355372 0.0078125 0.01652892561983471
0.0 0.60546875 0.6380165289256199 0.0068359375 0.01652892561983471
0.0 0.69140625 0.6462809917355372 0.009765625 0.01652892561983471
0.0 0.6640625 0.6462809917355372 0.0087890625 0.01487603305785124
0.0 0.71875 0.6396694214876033 0.0068359375 0.01487603305785124
0.0 0.697265625 0.6363636363636364 0.0087890625 0.01652892561983471
0.0 0.6591796875 0.6380165289256199 0.0068359375 0.013223140495867768
0.0 0.6171875 0.6247933884297521 0.005859375 0.009917355371900827
0.0 0.603515625 0.6247933884297521 0.0048828125 0.011570247933884297
0.0 0.7265625 0.6644628099173554 0.009765625 0.019834710743801654
0.0 0.8837890625 0.715702479338843 0.017578125 0.03636363636363636
0.0 0.935546875 0.6793388429752066 0.013671875 0.03305785123966942
0.0 0.953125 0.6694214876033058 0.013671875 0.03140495867768595
0.0 0.8984375 0.6611570247933884 0.01171875 0.02809917355371901
0.0 0.875 0.6545454545454545 0.009765625 0.01818181818181818
0.0 0.783203125 0.6512396694214876 0.009765625 0.01818181818181818
0.0 0.8212890625 0.6396694214876033 0.0078125 0.01652892561983471
0.0 0.7744140625 0.6446280991735537 0.0078125 0.01818181818181818
0.0 0.7529296875 0.6429752066115703 0.0068359375 0.013223140495867768
0.0 0.8017578125 0.6413223140495867 0.005859375 0.009917355371900827
0.0 0.7666015625 0.6347107438016529 0.0068359375 0.013223140495867768
0.0 0.7763671875 0.6231404958677685 0.0048828125 0.008264462809917356
0.0 0.8125 0.6264462809917355 0.0048828125 0.009917355371900827
0.0 0.8232421875 0.6247933884297521 0.0048828125 0.006611570247933884
0.0 0.8310546875 0.6363636363636364 0.0068359375 0.011570247933884297
0.0 0.837890625 0.628099173553719 0.0048828125 0.011570247933884297
0.0 0.8564453125 0.6264462809917355 0.005859375 0.011570247933884297
0.0 0.873046875 0.6413223140495867 0.0078125 0.013223140495867768
0.0 0.8916015625 0.6247933884297521 0.005859375 0.008264462809917356
0.0 0.7333984375 0.6479338842975206 0.0068359375 0.013223140495867768
0.0 0.73828125 0.6347107438016529 0.0048828125 0.009917355371900827
0.0 0.7548828125 0.628099173553719 0.0048828125 0.008264462809917356
0.0 0.7333984375 0.6247933884297521 0.0048828125 0.009917355371900827
0.0 0.787109375 0.6198347107438017 0.0048828125 0.008264462809917356
0.0 0.8935546875 0.6115702479338843 0.0048828125 0.009917355371900827
0.0 0.8740234375 0.6231404958677685 0.0048828125 0.011570247933884297
0.0 0.912109375 0.6462809917355372 0.0087890625 0.01818181818181818
0.0 0.9404296875 0.6628099173553719 0.009765625 0.01652892561983471
0.0 0.953125 0.6528925619834711 0.0078125 0.01487603305785124
0.0 0.943359375 0.6347107438016529 0.0068359375 0.01487603305785124
0.0 0.9169921875 0.631404958677686 0.005859375 0.013223140495867768
0.0 0.9326171875 0.6264462809917355 0.0068359375 0.013223140495867768
0.0 0.9609375 0.6413223140495867 0.0068359375 0.01652892561983471
0.0 0.9892578125 0.6330578512396694 0.0068359375 0.013223140495867768
0.0 0.9658203125 0.6247933884297521 0.005859375 0.013223140495867768
0.0 0.9716796875 0.6247933884297521 0.0048828125 0.009917355371900827
0.0 0.9248046875 0.6198347107438017 0.0048828125 0.008264462809917356
0.0 0.947265625 0.6165289256198347 0.0048828125 0.009917355371900827
0.0 0.9921875 0.6181818181818182 0.00390625 0.008264462809917356
0.0 0.986328125 0.6115702479338843 0.00390625 0.008264462809917356
0.0 0.5771484375 0.6363636363636364 0.005859375 0.011570247933884297
0.0 0.5849609375 0.6330578512396694 0.005859375 0.011570247933884297
0.0 0.5673828125 0.6413223140495867 0.0068359375 0.01487603305785124
0.0 0.5595703125 0.6264462809917355 0.005859375 0.011570247933884297
0.0 0.5703125 0.6247933884297521 0.0048828125 0.008264462809917356
0.0 0.587890625 0.6214876033057851 0.0029296875 0.008264462809917356
0.0 0.5986328125 0.628099173553719 0.00390625 0.008264462809917356
0.0 0.625 0.6214876033057851 0.0048828125 0.008264462809917356
0.0 0.6357421875 0.628099173553719 0.0048828125 0.008264462809917356
0.0 0.642578125 0.6231404958677685 0.0048828125 0.006611570247933884
0.0 0.6083984375 0.6264462809917355 0.00390625 0.008264462809917356
0.0 0.6865234375 0.628099173553719 0.0048828125 0.011570247933884297
0.0 0.6796875 0.6264462809917355 0.00390625 0.009917355371900827
0.0 0.66015625 0.6198347107438017 0.0048828125 0.008264462809917356
0.0 0.6962890625 0.6264462809917355 0.00390625 0.008264462809917356
0.0 0.677734375 0.6611570247933884 0.0078125 0.019834710743801654
0.0 0.7041015625 0.6214876033057851 0.00390625 0.008264462809917356
0.0 0.7138671875 0.6247933884297521 0.0048828125 0.008264462809917356
0.0 0.7236328125 0.6247933884297521 0.00390625 0.009917355371900827
0.0 0.5400390625 0.6495867768595042 0.0087890625 0.01652892561983471
0.0 0.552734375 0.6297520661157024 0.005859375 0.009917355371900827
0.0 0.537109375 0.6214876033057851 0.005859375 0.008264462809917356
0.0 0.7421875 0.6297520661157024 0.005859375 0.011570247933884297
0.0 0.7275390625 0.6247933884297521 0.00390625 0.006611570247933884
0.0 0.8291015625 0.656198347107438 0.0068359375 0.01487603305785124
0.0 0.9033203125 0.6330578512396694 0.0068359375 0.01818181818181818
0.0 0.7607421875 0.6181818181818182 0.0048828125 0.011570247933884297
0.0 0.099609375 0.8413223140495868 0.029296875 0.06611570247933884
