0.0 0.044921875 0.4908854166666667 0.009765625 0.015625
0.0 0.0888671875 0.5247395833333334 0.0087890625 0.014322916666666666
0.0 0.0546875 0.53515625 0.0087890625 0.014322916666666666
0.0 0.115234375 0.50390625 0.0107421875 0.016927083333333332
0.0 0.1650390625 0.5065104166666666 0.0107421875 0.018229166666666668
0.0 0.1484375 0.4947916666666667 0.0078125 0.013020833333333334
0.0 0.205078125 0.49609375 0.0087890625 0.018229166666666668
0.0 0.03125 0.4739583333333333 0.0107421875 0.016927083333333332
0.0 0.068359375 0.4518229166666667 0.009765625 0.014322916666666666
0.0 0.1123046875 0.421875 0.009765625 0.014322916666666666
0.0 0.1513671875 0.41796875 0.0107421875 0.01953125
0.0 0.18359375 0.4270833333333333 0.009765625 0.014322916666666666
0.0 0.2109375 0.46875 0.0107421875 0.016927083333333332
0.0 0.203125 0.4401041666666667 0.0087890625 0.014322916666666666
0.0 0.2265625 0.44140625 0.0087890625 0.014322916666666666
0.0 0.27734375 0.4361979166666667 0.009765625 0.014322916666666666
0.0 0.0615234375 0.4192708333333333 0.009765625 0.014322916666666666
0.0 0.0458984375 0.421875 0.0087890625 0.013020833333333334
0.0 0.01953125 0.4309895833333333 0.0078125 0.014322916666666666
0.0 0.0068359375 0.3841145833333333 0.0078125 0.01171875
0.0 0.044921875 0.4036458333333333 0.009765625 0.01171875
0.0 0.0322265625 0.4036458333333333 0.0078125 0.01171875
0.0 0.060546875 0.40625 0.009765625 0.014322916666666666
0.0 0.0732421875 0.40625 0.0107421875 0.013020833333333334
0.0 0.1005859375 0.3932291666666667 0.0107421875 0.018229166666666668
0.0 0.1201171875 0.3971354166666667 0.0078125 0.014322916666666666
0.0 0.130859375 0.39453125 0.0087890625 0.015625
0.0 0.09375 0.3125 0.0048828125 0.010416666666666666
0.0 0.0283203125 0.3046875 0.0048828125 0.0078125
0.0 0.201171875 0.4075520833333333 0.0078125 0.013020833333333334
0.0 0.1875 0.4075520833333333 0.0078125 0.01171875
0.0 0.1494140625 0.4049479166666667 0.0078125 0.009114583333333334
0.0 0.216796875 0.4010416666666667 0.0087890625 0.013020833333333334
0.0 0.22265625 0.41796875 0.0068359375 0.01171875
0.0 0.2119140625 0.4296875 0.0078125 0.01171875
0.0 0.2626953125 0.3893229166666667 0.0078125 0.015625
0.0 0.0576171875 0.19140625 0.009765625 0.01171875
0.0 0.03515625 0.4270833333333333 0.005859375 0.013020833333333334
0.0 0.021484375 0.42578125 0.0068359375 0.010416666666666666
0.0 0.0 0.43359375 0.0078125 0.015625
0.0 0.35546875 0.41796875 0.0068359375 0.013020833333333334
0.0 0.4326171875 0.3880208333333333 0.0087890625 0.009114583333333334
0.0 0.349609375 0.3893229166666667 0.009765625 0.013020833333333334
0.0 0.3427734375 0.390625 0.0048828125 0.010416666666666666
0.0 0.2099609375 0.40625 0.0078125 0.014322916666666666
0.0 0.478515625 0.3932291666666667 0.0107421875 0.020833333333333332
0.0 0.3623046875 0.4205729166666667 0.005859375 0.010416666666666666
0.0 0.65625 0.45703125 0.013671875 0.026041666666666668
0.0 0.5595703125 0.484375 0.0078125 0.014322916666666666
0.0 0.5478515625 0.4036458333333333 0.0078125 0.01171875
0.0 0.5205078125 0.3880208333333333 0.0078125 0.013020833333333334
0.0 0.5478515625 0.3802083333333333 0.005859375 0.010416666666666666
0.0 0.5869140625 0.3932291666666667 0.0068359375 0.013020833333333334
0.0 0.5751953125 0.4127604166666667 0.0078125 0.01171875
0.0 0.5869140625 0.4153645833333333 0.0068359375 0.014322916666666666
0.0 0.5322265625 0.4127604166666667 0.0068359375 0.009114583333333334
0.0 0.544921875 0.46484375 0.0078125 0.013020833333333334
0.0 0.5234375 0.4869791666666667 0.0068359375 0.013020833333333334
0.0 0.486328125 0.4049479166666667 0.0078125 0.013020833333333334
0.0 0.666015625 0.3541666666666667 0.0107421875 0.0234375
0.0 0.7265625 0.4244791666666667 0.0078125 0.01171875
0.0 0.59375 0.39453125 0.0087890625 0.010416666666666666
0.0 0.6474609375 0.7486979166666666 0.0166015625 0.0390625
0.0 0.8330078125 0.73046875 0.0185546875 0.029947916666666668
0.0 0.9599609375 0.3854166666666667 0.0068359375 0.01171875
0.0 0.9140625 0.4309895833333333 0.0068359375 0.010416666666666666
0.0 0.9345703125 0.38671875 0.005859375 0.009114583333333334
0.0 0.9462890625 0.390625 0.0048828125 0.0078125
0.0 0.91015625 0.4752604166666667 0.0068359375 0.010416666666666666
0.0 0.8837890625 0.4817708333333333 0.0078125 0.013020833333333334
0.0 0.853515625 0.4635416666666667 0.0078125 0.013020833333333334
0.0 0.9873046875 0.4739583333333333 0.009765625 0.013020833333333334
0.0 0.98046875 0.4388020833333333 0.005859375 0.010416666666666666
0.0 0.947265625 0.4713541666666667 0.005859375 0.009114583333333334
0.0 0.9375 0.4401041666666667 0.0087890625 0.01171875
0.0 0.9423828125 0.4088541666666667 0.0068359375 0.010416666666666666
0.0 0.951171875 0.4114583333333333 0.005859375 0.01171875
0.0 0.91796875 0.40625 0.0068359375 0.009114583333333334
0.0 0.9755859375 0.4778645833333333 0.005859375 0.010416666666666666
0.0 0.3447265625 0.4908854166666667 0.0078125 0.010416666666666666
