0.0 0.0244140625 0.1816976127320955 0.01171875 0.021220159151193633
0.0 0.03955078125 0.09151193633952255 0.0126953125 0.021220159151193633
0.0 0.013671875 0.015251989389920425 0.01171875 0.017241379310344827
0.0 0.07275390625 0.023209549071618037 0.0126953125 0.01989389920424403
0.0 0.10693359375 0.11140583554376658 0.0126953125 0.021220159151193633
0.0 0.12451171875 0.04774535809018567 0.0126953125 0.01856763925729443
0.0 0.1591796875 0.015915119363395226 0.009765625 0.01856763925729443
0.0 0.18798828125 0.09151193633952255 0.0126953125 0.01856763925729443
0.0 0.1669921875 0.126657824933687 0.015625 0.022546419098143235
0.0 0.08349609375 0.21352785145888595 0.0126953125 0.01856763925729443
0.0 0.140625 0.22214854111405835 0.013671875 0.01989389920424403
0.0 0.224609375 0.1797082228116711 0.01171875 0.01989389920424403
0.0 0.01953125 0.27122015915119363 0.013671875 0.017241379310344827
0.0 0.21044921875 0.26061007957559684 0.0146484375 0.01989389920424403
0.0 0.0771484375 0.2917771883289125 0.01171875 0.021220159151193633
0.0 0.14501953125 0.33156498673740054 0.0146484375 0.023872679045092837
0.0 0.205078125 0.3620689655172414 0.015625 0.026525198938992044
0.0 0.2294921875 0.6637931034482759 0.021484375 0.03050397877984085
0.0 0.134765625 0.6107427055702918 0.01953125 0.033156498673740056
0.0 0.04443359375 0.5550397877984085 0.0185546875 0.027851458885941646
0.0 0.05126953125 0.40318302387267907 0.0166015625 0.029177718832891247
0.0 0.13232421875 0.45954907161803715 0.0185546875 0.025198938992042442
0.0 0.20166015625 0.5099469496021221 0.0146484375 0.025198938992042442
0.0 0.29345703125 0.583554376657825 0.0166015625 0.023872679045092837
0.0 0.28955078125 0.3958885941644562 0.0146484375 0.025198938992042442
0.0 0.28125 0.3057029177718833 0.015625 0.025198938992042442
0.0 0.3515625 0.3322281167108753 0.015625 0.022546419098143235
0.0 0.37109375 0.47015915119363394 0.015625 0.025198938992042442
0.0 0.4296875 0.35278514588859416 0.017578125 0.023872679045092837
0.0 0.42041015625 0.2553050397877984 0.0166015625 0.027851458885941646
0.0 0.3427734375 0.21883289124668434 0.015625 0.029177718832891247
0.0 0.279296875 0.1870026525198939 0.013671875 0.023872679045092837
0.0 0.4130859375 0.1810344827586207 0.015625 0.01989389920424403
0.0 0.33154296875 0.09549071618037135 0.0146484375 0.021220159151193633
0.0 0.3896484375 0.10543766578249338 0.013671875 0.01989389920424403
0.0 0.44140625 0.07625994694960213 0.013671875 0.022546419098143235
0.0 0.28271484375 0.06896551724137931 0.0126953125 0.01856763925729443
0.0 0.2197265625 0.021883289124668436 0.01171875 0.01989389920424403
0.0 0.4111328125 0.01856763925729443 0.01171875 0.021220159151193633
0.0 0.46240234375 0.843501326259947 0.0185546875 0.029177718832891247
0.0 0.3388671875 0.7526525198938993 0.017578125 0.027851458885941646
0.0 0.39208984375 0.629973474801061 0.0185546875 0.029177718832891247
0.0 0.5068359375 0.7009283819628647 0.017578125 0.027851458885941646
0.0 0.615234375 0.773209549071618 0.01953125 0.034482758620689655
0.0 0.556640625 0.5736074270557029 0.017578125 0.027851458885941646
0.0 0.46923828125 0.5245358090185677 0.0166015625 0.03050397877984085
0.0 0.517578125 0.4197612732095491 0.017578125 0.027851458885941646
0.0 0.60546875 0.47015915119363394 0.015625 0.03050397877984085
0.0 0.67626953125 0.639920424403183 0.0185546875 0.033156498673740056
0.0 0.71240234375 0.5225464190981433 0.0166015625 0.029177718832891247
0.0 0.79931640625 0.7068965517241379 0.0185546875 0.03183023872679045
0.0 0.783203125 0.4224137931034483 0.017578125 0.03050397877984085
0.0 0.76123046875 0.8554376657824934 0.0205078125 0.023872679045092837
0.0 0.953125 0.8017241379310345 0.015625 0.027851458885941646
0.0 0.97998046875 0.6571618037135278 0.0185546875 0.025198938992042442
0.0 0.84375 0.596816976127321 0.01953125 0.029177718832891247
0.0 0.46826171875 0.04111405835543767 0.0126953125 0.01856763925729443
0.0 0.5263671875 0.06697612732095491 0.01171875 0.01989389920424403
0.0 0.5048828125 0.10145888594164457 0.013671875 0.022546419098143235
0.0 0.4658203125 0.15185676392572944 0.01171875 0.01989389920424403
0.0 0.5166015625 0.17904509283819628 0.013671875 0.023872679045092837
0.0 0.484375 0.20490716180371352 0.01171875 0.01989389920424403
0.0 0.49267578125 0.29045092838196285 0.0146484375 0.023872679045092837
0.0 0.572265625 0.3255968169761273 0.015625 0.027851458885941646
0.0 0.62841796875 0.27055702917771884 0.0126953125 0.026525198938992044
0.0 0.56201171875 0.2473474801061008 0.0146484375 0.025198938992042442
0.0 0.59033203125 0.19363395225464192 0.0126953125 0.021220159151193633
0.0 0.6357421875 0.14787798408488065 0.01171875 0.01989389920424403
0.0 0.57568359375 0.13660477453580902 0.0146484375 0.023872679045092837
0.0 0.6025390625 0.10676392572944297 0.01171875 0.022546419098143235
0.0 0.67529296875 0.1213527851458886 0.0126953125 0.022546419098143235
0.0 0.734375 0.129973474801061 0.009765625 0.015915119363395226
0.0 0.7216796875 0.17572944297082227 0.013671875 0.017241379310344827
0.0 0.67431640625 0.22612732095490717 0.0126953125 0.022546419098143235
0.0 0.74560546875 0.2480106100795756 0.0146484375 0.023872679045092837
0.0 0.70556640625 0.3050397877984085 0.0126953125 0.023872679045092837
0.0 0.67822265625 0.366710875331565 0.0146484375 0.022546419098143235
0.0 0.79833984375 0.20225464190981432 0.0166015625 0.022546419098143235
0.0 0.81005859375 0.36074270557029176 0.0146484375 0.026525198938992044
0.0 0.84130859375 0.27851458885941643 0.0146484375 0.023872679045092837
0.0 0.87451171875 0.22811671087533156 0.0126953125 0.023872679045092837
0.0 0.89501953125 0.19960212201591512 0.0146484375 0.022546419098143235
0.0 0.95556640625 0.09814323607427056 0.0107421875 0.023872679045092837
0.0 0.91552734375 0.41379310344827586 0.0146484375 0.026525198938992044
0.0 0.95263671875 0.33687002652519893 0.0126953125 0.026525198938992044
0.0 0.9794921875 0.2864721485411141 0.013671875 0.026525198938992044
0.0 0.98828125 0.21220159151193635 0.01171875 0.026525198938992044
0.0 0.81494140625 0.17042440318302388 0.0126953125 0.01989389920424403
0.0 0.8837890625 0.47214854111405835 0.015625 0.026525198938992044
