0.0 0.5068359375 0.37337192474674386 0.033203125 0.049204052098408106
0.0 0.41748046875 0.3393632416787265 0.0302734375 0.04486251808972504
0.0 0.33056640625 0.3755426917510854 0.0302734375 0.04486251808972504
0.0 0.27197265625 0.3480463096960926 0.0322265625 0.04775687409551375
0.0 0.19287109375 0.3704775687409551 0.0322265625 0.049204052098408106
0.0 0.1220703125 0.35672937771345875 0.033203125 0.053545586107091175
0.0 0.05615234375 0.3885672937771346 0.0263671875 0.04486251808972504
0.0 0.35546875 0.28002894356005786 0.015625 0.030390738060781478
0.0 0.40087890625 0.28075253256150506 0.0205078125 0.03183791606367583
0.0 0.30908203125 0.2793053545586107 0.0146484375 0.02604920405209841
0.0 0.15087890625 0.28798842257597684 0.0126953125 0.023154848046309694
0.0 0.19873046875 0.29160636758321273 0.0126953125 0.01881331403762663
0.0 0.22265625 0.2930535455861071 0.013671875 0.027496382054992764
0.0 0.03662109375 0.2894356005788712 0.0126953125 0.02604920405209841
0.0 0.615234375 0.3133140376266281 0.033203125 0.056439942112879886
0.0 0.7939453125 0.34949348769898697 0.02734375 0.05065123010130246
