0.0 0.98095703125 0.5066666666666667 0.0146484375 0.024
0.0 0.9716796875 0.5026666666666667 0.01171875 0.02666666666666667
0.0 0.98583984375 0.4826666666666667 0.0087890625 0.013333333333333334
0.0 0.96240234375 0.48333333333333334 0.0087890625 0.009333333333333334
0.0 0.9365234375 0.562 0.009765625 0.02
0.0 0.9365234375 0.534 0.01171875 0.017333333333333333
0.0 0.92626953125 0.5066666666666667 0.0048828125 0.013333333333333334
0.0 0.951171875 0.5113333333333333 0.009765625 0.012
0.0 0.91162109375 0.518 0.0087890625 0.014666666666666666
0.0 0.88525390625 0.504 0.0107421875 0.018666666666666668
0.0 0.89892578125 0.504 0.0107421875 0.016
0.0 0.8623046875 0.5473333333333333 0.01171875 0.017333333333333333
0.0 0.86669921875 0.6113333333333333 0.0107421875 0.017333333333333333
0.0 0.84814453125 0.524 0.0087890625 0.013333333333333334
0.0 0.8623046875 0.5033333333333333 0.005859375 0.009333333333333334
0.0 0.82861328125 0.496 0.0107421875 0.013333333333333334
0.0 0.81982421875 0.532 0.0107421875 0.013333333333333334
0.0 0.8544921875 0.49133333333333334 0.005859375 0.006666666666666667
0.0 0.93115234375 0.5046666666666667 0.0068359375 0.012
0.0 0.97119140625 0.47533333333333333 0.0048828125 0.006666666666666667
0.0 0.86328125 0.524 0.009765625 0.013333333333333334
0.0 0.80615234375 0.5173333333333333 0.0087890625 0.010666666666666666
0.0 0.79345703125 0.5306666666666666 0.0048828125 0.008
0.0 0.81103515625 0.532 0.0048828125 0.010666666666666666
0.0 0.80078125 0.5033333333333333 0.005859375 0.006666666666666667
0.0 0.7802734375 0.5233333333333333 0.0078125 0.012
0.0 0.8408203125 0.4786666666666667 0.005859375 0.008
0.0 0.73779296875 0.5453333333333333 0.0068359375 0.010666666666666666
0.0 0.7265625 0.5546666666666666 0.005859375 0.010666666666666666
0.0 0.70556640625 0.5686666666666667 0.0068359375 0.009333333333333334
0.0 0.71044921875 0.55 0.0048828125 0.009333333333333334
0.0 0.7109375 0.5193333333333333 0.0078125 0.012
0.0 0.75341796875 0.5026666666666667 0.0048828125 0.008
0.0 0.6982421875 0.536 0.005859375 0.013333333333333334
0.0 0.7216796875 0.56 0.005859375 0.010666666666666666
0.0 0.7724609375 0.49733333333333335 0.0078125 0.013333333333333334
0.0 0.68505859375 0.5246666666666666 0.0068359375 0.014666666666666666
0.0 0.68603515625 0.5113333333333333 0.0087890625 0.012
0.0 0.67333984375 0.5453333333333333 0.0068359375 0.013333333333333334
0.0 0.71435546875 0.5673333333333334 0.0048828125 0.006666666666666667
0.0 0.677734375 0.5313333333333333 0.005859375 0.009333333333333334
0.0 0.66357421875 0.5246666666666666 0.0087890625 0.014666666666666666
0.0 0.42236328125 0.354 0.0244140625 0.03333333333333333
0.0 0.48388671875 0.36733333333333335 0.0244140625 0.030666666666666665
0.0 0.53369140625 0.37333333333333335 0.0244140625 0.032
0.0 0.5869140625 0.396 0.01953125 0.02666666666666667
0.0 0.642578125 0.42 0.015625 0.02666666666666667
0.0 0.31201171875 0.492 0.0107421875 0.016
0.0 0.2783203125 0.484 0.0078125 0.013333333333333334
0.0 0.23876953125 0.49133333333333334 0.0087890625 0.012
0.0 0.2587890625 0.5126666666666667 0.0078125 0.009333333333333334
0.0 0.21826171875 0.492 0.0068359375 0.008
0.0 0.20703125 0.47733333333333333 0.01171875 0.016
0.0 0.17236328125 0.47 0.0107421875 0.014666666666666666
0.0 0.18310546875 0.48333333333333334 0.0048828125 0.006666666666666667
0.0 0.1357421875 0.4653333333333333 0.01171875 0.013333333333333334
0.0 0.07421875 0.49266666666666664 0.009765625 0.012
0.0 0.0390625 0.49266666666666664 0.009765625 0.014666666666666666
0.0 0.111328125 0.49733333333333335 0.0078125 0.013333333333333334
