0.0 0.02099609375 0.18521229868228403 0.0322265625 0.06881405563689605
0.0 0.1953125 0.26500732064421667 0.03515625 0.06734992679355783
0.0 0.25390625 0.27232796486090777 0.041015625 0.05856515373352855
0.0 0.30908203125 0.27159590043923865 0.0283203125 0.05417276720351391
0.0 0.40869140625 0.21742313323572474 0.0439453125 0.07759882869692533
0.0 0.45166015625 0.2525622254758419 0.0341796875 0.05710102489019034
0.0 0.62158203125 0.28550512445095166 0.0419921875 0.08199121522693997
0.0 0.5556640625 0.3008784773060029 0.03515625 0.06588579795021962
0.0 0.9755859375 0.29941434846266474 0.029296875 0.05124450951683748
0.0 0.990234375 0.2964860907759883 0.017578125 0.05124450951683748
