0.0 0.0283203125 0.5021156558533145 0.03125 0.047954866008462625
0.0 0.04296875 0.45557122708039494 0.013671875 0.023977433004231313
0.0 0.064453125 0.4513399153737659 0.009765625 0.01692524682651622
0.0 0.095703125 0.4414668547249647 0.0146484375 0.031029619181946404
0.0 0.0908203125 0.44569816643159377 0.0068359375 0.014104372355430184
0.0 0.1806640625 0.43582510578279265 0.0126953125 0.02679830747531735
0.0 0.1640625 0.44287729196050774 0.0029296875 0.007052186177715092
0.0 0.2548828125 0.42736248236953456 0.017578125 0.02538787023977433
0.0 0.3310546875 0.47390691114245415 0.0361328125 0.05782792665726375
0.0 0.384765625 0.4936530324400564 0.021484375 0.03526093088857546
0.0 0.490234375 0.5684062059238364 0.0263671875 0.05500705218617771
0.0 0.6484375 0.48660084626234135 0.0263671875 0.05218617771509168
0.0 0.576171875 0.5148095909732017 0.0283203125 0.0535966149506347
0.0 0.57421875 0.42736248236953456 0.0234375 0.039492242595204514
0.0 0.5302734375 0.49647390691114246 0.005859375 0.011283497884344146
0.0 0.6171875 0.47390691114245415 0.0146484375 0.03526093088857546
0.0 0.7236328125 0.4696755994358251 0.0087890625 0.014104372355430184
0.0 0.6064453125 0.44851904090267986 0.017578125 0.031029619181946404
0.0 0.8583984375 0.4104372355430183 0.02734375 0.04936530324400564
0.0 0.9013671875 0.5486600846262342 0.0185546875 0.029619181946403384
0.0 0.966796875 0.4936530324400564 0.0087890625 0.014104372355430184
0.0 0.1201171875 0.47531734837799716 0.0244140625 0.039492242595204514
