0.0 0.09814453125 0.34375 0.0185546875 0.028645833333333332
0.0 0.14990234375 0.3645833333333333 0.0400390625 0.06770833333333333
0.0 0.19091796875 0.3548177083333333 0.0224609375 0.04296875
0.0 0.2109375 0.3515625 0.015625 0.033854166666666664
0.0 0.21875 0.3938802083333333 0.021484375 0.04296875
0.0 0.26806640625 0.322265625 0.0166015625 0.02734375
0.0 0.22705078125 0.353515625 0.0126953125 0.024739583333333332
0.0 0.29345703125 0.373046875 0.0263671875 0.045572916666666664
0.0 0.3310546875 0.3639322916666667 0.033203125 0.04296875
0.0 0.328125 0.4290364583333333 0.033203125 0.05859375
0.0 0.408203125 0.4114583333333333 0.03515625 0.078125
0.0 0.46728515625 0.3743489583333333 0.0224609375 0.01953125
0.0 0.50439453125 0.361328125 0.0302734375 0.048177083333333336
0.0 0.53759765625 0.3873697916666667 0.0224609375 0.029947916666666668
0.0 0.5634765625 0.375 0.041015625 0.06770833333333333
0.0 0.59619140625 0.3450520833333333 0.0146484375 0.028645833333333332
0.0 0.6357421875 0.2838541666666667 0.017578125 0.0234375
0.0 0.64794921875 0.3671875 0.0205078125 0.041666666666666664
0.0 0.669921875 0.33203125 0.0078125 0.015625
0.0 0.70068359375 0.4134114583333333 0.0537109375 0.09765625
0.0 0.7333984375 0.357421875 0.01171875 0.01953125
0.0 0.7568359375 0.3541666666666667 0.009765625 0.015625
0.0 0.80126953125 0.3548177083333333 0.0244140625 0.040364583333333336
0.0 0.8212890625 0.4134114583333333 0.0234375 0.05859375
0.0 0.845703125 0.3704427083333333 0.01171875 0.022135416666666668
0.0 0.86328125 0.3626302083333333 0.01953125 0.03515625
0.0 0.86572265625 0.4186197916666667 0.0322265625 0.05078125
0.0 0.91650390625 0.3528645833333333 0.0224609375 0.028645833333333332
0.0 0.96435546875 0.3815104166666667 0.0224609375 0.028645833333333332
0.0 0.9873046875 0.376953125 0.015625 0.02734375
0.0 0.99560546875 0.384765625 0.0087890625 0.01171875
0.0 0.99609375 0.3723958333333333 0.005859375 0.013020833333333334
0.0 0.9599609375 0.61328125 0.080078125 0.171875
0.0 0.4970703125 0.8444010416666666 0.04296875 0.061197916666666664
0.0 0.7255859375 0.9479166666666666 0.091796875 0.1015625
0.0 0.130859375 0.36328125 0.0234375 0.044270833333333336
0.0 0.37060546875 0.24544270833333334 0.0224609375 0.04296875
0.0 0.3984375 0.23502604166666666 0.0234375 0.040364583333333336
0.0 0.01318359375 0.3528645833333333 0.0205078125 0.03125
