0.0 0.0419921875 0.4004282655246253 0.0078125 0.023554603854389723
0.0 0.056640625 0.3811563169164882 0.009765625 0.02569593147751606
0.0 0.076171875 0.3811563169164882 0.009765625 0.02569593147751606
0.0 0.0927734375 0.3618843683083512 0.0107421875 0.032119914346895075
0.0 0.1044921875 0.3533190578158458 0.013671875 0.03640256959314775
0.0 0.1396484375 0.3340471092077088 0.015625 0.04068522483940043
0.0 0.171875 0.3169164882226981 0.0166015625 0.044967880085653104
0.0 0.20703125 0.30406852248394006 0.017578125 0.04925053533190578
0.0 0.2529296875 0.2826552462526767 0.0185546875 0.055674518201284794
0.0 0.31640625 0.24411134903640258 0.0205078125 0.05353319057815846
0.0 0.365234375 0.21627408993576017 0.0224609375 0.059957173447537475
0.0 0.4365234375 0.17558886509635974 0.0263671875 0.06209850107066381
0.0 0.4619140625 0.24839400428265523 0.0166015625 0.03640256959314775
0.0 0.509765625 0.21413276231263384 0.0263671875 0.07494646680942184
0.0 0.537109375 0.19914346895074947 0.0205078125 0.06423982869379015
0.0 0.5693359375 0.29764453961456105 0.015625 0.047109207708779445
0.0 0.6181640625 0.2334047109207709 0.0234375 0.06638115631691649
0.0 0.6357421875 0.22269807280513917 0.013671875 0.05353319057815846
0.0 0.7021484375 0.0835117773019272 0.033203125 0.08137044967880086
0.0 0.8125 0.22269807280513917 0.025390625 0.06852248394004283
0.0 0.8583984375 0.16916488222698073 0.033203125 0.08137044967880086
0.0 0.904296875 0.30620985010706636 0.0166015625 0.05139186295503212
0.0 0.943359375 0.4582441113490364 0.0126953125 0.03854389721627409
0.0 0.642578125 0.2762312633832976 0.0126953125 0.047109207708779445
