0.0 0.9375 0.36934306569343067 0.04296875 0.07007299270072993
0.0 0.89501953125 0.372992700729927 0.0361328125 0.05693430656934306
0.0 0.8212890625 0.36642335766423356 0.037109375 0.061313868613138686
0.0 0.7529296875 0.37445255474452555 0.041015625 0.06277372262773723
0.0 0.71923828125 0.37518248175182484 0.0361328125 0.058394160583941604
0.0 0.65185546875 0.36934306569343067 0.0361328125 0.05547445255474453
0.0 0.57421875 0.3788321167883212 0.0390625 0.06277372262773723
0.0 0.47705078125 0.3678832116788321 0.0341796875 0.058394160583941604
0.0 0.39111328125 0.3700729927007299 0.0478515625 0.059854014598540145
0.0 0.3125 0.38321167883211676 0.037109375 0.059854014598540145
0.0 0.23681640625 0.3715328467153285 0.0419921875 0.06569343065693431
0.0 0.146484375 0.39197080291970804 0.037109375 0.05693430656934306
0.0 0.0947265625 0.37518248175182484 0.02734375 0.049635036496350364
0.0 0.0400390625 0.3708029197080292 0.04296875 0.06715328467153285
0.0 0.25341796875 0.38686131386861317 0.0205078125 0.040875912408759124
0.0 0.9931640625 0.3562043795620438 0.013671875 0.058394160583941604
0.0 0.419921875 0.3788321167883212 0.025390625 0.05693430656934306
0.0 0.3583984375 0.38686131386861317 0.037109375 0.05547445255474453
0.0 0.19140625 0.3905109489051095 0.04296875 0.059854014598540145
0.0 0.51513671875 0.37737226277372266 0.0361328125 0.051094890510948905
