0.0 0.02392578125 0.21339285714285713 0.0107421875 0.030357142857142857
0.0 0.0341796875 0.2044642857142857 0.013671875 0.033928571428571426
0.0 0.04931640625 0.19285714285714287 0.0166015625 0.03571428571428571
0.0 0.06591796875 0.16785714285714284 0.0263671875 0.05357142857142857
0.0 0.095703125 0.16428571428571428 0.03515625 0.060714285714285714
0.0 0.15234375 0.10892857142857143 0.046875 0.08928571428571429
0.0 0.2060546875 0.18214285714285713 0.0234375 0.04642857142857143
0.0 0.236328125 0.225 0.01171875 0.025
0.0 0.27294921875 0.17857142857142858 0.0283203125 0.060714285714285714
0.0 0.3037109375 0.21964285714285714 0.01171875 0.025
0.0 0.3203125 0.19732142857142856 0.021484375 0.033928571428571426
0.0 0.3583984375 0.12053571428571429 0.037109375 0.07678571428571429
0.0 0.40625 0.1669642857142857 0.0234375 0.055357142857142855
0.0 0.38134765625 0.17767857142857144 0.0068359375 0.0125
0.0 0.4404296875 0.2080357142857143 0.013671875 0.026785714285714284
0.0 0.462890625 0.22767857142857142 0.009765625 0.019642857142857142
0.0 0.5048828125 0.18125 0.015625 0.033928571428571426
0.0 0.5166015625 0.14375 0.03125 0.07321428571428572
0.0 0.607421875 0.1982142857142857 0.01953125 0.039285714285714285
0.0 0.6376953125 0.16071428571428573 0.025390625 0.05714285714285714
0.0 0.6787109375 0.19107142857142856 0.015625 0.039285714285714285
0.0 0.7216796875 0.17410714285714285 0.021484375 0.048214285714285716
0.0 0.73974609375 0.1982142857142857 0.0126953125 0.039285714285714285
0.0 0.78515625 0.20625 0.015625 0.030357142857142857
0.0 0.80322265625 0.17232142857142857 0.0205078125 0.044642857142857144
0.0 0.8515625 0.19642857142857142 0.017578125 0.04642857142857143
0.0 0.861328125 0.22232142857142856 0.009765625 0.026785714285714284
0.0 0.89306640625 0.20535714285714285 0.0146484375 0.03214285714285714
0.0 0.93017578125 0.20714285714285716 0.0166015625 0.03571428571428571
0.0 0.95751953125 0.22053571428571428 0.0146484375 0.030357142857142857
0.0 0.98583984375 0.25357142857142856 0.0068359375 0.014285714285714285
0.0 0.99755859375 0.24821428571428572 0.0048828125 0.014285714285714285
0.0 0.56640625 0.21964285714285714 0.017578125 0.039285714285714285
