0.0 0.046875 0.29708222811671087 0.076171875 0.13660477453580902
0.0 0.0146484375 0.35278514588859416 0.0078125 0.01989389920424403
0.0 0.1171875 0.3594164456233422 0.015625 0.038461538461538464
0.0 0.1552734375 0.363395225464191 0.015625 0.025198938992042442
0.0 0.1708984375 0.3594164456233422 0.0107421875 0.01856763925729443
0.0 0.1904296875 0.36074270557029176 0.0126953125 0.01989389920424403
0.0 0.2021484375 0.3594164456233422 0.01171875 0.014588859416445624
0.0 0.23046875 0.3594164456233422 0.013671875 0.025198938992042442
0.0 0.2587890625 0.3395225464190981 0.0244140625 0.054376657824933686
0.0 0.32421875 0.3726790450928382 0.02734375 0.04774535809018567
0.0 0.3603515625 0.29310344827586204 0.033203125 0.0636604774535809
0.0 0.3955078125 0.3116710875331565 0.072265625 0.13660477453580902
0.0 0.56640625 0.3196286472148541 0.0322265625 0.06631299734748011
0.0 0.6279296875 0.34350132625994695 0.0224609375 0.04111405835543767
0.0 0.7490234375 0.23209549071618038 0.0576171875 0.13395225464190982
0.0 0.73828125 0.34084880636604775 0.03515625 0.050397877984084884
0.0 0.599609375 0.033156498673740056 0.0166015625 0.029177718832891247
0.0 0.88671875 0.34880636604774534 0.0205078125 0.046419098143236075
0.0 0.24609375 0.32891246684350134 0.0166015625 0.04376657824933687
