0.0 0.125 0.5494791666666666 0.041015625 0.0625
0.0 0.150390625 0.49609375 0.013671875 0.022135416666666668
0.0 0.0712890625 0.5182291666666666 0.0234375 0.037760416666666664
0.0 0.0380859375 0.5625 0.02734375 0.053385416666666664
0.0 0.0009765625 0.5247395833333334 0.0263671875 0.045572916666666664
0.0 0.0849609375 0.4986979166666667 0.015625 0.0234375
0.0 0.2724609375 0.2838541666666667 0.13671875 0.2513020833333333
0.0 0.4599609375 0.4700520833333333 0.0419921875 0.07942708333333333
0.0 0.8857421875 0.5182291666666666 0.0205078125 0.041666666666666664
0.0 0.9326171875 0.5247395833333334 0.0234375 0.03515625
0.0 0.9208984375 0.5078125 0.0126953125 0.026041666666666668
