0.0 0.8818359375 0.2375366568914956 0.0380859375 0.0689149560117302
0.0 0.98828125 0.26099706744868034 0.01171875 0.06744868035190615
0.0 0.7646484375 0.27419354838709675 0.0439453125 0.07038123167155426
0.0 0.703125 0.24926686217008798 0.041015625 0.07917888563049853
0.0 0.60546875 0.24780058651026393 0.0390625 0.0747800586510264
0.0 0.4736328125 0.26392961876832843 0.0439453125 0.07917888563049853
0.0 0.400390625 0.18328445747800587 0.0419921875 0.06304985337243402
0.0 0.3837890625 0.1436950146627566 0.01171875 0.021994134897360705
0.0 0.3935546875 0.31378299120234604 0.0458984375 0.08211143695014662
0.0 0.3017578125 0.26832844574780057 0.0458984375 0.08651026392961877
0.0 0.23046875 0.24780058651026393 0.0458984375 0.08651026392961877
0.0 0.1455078125 0.31378299120234604 0.0498046875 0.08651026392961877
0.0 0.0380859375 0.34310850439882695 0.046875 0.07917888563049853
0.0 0.0 0.32991202346041054 0.0146484375 0.07771260997067449
