0.0 0.560546875 0.9 0.0244140625 0.026618705035971222
0.0 0.330078125 0.837410071942446 0.01953125 0.020863309352517987
0.0 0.458984375 0.7899280575539568 0.01953125 0.02158273381294964
0.0 0.498046875 0.7561151079136691 0.0146484375 0.015827338129496403
0.0 0.7216796875 0.9294964028776979 0.021484375 0.02302158273381295
0.0 0.28125 0.6906474820143885 0.017578125 0.015827338129496403
0.0 0.8203125 0.5712230215827339 0.013671875 0.015107913669064749
0.0 0.8291015625 0.5856115107913669 0.015625 0.015827338129496403
0.0 0.7783203125 0.5280575539568345 0.0146484375 0.012949640287769784
0.0 0.6826171875 0.5719424460431655 0.0107421875 0.013669064748201438
0.0 0.080078125 0.5532374100719425 0.0126953125 0.012949640287769784
0.0 0.134765625 0.5388489208633094 0.01171875 0.011510791366906475
0.0 0.115234375 0.8532374100719424 0.0146484375 0.01870503597122302
0.0 0.7041015625 0.5683453237410072 0.0087890625 0.012949640287769784
0.0 0.7529296875 0.6381294964028777 0.0126953125 0.013669064748201438
0.0 0.5361328125 0.7906474820143885 0.0126953125 0.014388489208633094
0.0 0.322265625 0.8755395683453238 0.025390625 0.02446043165467626
0.0 0.232421875 0.7309352517985611 0.0126953125 0.015827338129496403
0.0 0.6357421875 0.6215827338129496 0.017578125 0.015827338129496403
