0.0 0.25439453125 0.2562225475841874 0.0419921875 0.07320644216691069
0.0 0.1396484375 0.30380673499267935 0.03125 0.05124450951683748
0.0 0.0419921875 0.2774524158125915 0.025390625 0.04538799414348463
0.0 0.40576171875 0.25036603221083453 0.0263671875 0.040995607613469986
0.0 0.46044921875 0.2774524158125915 0.0263671875 0.05124450951683748
0.0 0.55517578125 0.23865300146412885 0.0458984375 0.07613469985358712
0.0 0.7587890625 0.24597364568081992 0.0234375 0.040995607613469986
0.0 0.830078125 0.22840409956076135 0.03125 0.05856515373352855
0.0 0.8837890625 0.2840409956076135 0.041015625 0.07027818448023426
0.0 0.92236328125 0.29209370424597364 0.0166015625 0.04538799414348463
0.0 0.82421875 0.14494875549048317 0.0078125 0.017569546120058566
0.0 0.96044921875 0.25988286969253294 0.0087890625 0.01903367496339678
0.0 0.9814453125 0.2452415812591508 0.0078125 0.013177159590043924
0.0 0.96337890625 0.2027818448023426 0.0087890625 0.016105417276720352
0.0 0.96484375 0.17789165446559296 0.01171875 0.021961932650073207
0.0 0.20263671875 0.27232796486090777 0.0185546875 0.032210834553440704
0.0 0.3095703125 0.2745241581259151 0.01953125 0.036603221083455345
0.0 0.37158203125 0.27013177159590046 0.0185546875 0.036603221083455345
0.0 0.65869140625 0.09004392386530015 0.0087890625 0.016105417276720352
0.0 0.70703125 0.0314787701317716 0.009765625 0.01903367496339678
0.0 0.5390625 0.06881405563689605 0.0078125 0.01171303074670571
0.0 0.73681640625 0.032210834553440704 0.0068359375 0.014641288433382138
0.0 0.28173828125 0.040995607613469986 0.0087890625 0.020497803806734993
0.0 0.12255859375 0.032210834553440704 0.0087890625 0.017569546120058566
0.0 0.2646484375 0.09370424597364568 0.0078125 0.014641288433382138
0.0 0.15478515625 0.05636896046852123 0.0087890625 0.016105417276720352
0.0 0.33203125 0.17935578330893118 0.009765625 0.01903367496339678
0.0 0.33203125 0.09443631039531479 0.009765625 0.01903367496339678
0.0 0.4833984375 0.2613469985358712 0.0234375 0.04538799414348463
0.0 0.958984375 0.012445095168374817 0.0078125 0.01903367496339678
0.0 0.01318359375 0.20790629575402636 0.0126953125 0.02342606149341142
0.0 0.0380859375 0.17276720351390923 0.01171875 0.020497803806734993
0.0 0.0712890625 0.11273792093704246 0.009765625 0.020497803806734993
0.0 0.10546875 0.11127379209370425 0.01171875 0.020497803806734993
0.0 0.1767578125 0.16691068814055637 0.009765625 0.017569546120058566
0.0 0.0966796875 0.07540263543191801 0.0078125 0.016105417276720352
0.0 0.75732421875 0.05197657393850659 0.0087890625 0.016105417276720352
0.0 0.2177734375 0.05124450951683748 0.0078125 0.017569546120058566
0.0 0.3173828125 0.14348462664714495 0.0078125 0.014641288433382138
0.0 0.421875 0.06222547584187409 0.009765625 0.027818448023426062
0.0 0.4375 0.16764275256222547 0.009765625 0.01903367496339678
0.0 0.4599609375 0.16691068814055637 0.013671875 0.020497803806734993
0.0 0.85205078125 0.08857979502196194 0.0107421875 0.016105417276720352
0.0 0.78369140625 0.09297218155197658 0.0107421875 0.016105417276720352
0.0 0.7314453125 0.16471449487554904 0.01171875 0.016105417276720352
0.0 0.74072265625 0.12152269399707175 0.0126953125 0.017569546120058566
0.0 0.0458984375 0.07540263543191801 0.01171875 0.01903367496339678
0.0 0.33154296875 0.2686676427525622 0.0126953125 0.03074670571010249
0.0 0.1884765625 0.07174231332357248 0.009765625 0.020497803806734993
0.0 0.1796875 0.12005856515373353 0.009765625 0.017569546120058566
0.0 0.294921875 0.09663250366032211 0.0078125 0.014641288433382138
0.0 0.279296875 0.07320644216691069 0.0078125 0.017569546120058566
