0.0 0.21142578125 0.451171875 0.0166015625 0.029947916666666668
0.0 0.20654296875 0.486328125 0.0224609375 0.029947916666666668
0.0 0.16552734375 0.5026041666666666 0.0205078125 0.033854166666666664
0.0 0.23193359375 0.396484375 0.0146484375 0.016927083333333332
0.0 0.2646484375 0.4798177083333333 0.01953125 0.032552083333333336
0.0 0.291015625 0.4401041666666667 0.015625 0.03125
0.0 0.29638671875 0.3763020833333333 0.0146484375 0.026041666666666668
0.0 0.31884765625 0.38671875 0.0166015625 0.020833333333333332
0.0 0.34375 0.3899739583333333 0.015625 0.024739583333333332
0.0 0.349609375 0.451171875 0.017578125 0.022135416666666668
0.0 0.345703125 0.4889322916666667 0.01953125 0.02734375
0.0 0.37939453125 0.3841145833333333 0.0146484375 0.0234375
0.0 0.4033203125 0.3984375 0.013671875 0.020833333333333332
0.0 0.43408203125 0.396484375 0.0166015625 0.01953125
0.0 0.41845703125 0.4615885416666667 0.0166015625 0.02734375
0.0 0.41357421875 0.5110677083333334 0.0185546875 0.02734375
0.0 0.47998046875 0.4811197916666667 0.0185546875 0.02734375
0.0 0.458984375 0.3893229166666667 0.015625 0.0234375
0.0 0.490234375 0.3899739583333333 0.017578125 0.022135416666666668
0.0 0.478515625 0.4407552083333333 0.015625 0.01953125
0.0 0.52685546875 0.3841145833333333 0.0166015625 0.020833333333333332
0.0 0.5634765625 0.384765625 0.015625 0.022135416666666668
0.0 0.53759765625 0.4479166666666667 0.0166015625 0.0234375
0.0 0.5966796875 0.3899739583333333 0.01953125 0.024739583333333332
0.0 0.626953125 0.3893229166666667 0.015625 0.0234375
0.0 0.6689453125 0.3951822916666667 0.017578125 0.022135416666666668
0.0 0.69970703125 0.3717447916666667 0.0166015625 0.022135416666666668
0.0 0.6494140625 0.42578125 0.01953125 0.026041666666666668
0.0 0.59619140625 0.4231770833333333 0.0185546875 0.028645833333333332
0.0 0.7099609375 0.4524739583333333 0.01953125 0.02734375
0.0 0.60693359375 0.4856770833333333 0.0185546875 0.0234375
0.0 0.66455078125 0.4856770833333333 0.0205078125 0.0234375
0.0 0.54248046875 0.509765625 0.0185546875 0.02734375
0.0 0.60498046875 0.5872395833333334 0.0205078125 0.03125
0.0 0.71728515625 0.6119791666666666 0.0205078125 0.033854166666666664
0.0 0.75244140625 0.5950520833333334 0.0205078125 0.033854166666666664
0.0 0.25341796875 0.6419270833333334 0.0224609375 0.0390625
0.0 0.2919921875 0.6744791666666666 0.01953125 0.036458333333333336
0.0 0.2958984375 0.6204427083333334 0.017578125 0.037760416666666664
0.0 0.25048828125 0.6061197916666666 0.0185546875 0.02734375
0.0 0.77001953125 0.6575520833333334 0.0205078125 0.0390625
0.0 0.82666015625 0.6315104166666666 0.0185546875 0.036458333333333336
0.0 0.78515625 0.611328125 0.01953125 0.037760416666666664
0.0 0.76025390625 0.3645833333333333 0.0166015625 0.026041666666666668
0.0 0.81640625 0.4401041666666667 0.017578125 0.026041666666666668
0.0 0.81298828125 0.47265625 0.0205078125 0.028645833333333332
0.0 0.744140625 0.4375 0.01953125 0.033854166666666664
