0.0 0.0390625 0.34457478005865105 0.0361328125 0.07624633431085044
0.0 0.068359375 0.3651026392961877 0.05078125 0.09530791788856305
0.0 0.1845703125 0.45161290322580644 0.017578125 0.03372434017595308
0.0 0.162109375 0.4633431085043988 0.0107421875 0.021994134897360705
0.0 0.2373046875 0.4046920821114369 0.0185546875 0.03812316715542522
0.0 0.314453125 0.3680351906158358 0.0087890625 0.01466275659824047
0.0 0.271484375 0.42961876832844575 0.015625 0.02785923753665689
0.0 0.3427734375 0.37683284457478006 0.0361328125 0.06304985337243402
0.0 0.400390625 0.36656891495601174 0.0068359375 0.013196480938416423
0.0 0.4150390625 0.39589442815249265 0.037109375 0.07331378299120235
0.0 0.60546875 0.34457478005865105 0.02734375 0.054252199413489736
0.0 0.6923828125 0.3181818181818182 0.0322265625 0.06451612903225806
0.0 0.8779296875 0.26099706744868034 0.041015625 0.08064516129032258
0.0 0.53125 0.3489736070381232 0.01953125 0.0469208211143695
