0.0 0.15625 0.26500732064421667 0.0302734375 0.0527086383601757
0.0 0.29296875 0.2240117130307467 0.033203125 0.06588579795021962
0.0 0.3544921875 0.22840409956076135 0.0380859375 0.06588579795021962
0.0 0.2451171875 0.20644216691068815 0.0244140625 0.043923865300146414
0.0 0.0537109375 0.19326500732064422 0.02734375 0.05124450951683748
0.0 0.220703125 0.22840409956076135 0.021484375 0.03513909224011713
0.0 0.005859375 0.19326500732064422 0.0302734375 0.05417276720351391
0.0 0.1796875 0.2005856515373353 0.01171875 0.01903367496339678
0.0 0.412109375 0.2562225475841874 0.0185546875 0.043923865300146414
0.0 0.5166015625 0.2445095168374817 0.0341796875 0.0746705710102489
0.0 0.5478515625 0.22693997071742314 0.03125 0.0629575402635432
0.0 0.5908203125 0.2430453879941435 0.0458984375 0.07759882869692533
0.0 0.65234375 0.24890190336749635 0.0302734375 0.06442166910688141
0.0 0.798828125 0.28989751098096633 0.0517578125 0.09224011713030747
0.0 0.8671875 0.29282576866764276 0.03515625 0.06881405563689605
0.0 0.9404296875 0.3089311859443631 0.0361328125 0.05417276720351391
0.0 0.4580078125 0.22986822840409957 0.025390625 0.05856515373352855
0.0 0.90625 0.30600292825768666 0.0205078125 0.048316251830161056
0.0 0.1416015625 0.19912152269399708 0.015625 0.03367496339677892
0.0 0.09375 0.30453879941434847 0.0498046875 0.07613469985358712
