0.0 0.693359375 0.3778705636743215 0.0390625 0.11064718162839249
0.0 0.560546875 0.4718162839248434 0.0380859375 0.09603340292275574
0.0 0.3515625 0.33402922755741127 0.044921875 0.12734864300626306
0.0 0.619140625 0.3924843423799583 0.0107421875 0.03549060542797495
0.0 0.5341796875 0.40501043841336115 0.0107421875 0.029227557411273485
0.0 0.298828125 0.4091858037578288 0.0263671875 0.06471816283924843
0.0 0.2109375 0.3695198329853862 0.044921875 0.10647181628392484
0.0 0.1552734375 0.4091858037578288 0.0205078125 0.05219206680584551
0.0 0.10546875 0.4112734864300626 0.0341796875 0.10020876826722339
0.0 0.0390625 0.3653444676409186 0.029296875 0.07724425887265135
0.0 0.89453125 0.40501043841336115 0.009765625 0.027139874739039668
0.0 0.7734375 0.4154488517745303 0.01171875 0.025052192066805846
0.0 0.9775390625 0.3298538622129436 0.0068359375 0.022964509394572025
0.0 0.412109375 0.42588726513569936 0.025390625 0.07306889352818371
