0.0 0.05712890625 0.3754993342210386 0.0439453125 0.0692410119840213
0.0 0.1259765625 0.381491344873502 0.048828125 0.07057256990679095
0.0 0.17529296875 0.36684420772303594 0.0458984375 0.06790945406125166
0.0 0.26416015625 0.40679094540612515 0.0498046875 0.07057256990679095
0.0 0.38818359375 0.39347536617842876 0.0419921875 0.06258322237017311
0.0 0.48681640625 0.4673768308921438 0.0556640625 0.085219707057257
0.0 0.5615234375 0.4141145139813582 0.044921875 0.07190412782956059
0.0 0.52978515625 0.32756324900133155 0.0361328125 0.05059920106524634
0.0 0.638671875 0.4214380825565912 0.046875 0.07057256990679095
0.0 0.72509765625 0.40612516644474034 0.0498046875 0.085219707057257
0.0 0.67333984375 0.37083888149134486 0.0400390625 0.043941411451398134
0.0 0.78857421875 0.37017310252996005 0.0361328125 0.0559254327563249
0.0 0.810546875 0.3808255659121172 0.037109375 0.05326231691078562
0.0 0.8330078125 0.3255659121171771 0.03515625 0.05725699067909454
0.0 0.890625 0.35086551264980026 0.0390625 0.06258322237017311
0.0 0.98291015625 0.381491344873502 0.0341796875 0.07323568575233022
