0.0 0.212890625 0.7226277372262774 0.03125 0.052554744525547446
0.0 0.24462890625 0.5671532846715328 0.0146484375 0.024817518248175182
0.0 0.19091796875 0.5445255474452555 0.0087890625 0.017518248175182483
0.0 0.25146484375 0.5394160583941606 0.0087890625 0.01897810218978102
0.0 0.29052734375 0.545985401459854 0.0107421875 0.017518248175182483
0.0 0.30712890625 0.5708029197080292 0.0126953125 0.02335766423357664
0.0 0.353515625 0.5686131386861314 0.009765625 0.01897810218978102
0.0 0.34326171875 0.5394160583941606 0.0087890625 0.016058394160583942
0.0 0.38037109375 0.5445255474452555 0.0087890625 0.014598540145985401
0.0 0.41015625 0.5693430656934306 0.009765625 0.017518248175182483
0.0 0.41748046875 0.5313868613138686 0.0087890625 0.014598540145985401
0.0 0.03466796875 0.5781021897810219 0.0126953125 0.029197080291970802
0.0 0.0380859375 0.5496350364963504 0.009765625 0.016058394160583942
0.0 0.53662109375 0.6854014598540146 0.0205078125 0.042335766423357665
0.0 0.50732421875 0.6051094890510949 0.0166015625 0.030656934306569343
0.0 0.47021484375 0.5627737226277372 0.0107421875 0.01897810218978102
0.0 0.58203125 0.5562043795620438 0.0078125 0.014598540145985401
0.0 0.50830078125 0.5437956204379562 0.0068359375 0.016058394160583942
0.0 0.5390625 0.5445255474452555 0.0078125 0.014598540145985401
0.0 0.5673828125 0.5430656934306569 0.0078125 0.01167883211678832
0.0 0.42919921875 0.5445255474452555 0.0107421875 0.014598540145985401
0.0 0.46728515625 0.5328467153284672 0.0068359375 0.014598540145985401
0.0 0.677734375 0.5489051094890511 0.0078125 0.014598540145985401
0.0 0.7021484375 0.5401459854014599 0.005859375 0.014598540145985401
0.0 0.697265625 0.5386861313868613 0.005859375 0.01167883211678832
0.0 0.72119140625 0.5372262773722628 0.0068359375 0.014598540145985401
0.0 0.62158203125 0.5299270072992701 0.0068359375 0.01167883211678832
0.0 0.60107421875 0.5408759124087591 0.0068359375 0.013138686131386862
0.0 0.6162109375 0.5598540145985401 0.0078125 0.013138686131386862
0.0 0.51611328125 0.5299270072992701 0.0068359375 0.008759124087591242
0.0 0.74609375 0.545985401459854 0.005859375 0.01167883211678832
0.0 0.76025390625 0.5423357664233577 0.0068359375 0.010218978102189781
0.0 0.451171875 0.9569343065693431 0.021484375 0.042335766423357665
0.0 0.79541015625 0.6255474452554745 0.0068359375 0.016058394160583942
0.0 0.83056640625 0.5489051094890511 0.0068359375 0.01167883211678832
0.0 0.8876953125 0.5313868613138686 0.005859375 0.01167883211678832
0.0 0.90869140625 0.5328467153284672 0.0068359375 0.01167883211678832
0.0 0.93701171875 0.551094890510949 0.0068359375 0.013138686131386862
0.0 0.8662109375 0.535036496350365 0.005859375 0.010218978102189781
0.0 0.810546875 0.554014598540146 0.0078125 0.013138686131386862
0.0 0.859375 0.5678832116788322 0.0078125 0.017518248175182483
