0.0 0.9453125 0.37922077922077924 0.0341796875 0.024025974025974027
0.0 0.8779296875 0.4383116883116883 0.0517578125 0.03961038961038961
0.0 0.8515625 0.3987012987012987 0.0322265625 0.02727272727272727
0.0 0.861328125 0.36558441558441557 0.029296875 0.024675324675324677
0.0 0.73828125 0.35909090909090907 0.0615234375 0.06103896103896104
0.0 0.650390625 0.37207792207792206 0.1015625 0.09350649350649351
0.0 0.12890625 0.3246753246753247 0.0625 0.05909090909090909
0.0 0.078125 0.35974025974025975 0.052734375 0.03701298701298701
0.0 0.0341796875 0.32142857142857145 0.0546875 0.044805194805194806
0.0 0.0009765625 0.33181818181818185 0.037109375 0.03831168831168831
