0.0 0.19677734375 0.389894419306184 0.0302734375 0.07088989441930618
0.0 0.12890625 0.3597285067873303 0.025390625 0.049773755656108594
0.0 0.10400390625 0.19984917043740574 0.0185546875 0.03770739064856712
0.0 0.1376953125 0.17571644042232276 0.017578125 0.043740573152337855
0.0 0.1669921875 0.1794871794871795 0.009765625 0.024132730015082957
0.0 0.1865234375 0.21342383107088989 0.01171875 0.02262443438914027
0.0 0.07177734375 0.14177978883861236 0.0107421875 0.024132730015082957
0.0 0.1279296875 0.1229260935143288 0.01171875 0.02262443438914027
0.0 0.17333984375 0.1455505279034691 0.0107421875 0.02262443438914027
0.0 0.2099609375 0.1191553544494721 0.01171875 0.027149321266968326
0.0 0.23291015625 0.13574660633484162 0.0126953125 0.027149321266968326
0.0 0.2578125 0.17722473604826547 0.01171875 0.02564102564102564
0.0 0.28173828125 0.21266968325791855 0.0185546875 0.033182503770739065
0.0 0.318359375 0.2066365007541478 0.01953125 0.033182503770739065
0.0 0.22412109375 0.2986425339366516 0.0224609375 0.04524886877828054
0.0 0.318359375 0.2873303167420814 0.01953125 0.04072398190045249
0.0 0.37158203125 0.21116138763197587 0.0146484375 0.027149321266968326
0.0 0.2841796875 0.12217194570135746 0.013671875 0.030165912518853696
0.0 0.23681640625 0.1048265460030166 0.0126953125 0.02865761689291101
0.0 0.3134765625 0.10105580693815988 0.01171875 0.027149321266968326
0.0 0.33154296875 0.138763197586727 0.0146484375 0.033182503770739065
0.0 0.3447265625 0.14479638009049775 0.01171875 0.030165912518853696
0.0 0.521484375 0.4276018099547511 0.03125 0.06184012066365008
0.0 0.41259765625 0.3431372549019608 0.0263671875 0.05580693815987934
0.0 0.443359375 0.3212669683257919 0.01953125 0.042232277526395176
0.0 0.41015625 0.20889894419306185 0.013671875 0.02564102564102564
0.0 0.40625 0.1568627450980392 0.01171875 0.024132730015082957
0.0 0.4423828125 0.21644042232277527 0.01171875 0.02865761689291101
0.0 0.458984375 0.1515837104072398 0.013671875 0.03167420814479638
0.0 0.4755859375 0.15761689291101055 0.013671875 0.02865761689291101
0.0 0.49609375 0.1832579185520362 0.015625 0.03167420814479638
0.0 0.50732421875 0.21342383107088989 0.0126953125 0.03167420814479638
0.0 0.51904296875 0.138763197586727 0.0126953125 0.027149321266968326
0.0 0.56689453125 0.16289592760180996 0.0126953125 0.030165912518853696
0.0 0.57958984375 0.167420814479638 0.0146484375 0.03619909502262444
0.0 0.6083984375 0.138763197586727 0.01171875 0.030165912518853696
0.0 0.62109375 0.16214177978883862 0.015625 0.04072398190045249
0.0 0.646484375 0.3114630467571644 0.021484375 0.04675716440422323
0.0 0.67236328125 0.2368024132730015 0.0205078125 0.0392156862745098
0.0 0.6494140625 0.16666666666666666 0.013671875 0.02865761689291101
0.0 0.6669921875 0.1425339366515837 0.01171875 0.02564102564102564
0.0 0.677734375 0.13650075414781296 0.013671875 0.03167420814479638
0.0 0.71875 0.1546003016591252 0.013671875 0.03469079939668175
0.0 0.7265625 0.2722473604826546 0.015625 0.03167420814479638
0.0 0.408203125 0.10180995475113122 0.01171875 0.02262443438914027
0.0 0.75146484375 0.167420814479638 0.0146484375 0.033182503770739065
0.0 0.78466796875 0.18024132730015083 0.0185546875 0.03469079939668175
0.0 0.85986328125 0.26621417797888386 0.0185546875 0.03770739064856712
0.0 0.76220703125 0.41478129713423834 0.0302734375 0.06033182503770739
0.0 0.748046875 0.27677224736048267 0.015625 0.03469079939668175
0.0 0.80029296875 0.2609351432880845 0.0185546875 0.03619909502262444
0.0 0.83544921875 0.19532428355957768 0.0166015625 0.03469079939668175
0.0 0.89892578125 0.17647058823529413 0.0205078125 0.0392156862745098
0.0 0.9375 0.2187028657616893 0.01953125 0.0392156862745098
0.0 0.89404296875 0.3273001508295626 0.0224609375 0.042232277526395176
0.0 0.98828125 0.36199095022624433 0.0234375 0.05429864253393665
0.0 0.9931640625 0.29638009049773756 0.013671875 0.043740573152337855
0.0 0.9873046875 0.16591251885369532 0.013671875 0.033182503770739065
0.0 0.47998046875 0.2187028657616893 0.0205078125 0.04524886877828054
0.0 0.56298828125 0.13046757164404224 0.0126953125 0.02262443438914027
0.0 0.0869140625 0.06184012066365008 0.0078125 0.01809954751131222
0.0 0.78271484375 0.14177978883861236 0.0146484375 0.024132730015082957
0.0 0.8564453125 0.20739064856711917 0.015625 0.03770739064856712
0.0 0.271484375 0.14404223227752638 0.01171875 0.02564102564102564
0.0 0.2451171875 0.08220211161387632 0.009765625 0.0196078431372549
