0.0 0.02783203125 0.5224312590448625 0.0087890625 0.01447178002894356
0.0 0.0390625 0.532561505065123 0.009765625 0.017366136034732273
0.0 0.06689453125 0.5 0.0107421875 0.015918958031837915
0.0 0.07763671875 0.5173661360347322 0.0087890625 0.01881331403762663
0.0 0.12451171875 0.5 0.0126953125 0.024602026049204053
0.0 0.13427734375 0.5014471780028944 0.0068359375 0.013024602026049204
0.0 0.158203125 0.5188133140376266 0.009765625 0.01881331403762663
0.0 0.14697265625 0.5065123010130246 0.0087890625 0.020260492040520984
0.0 0.17626953125 0.5123010130246021 0.0126953125 0.02894356005788712
0.0 0.18115234375 0.4963820549927641 0.0107421875 0.020260492040520984
0.0 0.1982421875 0.5144717800289436 0.013671875 0.027496382054992764
0.0 0.22802734375 0.4927641099855282 0.0185546875 0.03328509406657019
0.0 0.2529296875 0.49782923299565845 0.009765625 0.01447178002894356
0.0 0.37744140625 0.515918958031838 0.0126953125 0.030390738060781478
0.0 0.38916015625 0.4992764109985528 0.0146484375 0.03183791606367583
0.0 0.41015625 0.49493487698986977 0.013671875 0.02894356005788712
0.0 0.435546875 0.4905933429811867 0.009765625 0.020260492040520984
0.0 0.44580078125 0.548480463096961 0.0166015625 0.03183791606367583
0.0 0.4755859375 0.5397973950795948 0.015625 0.03473227206946455
0.0 0.48095703125 0.4956584659913169 0.0087890625 0.02170767004341534
0.0 0.51220703125 0.5021707670043415 0.0087890625 0.023154848046309694
0.0 0.51953125 0.5101302460202605 0.009765625 0.02170767004341534
0.0 0.54638671875 0.5217076700434153 0.0185546875 0.0361794500723589
0.0 0.5283203125 0.5767004341534009 0.017578125 0.04486251808972504
0.0 0.57763671875 0.4840810419681621 0.0107421875 0.02170767004341534
0.0 0.607421875 0.4840810419681621 0.009765625 0.02170767004341534
0.0 0.60986328125 0.5499276410998553 0.0185546875 0.03762662807525326
0.0 0.626953125 0.48914616497829233 0.009765625 0.02604920405209841
0.0 0.6640625 0.5101302460202605 0.01953125 0.0361794500723589
0.0 0.75537109375 0.459479015918958 0.0185546875 0.041968162083936326
0.0 0.767578125 0.4710564399421129 0.013671875 0.030390738060781478
0.0 0.75830078125 0.5448625180897251 0.0166015625 0.04775687409551375
0.0 0.892578125 0.5260492040520984 0.021484375 0.04486251808972504
0.0 0.9716796875 0.5 0.015625 0.030390738060781478
