0.0 0.16015625 0.30701754385964913 0.0185546875 0.039473684210526314
0.0 0.2294921875 0.24853801169590642 0.021484375 0.03654970760233918
0.0 0.2607421875 0.24561403508771928 0.037109375 0.059941520467836254
0.0 0.3564453125 0.2675438596491228 0.03125 0.054093567251461985
0.0 0.4443359375 0.27046783625730997 0.03515625 0.06432748538011696
0.0 0.560546875 0.25 0.0322265625 0.05555555555555555
0.0 0.38671875 0.30116959064327486 0.01171875 0.02631578947368421
0.0 0.3984375 0.3026315789473684 0.0107421875 0.023391812865497075
0.0 0.326171875 0.3055555555555556 0.01171875 0.03216374269005848
0.0 0.3076171875 0.2982456140350877 0.015625 0.029239766081871343
0.0 0.517578125 0.3055555555555556 0.01171875 0.02631578947368421
0.0 0.5302734375 0.3128654970760234 0.0166015625 0.03070175438596491
0.0 0.603515625 0.29385964912280704 0.0126953125 0.027777777777777776
0.0 0.6279296875 0.31140350877192985 0.0107421875 0.021929824561403508
0.0 0.6630859375 0.31432748538011696 0.025390625 0.04239766081871345
0.0 0.693359375 0.3230994152046784 0.0146484375 0.03216374269005848
0.0 0.7568359375 0.32456140350877194 0.0146484375 0.029239766081871343
0.0 0.7802734375 0.3230994152046784 0.0166015625 0.03216374269005848
0.0 0.7958984375 0.2807017543859649 0.0146484375 0.03654970760233918
0.0 0.8681640625 0.31871345029239767 0.0166015625 0.03216374269005848
0.0 0.9072265625 0.33771929824561403 0.0166015625 0.03070175438596491
0.0 0.9365234375 0.31432748538011696 0.0185546875 0.03654970760233918
