0.0 0.896484375 0.4144736842105263 0.052734375 0.08625730994152046
0.0 0.95703125 0.3896198830409357 0.03515625 0.06286549707602339
0.0 0.0859375 0.2894736842105263 0.009765625 0.017543859649122806
0.0 0.060546875 0.29605263157894735 0.01171875 0.019005847953216373
0.0 0.005859375 0.3201754385964912 0.01171875 0.03216374269005848
0.0 0.00830078125 0.2536549707602339 0.0068359375 0.01023391812865497
0.0 0.00244140625 0.26608187134502925 0.0048828125 0.014619883040935672
0.0 0.564453125 0.29385964912280704 0.01171875 0.02046783625730994
0.0 0.97802734375 0.2807017543859649 0.0126953125 0.02046783625730994
0.0 0.98388671875 0.35964912280701755 0.0244140625 0.04093567251461988
0.0 0.71533203125 0.30409356725146197 0.0263671875 0.043859649122807015
0.0 0.81982421875 0.3230994152046784 0.0263671875 0.043859649122807015
0.0 0.66064453125 0.38596491228070173 0.0322265625 0.05847953216374269
0.0 0.58984375 0.30409356725146197 0.0234375 0.04093567251461988
0.0 0.6796875 0.2843567251461988 0.013671875 0.024853801169590642
0.0 0.626953125 0.3026315789473684 0.015625 0.02631578947368421
0.0 0.50732421875 0.3055555555555556 0.0263671875 0.043859649122807015
0.0 0.4990234375 0.2675438596491228 0.015625 0.02631578947368421
0.0 0.46923828125 0.27558479532163743 0.0107421875 0.019005847953216373
0.0 0.4892578125 0.260233918128655 0.01171875 0.017543859649122806
0.0 0.412109375 0.2880116959064328 0.025390625 0.043859649122807015
0.0 0.3818359375 0.2675438596491228 0.009765625 0.017543859649122806
0.0 0.30517578125 0.31871345029239767 0.0263671875 0.043859649122807015
0.0 0.3359375 0.2631578947368421 0.013671875 0.02631578947368421
0.0 0.3486328125 0.28289473684210525 0.015625 0.021929824561403508
0.0 0.3212890625 0.24269005847953215 0.009765625 0.014619883040935672
0.0 0.33154296875 0.3165204678362573 0.0166015625 0.03070175438596491
0.0 0.2861328125 0.24195906432748537 0.009765625 0.01608187134502924
0.0 0.23388671875 0.2733918128654971 0.0224609375 0.038011695906432746
0.0 0.36669921875 0.49122807017543857 0.0576171875 0.10818713450292397
0.0 0.8154296875 0.5899122807017544 0.0859375 0.1564327485380117
0.0 0.32861328125 0.4510233918128655 0.0322265625 0.06871345029239766
0.0 0.13818359375 0.3084795321637427 0.0224609375 0.03508771929824561
0.0 0.1064453125 0.36257309941520466 0.029296875 0.043859649122807015
0.0 0.205078125 0.3538011695906433 0.029296875 0.04678362573099415
0.0 0.16162109375 0.25 0.0087890625 0.014619883040935672
0.0 0.15625 0.24195906432748537 0.0078125 0.013157894736842105
0.0 0.1142578125 0.2565789473684211 0.0078125 0.013157894736842105
0.0 0.10302734375 0.26608187134502925 0.0068359375 0.011695906432748537
