0.0 0.119140625 0.46920821114369504 0.0166015625 0.030791788856304986
0.0 0.4697265625 0.46920821114369504 0.0234375 0.04252199413489736
0.0 0.833984375 0.4780058651026393 0.0166015625 0.030791788856304986
0.0 0.7001953125 0.47653958944281527 0.0166015625 0.03225806451612903
0.0 0.7548828125 0.45894428152492667 0.01171875 0.02346041055718475
0.0 0.8876953125 0.45454545454545453 0.0126953125 0.021994134897360705
0.0 0.7197265625 0.44868035190615835 0.0107421875 0.020527859237536656
0.0 0.861328125 0.44868035190615835 0.0107421875 0.020527859237536656
0.0 0.5849609375 0.46920821114369504 0.0166015625 0.02932551319648094
0.0 0.513671875 0.4662756598240469 0.0146484375 0.02932551319648094
0.0 0.4140625 0.46774193548387094 0.013671875 0.024926686217008796
0.0 0.38671875 0.45894428152492667 0.01171875 0.024926686217008796
0.0 0.6689453125 0.45454545454545453 0.0126953125 0.02346041055718475
0.0 0.654296875 0.4560117302052786 0.0087890625 0.020527859237536656
0.0 0.9541015625 0.44868035190615835 0.0126953125 0.024926686217008796
0.0 0.3427734375 0.4560117302052786 0.0126953125 0.026392961876832845
0.0 0.2861328125 0.44868035190615835 0.01171875 0.021994134897360705
0.0 0.255859375 0.4633431085043988 0.0126953125 0.02346041055718475
0.0 0.232421875 0.47214076246334313 0.0078125 0.01466275659824047
0.0 0.1982421875 0.4560117302052786 0.01171875 0.01906158357771261
0.0 0.166015625 0.4560117302052786 0.0126953125 0.020527859237536656
0.0 0.0791015625 0.46920821114369504 0.0126953125 0.01906158357771261
0.0 0.0439453125 0.46187683284457476 0.0107421875 0.020527859237536656
0.0 0.009765625 0.4633431085043988 0.01171875 0.01906158357771261
