0.0 0.072265625 0.420265780730897 0.0263671875 0.054817275747508304
0.0 0.03515625 0.3438538205980066 0.015625 0.036544850498338874
0.0 0.087890625 0.3239202657807309 0.01171875 0.026578073089700997
0.0 0.0615234375 0.34053156146179403 0.013671875 0.024916943521594685
0.0 0.1376953125 0.31893687707641194 0.0087890625 0.013289036544850499
0.0 0.181640625 0.3521594684385382 0.0107421875 0.024916943521594685
0.0 0.2119140625 0.4186046511627907 0.0234375 0.04817275747508306
0.0 0.287109375 0.41362126245847175 0.015625 0.03488372093023256
0.0 0.2822265625 0.3521594684385382 0.009765625 0.019933554817275746
0.0 0.302734375 0.3654485049833887 0.01171875 0.019933554817275746
0.0 0.3154296875 0.4003322259136213 0.0244140625 0.04152823920265781
0.0 0.14453125 0.31893687707641194 0.0087890625 0.014950166112956811
0.0 0.3525390625 0.40365448504983387 0.0234375 0.046511627906976744
0.0 0.224609375 0.41362126245847175 0.0166015625 0.036544850498338874
0.0 0.3984375 0.40365448504983387 0.0166015625 0.036544850498338874
0.0 0.431640625 0.4169435215946844 0.0185546875 0.03986710963455149
0.0 0.466796875 0.3953488372093023 0.0205078125 0.044850498338870434
0.0 0.4482421875 0.38205980066445183 0.009765625 0.018272425249169437
0.0 0.4814453125 0.38870431893687707 0.0185546875 0.04152823920265781
0.0 0.5126953125 0.38704318936877075 0.01953125 0.03820598006644518
0.0 0.43359375 0.2857142857142857 0.0146484375 0.023255813953488372
0.0 0.5576171875 0.3704318936877076 0.0244140625 0.03820598006644518
0.0 0.6025390625 0.3588039867109635 0.0185546875 0.02823920265780731
0.0 0.599609375 0.39700996677740863 0.017578125 0.03156146179401993
0.0 0.6708984375 0.3920265780730897 0.0263671875 0.04817275747508306
0.0 0.69140625 0.3853820598006645 0.0185546875 0.04318936877076412
0.0 0.71484375 0.3803986710963455 0.0166015625 0.036544850498338874
0.0 0.662109375 0.37375415282392027 0.013671875 0.029900332225913623
0.0 0.640625 0.26744186046511625 0.013671875 0.024916943521594685
0.0 0.736328125 0.4019933554817276 0.0126953125 0.02159468438538206
0.0 0.732421875 0.29401993355481726 0.0107421875 0.014950166112956811
0.0 0.7763671875 0.3853820598006645 0.0224609375 0.046511627906976744
0.0 0.8486328125 0.4169435215946844 0.0224609375 0.036544850498338874
0.0 0.89453125 0.39867109634551495 0.0185546875 0.04318936877076412
0.0 0.9169921875 0.4069767441860465 0.01171875 0.023255813953488372
0.0 0.9501953125 0.4019933554817276 0.015625 0.02823920265780731
0.0 0.880859375 0.42524916943521596 0.013671875 0.019933554817275746
0.0 0.966796875 0.45016611295681064 0.0126953125 0.023255813953488372
0.0 0.9404296875 0.43023255813953487 0.009765625 0.02159468438538206
0.0 0.95703125 0.5830564784053156 0.029296875 0.044850498338870434
0.0 0.978515625 0.6245847176079734 0.01953125 0.05647840531561462
0.0 0.8271484375 0.4152823920265781 0.0107421875 0.023255813953488372
0.0 0.810546875 0.4069767441860465 0.0107421875 0.023255813953488372
0.0 0.267578125 0.43023255813953487 0.021484375 0.03986710963455149
0.0 0.2119140625 0.3272425249169435 0.01171875 0.02823920265780731
0.0 0.23828125 0.3488372093023256 0.0107421875 0.02159468438538206
0.0 0.53515625 0.37375415282392027 0.015625 0.04152823920265781
0.0 0.0400390625 0.4152823920265781 0.017578125 0.03986710963455149
