0.0 0.19921875 0.1378299120234604 0.07421875 0.1598240469208211
0.0 0.458984375 0.3416422287390029 0.0400390625 0.08504398826979472
0.0 0.3759765625 0.31085043988269795 0.01171875 0.02785923753665689
0.0 0.5693359375 0.39296187683284456 0.009765625 0.024926686217008796
0.0 0.619140625 0.3841642228739003 0.017578125 0.04398826979472141
0.0 0.6650390625 0.4413489736070381 0.0166015625 0.03225806451612903
0.0 0.7255859375 0.4340175953079179 0.0146484375 0.026392961876832845
0.0 0.7734375 0.46187683284457476 0.013671875 0.016129032258064516
0.0 0.935546875 0.4970674486803519 0.01953125 0.039589442815249266
0.0 0.947265625 0.47653958944281527 0.017578125 0.036656891495601175
0.0 0.0849609375 0.2287390029325513 0.0234375 0.0469208211143695
0.0 0.2294921875 0.2756598240469208 0.0302734375 0.05865102639296188
0.0 0.748046875 0.4604105571847507 0.0146484375 0.016129032258064516
0.0 0.6884765625 0.4310850439882698 0.0078125 0.01466275659824047
0.0 0.5322265625 0.34750733137829914 0.0390625 0.05571847507331378
