0.0 0.94091796875 0.48803630363036304 0.0166015625 0.015676567656765675
0.0 0.859375 0.5111386138613861 0.01953125 0.018976897689768978
0.0 0.79736328125 0.5045379537953796 0.0146484375 0.012376237623762377
0.0 0.744140625 0.5028877887788779 0.01171875 0.010726072607260726
0.0 0.7392578125 0.5301155115511551 0.01171875 0.010726072607260726
0.0 0.68701171875 0.48803630363036304 0.0126953125 0.012376237623762377
0.0 0.64208984375 0.466996699669967 0.0146484375 0.01485148514851485
0.0 0.6025390625 0.46328382838283827 0.01171875 0.010726072607260726
0.0 0.60009765625 0.48886138613861385 0.0146484375 0.015676567656765675
0.0 0.552734375 0.4876237623762376 0.01171875 0.013201320132013201
0.0 0.51416015625 0.4773102310231023 0.0107421875 0.010726072607260726
0.0 0.50048828125 0.4991749174917492 0.0126953125 0.013201320132013201
0.0 0.3798828125 0.48721122112211224 0.01171875 0.012376237623762377
0.0 0.43798828125 0.4938118811881188 0.0107421875 0.012376237623762377
0.0 0.4306640625 0.518976897689769 0.015625 0.0165016501650165
0.0 0.421875 0.4814356435643564 0.009765625 0.009075907590759076
0.0 0.29443359375 0.509075907590759 0.0126953125 0.01155115511551155
0.0 0.24755859375 0.5061881188118812 0.0107421875 0.010726072607260726
0.0 0.22607421875 0.47648514851485146 0.0126953125 0.012376237623762377
0.0 0.326171875 0.4971122112211221 0.013671875 0.014026402640264026
0.0 0.029296875 0.4397689768976898 0.005859375 0.0049504950495049506
