0.0 0.8125 0.38716216216216215 0.0234375 0.03918918918918919
0.0 0.22607421875 0.8040540540540541 0.0439453125 0.07837837837837838
0.0 0.1142578125 0.6425675675675676 0.03515625 0.05810810810810811
0.0 0.0185546875 0.6621621621621622 0.02734375 0.06486486486486487
0.0 0.21484375 0.5608108108108109 0.017578125 0.021621621621621623
0.0 0.02783203125 0.6047297297297297 0.0166015625 0.025675675675675677
0.0 0.3076171875 0.5668918918918919 0.009765625 0.02027027027027027
0.0 0.29931640625 0.5337837837837838 0.0068359375 0.016216216216216217
0.0 0.42529296875 0.6013513513513513 0.0263671875 0.04864864864864865
0.0 0.333984375 0.48243243243243245 0.005859375 0.010810810810810811
0.0 0.35595703125 0.42162162162162165 0.0048828125 0.010810810810810811
0.0 0.421875 0.4560810810810811 0.005859375 0.012162162162162163
0.0 0.42724609375 0.4283783783783784 0.0048828125 0.008108108108108109
0.0 0.38623046875 0.40540540540540543 0.0048828125 0.008108108108108109
0.0 0.45263671875 0.40540540540540543 0.0048828125 0.008108108108108109
0.0 0.74755859375 0.6364864864864865 0.0302734375 0.04594594594594595
0.0 0.67919921875 0.5493243243243243 0.0087890625 0.03918918918918919
0.0 0.25439453125 0.581081081081081 0.0185546875 0.03783783783783784
0.0 0.43701171875 0.4006756756756757 0.0048828125 0.00945945945945946
0.0 0.33203125 0.46824324324324323 0.005859375 0.00945945945945946
0.0 0.9208984375 0.3641891891891892 0.05078125 0.08243243243243244
0.0 0.89599609375 0.3844594594594595 0.0458984375 0.06891891891891892
0.0 0.2685546875 0.5547297297297298 0.0078125 0.014864864864864866
