0.0 0.8740234375 0.23607038123167157 0.03515625 0.06304985337243402
0.0 0.8544921875 0.4090909090909091 0.037109375 0.06158357771260997
0.0 0.76171875 0.28885630498533726 0.03515625 0.05718475073313783
0.0 0.7861328125 0.10410557184750734 0.037109375 0.05865102639296188
0.0 0.6796875 0.18621700879765396 0.03515625 0.06744868035190615
0.0 0.5986328125 0.2595307917888563 0.03515625 0.06158357771260997
0.0 0.650390625 0.3885630498533724 0.0419921875 0.07624633431085044
0.0 0.5400390625 0.1217008797653959 0.0341796875 0.06598240469208211
0.0 0.4150390625 0.12756598240469208 0.03515625 0.06304985337243402
0.0 0.478515625 0.3020527859237537 0.0361328125 0.06598240469208211
0.0 0.3583984375 0.27419354838709675 0.03515625 0.0689149560117302
0.0 0.2705078125 0.19794721407624633 0.03125 0.06158357771260997
0.0 0.185546875 0.2932551319648094 0.0380859375 0.06304985337243402
0.0 0.1572265625 0.11730205278592376 0.037109375 0.06158357771260997
0.0 0.087890625 0.27419354838709675 0.0361328125 0.06451612903225806
0.0 0.1142578125 0.43255131964809385 0.0322265625 0.05278592375366569
0.0 0.302734375 0.3885630498533724 0.0400390625 0.06598240469208211
