0.0 0.81884765625 0.3890086206896552 0.0244140625 0.0668103448275862
0.0 0.69384765625 0.3793103448275862 0.0224609375 0.05603448275862069
0.0 0.5966796875 0.35237068965517243 0.0234375 0.05387931034482758
0.0 0.77734375 0.3760775862068966 0.01171875 0.028017241379310345
0.0 0.72607421875 0.3922413793103448 0.0107421875 0.03017241379310345
0.0 0.4912109375 0.3900862068965517 0.015625 0.03879310344827586
0.0 0.54345703125 0.3545258620689655 0.0087890625 0.028017241379310345
0.0 0.423828125 0.3459051724137931 0.015625 0.040948275862068964
0.0 0.35205078125 0.3415948275862069 0.0146484375 0.040948275862068964
0.0 0.267578125 0.2952586206896552 0.015625 0.04310344827586207
0.0 0.103515625 0.3275862068965517 0.013671875 0.034482758620689655
0.0 0.14697265625 0.31788793103448276 0.0107421875 0.028017241379310345
0.0 0.939453125 0.44504310344827586 0.005859375 0.01939655172413793
0.0 0.9814453125 0.39762931034482757 0.005859375 0.01939655172413793
0.0 0.970703125 0.32435344827586204 0.005859375 0.01939655172413793
0.0 0.9052734375 0.3599137931034483 0.005859375 0.017241379310344827
0.0 0.89306640625 0.2920258620689655 0.0068359375 0.01939655172413793
0.0 0.91064453125 0.3125 0.0048828125 0.021551724137931036
0.0 0.93212890625 0.3394396551724138 0.0048828125 0.015086206896551725
0.0 0.87109375 0.12823275862068967 0.00390625 0.010775862068965518
0.0 0.7880859375 0.2683189655172414 0.005859375 0.015086206896551725
0.0 0.76318359375 0.3081896551724138 0.0048828125 0.01293103448275862
0.0 0.67626953125 0.1896551724137931 0.0048828125 0.01293103448275862
0.0 0.63037109375 0.25646551724137934 0.0048828125 0.01293103448275862
0.0 0.6396484375 0.23275862068965517 0.00390625 0.008620689655172414
0.0 0.7666015625 0.21982758620689655 0.005859375 0.01293103448275862
0.0 0.74951171875 0.21875 0.0048828125 0.015086206896551725
0.0 0.7373046875 0.23060344827586207 0.005859375 0.017241379310344827
0.0 0.72119140625 0.29094827586206895 0.0048828125 0.01293103448275862
0.0 0.68115234375 0.23814655172413793 0.0068359375 0.015086206896551725
0.0 0.67041015625 0.2209051724137931 0.0048828125 0.010775862068965518
0.0 0.8115234375 0.17780172413793102 0.00390625 0.010775862068965518
0.0 0.77783203125 0.15086206896551724 0.0048828125 0.01293103448275862
0.0 0.79931640625 0.13469827586206898 0.0029296875 0.010775862068965518
0.0 0.82080078125 0.15732758620689655 0.0029296875 0.008620689655172414
0.0 0.7421875 0.1497844827586207 0.00390625 0.010775862068965518
0.0 0.76171875 0.13900862068965517 0.00390625 0.010775862068965518
0.0 0.84521484375 0.12931034482758622 0.0029296875 0.008620689655172414
0.0 0.81396484375 0.13793103448275862 0.0029296875 0.01293103448275862
0.0 0.77392578125 0.18211206896551724 0.0029296875 0.010775862068965518
0.0 0.7333984375 0.19073275862068967 0.00390625 0.010775862068965518
0.0 0.5634765625 0.23814655172413793 0.005859375 0.015086206896551725
0.0 0.541015625 0.27262931034482757 0.005859375 0.015086206896551725
0.0 0.51806640625 0.30926724137931033 0.0048828125 0.010775862068965518
0.0 0.58203125 0.21120689655172414 0.005859375 0.017241379310344827
0.0 0.953125 0.32004310344827586 0.005859375 0.023706896551724137
0.0 0.9892578125 0.28987068965517243 0.005859375 0.01939655172413793
0.0 0.9111328125 0.2349137931034483 0.005859375 0.017241379310344827
0.0 0.92578125 0.19288793103448276 0.005859375 0.015086206896551725
0.0 0.92919921875 0.28771551724137934 0.0068359375 0.015086206896551725
0.0 0.9833984375 0.27262931034482757 0.005859375 0.015086206896551725
0.0 0.9619140625 0.24245689655172414 0.005859375 0.01939655172413793
0.0 0.95556640625 0.18857758620689655 0.0068359375 0.01939655172413793
0.0 0.1796875 0.3599137931034483 0.01171875 0.034482758620689655
0.0 0.0234375 0.3254310344827586 0.005859375 0.021551724137931036
0.0 0.07568359375 0.32435344827586204 0.0087890625 0.023706896551724137
0.0 0.0517578125 0.3125 0.0078125 0.021551724137931036
0.0 0.6923828125 0.33620689655172414 0.0078125 0.02586206896551724
0.0 0.66162109375 0.2790948275862069 0.0068359375 0.023706896551724137
