0.0 0.0576171875 0.2587976539589443 0.03515625 0.060117302052785926
0.0 0.087890625 0.23900293255131966 0.02734375 0.05571847507331378
0.0 0.12939453125 0.2558651026392962 0.0400390625 0.0689149560117302
0.0 0.15869140625 0.23973607038123168 0.0244140625 0.051319648093841645
0.0 0.21484375 0.2690615835777126 0.0390625 0.06304985337243402
0.0 0.2666015625 0.22140762463343108 0.03125 0.05278592375366569
0.0 0.3251953125 0.2668621700879765 0.033203125 0.06451612903225806
0.0 0.35888671875 0.21480938416422288 0.0302734375 0.054252199413489736
0.0 0.42578125 0.34310850439882695 0.033203125 0.04985337243401759
0.0 0.427734375 0.22947214076246333 0.029296875 0.054252199413489736
0.0 0.484375 0.24926686217008798 0.029296875 0.05278592375366569
0.0 0.525390625 0.29472140762463345 0.033203125 0.06744868035190615
0.0 0.56640625 0.22580645161290322 0.03125 0.05278592375366569
0.0 0.63232421875 0.313049853372434 0.0361328125 0.06598240469208211
0.0 0.68359375 0.24780058651026393 0.02734375 0.05278592375366569
0.0 0.724609375 0.29765395894428154 0.033203125 0.06451612903225806
0.0 0.78271484375 0.26466275659824046 0.0283203125 0.051319648093841645
0.0 0.833984375 0.36730205278592376 0.03515625 0.06304985337243402
0.0 0.86962890625 0.28005865102639294 0.0302734375 0.05865102639296188
0.0 0.92822265625 0.34824046920821117 0.0361328125 0.0689149560117302
