0.0 0.958984375 0.5191740412979351 0.04296875 0.06784660766961652
0.0 0.87255859375 0.39306784660766964 0.0146484375 0.028023598820058997
0.0 0.83349609375 0.4638643067846608 0.0244140625 0.03982300884955752
0.0 0.78662109375 0.41887905604719766 0.0205078125 0.032448377581120944
0.0 0.77490234375 0.3724188790560472 0.0107421875 0.022123893805309734
0.0 0.74365234375 0.38716814159292035 0.0126953125 0.022123893805309734
0.0 0.76416015625 0.42625368731563423 0.0126953125 0.029498525073746312
0.0 0.71875 0.3687315634218289 0.01171875 0.02064896755162242
0.0 0.7099609375 0.40486725663716816 0.013671875 0.022123893805309734
0.0 0.6943359375 0.3724188790560472 0.0078125 0.016224188790560472
0.0 0.6806640625 0.4174041297935103 0.0234375 0.038348082595870206
0.0 0.72607421875 0.4970501474926254 0.0302734375 0.05604719764011799
0.0 0.81396484375 0.3355457227138643 0.0068359375 0.01032448377581121
0.0 0.8046875 0.34513274336283184 0.0078125 0.017699115044247787
0.0 0.83544921875 0.336283185840708 0.0048828125 0.011799410029498525
0.0 0.83056640625 0.3473451327433628 0.0068359375 0.01032448377581121
0.0 0.8212890625 0.34882005899705015 0.0078125 0.01327433628318584
0.0 0.5771484375 0.39085545722713866 0.015625 0.02359882005899705
0.0 0.53466796875 0.4144542772861357 0.0244140625 0.038348082595870206
0.0 0.4326171875 0.415929203539823 0.013671875 0.029498525073746312
0.0 0.50341796875 0.5088495575221239 0.0458984375 0.08849557522123894
0.0 0.36328125 0.44321533923303835 0.02734375 0.045722713864306784
0.0 0.3173828125 0.4410029498525074 0.041015625 0.06489675516224189
0.0 0.2490234375 0.40707964601769914 0.025390625 0.0471976401179941
0.0 0.19091796875 0.4498525073746313 0.0322265625 0.0471976401179941
0.0 0.1708984375 0.41814159292035397 0.015625 0.025073746312684365
0.0 0.1396484375 0.42035398230088494 0.009765625 0.02654867256637168
0.0 0.14697265625 0.37610619469026546 0.0087890625 0.02064896755162242
0.0 0.11572265625 0.38200589970501475 0.0107421875 0.017699115044247787
0.0 0.09228515625 0.43436578171091444 0.0302734375 0.048672566371681415
0.0 0.06396484375 0.39306784660766964 0.0126953125 0.028023598820058997
0.0 0.025390625 0.4004424778761062 0.01171875 0.028023598820058997
0.0 0.01318359375 0.4107669616519174 0.0126953125 0.030973451327433628
0.0 0.00439453125 0.41519174041297935 0.0087890625 0.030973451327433628
0.0 0.0595703125 0.2809734513274336 0.009765625 0.022123893805309734
0.0 0.00634765625 0.2920353982300885 0.0087890625 0.02064896755162242
0.0 0.77783203125 0.6533923303834809 0.0576171875 0.10619469026548672
