0.0 0.1103515625 0.23132530120481928 0.0263671875 0.06746987951807229
0.0 0.0966796875 0.2891566265060241 0.013671875 0.04096385542168675
0.0 0.0751953125 0.3204819277108434 0.0146484375 0.04096385542168675
0.0 0.056640625 0.2987951807228916 0.013671875 0.03614457831325301
0.0 0.025390625 0.3156626506024096 0.005859375 0.014457831325301205
0.0 0.3798828125 0.2987951807228916 0.0205078125 0.06265060240963856
0.0 0.3193359375 0.3204819277108434 0.0185546875 0.04819277108433735
0.0 0.255859375 0.3421686746987952 0.013671875 0.03614457831325301
0.0 0.2314453125 0.3108433734939759 0.01171875 0.03855421686746988
0.0 0.2080078125 0.3373493975903614 0.01171875 0.03132530120481928
0.0 0.1845703125 0.3253012048192771 0.0107421875 0.033734939759036145
0.0 0.2734375 0.35180722891566263 0.0068359375 0.024096385542168676
0.0 0.2880859375 0.35903614457831323 0.009765625 0.02891566265060241
0.0 0.3056640625 0.35180722891566263 0.0087890625 0.033734939759036145
0.0 0.3447265625 0.3301204819277108 0.01171875 0.03855421686746988
0.0 0.40234375 0.3373493975903614 0.015625 0.04819277108433735
0.0 0.4765625 0.3710843373493976 0.01171875 0.033734939759036145
0.0 0.4912109375 0.3493975903614458 0.0166015625 0.04578313253012048
0.0 0.5205078125 0.3783132530120482 0.009765625 0.02891566265060241
0.0 0.5341796875 0.38795180722891565 0.0126953125 0.033734939759036145
0.0 0.5888671875 0.3132530120481928 0.021484375 0.04819277108433735
0.0 0.6376953125 0.36626506024096384 0.0166015625 0.043373493975903614
0.0 0.7626953125 0.35180722891566263 0.0185546875 0.05783132530120482
0.0 0.798828125 0.3542168674698795 0.0107421875 0.033734939759036145
0.0 0.8681640625 0.3469879518072289 0.0185546875 0.05301204819277108
0.0 0.96484375 0.4072289156626506 0.0087890625 0.03614457831325301
0.0 0.72265625 0.45542168674698796 0.0078125 0.02650602409638554
0.0 0.708984375 0.38313253012048193 0.0068359375 0.021686746987951807
