0.0 0.9072265625 0.3923611111111111 0.021484375 0.041666666666666664
0.0 0.88720703125 0.2855902777777778 0.0205078125 0.03993055555555555
0.0 0.88037109375 0.18836805555555555 0.0185546875 0.036458333333333336
0.0 0.81689453125 0.1640625 0.0205078125 0.043402777777777776
0.0 0.7412109375 0.1597222222222222 0.015625 0.034722222222222224
0.0 0.82177734375 0.24913194444444445 0.0224609375 0.046875
0.0 0.83447265625 0.3836805555555556 0.0244140625 0.041666666666666664
0.0 0.74853515625 0.3758680555555556 0.0224609375 0.043402777777777776
0.0 0.755859375 0.4861111111111111 0.02734375 0.04861111111111111
0.0 0.84521484375 0.4973958333333333 0.0283203125 0.046875
0.0 0.74658203125 0.2569444444444444 0.0185546875 0.03819444444444445
0.0 0.66943359375 0.2847222222222222 0.0205078125 0.041666666666666664
0.0 0.66259765625 0.1953125 0.0185546875 0.03993055555555555
0.0 0.60888671875 0.06684027777777778 0.0224609375 0.043402777777777776
0.0 0.6083984375 0.2013888888888889 0.0234375 0.04513888888888889
0.0 0.609375 0.2769097222222222 0.021484375 0.03993055555555555
0.0 0.60400390625 0.3828125 0.0224609375 0.046875
0.0 0.67626953125 0.3645833333333333 0.0205078125 0.04513888888888889
0.0 0.53515625 0.2829861111111111 0.021484375 0.041666666666666664
0.0 0.53076171875 0.08506944444444445 0.0185546875 0.041666666666666664
0.0 0.529296875 0.19618055555555555 0.01953125 0.03819444444444445
0.0 0.46240234375 0.24479166666666666 0.0205078125 0.04513888888888889
0.0 0.4638671875 0.1527777777777778 0.017578125 0.03819444444444445
0.0 0.4619140625 0.07118055555555555 0.017578125 0.041666666666666664
0.0 0.396484375 0.1076388888888889 0.017578125 0.03819444444444445
0.0 0.408203125 0.1996527777777778 0.017578125 0.041666666666666664
0.0 0.38818359375 0.2803819444444444 0.0185546875 0.043402777777777776
0.0 0.45751953125 0.3611111111111111 0.0205078125 0.04513888888888889
0.0 0.5302734375 0.40625 0.01953125 0.034722222222222224
0.0 0.37548828125 0.3967013888888889 0.0224609375 0.03993055555555555
0.0 0.3330078125 0.1501736111111111 0.0234375 0.03993055555555555
0.0 0.31884765625 0.2864583333333333 0.0185546875 0.041666666666666664
0.0 0.26806640625 0.1675347222222222 0.0224609375 0.036458333333333336
0.0 0.255859375 0.2925347222222222 0.0234375 0.043402777777777776
0.0 0.24755859375 0.3958333333333333 0.0244140625 0.04513888888888889
0.0 0.31103515625 0.3888888888888889 0.0205078125 0.04513888888888889
0.0 0.2919921875 0.4722222222222222 0.0234375 0.04861111111111111
0.0 0.17431640625 0.3671875 0.0244140625 0.043402777777777776
0.0 0.18115234375 0.2725694444444444 0.0205078125 0.03819444444444445
0.0 0.2158203125 0.20225694444444445 0.017578125 0.03298611111111111
0.0 0.15673828125 0.1918402777777778 0.0205078125 0.03298611111111111
0.0 0.1298828125 0.3064236111111111 0.025390625 0.03993055555555555
0.0 0.91357421875 0.7994791666666666 0.0322265625 0.05381944444444445
0.0 0.86279296875 0.6875 0.0263671875 0.04861111111111111
0.0 0.783203125 0.6614583333333334 0.025390625 0.04513888888888889
0.0 0.78955078125 0.765625 0.0302734375 0.05555555555555555
0.0 0.70263671875 0.8038194444444444 0.0283203125 0.04861111111111111
0.0 0.70703125 0.6232638888888888 0.029296875 0.05555555555555555
0.0 0.67724609375 0.4887152777777778 0.0244140625 0.046875
0.0 0.93505859375 0.6805555555555556 0.0283203125 0.04861111111111111
0.0 0.51611328125 0.4791666666666667 0.0244140625 0.052083333333333336
0.0 0.53466796875 0.6076388888888888 0.0283203125 0.052083333333333336
0.0 0.44189453125 0.4991319444444444 0.0224609375 0.050347222222222224
0.0 0.3681640625 0.5086805555555556 0.017578125 0.034722222222222224
0.0 0.44091796875 0.6736111111111112 0.0244140625 0.04861111111111111
0.0 0.5263671875 0.7916666666666666 0.02734375 0.05555555555555555
0.0 0.61572265625 0.7934027777777778 0.0263671875 0.052083333333333336
0.0 0.43701171875 0.8046875 0.0263671875 0.046875
0.0 0.35986328125 0.7821180555555556 0.0283203125 0.046875
0.0 0.3671875 0.6597222222222222 0.0234375 0.04513888888888889
0.0 0.29296875 0.6032986111111112 0.0234375 0.046875
0.0 0.2724609375 0.7569444444444444 0.0234375 0.04861111111111111
0.0 0.2041015625 0.6336805555555556 0.025390625 0.04513888888888889
0.0 0.11962890625 0.5980902777777778 0.0283203125 0.043402777777777776
0.0 0.21630859375 0.4991319444444444 0.0244140625 0.043402777777777776
0.0 0.14404296875 0.4887152777777778 0.0263671875 0.043402777777777776
0.0 0.06103515625 0.4965277777777778 0.0244140625 0.04513888888888889
0.0 0.11474609375 0.4071180555555556 0.0244140625 0.046875
0.0 0.18212890625 0.7482638888888888 0.0322265625 0.052083333333333336
0.0 0.10546875 0.7916666666666666 0.029296875 0.041666666666666664
0.0 0.06005859375 0.625 0.0263671875 0.041666666666666664
0.0 0.90283203125 0.5737847222222222 0.0244140625 0.043402777777777776
0.0 0.62255859375 0.6423611111111112 0.0244140625 0.052083333333333336
0.0 0.591796875 0.4826388888888889 0.0234375 0.052083333333333336
