0.0 0.45703125 0.4676354029062087 0.05859375 0.0977542932628798
0.0 0.0185546875 0.4722589167767503 0.021484375 0.04095112285336856
0.0 0.0517578125 0.4966974900924703 0.021484375 0.034346103038309116
0.0 0.13623046875 0.4557463672391017 0.0380859375 0.05019815059445178
0.0 0.1875 0.49801849405548215 0.013671875 0.02906208718626156
0.0 0.35791015625 0.3665785997357992 0.0517578125 0.08850726552179657
0.0 0.4091796875 0.5099075297225891 0.015625 0.026420079260237782
0.0 0.5390625 0.4715984147952444 0.02734375 0.052840158520475564
0.0 0.5810546875 0.4907529722589168 0.017578125 0.035667107001321
0.0 0.75732421875 0.5006605019815059 0.0419921875 0.071334214002642
0.0 0.82275390625 0.4986789960369881 0.0224609375 0.0488771466314399
0.0 0.85498046875 0.5013210039630119 0.0185546875 0.043593130779392336
0.0 0.87109375 0.5085865257595773 0.01171875 0.026420079260237782
0.0 0.8837890625 0.5026420079260238 0.01171875 0.02509907529722589
0.0 0.91455078125 0.5409511228533685 0.0185546875 0.03038309114927345
0.0 0.9345703125 0.5085865257595773 0.015625 0.031704095112285335
0.0 0.96044921875 0.5171730515191546 0.0166015625 0.035667107001321
0.0 0.96826171875 0.5620871862615587 0.0185546875 0.02774108322324967
