0.0 0.0498046875 0.5080645161290323 0.037109375 0.06598240469208211
0.0 0.10888671875 0.43328445747800587 0.0205078125 0.04252199413489736
0.0 0.1298828125 0.4413489736070381 0.029296875 0.04985337243401759
0.0 0.15234375 0.4120234604105572 0.02734375 0.03812316715542522
0.0 0.16455078125 0.4809384164222874 0.0341796875 0.06158357771260997
0.0 0.2392578125 0.43621700879765396 0.029296875 0.051319648093841645
0.0 0.22607421875 0.4186217008797654 0.0185546875 0.04838709677419355
0.0 0.29248046875 0.3548387096774194 0.0224609375 0.03812316715542522
0.0 0.33154296875 0.41642228739002934 0.0205078125 0.03812316715542522
0.0 0.36572265625 0.4831378299120235 0.0263671875 0.04252199413489736
0.0 0.39208984375 0.47947214076246336 0.0361328125 0.07331378299120235
0.0 0.43896484375 0.47214076246334313 0.0361328125 0.06744868035190615
0.0 0.455078125 0.3819648093841642 0.01953125 0.039589442815249266
0.0 0.51953125 0.38563049853372433 0.0234375 0.04985337243401759
0.0 0.533203125 0.4626099706744868 0.03125 0.04838709677419355
0.0 0.56982421875 0.44941348973607037 0.0166015625 0.039589442815249266
0.0 0.578125 0.46994134897360706 0.0234375 0.054252199413489736
0.0 0.67041015625 0.5102639296187683 0.0322265625 0.06451612903225806
0.0 0.72705078125 0.5205278592375366 0.0361328125 0.07331378299120235
0.0 0.71923828125 0.436950146627566 0.0244140625 0.0469208211143695
0.0 0.69189453125 0.34750733137829914 0.0224609375 0.04398826979472141
0.0 0.79248046875 0.37390029325513197 0.0205078125 0.04105571847507331
0.0 0.794921875 0.4604105571847507 0.029296875 0.05571847507331378
0.0 0.90673828125 0.5102639296187683 0.0244140625 0.05571847507331378
0.0 0.89306640625 0.5124633431085044 0.0205078125 0.054252199413489736
0.0 0.9697265625 0.44574780058651026 0.017578125 0.04105571847507331
0.0 0.9892578125 0.44941348973607037 0.021484375 0.05718475073313783
0.0 0.89697265625 0.4640762463343108 0.0224609375 0.04838709677419355
