0.0 0.06640625 0.34523809523809523 0.033203125 0.036414565826330535
0.0 0.134765625 0.19817927170868346 0.017578125 0.01680672268907563
0.0 0.15966796875 0.18627450980392157 0.0185546875 0.012605042016806723
0.0 0.22412109375 0.20903361344537816 0.0166015625 0.014705882352941176
0.0 0.22412109375 0.18417366946778713 0.0166015625 0.012605042016806723
0.0 0.29638671875 0.18487394957983194 0.0146484375 0.015406162464985995
0.0 0.35595703125 0.19187675070028012 0.0166015625 0.011204481792717087
0.0 0.35400390625 0.20938375350140057 0.0166015625 0.014005602240896359
0.0 0.283203125 0.2104341736694678 0.015625 0.014705882352941176
0.0 0.41650390625 0.19887955182072828 0.0166015625 0.015406162464985995
0.0 0.46826171875 0.19292717086834735 0.0146484375 0.011904761904761904
0.0 0.50390625 0.18627450980392157 0.01171875 0.008403361344537815
0.0 0.5302734375 0.18942577030812324 0.015625 0.011904761904761904
0.0 0.4853515625 0.20658263305322128 0.017578125 0.015406162464985995
0.0 0.58251953125 0.19012605042016806 0.0146484375 0.01330532212885154
0.0 0.630859375 0.19082633053221287 0.015625 0.01050420168067227
0.0 0.625 0.2107843137254902 0.017578125 0.014005602240896359
0.0 0.56982421875 0.20833333333333334 0.0166015625 0.01330532212885154
0.0 0.677734375 0.20833333333333334 0.015625 0.01330532212885154
0.0 0.68603515625 0.18592436974789917 0.0166015625 0.01330532212885154
0.0 0.73583984375 0.1876750700280112 0.0166015625 0.012605042016806723
0.0 0.79248046875 0.20763305322128853 0.0166015625 0.01330532212885154
0.0 0.73486328125 0.21568627450980393 0.0166015625 0.014005602240896359
0.0 0.20751953125 0.19992997198879553 0.0205078125 0.021708683473389355
