0.0 0.14501953125 0.8873697916666666 0.0341796875 0.053385416666666664
0.0 0.25341796875 0.806640625 0.0302734375 0.048177083333333336
0.0 0.0556640625 0.806640625 0.041015625 0.055989583333333336
0.0 0.1962890625 0.6399739583333334 0.03515625 0.05859375
0.0 0.0322265625 0.6302083333333334 0.03515625 0.041666666666666664
0.0 0.423828125 0.8255208333333334 0.03515625 0.046875
0.0 0.38818359375 0.9095052083333334 0.0302734375 0.048177083333333336
0.0 0.36865234375 0.587890625 0.0361328125 0.05078125
0.0 0.27978515625 0.466796875 0.0361328125 0.055989583333333336
0.0 0.15234375 0.4674479166666667 0.03125 0.036458333333333336
0.0 0.1513671875 0.3587239583333333 0.029296875 0.04296875
0.0 0.0107421875 0.4537760416666667 0.01953125 0.03515625
0.0 0.015625 0.3255208333333333 0.029296875 0.046875
0.0 0.1748046875 0.22916666666666666 0.017578125 0.0234375
0.0 0.06298828125 0.21809895833333334 0.0302734375 0.055989583333333336
0.0 0.2177734375 0.08463541666666667 0.033203125 0.046875
0.0 0.34619140625 0.14778645833333334 0.0341796875 0.05078125
0.0 0.41943359375 0.09049479166666667 0.0302734375 0.03515625
0.0 0.39892578125 0.3430989583333333 0.0322265625 0.05078125
0.0 0.380859375 0.384765625 0.03125 0.037760416666666664
0.0 0.681640625 0.07096354166666667 0.033203125 0.048177083333333336
0.0 0.63330078125 0.078125 0.0302734375 0.044270833333333336
0.0 0.626953125 0.21940104166666666 0.021484375 0.024739583333333332
0.0 0.67529296875 0.23567708333333334 0.0205078125 0.036458333333333336
0.0 0.8740234375 0.068359375 0.025390625 0.05078125
0.0 0.94921875 0.2766927083333333 0.02734375 0.037760416666666664
0.0 0.9189453125 0.32421875 0.03125 0.046875
0.0 0.8408203125 0.3203125 0.03515625 0.0546875
0.0 0.8701171875 0.4479166666666667 0.0390625 0.052083333333333336
0.0 0.70166015625 0.4661458333333333 0.0302734375 0.046875
0.0 0.57568359375 0.5182291666666666 0.0302734375 0.041666666666666664
0.0 0.6728515625 0.3151041666666667 0.03515625 0.052083333333333336
0.0 0.5302734375 0.3404947916666667 0.025390625 0.032552083333333336
0.0 0.47119140625 0.48046875 0.0263671875 0.033854166666666664
0.0 0.478515625 0.6497395833333334 0.02734375 0.033854166666666664
0.0 0.63623046875 0.6477864583333334 0.0361328125 0.05078125
0.0 0.8154296875 0.6223958333333334 0.03515625 0.049479166666666664
0.0 0.96630859375 0.6276041666666666 0.0341796875 0.046875
0.0 0.70166015625 0.8046875 0.0380859375 0.0546875
0.0 0.90234375 0.775390625 0.033203125 0.048177083333333336
0.0 0.99365234375 0.8704427083333334 0.0126953125 0.04296875
0.0 0.76953125 0.8697916666666666 0.037109375 0.049479166666666664
0.0 0.67626953125 0.9361979166666666 0.0341796875 0.046875
0.0 0.57080078125 0.8040364583333334 0.0341796875 0.045572916666666664
0.0 0.52783203125 0.9088541666666666 0.0205078125 0.046875
