0.0 0.00537109375 0.3494983277591973 0.0107421875 0.06354515050167224
0.0 0.01708984375 0.3311036789297659 0.0205078125 0.06020066889632107
0.0 0.05126953125 0.3494983277591973 0.0322265625 0.06020066889632107
0.0 0.107421875 0.35618729096989965 0.03515625 0.06354515050167224
0.0 0.1494140625 0.34698996655518394 0.033203125 0.05852842809364549
0.0 0.1669921875 0.3503344481605351 0.017578125 0.05518394648829431
0.0 0.20556640625 0.3511705685618729 0.0302734375 0.06020066889632107
0.0 0.25341796875 0.34448160535117056 0.0322265625 0.06020066889632107
0.0 0.30419921875 0.35535117056856186 0.0322265625 0.061872909698996656
0.0 0.33984375 0.3511705685618729 0.02734375 0.06688963210702341
0.0 0.3671875 0.35618729096989965 0.029296875 0.056856187290969896
0.0 0.40185546875 0.36622073578595316 0.0341796875 0.06354515050167224
0.0 0.43701171875 0.34782608695652173 0.0283203125 0.06020066889632107
0.0 0.46826171875 0.358695652173913 0.0341796875 0.061872909698996656
0.0 0.52294921875 0.3637123745819398 0.0341796875 0.05852842809364549
0.0 0.56103515625 0.3603678929765886 0.0322265625 0.05852842809364549
0.0 0.5888671875 0.3595317725752508 0.025390625 0.06354515050167224
0.0 0.61572265625 0.36538461538461536 0.0341796875 0.061872909698996656
0.0 0.65576171875 0.3595317725752508 0.0302734375 0.06020066889632107
0.0 0.70166015625 0.362876254180602 0.0322265625 0.06354515050167224
0.0 0.74560546875 0.35702341137123744 0.0302734375 0.05852842809364549
0.0 0.79052734375 0.36705685618729095 0.0322265625 0.05852842809364549
0.0 0.83642578125 0.3620401337792642 0.0322265625 0.05518394648829431
0.0 0.87890625 0.3712374581939799 0.033203125 0.06354515050167224
0.0 0.896484375 0.3528428093645485 0.01953125 0.05016722408026756
0.0 0.935546875 0.3620401337792642 0.029296875 0.05852842809364549
0.0 0.97802734375 0.3712374581939799 0.0283203125 0.06020066889632107
0.0 0.01953125 0.18311036789297658 0.013671875 0.038461538461538464
0.0 0.16455078125 0.15635451505016723 0.0146484375 0.03511705685618729
0.0 0.22607421875 0.18896321070234115 0.0126953125 0.033444816053511704
0.0 0.4453125 0.22826086956521738 0.01171875 0.03177257525083612
0.0 0.63623046875 0.23578595317725753 0.0146484375 0.03678929765886288
0.0 0.8671875 0.2408026755852843 0.01171875 0.033444816053511704
