0.0 0.11181640625 0.17678100263852242 0.0166015625 0.029023746701846966
0.0 0.03173828125 0.15105540897097625 0.0205078125 0.03562005277044855
0.0 0.0419921875 0.15633245382585753 0.009765625 0.01978891820580475
0.0 0.078125 0.15633245382585753 0.009765625 0.014511873350923483
0.0 0.20947265625 0.16358839050131926 0.0166015625 0.029023746701846966
0.0 0.251953125 0.14511873350923482 0.021484375 0.026385224274406333
0.0 0.330078125 0.1616094986807388 0.01953125 0.032981530343007916
0.0 0.38330078125 0.17018469656992086 0.0146484375 0.029023746701846966
0.0 0.45947265625 0.16688654353562005 0.0166015625 0.022427440633245383
0.0 0.16748046875 0.17546174142480211 0.0185546875 0.023746701846965697
0.0 0.28076171875 0.1550131926121372 0.0068359375 0.006596306068601583
0.0 0.40234375 0.16886543535620052 0.0078125 0.013192612137203167
0.0 0.541015625 0.18403693931398418 0.01953125 0.022427440633245383
0.0 0.57861328125 0.17480211081794195 0.0126953125 0.01978891820580475
0.0 0.6162109375 0.170844327176781 0.017578125 0.032981530343007916
0.0 0.64892578125 0.17018469656992086 0.0107421875 0.018469656992084433
0.0 0.67333984375 0.19261213720316622 0.0126953125 0.021108179419525065
0.0 0.68212890625 0.17150395778364116 0.0087890625 0.013192612137203167
0.0 0.75048828125 0.1312664907651715 0.0302734375 0.04353562005277045
0.0 0.8681640625 0.1391820580474934 0.0234375 0.04353562005277045
0.0 0.8056640625 0.14973614775725594 0.009765625 0.017150395778364115
0.0 0.8349609375 0.14907651715039577 0.009765625 0.0158311345646438
0.0 0.7724609375 0.15633245382585753 0.009765625 0.017150395778364115
0.0 0.97900390625 0.1424802110817942 0.0185546875 0.029023746701846966
0.0 0.93359375 0.15699208443271767 0.005859375 0.010554089709762533
0.0 0.5185546875 0.18139841688654354 0.005859375 0.011873350923482849
0.0 0.52978515625 0.17678100263852242 0.0068359375 0.010554089709762533
0.0 0.05859375 0.6418205804749341 0.013671875 0.03562005277044855
0.0 0.0205078125 0.6774406332453826 0.009765625 0.017150395778364115
0.0 0.14404296875 0.6589709762532981 0.0126953125 0.01978891820580475
0.0 0.2060546875 0.6556728232189973 0.015625 0.010554089709762533
0.0 0.33349609375 0.6391820580474934 0.0107421875 0.022427440633245383
0.0 0.41455078125 0.670844327176781 0.0166015625 0.025065963060686015
0.0 0.42236328125 0.6464379947229552 0.0107421875 0.021108179419525065
0.0 0.4658203125 0.6200527704485488 0.013671875 0.023746701846965697
0.0 0.8466796875 0.6094986807387863 0.04296875 0.0633245382585752
0.0 0.72509765625 0.6655672823218998 0.0126953125 0.01978891820580475
0.0 0.54736328125 0.6675461741424802 0.0166015625 0.026385224274406333
0.0 0.6083984375 0.645778364116095 0.017578125 0.027704485488126648
0.0 0.67041015625 0.6517150395778364 0.0146484375 0.026385224274406333
0.0 0.7529296875 0.6715039577836411 0.0078125 0.013192612137203167
0.0 0.88037109375 0.6299472295514512 0.0126953125 0.022427440633245383
0.0 0.95263671875 0.6180738786279684 0.0146484375 0.025065963060686015
0.0 0.9951171875 0.6213720316622692 0.009765625 0.0316622691292876
