0.0 0.91357421875 0.28698752228163993 0.0283203125 0.06417112299465241
0.0 0.66748046875 0.31105169340463457 0.0322265625 0.058823529411764705
0.0 0.11376953125 0.41711229946524064 0.0263671875 0.0570409982174688
0.0 0.16796875 0.3315508021390374 0.021484375 0.04634581105169341
0.0 0.24365234375 0.3680926916221034 0.0263671875 0.058823529411764705
0.0 0.2666015625 0.339572192513369 0.021484375 0.0481283422459893
0.0 0.06689453125 0.3511586452762923 0.0283203125 0.049910873440285206
0.0 0.46435546875 0.29322638146167557 0.0302734375 0.0659536541889483
0.0 0.54541015625 0.37344028520499106 0.0185546875 0.0374331550802139
0.0 0.40185546875 0.3048128342245989 0.0224609375 0.049910873440285206
0.0 0.6123046875 0.23885918003565063 0.005859375 0.017825311942959002
0.0 0.60986328125 0.21746880570409982 0.0068359375 0.017825311942959002
0.0 0.58984375 0.2540106951871658 0.0078125 0.016042780748663103
0.0 0.58642578125 0.22103386809269163 0.0068359375 0.017825311942959002
0.0 0.5380859375 0.20499108734402852 0.005859375 0.0142602495543672
0.0 0.6083984375 0.1836007130124777 0.005859375 0.0142602495543672
0.0 0.59912109375 0.16310160427807488 0.0068359375 0.012477718360071301
0.0 0.62939453125 0.18627450980392157 0.0068359375 0.012477718360071301
0.0 0.59033203125 0.13368983957219252 0.0068359375 0.0142602495543672
0.0 0.58642578125 0.07575757575757576 0.0068359375 0.016042780748663103
0.0 0.61083984375 0.09090909090909091 0.0068359375 0.0142602495543672
0.0 0.68896484375 0.13814616755793227 0.0068359375 0.0196078431372549
0.0 0.744140625 0.16131907308377896 0.0078125 0.016042780748663103
0.0 0.75732421875 0.10606060606060606 0.0068359375 0.0196078431372549
0.0 0.72900390625 0.08110516934046345 0.0068359375 0.012477718360071301
0.0 0.716796875 0.1319073083778966 0.0078125 0.0142602495543672
0.0 0.68408203125 0.08645276292335116 0.0068359375 0.012477718360071301
0.0 0.65673828125 0.0873440285204991 0.0107421875 0.017825311942959002
0.0 0.63427734375 0.1443850267379679 0.0087890625 0.017825311942959002
0.0 0.55517578125 0.1443850267379679 0.0068359375 0.0142602495543672
0.0 0.515625 0.14171122994652408 0.009765625 0.016042780748663103
0.0 0.54345703125 0.24420677361853832 0.0087890625 0.017825311942959002
0.0 0.349609375 0.26916221033868093 0.005859375 0.0142602495543672
0.0 0.37744140625 0.2709447415329768 0.0068359375 0.0142602495543672
0.0 0.32275390625 0.2718360071301248 0.0068359375 0.012477718360071301
0.0 0.29833984375 0.28698752228163993 0.0068359375 0.0142602495543672
0.0 0.3466796875 0.23529411764705882 0.005859375 0.0142602495543672
0.0 0.31884765625 0.2531194295900178 0.0068359375 0.017825311942959002
0.0 0.31982421875 0.22638146167557932 0.0068359375 0.0142602495543672
0.0 0.3095703125 0.21836007130124777 0.005859375 0.016042780748663103
0.0 0.072265625 0.0784313725490196 0.005859375 0.0142602495543672
0.0 0.09228515625 0.09714795008912656 0.0068359375 0.016042780748663103
0.0 0.1201171875 0.10873440285204991 0.005859375 0.0142602495543672
0.0 0.07177734375 0.13101604278074866 0.0068359375 0.012477718360071301
0.0 0.0087890625 0.054367201426024955 0.0078125 0.012477718360071301
0.0 0.16796875 0.053475935828877004 0.0078125 0.017825311942959002
0.0 0.79638671875 0.0106951871657754 0.0068359375 0.0142602495543672
0.0 0.7802734375 0.020499108734402853 0.005859375 0.008912655971479501
0.0 0.8740234375 0.0213903743315508 0.005859375 0.0142602495543672
0.0 0.0029296875 0.3137254901960784 0.005859375 0.017825311942959002
0.0 0.349609375 0.16934046345811052 0.0078125 0.0142602495543672
0.0 0.291015625 0.11942959001782531 0.0078125 0.017825311942959002
0.0 0.7060546875 0.2629233511586453 0.0078125 0.0196078431372549
0.0 0.69189453125 0.2647058823529412 0.0087890625 0.023172905525846704
0.0 0.26611328125 0.22192513368983957 0.0068359375 0.0196078431372549
0.0 0.25439453125 0.21836007130124777 0.0068359375 0.0196078431372549
0.0 0.23486328125 0.2192513368983957 0.0068359375 0.0142602495543672
0.0 0.23583984375 0.19964349376114082 0.0068359375 0.0142602495543672
0.0 0.20947265625 0.28342245989304815 0.0068359375 0.0142602495543672
0.0 0.19873046875 0.26024955436720143 0.0068359375 0.0142602495543672
0.0 0.34326171875 0.19429590017825313 0.0068359375 0.0142602495543672
0.0 0.3544921875 0.19340463458110516 0.0078125 0.016042780748663103
0.0 0.373046875 0.21212121212121213 0.009765625 0.017825311942959002
0.0 0.40478515625 0.17023172905525846 0.0068359375 0.016042780748663103
0.0 0.33837890625 0.15151515151515152 0.0068359375 0.0142602495543672
0.0 0.34375 0.13012477718360071 0.0078125 0.017825311942959002
0.0 0.35791015625 0.12834224598930483 0.0068359375 0.0142602495543672
0.0 0.30615234375 0.1532976827094474 0.0068359375 0.0142602495543672
0.0 0.31982421875 0.15151515151515152 0.0048828125 0.0106951871657754
0.0 0.28466796875 0.17736185383244207 0.0068359375 0.016042780748663103
0.0 0.2705078125 0.14527629233511585 0.0078125 0.016042780748663103
0.0 0.2685546875 0.10784313725490197 0.0078125 0.0196078431372549
0.0 0.25634765625 0.11497326203208556 0.0087890625 0.023172905525846704
0.0 0.21435546875 0.23975044563279857 0.0068359375 0.012477718360071301
0.0 0.212890625 0.22281639928698752 0.0078125 0.017825311942959002
0.0 0.1396484375 0.23529411764705882 0.005859375 0.017825311942959002
0.0 0.24755859375 0.2736185383244207 0.0126953125 0.030303030303030304
0.0 0.16552734375 0.2415329768270945 0.0166015625 0.0338680926916221
0.0 0.271484375 0.25935828877005346 0.009765625 0.023172905525846704
0.0 0.1474609375 0.2014260249554367 0.009765625 0.017825311942959002
0.0 0.18505859375 0.19786096256684493 0.0068359375 0.017825311942959002
0.0 0.06689453125 0.19340463458110516 0.0068359375 0.012477718360071301
0.0 0.0703125 0.16666666666666666 0.005859375 0.016042780748663103
0.0 0.173828125 0.15240641711229946 0.005859375 0.012477718360071301
0.0 0.13134765625 0.1568627450980392 0.0068359375 0.0106951871657754
0.0 0.177734375 0.08288770053475936 0.005859375 0.012477718360071301
