0.0 0.158203125 0.5763582966226138 0.033203125 0.06607929515418502
0.0 0.126953125 0.4265785609397944 0.03125 0.06020558002936858
0.0 0.10205078125 0.3392070484581498 0.0224609375 0.04405286343612335
0.0 0.26416015625 0.579295154185022 0.0361328125 0.06020558002936858
0.0 0.2294921875 0.4221732745961821 0.03125 0.0513950073421439
0.0 0.34521484375 0.4155653450807636 0.0263671875 0.05286343612334802
0.0 0.3876953125 0.5954478707782672 0.037109375 0.05433186490455213
0.0 0.18603515625 0.2878120411160059 0.0244140625 0.04405286343612335
0.0 0.29638671875 0.2922173274596182 0.0244140625 0.041116005873715125
0.0 0.26953125 0.2665198237885463 0.01953125 0.03671071953010279
0.0 0.15185546875 0.24963289280469897 0.0205078125 0.03524229074889868
0.0 0.375 0.26064610866372984 0.01953125 0.033773861967694566
0.0 0.4111328125 0.2944199706314244 0.0234375 0.039647577092511016
0.0 0.4619140625 0.27312775330396477 0.021484375 0.032305433186490456
0.0 0.505859375 0.2907488986784141 0.021484375 0.04405286343612335
0.0 0.44970703125 0.42584434654919234 0.0283203125 0.049926578560939794
0.0 0.55517578125 0.4104258443465492 0.0322265625 0.06020558002936858
0.0 0.50634765625 0.5925110132158591 0.0302734375 0.05726872246696035
0.0 0.6396484375 0.5903083700440529 0.033203125 0.05286343612334802
0.0 0.6064453125 0.2878120411160059 0.021484375 0.0381791483113069
0.0 0.658203125 0.2856093979441997 0.01953125 0.033773861967694566
0.0 0.70361328125 0.3054331864904552 0.0244140625 0.041116005873715125
0.0 0.7353515625 0.2834067547723935 0.01953125 0.0381791483113069
0.0 0.80517578125 0.3039647577092511 0.0244140625 0.04698972099853157
0.0 0.85986328125 0.4199706314243759 0.0283203125 0.05286343612334802
0.0 0.7646484375 0.4309838472834068 0.025390625 0.04552129221732746
0.0 0.6650390625 0.4170337738619677 0.02734375 0.05286343612334802
0.0 0.744140625 0.6226138032305433 0.03125 0.05286343612334802
0.0 0.8447265625 0.6005873715124816 0.03515625 0.06754772393538913
