0.0 0.173828125 0.368575624082232 0.0224609375 0.0381791483113069
0.0 0.23828125 0.3333333333333333 0.017578125 0.03524229074889868
0.0 0.29296875 0.32599118942731276 0.025390625 0.04698972099853157
0.0 0.267578125 0.37151248164464024 0.0166015625 0.033773861967694566
0.0 0.255859375 0.35389133627019087 0.01171875 0.027900146842878122
0.0 0.1337890625 0.3641703377386197 0.015625 0.030837004405286344
0.0 0.2333984375 0.355359765051395 0.0126953125 0.02643171806167401
0.0 0.3447265625 0.355359765051395 0.0224609375 0.0381791483113069
0.0 0.3828125 0.37591776798825255 0.015625 0.024963289280469897
0.0 0.4130859375 0.31718061674008813 0.029296875 0.06020558002936858
0.0 0.47265625 0.37298091042584436 0.009765625 0.014684287812041116
0.0 0.4873046875 0.3245227606461087 0.021484375 0.04405286343612335
0.0 0.5224609375 0.3142437591776799 0.025390625 0.05433186490455213
0.0 0.5869140625 0.37151248164464024 0.0048828125 0.013215859030837005
0.0 0.626953125 0.3274596182085169 0.0263671875 0.049926578560939794
0.0 0.67578125 0.368575624082232 0.015625 0.02936857562408223
0.0 0.7021484375 0.34801762114537443 0.0234375 0.048458149779735685
0.0 0.7734375 0.2745961820851689 0.0283203125 0.05726872246696035
0.0 0.734375 0.35389133627019087 0.0185546875 0.03524229074889868
0.0 0.9287109375 0.3465491923641703 0.013671875 0.03524229074889868
0.0 0.94140625 0.3274596182085169 0.0185546875 0.03671071953010279
0.0 0.974609375 0.3054331864904552 0.0166015625 0.042584434654919234
0.0 0.923828125 0.3186490455212922 0.013671875 0.02936857562408223
0.0 0.9150390625 0.3303964757709251 0.009765625 0.023494860499265784
0.0 0.7421875 0.30837004405286345 0.0078125 0.01762114537444934
0.0 0.033203125 0.3333333333333333 0.0205078125 0.02643171806167401
0.0 0.0576171875 0.3641703377386197 0.017578125 0.023494860499265784
