0.0 0.0615234375 0.5902985074626865 0.01953125 0.03731343283582089
0.0 0.25927734375 0.7029850746268657 0.0185546875 0.03582089552238806
0.0 0.28662109375 0.5223880597014925 0.0185546875 0.03880597014925373
0.0 0.40966796875 0.7582089552238805 0.0244140625 0.04776119402985075
0.0 0.34716796875 0.3805970149253731 0.0166015625 0.026865671641791045
0.0 0.46240234375 0.3119402985074627 0.0166015625 0.03880597014925373
0.0 0.53369140625 0.5753731343283582 0.0166015625 0.034328358208955224
0.0 0.60986328125 0.21567164179104478 0.0185546875 0.034328358208955224
0.0 0.166015625 0.3761194029850746 0.01953125 0.03283582089552239
0.0 0.04736328125 0.07462686567164178 0.0146484375 0.023880597014925373
0.0 0.14404296875 0.041791044776119404 0.0126953125 0.023880597014925373
0.0 0.236328125 0.034328358208955224 0.017578125 0.029850746268656716
0.0 0.3857421875 0.1335820895522388 0.017578125 0.03134328358208955
0.0 0.68701171875 0.07537313432835821 0.0185546875 0.028358208955223882
0.0 0.60986328125 0.033582089552238806 0.0146484375 0.025373134328358207
0.0 0.7568359375 0.33955223880597013 0.017578125 0.028358208955223882
0.0 0.53271484375 0.08208955223880597 0.0166015625 0.029850746268656716
0.0 0.59716796875 0.9664179104477612 0.0224609375 0.04626865671641791
