0.0 0.2294921875 0.4773060029282577 0.009765625 0.01903367496339678
0.0 0.2060546875 0.4978038067349927 0.0068359375 0.014641288433382138
0.0 0.1982421875 0.4890190336749634 0.005859375 0.01171303074670571
0.0 0.1787109375 0.49194729136163984 0.005859375 0.01171303074670571
0.0 0.1689453125 0.4890190336749634 0.0068359375 0.01171303074670571
0.0 0.1552734375 0.49487554904831627 0.005859375 0.01171303074670571
0.0 0.1455078125 0.4904831625183016 0.0048828125 0.010248901903367497
0.0 0.1337890625 0.493411420204978 0.0048828125 0.010248901903367497
0.0 0.1240234375 0.4890190336749634 0.005859375 0.01171303074670571
0.0 0.1142578125 0.49633967789165445 0.005859375 0.008784773060029283
0.0 0.1005859375 0.4992679355783309 0.005859375 0.01171303074670571
0.0 0.08984375 0.48755490483162517 0.0048828125 0.008784773060029283
0.0 0.5673828125 0.4773060029282577 0.013671875 0.029282576866764276
0.0 0.58203125 0.4773060029282577 0.0126953125 0.021961932650073207
0.0 0.6005859375 0.4890190336749634 0.0087890625 0.020497803806734993
0.0 0.6083984375 0.4773060029282577 0.0107421875 0.021961932650073207
0.0 0.619140625 0.4802342606149341 0.013671875 0.02635431918008785
0.0 0.642578125 0.4787701317715959 0.015625 0.032210834553440704
0.0 0.6650390625 0.4816983894582723 0.009765625 0.024890190336749635
0.0 0.6845703125 0.4494875549048316 0.017578125 0.03367496339677892
0.0 0.712890625 0.493411420204978 0.015625 0.03513909224011713
0.0 0.7421875 0.4612005856515373 0.0166015625 0.036603221083455345
0.0 0.8046875 0.43191800878477304 0.017578125 0.0424597364568082
0.0 0.8544921875 0.43923865300146414 0.015625 0.043923865300146414
0.0 0.923828125 0.5051244509516838 0.009765625 0.01903367496339678
0.0 0.943359375 0.5065885797950219 0.0107421875 0.020497803806734993
0.0 0.970703125 0.4538799414348463 0.029296875 0.0951683748169839
0.0 0.0146484375 0.49487554904831627 0.00390625 0.010248901903367497
0.0 0.05859375 0.5080527086383602 0.00390625 0.008784773060029283
0.0 0.080078125 0.5021961932650073 0.0048828125 0.007320644216691069
0.0 0.2548828125 0.49194729136163984 0.0048828125 0.01171303074670571
0.0 0.27734375 0.4787701317715959 0.01171875 0.01903367496339678
0.0 0.271484375 0.486090775988287 0.0087890625 0.016105417276720352
0.0 0.2890625 0.48755490483162517 0.0068359375 0.014641288433382138
0.0 0.302734375 0.48316251830161056 0.0107421875 0.020497803806734993
0.0 0.3369140625 0.49194729136163984 0.009765625 0.01903367496339678
0.0 0.3583984375 0.4773060029282577 0.01171875 0.021961932650073207
0.0 0.37109375 0.4685212298682284 0.009765625 0.017569546120058566
0.0 0.39453125 0.4670571010248902 0.0107421875 0.021961932650073207
0.0 0.40625 0.46412884333821375 0.0126953125 0.02342606149341142
0.0 0.423828125 0.4773060029282577 0.0107421875 0.021961932650073207
0.0 0.4404296875 0.47291361639824303 0.0126953125 0.02635431918008785
0.0 0.4697265625 0.45973645680819913 0.015625 0.029282576866764276
0.0 0.4853515625 0.465592972181552 0.0107421875 0.024890190336749635
0.0 0.5185546875 0.47144948755490484 0.0078125 0.020497803806734993
0.0 0.5234375 0.49194729136163984 0.01171875 0.02342606149341142
0.0 0.533203125 0.4743777452415813 0.0087890625 0.021961932650073207
0.0 0.552734375 0.47584187408491946 0.0087890625 0.02342606149341142
0.0 0.8173828125 0.49633967789165445 0.0107421875 0.020497803806734993
0.0 0.22265625 0.48462664714494874 0.0068359375 0.01171303074670571
0.0 0.24609375 0.49633967789165445 0.005859375 0.013177159590043924
0.0 0.7578125 0.5212298682284041 0.009765625 0.021961932650073207
