0.0 0.98779296875 0.27835723598435463 0.0244140625 0.03780964797913951
0.0 0.84423828125 0.30964797913950454 0.0283203125 0.03780964797913951
0.0 0.71923828125 0.30834419817470665 0.0458984375 0.06388526727509779
0.0 0.806640625 0.31486310299869624 0.01953125 0.027379400260756193
0.0 0.80419921875 0.2770534550195567 0.0126953125 0.01955671447196871
0.0 0.53515625 0.3220338983050847 0.05078125 0.07040417209908735
0.0 0.4638671875 0.3474576271186441 0.029296875 0.04302477183833116
0.0 0.39306640625 0.35853976531942633 0.0166015625 0.02607561929595828
0.0 0.314453125 0.34810951760104303 0.021484375 0.03650586701434159
0.0 0.3720703125 0.3513689700130378 0.009765625 0.01955671447196871
0.0 0.17724609375 0.36310299869621904 0.0322265625 0.04563233376792699
0.0 0.12451171875 0.36571056062581486 0.0556640625 0.06649282920469361
0.0 0.06494140625 0.3396349413298566 0.0419921875 0.0560625814863103
0.0 0.01025390625 0.37809647979139505 0.0185546875 0.03129074315514994
0.0 0.60498046875 0.32073011734028684 0.0166015625 0.028683181225554105
