0.0 0.2109375 0.2125 0.0166015625 0.028125
0.0 0.16796875 0.2828125 0.0185546875 0.0296875
0.0 0.1162109375 0.325 0.017578125 0.03125
0.0 0.212890625 0.34375 0.0166015625 0.034375
0.0 0.255859375 0.284375 0.0166015625 0.03125
0.0 0.3056640625 0.23125 0.017578125 0.034375
0.0 0.341796875 0.28125 0.0166015625 0.0296875
0.0 0.2919921875 0.340625 0.0185546875 0.034375
0.0 0.2177734375 0.46875 0.0205078125 0.0359375
0.0 0.2548828125 0.4359375 0.01953125 0.03125
0.0 0.171875 0.4265625 0.01953125 0.028125
0.0 0.1337890625 0.4734375 0.021484375 0.0328125
0.0 0.0478515625 0.45625 0.021484375 0.0359375
0.0 0.3720703125 0.353125 0.017578125 0.03125
0.0 0.337890625 0.41875 0.0185546875 0.034375
0.0 0.3056640625 0.48125 0.0205078125 0.034375
0.0 0.3896484375 0.4921875 0.021484375 0.0375
0.0 0.40625 0.4109375 0.0185546875 0.034375
0.0 0.46484375 0.478125 0.021484375 0.0375
0.0 0.4814453125 0.4078125 0.0185546875 0.034375
0.0 0.4375 0.2140625 0.0146484375 0.0265625
0.0 0.4091796875 0.271875 0.0185546875 0.03125
0.0 0.4462890625 0.3359375 0.0166015625 0.0296875
0.0 0.501953125 0.284375 0.0166015625 0.0296875
0.0 0.5361328125 0.3390625 0.01953125 0.034375
0.0 0.55859375 0.2140625 0.013671875 0.034375
0.0 0.5771484375 0.3046875 0.0166015625 0.03125
0.0 0.58203125 0.3921875 0.0185546875 0.034375
0.0 0.548828125 0.4578125 0.01953125 0.0359375
0.0 0.626953125 0.34375 0.017578125 0.0328125
0.0 0.6572265625 0.2890625 0.015625 0.0296875
0.0 0.646484375 0.4734375 0.021484375 0.0359375
0.0 0.67578125 0.4046875 0.0185546875 0.028125
0.0 0.7021484375 0.340625 0.017578125 0.034375
0.0 0.7294921875 0.296875 0.0166015625 0.0296875
0.0 0.7294921875 0.459375 0.01953125 0.0421875
0.0 0.69140625 0.2453125 0.0166015625 0.0265625
0.0 0.7666015625 0.2265625 0.013671875 0.025
0.0 0.8037109375 0.278125 0.0185546875 0.03125
0.0 0.84375 0.3390625 0.01953125 0.0296875
0.0 0.7822265625 0.35625 0.0185546875 0.03125
0.0 0.7685546875 0.403125 0.017578125 0.034375
0.0 0.8505859375 0.415625 0.01953125 0.034375
0.0 0.8095703125 0.4625 0.021484375 0.0359375
0.0 0.904296875 0.471875 0.0224609375 0.0359375
