0.0 0.84033203125 0.3969298245614035 0.0185546875 0.033625730994152045
0.0 0.42919921875 0.3369883040935672 0.0263671875 0.04532163742690058
0.0 0.765625 0.4590643274853801 0.005859375 0.011695906432748537
0.0 0.72998046875 0.46345029239766083 0.0048828125 0.011695906432748537
0.0 0.685546875 0.4473684210526316 0.0078125 0.011695906432748537
0.0 0.87353515625 0.4758771929824561 0.0048828125 0.01023391812865497
0.0 0.91796875 0.4780701754385965 0.005859375 0.008771929824561403
0.0 0.64697265625 0.4649122807017544 0.0068359375 0.011695906432748537
0.0 0.59033203125 0.43567251461988304 0.0068359375 0.011695906432748537
0.0 0.5654296875 0.4466374269005848 0.0078125 0.01023391812865497
0.0 0.5078125 0.4342105263157895 0.0078125 0.011695906432748537
0.0 0.6357421875 0.45614035087719296 0.005859375 0.008771929824561403
0.0 0.16015625 0.3333333333333333 0.01953125 0.03216374269005848
0.0 0.2158203125 0.364766081871345 0.015625 0.024853801169590642
0.0 0.041015625 0.2989766081871345 0.021484375 0.033625730994152045
0.0 0.103515625 0.364766081871345 0.013671875 0.03070175438596491
0.0 0.95654296875 0.4824561403508772 0.0048828125 0.011695906432748537
0.0 0.9814453125 0.48903508771929827 0.005859375 0.01023391812865497
