0.0 0.9189453125 0.4904632152588556 0.0244140625 0.03678474114441417
0.0 0.904296875 0.44959128065395093 0.0205078125 0.02861035422343324
0.0 0.7509765625 0.4332425068119891 0.0380859375 0.06267029972752043
0.0 0.7978515625 0.4550408719346049 0.0234375 0.039509536784741145
0.0 0.6337890625 0.44686648501362397 0.017578125 0.03814713896457766
0.0 0.423828125 0.4100817438692098 0.046875 0.07629427792915532
0.0 0.5498046875 0.43869209809264303 0.0185546875 0.035422343324250684
0.0 0.3408203125 0.49182561307901906 0.017578125 0.02861035422343324
0.0 0.27734375 0.46321525885558584 0.021484375 0.03678474114441417
0.0 0.310546875 0.4591280653950954 0.0087890625 0.01634877384196185
0.0 0.2177734375 0.45231607629427795 0.033203125 0.04223433242506812
0.0 0.3212890625 0.49318801089918257 0.013671875 0.02452316076294278
0.0 0.1181640625 0.39645776566757496 0.080078125 0.12670299727520437
0.0 0.0 0.4100817438692098 0.025390625 0.07356948228882834
0.0 0.3232421875 0.4604904632152589 0.009765625 0.01634877384196185
0.0 0.869140625 0.46866485013623976 0.0048828125 0.010899182561307902
0.0 0.8427734375 0.47002724795640327 0.0048828125 0.010899182561307902
