0.0 0.59912109375 0.4928104575163399 0.0419921875 0.07581699346405228
0.0 0.4453125 0.4666666666666667 0.0390625 0.06013071895424837
0.0 0.36767578125 0.49673202614379086 0.0478515625 0.06535947712418301
0.0 0.21435546875 0.49673202614379086 0.0595703125 0.08627450980392157
0.0 0.42626953125 0.3111111111111111 0.0185546875 0.026143790849673203
0.0 0.3564453125 0.34248366013071896 0.017578125 0.02875816993464052
0.0 0.515625 0.3065359477124183 0.021484375 0.032679738562091505
0.0 0.5927734375 0.3137254901960784 0.021484375 0.03137254901960784
0.0 0.6591796875 0.33725490196078434 0.021484375 0.023529411764705882
0.0 0.58837890625 0.369281045751634 0.0224609375 0.030065359477124184
0.0 0.1142578125 0.18104575163398692 0.0234375 0.030065359477124184
0.0 0.19384765625 0.8483660130718954 0.0869140625 0.18823529411764706
0.0 0.0771484375 0.6535947712418301 0.080078125 0.16209150326797386
0.0 0.81591796875 0.5235294117647059 0.0537109375 0.09019607843137255
0.0 0.986328125 0.6019607843137255 0.02734375 0.09803921568627451
0.0 0.8486328125 0.28104575163398693 0.044921875 0.0784313725490196
0.0 0.88427734375 0.20718954248366014 0.0224609375 0.03529411764705882
0.0 0.36669921875 0.3130718954248366 0.0224609375 0.022222222222222223
