0.0 0.7626953125 0.4583333333333333 0.0673828125 0.09765625
0.0 0.7216796875 0.421875 0.033203125 0.0625
0.0 0.673828125 0.3763020833333333 0.041015625 0.06380208333333333
0.0 0.6005859375 0.3645833333333333 0.0341796875 0.049479166666666664
0.0 0.919921875 0.4309895833333333 0.080078125 0.14322916666666666
0.0 0.33984375 0.3528645833333333 0.0234375 0.040364583333333336
0.0 0.302734375 0.35546875 0.0302734375 0.049479166666666664
0.0 0.25390625 0.3411458333333333 0.0341796875 0.057291666666666664
0.0 0.2060546875 0.40234375 0.0341796875 0.057291666666666664
0.0 0.087890625 0.40234375 0.0654296875 0.09895833333333333
0.0 0.0380859375 0.4791666666666667 0.0771484375 0.13671875
