0.0 0.23779296875 0.4355783308931186 0.0322265625 0.07174231332357248
0.0 0.0810546875 0.4633967789165447 0.041015625 0.07759882869692533
0.0 0.40673828125 0.4443631039531479 0.0341796875 0.06881405563689605
0.0 0.4951171875 0.3857979502196193 0.01953125 0.03367496339677892
0.0 0.51708984375 0.4685212298682284 0.0322265625 0.05856515373352855
0.0 0.5703125 0.3857979502196193 0.017578125 0.03074670571010249
0.0 0.59521484375 0.4260614934114202 0.0283203125 0.043923865300146414
0.0 0.7158203125 0.4377745241581259 0.025390625 0.04685212298682284
0.0 0.84619140625 0.49414348462664714 0.0361328125 0.07759882869692533
0.0 0.91845703125 0.48462664714494874 0.0283203125 0.05856515373352855
0.0 0.9462890625 0.49487554904831627 0.029296875 0.06149341142020498
0.0 0.720703125 0.5439238653001464 0.01953125 0.06588579795021962
0.0 0.005859375 0.6054172767203514 0.01171875 0.10102489019033675
