0.0 0.7294921875 0.46412884333821375 0.03125 0.06881405563689605
0.0 0.7841796875 0.4333821376281113 0.015625 0.03074670571010249
0.0 0.7568359375 0.424597364568082 0.013671875 0.02635431918008785
0.0 0.7041015625 0.43923865300146414 0.025390625 0.0527086383601757
0.0 0.6982421875 0.4172767203513909 0.0146484375 0.029282576866764276
0.0 0.6826171875 0.4538799414348463 0.0126953125 0.024890190336749635
0.0 0.6455078125 0.4612005856515373 0.021484375 0.03806734992679356
0.0 0.623046875 0.4216691068814056 0.009765625 0.01903367496339678
0.0 0.59375 0.4773060029282577 0.033203125 0.06442166910688141
0.0 0.5693359375 0.465592972181552 0.0263671875 0.04685212298682284
0.0 0.5146484375 0.43923865300146414 0.01171875 0.027818448023426062
0.0 0.5224609375 0.424597364568082 0.009765625 0.01903367496339678
0.0 0.5361328125 0.38799414348462663 0.0107421875 0.016105417276720352
0.0 0.552734375 0.4465592972181552 0.0107421875 0.017569546120058566
0.0 0.5908203125 0.43923865300146414 0.0146484375 0.024890190336749635
0.0 0.60546875 0.4260614934114202 0.0078125 0.016105417276720352
0.0 0.8642578125 0.445095168374817 0.0166015625 0.027818448023426062
0.0 0.900390625 0.42752562225475843 0.015625 0.021961932650073207
0.0 0.9208984375 0.445095168374817 0.025390625 0.040995607613469986
0.0 0.8193359375 0.42313323572474376 0.0107421875 0.02342606149341142
0.0 0.830078125 0.4289897510980966 0.0146484375 0.029282576866764276
0.0 0.84375 0.4363103953147877 0.015625 0.02635431918008785
0.0 0.8046875 0.4289897510980966 0.01171875 0.016105417276720352
0.0 0.771484375 0.42020497803806733 0.01171875 0.027818448023426062
0.0 0.978515625 0.43045387994143486 0.0146484375 0.029282576866764276
0.0 0.3466796875 0.4377745241581259 0.01953125 0.03953147877013177
0.0 0.3681640625 0.424597364568082 0.013671875 0.03074670571010249
0.0 0.4248046875 0.35431918008784774 0.0146484375 0.02635431918008785
0.0 0.4052734375 0.37481698389458273 0.01171875 0.017569546120058566
0.0 0.486328125 0.43923865300146414 0.015625 0.02635431918008785
0.0 0.296875 0.48755490483162517 0.033203125 0.0629575402635432
0.0 0.306640625 0.4172767203513909 0.009765625 0.01903367496339678
0.0 0.28515625 0.41874084919472915 0.0107421875 0.021961932650073207
0.0 0.2509765625 0.45241581259150804 0.0205078125 0.03513909224011713
0.0 0.23828125 0.45095168374816985 0.01171875 0.021961932650073207
0.0 0.2080078125 0.4743777452415813 0.0224609375 0.03806734992679356
0.0 0.197265625 0.4465592972181552 0.0166015625 0.03367496339677892
0.0 0.166015625 0.4363103953147877 0.017578125 0.024890190336749635
0.0 0.333984375 0.4377745241581259 0.0126953125 0.027818448023426062
0.0 0.119140625 0.493411420204978 0.0361328125 0.060029282576866766
0.0 0.1337890625 0.4377745241581259 0.015625 0.032210834553440704
0.0 0.1044921875 0.4407027818448023 0.0146484375 0.027818448023426062
0.0 0.056640625 0.465592972181552 0.0244140625 0.03953147877013177
0.0 0.0087890625 0.4802342606149341 0.029296875 0.03806734992679356
0.0 0.037109375 0.37481698389458273 0.013671875 0.02342606149341142
0.0 0.669921875 0.4260614934114202 0.0126953125 0.021961932650073207
0.0 0.7431640625 0.4363103953147877 0.0185546875 0.03074670571010249
