0.0 0.82421875 0.3301610541727672 0.0234375 0.03953147877013177
0.0 0.66162109375 0.30307467057101023 0.0146484375 0.032210834553440704
0.0 0.625 0.29502196193265007 0.013671875 0.027818448023426062
0.0 0.58837890625 0.2847730600292826 0.0107421875 0.021961932650073207
0.0 0.578125 0.2847730600292826 0.013671875 0.027818448023426062
0.0 0.55224609375 0.2745241581259151 0.0126953125 0.01903367496339678
0.0 0.50146484375 0.2635431918008785 0.0107421875 0.017569546120058566
0.0 0.400390625 0.2525622254758419 0.009765625 0.021961932650073207
0.0 0.35498046875 0.2525622254758419 0.0126953125 0.024890190336749635
0.0 0.29638671875 0.2569546120058565 0.0126953125 0.021961932650073207
0.0 0.1767578125 0.34260614934114203 0.01953125 0.04685212298682284
0.0 0.134765625 0.3711566617862372 0.017578125 0.05124450951683748
0.0 0.12890625 0.4407027818448023 0.029296875 0.07320644216691069
0.0 0.22314453125 0.5761346998535871 0.0400390625 0.09224011713030747
0.0 0.90771484375 0.3645680819912152 0.0263671875 0.0527086383601757
