0.0 0.8447265625 0.32741935483870965 0.0244140625 0.05161290322580645
0.0 0.78515625 0.3338709677419355 0.0205078125 0.035483870967741936
0.0 0.6865234375 0.3209677419354839 0.0224609375 0.04516129032258064
0.0 0.6396484375 0.3338709677419355 0.021484375 0.043548387096774194
0.0 0.580078125 0.36451612903225805 0.0185546875 0.03225806451612903
0.0 0.5283203125 0.36774193548387096 0.013671875 0.025806451612903226
0.0 0.498046875 0.34838709677419355 0.021484375 0.04032258064516129
0.0 0.4287109375 0.3629032258064516 0.0146484375 0.03225806451612903
0.0 0.4609375 0.43548387096774194 0.0146484375 0.027419354838709678
0.0 0.3935546875 0.4403225806451613 0.0166015625 0.03064516129032258
0.0 0.37109375 0.4032258064516129 0.015625 0.03225806451612903
0.0 0.365234375 0.48870967741935484 0.0146484375 0.024193548387096774
0.0 0.3369140625 0.4774193548387097 0.013671875 0.027419354838709678
0.0 0.3515625 0.4064516129032258 0.01171875 0.02258064516129032
0.0 0.3193359375 0.40483870967741936 0.0146484375 0.02903225806451613
0.0 0.287109375 0.4096774193548387 0.0146484375 0.03064516129032258
0.0 0.287109375 0.4661290322580645 0.0146484375 0.03064516129032258
0.0 0.244140625 0.432258064516129 0.0166015625 0.03064516129032258
0.0 0.212890625 0.41774193548387095 0.013671875 0.024193548387096774
0.0 0.1884765625 0.38064516129032255 0.015625 0.03387096774193549
0.0 0.1923828125 0.49193548387096775 0.0126953125 0.025806451612903226
0.0 0.12109375 0.5016129032258064 0.013671875 0.03064516129032258
0.0 0.13671875 0.36935483870967745 0.013671875 0.027419354838709678
0.0 0.072265625 0.36774193548387096 0.017578125 0.03870967741935484
0.0 0.248046875 0.3967741935483871 0.015625 0.03225806451612903
