0.0 0.572265625 0.4388020833333333 0.017578125 0.024739583333333332
0.0 0.552734375 0.4309895833333333 0.01171875 0.014322916666666666
0.0 0.53515625 0.4270833333333333 0.0107421875 0.01953125
0.0 0.53515625 0.3802083333333333 0.0087890625 0.015625
0.0 0.5537109375 0.37890625 0.01171875 0.016927083333333332
0.0 0.515625 0.4309895833333333 0.01171875 0.013020833333333334
0.0 0.509765625 0.4453125 0.013671875 0.020833333333333332
0.0 0.501953125 0.4244791666666667 0.01171875 0.016927083333333332
0.0 0.484375 0.4322916666666667 0.0126953125 0.016927083333333332
0.0 0.4638671875 0.4479166666666667 0.015625 0.020833333333333332
0.0 0.451171875 0.42578125 0.0126953125 0.014322916666666666
0.0 0.4638671875 0.3828125 0.01171875 0.014322916666666666
0.0 0.4814453125 0.37890625 0.0107421875 0.016927083333333332
0.0 0.439453125 0.3958333333333333 0.0107421875 0.015625
0.0 0.5078125 0.50390625 0.0263671875 0.052083333333333336
0.0 0.5556640625 0.4752604166666667 0.0224609375 0.045572916666666664
0.0 0.3994140625 0.5 0.03125 0.052083333333333336
0.0 0.4384765625 0.48828125 0.0224609375 0.04296875
0.0 0.353515625 0.4713541666666667 0.01953125 0.0390625
0.0 0.3330078125 0.4674479166666667 0.029296875 0.048177083333333336
0.0 0.3486328125 0.4361979166666667 0.013671875 0.018229166666666668
0.0 0.3720703125 0.3828125 0.009765625 0.015625
0.0 0.3896484375 0.3880208333333333 0.0087890625 0.01171875
0.0 0.3427734375 0.375 0.0087890625 0.018229166666666668
0.0 0.3056640625 0.4635416666666667 0.015625 0.018229166666666668
0.0 0.2880859375 0.5234375 0.029296875 0.0546875
0.0 0.2685546875 0.4830729166666667 0.0205078125 0.032552083333333336
0.0 0.25390625 0.4427083333333333 0.013671875 0.026041666666666668
0.0 0.23046875 0.44921875 0.0224609375 0.029947916666666668
0.0 0.240234375 0.4947916666666667 0.02734375 0.048177083333333336
0.0 0.21484375 0.4635416666666667 0.015625 0.026041666666666668
0.0 0.2333984375 0.3697916666666667 0.01171875 0.018229166666666668
0.0 0.2890625 0.3776041666666667 0.0107421875 0.01953125
0.0 0.279296875 0.3697916666666667 0.009765625 0.018229166666666668
0.0 0.3603515625 0.3854166666666667 0.0107421875 0.015625
0.0 0.4130859375 0.4348958333333333 0.0107421875 0.015625
0.0 0.1708984375 0.3776041666666667 0.0146484375 0.018229166666666668
0.0 0.15625 0.3723958333333333 0.0126953125 0.016927083333333332
0.0 0.126953125 0.3893229166666667 0.0126953125 0.018229166666666668
0.0 0.11328125 0.3723958333333333 0.0126953125 0.014322916666666666
0.0 0.0546875 0.3815104166666667 0.013671875 0.014322916666666666
0.0 0.0263671875 0.3841145833333333 0.013671875 0.016927083333333332
0.0 0.0048828125 0.3880208333333333 0.0126953125 0.016927083333333332
0.0 0.0185546875 0.4440104166666667 0.0185546875 0.022135416666666668
0.0 0.048828125 0.45703125 0.0244140625 0.029947916666666668
0.0 0.0830078125 0.4361979166666667 0.017578125 0.022135416666666668
0.0 0.0986328125 0.4609375 0.0185546875 0.02734375
0.0 0.1435546875 0.4661458333333333 0.021484375 0.029947916666666668
0.0 0.1767578125 0.4778645833333333 0.025390625 0.036458333333333336
0.0 0.1474609375 0.515625 0.0302734375 0.049479166666666664
0.0 0.0830078125 0.49609375 0.0244140625 0.033854166666666664
0.0 0.0224609375 0.4791666666666667 0.02734375 0.0390625
0.0 0.0107421875 0.4557291666666667 0.01171875 0.018229166666666668
0.0 0.1796875 0.6119791666666666 0.02734375 0.045572916666666664
0.0 0.7685546875 0.3385416666666667 0.025390625 0.049479166666666664
0.0 0.619140625 0.4986979166666667 0.021484375 0.04296875
0.0 0.642578125 0.4505208333333333 0.0166015625 0.0234375
0.0 0.6318359375 0.4557291666666667 0.01171875 0.0234375
0.0 0.60546875 0.4388020833333333 0.013671875 0.016927083333333332
0.0 0.6015625 0.4270833333333333 0.0146484375 0.014322916666666666
0.0 0.654296875 0.43359375 0.0166015625 0.024739583333333332
0.0 0.69140625 0.4296875 0.0126953125 0.01953125
0.0 0.705078125 0.4453125 0.01171875 0.01953125
0.0 0.720703125 0.4348958333333333 0.017578125 0.0234375
0.0 0.7421875 0.44921875 0.01953125 0.03125
0.0 0.8408203125 0.4401041666666667 0.0146484375 0.0234375
0.0 0.8876953125 0.4752604166666667 0.0283203125 0.033854166666666664
0.0 0.927734375 0.4296875 0.0224609375 0.03515625
0.0 0.94140625 0.4453125 0.0234375 0.033854166666666664
0.0 0.96875 0.4713541666666667 0.0224609375 0.0390625
0.0 0.880859375 0.4661458333333333 0.01953125 0.03515625
0.0 0.6943359375 0.453125 0.0166015625 0.026041666666666668
0.0 0.220703125 0.37109375 0.01171875 0.020833333333333332
