0.0 0.3330078125 0.14878048780487804 0.0263671875 0.04024390243902439
0.0 0.361328125 0.12317073170731707 0.021484375 0.02926829268292683
0.0 0.38671875 0.09268292682926829 0.0166015625 0.02926829268292683
0.0 0.384765625 0.15 0.0283203125 0.04024390243902439
0.0 0.392578125 0.1548780487804878 0.029296875 0.0524390243902439
0.0 0.24609375 0.08414634146341464 0.017578125 0.025609756097560974
0.0 0.2236328125 0.09390243902439024 0.017578125 0.01707317073170732
0.0 0.3115234375 0.08170731707317073 0.01953125 0.020731707317073172
0.0 0.294921875 0.0975609756097561 0.013671875 0.026829268292682926
0.0 0.3466796875 0.08048780487804878 0.015625 0.024390243902439025
0.0 0.3515625 0.08658536585365853 0.0185546875 0.024390243902439025
0.0 0.4033203125 0.08048780487804878 0.0185546875 0.02926829268292683
0.0 0.412109375 0.13048780487804879 0.0205078125 0.03536585365853658
0.0 0.4423828125 0.11219512195121951 0.01953125 0.02926829268292683
0.0 0.4462890625 0.08780487804878048 0.0185546875 0.023170731707317073
0.0 0.474609375 0.06463414634146342 0.0146484375 0.01707317073170732
0.0 0.50390625 0.08170731707317073 0.0205078125 0.03048780487804878
0.0 0.4697265625 0.11097560975609756 0.0263671875 0.03780487804878049
0.0 0.50390625 0.11341463414634147 0.0185546875 0.02926829268292683
0.0 0.5361328125 0.11951219512195121 0.029296875 0.036585365853658534
0.0 0.541015625 0.07317073170731707 0.013671875 0.02195121951219512
0.0 0.5654296875 0.1024390243902439 0.01953125 0.023170731707317073
0.0 0.5654296875 0.12682926829268293 0.015625 0.02804878048780488
0.0 0.6181640625 0.09634146341463415 0.015625 0.02926829268292683
0.0 0.630859375 0.09878048780487805 0.0205078125 0.02804878048780488
0.0 0.478515625 0.17682926829268292 0.02734375 0.03536585365853658
0.0 0.4619140625 0.21097560975609755 0.029296875 0.05
0.0 0.5537109375 0.23170731707317074 0.0458984375 0.07195121951219512
0.0 0.556640625 0.19878048780487806 0.025390625 0.032926829268292684
0.0 0.2275390625 0.4329268292682927 0.0263671875 0.03536585365853658
0.0 0.3408203125 0.36585365853658536 0.05078125 0.07560975609756097
0.0 0.3876953125 0.2804878048780488 0.0361328125 0.05853658536585366
0.0 0.3427734375 0.19878048780487806 0.0390625 0.06219512195121951
0.0 0.220703125 0.25 0.046875 0.07926829268292683
0.0 0.1083984375 0.21707317073170732 0.0478515625 0.07560975609756097
0.0 0.0107421875 0.31585365853658537 0.0419921875 0.06341463414634146
0.0 0.0615234375 0.17560975609756097 0.0322265625 0.054878048780487805
0.0 0.0478515625 0.14268292682926828 0.0205078125 0.032926829268292684
0.0 0.0009765625 0.15121951219512195 0.0322265625 0.0524390243902439
0.0 0.013671875 0.11951219512195121 0.01953125 0.02804878048780488
0.0 0.05859375 0.11951219512195121 0.0185546875 0.026829268292682926
0.0 0.095703125 0.11707317073170732 0.0205078125 0.02926829268292683
0.0 0.12890625 0.11097560975609756 0.021484375 0.03170731707317073
0.0 0.11328125 0.1402439024390244 0.0205078125 0.03048780487804878
0.0 0.138671875 0.14268292682926828 0.02734375 0.042682926829268296
0.0 0.17578125 0.11951219512195121 0.017578125 0.025609756097560974
0.0 0.19921875 0.09634146341463415 0.015625 0.02195121951219512
0.0 0.2216796875 0.10975609756097561 0.0205078125 0.02926829268292683
0.0 0.2265625 0.20243902439024392 0.037109375 0.05853658536585366
0.0 0.2158203125 0.1475609756097561 0.025390625 0.041463414634146344
0.0 0.2861328125 0.1475609756097561 0.029296875 0.045121951219512194
0.0 0.26953125 0.12804878048780488 0.0234375 0.041463414634146344
0.0 0.3046875 0.1 0.021484375 0.026829268292682926
0.0 0.626953125 0.16585365853658537 0.029296875 0.045121951219512194
0.0 0.6220703125 0.13658536585365855 0.02734375 0.03414634146341464
0.0 0.6572265625 0.18292682926829268 0.033203125 0.06097560975609756
0.0 0.7109375 0.14390243902439023 0.0283203125 0.04390243902439024
0.0 0.7236328125 0.1024390243902439 0.021484375 0.03170731707317073
0.0 0.7255859375 0.08780487804878048 0.017578125 0.025609756097560974
0.0 0.7880859375 0.08780487804878048 0.0205078125 0.03048780487804878
0.0 0.7685546875 0.12804878048780488 0.02734375 0.04024390243902439
0.0 0.740234375 0.17926829268292682 0.0322265625 0.05609756097560976
0.0 0.82421875 0.13658536585365855 0.03125 0.05121951219512195
0.0 0.794921875 0.12317073170731707 0.017578125 0.03048780487804878
0.0 0.86328125 0.1024390243902439 0.0205078125 0.03170731707317073
0.0 0.880859375 0.0975609756097561 0.013671875 0.032926829268292684
0.0 0.857421875 0.15365853658536585 0.025390625 0.03536585365853658
0.0 0.912109375 0.1573170731707317 0.009765625 0.02804878048780488
0.0 0.947265625 0.11829268292682926 0.0244140625 0.03170731707317073
0.0 0.931640625 0.10975609756097561 0.0166015625 0.032926829268292684
0.0 0.947265625 0.24878048780487805 0.0458984375 0.08292682926829269
0.0 0.875 0.2621951219512195 0.0654296875 0.0975609756097561
0.0 0.814453125 0.36829268292682926 0.06640625 0.11585365853658537
0.0 0.6416015625 0.12439024390243902 0.0185546875 0.03780487804878049
0.0 0.5771484375 0.12317073170731707 0.0166015625 0.026829268292682926
