0.0 0.23046875 0.2784256559766764 0.02734375 0.04664723032069971
0.0 0.068359375 0.2784256559766764 0.037109375 0.06559766763848396
0.0 0.3759765625 0.2755102040816326 0.021484375 0.043731778425655975
0.0 0.48828125 0.2521865889212828 0.0263671875 0.04518950437317784
0.0 0.7822265625 0.26676384839650147 0.0146484375 0.027696793002915453
0.0 0.7265625 0.2696793002915452 0.0185546875 0.03206997084548105
0.0 0.646484375 0.26239067055393583 0.017578125 0.030612244897959183
0.0 0.587890625 0.2478134110787172 0.0234375 0.043731778425655975
0.0 0.7333984375 0.3935860058309038 0.0673828125 0.15306122448979592
0.0 0.91796875 0.33090379008746357 0.03515625 0.10495626822157435
