0.0 0.087890625 0.3588235294117647 0.0205078125 0.03823529411764706
0.0 0.8505859375 0.3029411764705882 0.0185546875 0.03529411764705882
0.0 0.77734375 0.3323529411764706 0.01953125 0.029411764705882353
0.0 0.7548828125 0.325 0.01953125 0.03235294117647059
0.0 0.748046875 0.3558823529411765 0.0166015625 0.029411764705882353
0.0 0.7177734375 0.3411764705882353 0.017578125 0.030882352941176472
0.0 0.6865234375 0.3514705882352941 0.017578125 0.030882352941176472
0.0 0.6669921875 0.37058823529411766 0.015625 0.03235294117647059
0.0 0.625 0.35294117647058826 0.017578125 0.03235294117647059
0.0 0.6181640625 0.38676470588235295 0.013671875 0.027941176470588237
0.0 0.599609375 0.37941176470588234 0.015625 0.029411764705882353
0.0 0.5712890625 0.3720588235294118 0.015625 0.023529411764705882
0.0 0.548828125 0.4632352941176471 0.015625 0.026470588235294117
0.0 0.5927734375 0.3573529411764706 0.015625 0.030882352941176472
0.0 0.53125 0.36176470588235293 0.015625 0.033823529411764704
0.0 0.5107421875 0.36764705882352944 0.0146484375 0.026470588235294117
0.0 0.486328125 0.38235294117647056 0.0166015625 0.03529411764705882
0.0 0.4599609375 0.34705882352941175 0.017578125 0.03235294117647059
0.0 0.4560546875 0.38088235294117645 0.0166015625 0.030882352941176472
0.0 0.4189453125 0.3602941176470588 0.0185546875 0.039705882352941174
0.0 0.3896484375 0.3602941176470588 0.0166015625 0.03235294117647059
0.0 0.369140625 0.3764705882352941 0.0166015625 0.027941176470588237
0.0 0.3203125 0.36176470588235293 0.0166015625 0.03235294117647059
0.0 0.2041015625 0.38088235294117645 0.0146484375 0.026470588235294117
0.0 0.2724609375 0.3735294117647059 0.0185546875 0.030882352941176472
0.0 0.2646484375 0.3573529411764706 0.0166015625 0.03235294117647059
0.0 0.248046875 0.37058823529411766 0.0166015625 0.029411764705882353
0.0 0.177734375 0.35294117647058826 0.01953125 0.03676470588235294
0.0 0.1220703125 0.3897058823529412 0.0185546875 0.027941176470588237
