0.0 0.54296875 0.3086510263929619 0.01171875 0.021994134897360705
0.0 0.53271484375 0.3159824046920821 0.0107421875 0.01906158357771261
0.0 0.5126953125 0.3159824046920821 0.009765625 0.01906158357771261
0.0 0.490234375 0.3152492668621701 0.01171875 0.020527859237536656
0.0 0.47021484375 0.31158357771260997 0.0107421875 0.021994134897360705
0.0 0.4560546875 0.312316715542522 0.009765625 0.017595307917888565
0.0 0.43212890625 0.30425219941348974 0.0107421875 0.021994134897360705
0.0 0.857421875 0.4655425219941349 0.060546875 0.13636363636363635
0.0 0.78173828125 0.38269794721407624 0.0244140625 0.04985337243401759
0.0 0.75341796875 0.49193548387096775 0.0400390625 0.07771260997067449
0.0 0.333984375 0.49486803519061584 0.05078125 0.08651026392961877
0.0 0.2265625 0.4479472140762463 0.048828125 0.11290322580645161
0.0 0.09130859375 0.4530791788856305 0.0576171875 0.11143695014662756
