0.0 0.927734375 0.39970717423133234 0.015625 0.029282576866764276
0.0 0.9619140625 0.37042459736456806 0.0078125 0.016105417276720352
0.0 0.9208984375 0.38945827232796487 0.0087890625 0.01903367496339678
0.0 0.8818359375 0.3850658857979502 0.01171875 0.02342606149341142
0.0 0.8642578125 0.3850658857979502 0.01171875 0.021961932650073207
0.0 0.7578125 0.39092240117130306 0.015625 0.03074670571010249
0.0 0.751953125 0.3762811127379209 0.009765625 0.020497803806734993
0.0 0.6123046875 0.4260614934114202 0.0283203125 0.05710102489019034
0.0 0.7177734375 0.4699853587115666 0.0322265625 0.05710102489019034
0.0 0.6708984375 0.4143484626647145 0.015625 0.032210834553440704
0.0 0.69921875 0.39092240117130306 0.0146484375 0.02635431918008785
0.0 0.357421875 0.363103953147877 0.0087890625 0.024890190336749635
0.0 0.33984375 0.35724743777452417 0.01171875 0.017569546120058566
0.0 0.3212890625 0.37920937042459735 0.013671875 0.032210834553440704
0.0 0.30078125 0.3733528550512445 0.015625 0.03513909224011713
0.0 0.2158203125 0.37481698389458273 0.0126953125 0.02342606149341142
0.0 0.208984375 0.43484626647144947 0.029296875 0.06149341142020498
0.0 0.1640625 0.38799414348462663 0.017578125 0.036603221083455345
0.0 0.1552734375 0.37042459736456806 0.009765625 0.016105417276720352
0.0 0.1064453125 0.3645680819912152 0.015625 0.029282576866764276
0.0 0.0927734375 0.3850658857979502 0.0205078125 0.03806734992679356
0.0 0.1103515625 0.4670571010248902 0.0439453125 0.0849194729136164
0.0 0.2939453125 0.3557833089311859 0.0107421875 0.021961932650073207
0.0 0.6015625 0.3821376281112738 0.013671875 0.02342606149341142
0.0 0.5693359375 0.3689604685212299 0.01171875 0.021961932650073207
0.0 0.5205078125 0.36603221083455345 0.0107421875 0.020497803806734993
0.0 0.37109375 0.39824304538799415 0.01953125 0.0424597364568082
0.0 0.515625 0.4055636896046852 0.01953125 0.03953147877013177
0.0 0.4658203125 0.35871156661786235 0.01171875 0.020497803806734993
0.0 0.45703125 0.35724743777452417 0.0078125 0.014641288433382138
0.0 0.4228515625 0.36749633967789164 0.009765625 0.02342606149341142
0.0 0.4150390625 0.37774524158125916 0.009765625 0.029282576866764276
0.0 0.4228515625 0.5197657393850659 0.033203125 0.08931185944363104
0.0 0.791015625 0.32503660322108346 0.0087890625 0.017569546120058566
0.0 0.720703125 0.37774524158125916 0.0068359375 0.016105417276720352
0.0 0.63671875 0.3850658857979502 0.0087890625 0.014641288433382138
0.0 0.5888671875 0.3689604685212299 0.0087890625 0.020497803806734993
0.0 0.5634765625 0.35871156661786235 0.005859375 0.013177159590043924
0.0 0.5029296875 0.3484626647144949 0.0068359375 0.014641288433382138
0.0 0.189453125 0.32650073206442165 0.0068359375 0.013177159590043924
0.0 0.23828125 0.3162518301610542 0.0078125 0.014641288433382138
0.0 0.0869140625 0.35724743777452417 0.009765625 0.01903367496339678
0.0 0.068359375 0.3718887262079063 0.0078125 0.01903367496339678
0.0 0.05859375 0.36749633967789164 0.0087890625 0.01903367496339678
