0.0 0.806640625 0.22200520833333334 0.01171875 0.016927083333333332
0.0 0.80712890625 0.283203125 0.0146484375 0.024739583333333332
0.0 0.8232421875 0.3014322916666667 0.01171875 0.022135416666666668
0.0 0.8359375 0.2727864583333333 0.01171875 0.01953125
0.0 0.84130859375 0.408203125 0.0419921875 0.08463541666666667
0.0 0.822265625 0.38671875 0.03125 0.0625
0.0 0.7314453125 0.3404947916666667 0.02734375 0.05078125
0.0 0.89404296875 0.4420572916666667 0.0458984375 0.10286458333333333
0.0 0.13134765625 0.4817708333333333 0.0673828125 0.0859375
0.0 0.17529296875 0.408203125 0.0458984375 0.08723958333333333
0.0 0.2626953125 0.37890625 0.046875 0.07291666666666667
0.0 0.44970703125 0.353515625 0.0263671875 0.06901041666666667
0.0 0.59326171875 0.3040364583333333 0.0263671875 0.045572916666666664
