0.0 0.8369140625 0.3893229166666667 0.03125 0.048177083333333336
0.0 0.7158203125 0.3528645833333333 0.0302734375 0.048177083333333336
0.0 0.685546875 0.35546875 0.0244140625 0.048177083333333336
0.0 0.5849609375 0.3658854166666667 0.0205078125 0.029947916666666668
0.0 0.5224609375 0.34375 0.013671875 0.029947916666666668
0.0 0.4697265625 0.3333333333333333 0.0146484375 0.032552083333333336
0.0 0.400390625 0.32421875 0.015625 0.026041666666666668
0.0 0.4404296875 0.3841145833333333 0.025390625 0.052083333333333336
0.0 0.369140625 0.3515625 0.01953125 0.04296875
0.0 0.3310546875 0.3138020833333333 0.021484375 0.037760416666666664
0.0 0.2802734375 0.3385416666666667 0.021484375 0.037760416666666664
0.0 0.1875 0.31640625 0.015625 0.028645833333333332
0.0 0.0703125 0.3528645833333333 0.037109375 0.0625
0.0 0.345703125 0.3125 0.0146484375 0.03125
0.0 0.51171875 0.3893229166666667 0.021484375 0.049479166666666664
0.0 0.4462890625 0.3658854166666667 0.021484375 0.049479166666666664
0.0 0.1044921875 0.3815104166666667 0.0224609375 0.024739583333333332
0.0 0.1123046875 0.34375 0.0224609375 0.0234375
0.0 0.953125 0.3854166666666667 0.0283203125 0.0625
