0.0 0.8916015625 0.30078125 0.0322265625 0.053385416666666664
0.0 0.8330078125 0.3020833333333333 0.0341796875 0.055989583333333336
0.0 0.736328125 0.3111979166666667 0.037109375 0.0625
0.0 0.6806640625 0.2786458333333333 0.029296875 0.049479166666666664
0.0 0.6689453125 0.3268229166666667 0.0361328125 0.05859375
0.0 0.576171875 0.2890625 0.033203125 0.0546875
0.0 0.501953125 0.2877604166666667 0.0341796875 0.057291666666666664
0.0 0.3740234375 0.2669270833333333 0.0322265625 0.053385416666666664
0.0 0.369140625 0.23697916666666666 0.0234375 0.03515625
0.0 0.4111328125 0.3450520833333333 0.0537109375 0.08854166666666667
0.0 0.2783203125 0.3346354166666667 0.04296875 0.0703125
0.0 0.21484375 0.265625 0.0302734375 0.041666666666666664
0.0 0.1455078125 0.24869791666666666 0.0302734375 0.055989583333333336
0.0 0.1318359375 0.3033854166666667 0.0361328125 0.055989583333333336
0.0 0.0830078125 0.32421875 0.05078125 0.08333333333333333
0.0 0.1513671875 0.4466145833333333 0.0576171875 0.0859375
