0.0 0.8115234375 0.49633967789165445 0.021484375 0.0424597364568082
0.0 0.7880859375 0.46412884333821375 0.0224609375 0.05124450951683748
0.0 0.0576171875 0.6486090775988287 0.0361328125 0.07027818448023426
0.0 0.0 0.32210834553440704 0.01171875 0.03513909224011713
0.0 0.1142578125 0.3001464128843338 0.0234375 0.043923865300146414
0.0 0.228515625 0.27379209370424595 0.0234375 0.040995607613469986
0.0 0.4658203125 0.20790629575402636 0.025390625 0.05856515373352855
0.0 0.7265625 0.19472913616398244 0.0361328125 0.07320644216691069
0.0 0.5859375 0.5051244509516838 0.0244140625 0.040995607613469986
0.0 0.6513671875 0.5124450951683748 0.0224609375 0.043923865300146414
0.0 0.6533203125 0.48316251830161056 0.0166015625 0.029282576866764276
0.0 0.587890625 0.4787701317715959 0.0224609375 0.03513909224011713
0.0 0.5390625 0.5197657393850659 0.015625 0.03806734992679356
0.0 0.392578125 0.49194729136163984 0.0205078125 0.03806734992679356
0.0 0.36328125 0.5300146412884333 0.0146484375 0.03367496339677892
0.0 0.91796875 0.4992679355783309 0.0244140625 0.04538799414348463
0.0 0.888671875 0.465592972181552 0.021484375 0.03513909224011713
0.0 0.947265625 0.47584187408491946 0.0205078125 0.04538799414348463
