0.0 0.7275390625 0.5807291666666666 0.0341796875 0.06510416666666667
0.0 0.6875 0.5703125 0.021484375 0.046875
0.0 0.767578125 0.4869791666666667 0.017578125 0.026041666666666668
0.0 0.7001953125 0.4205729166666667 0.0166015625 0.020833333333333332
0.0 0.6455078125 0.4635416666666667 0.0146484375 0.024739583333333332
0.0 0.38671875 0.5403645833333334 0.017578125 0.03515625
0.0 0.3330078125 0.5091145833333334 0.017578125 0.03125
0.0 0.2724609375 0.4479166666666667 0.0126953125 0.015625
0.0 0.2021484375 0.515625 0.015625 0.026041666666666668
0.0 0.1552734375 0.5078125 0.017578125 0.029947916666666668
0.0 0.0986328125 0.4388020833333333 0.0341796875 0.0625
0.0 0.0849609375 0.6940104166666666 0.0322265625 0.08723958333333333
0.0 0.51171875 0.39453125 0.0146484375 0.024739583333333332
