0.0 0.6474609375 0.5532544378698225 0.19140625 0.3994082840236686
0.0 0.49853515625 0.11094674556213018 0.0419921875 0.09171597633136094
0.0 0.88330078125 0.46671597633136097 0.1865234375 0.3180473372781065
0.0 0.49951171875 0.7115384615384616 0.0498046875 0.07988165680473373
0.0 0.28857421875 0.4245562130177515 0.0185546875 0.03254437869822485
0.0 0.37255859375 0.4393491124260355 0.0166015625 0.026627218934911243
0.0 0.21484375 0.21967455621301776 0.0546875 0.11094674556213018
0.0 0.0888671875 0.16494082840236687 0.09375 0.15532544378698224
0.0 0.0859375 0.4363905325443787 0.015625 0.03254437869822485
0.0 0.1630859375 0.4356508875739645 0.01171875 0.03106508875739645
0.0 0.19677734375 0.4400887573964497 0.0146484375 0.034023668639053255
