0.0 0.3134765625 0.2991202346041056 0.0322265625 0.06451612903225806
0.0 0.376953125 0.33284457478005863 0.0283203125 0.06304985337243402
0.0 0.4697265625 0.2932551319648094 0.03125 0.06451612903225806
0.0 0.4453125 0.3651026392961877 0.029296875 0.060117302052785926
0.0 0.5244140625 0.3841642228739003 0.0302734375 0.051319648093841645
0.0 0.5419921875 0.4750733137829912 0.029296875 0.05718475073313783
0.0 0.462890625 0.5263929618768328 0.0302734375 0.04838709677419355
0.0 0.4033203125 0.4530791788856305 0.0302734375 0.05571847507331378
0.0 0.6220703125 0.46187683284457476 0.0302734375 0.05718475073313783
0.0 0.66015625 0.42668621700879766 0.0263671875 0.045454545454545456
0.0 0.734375 0.2595307917888563 0.0361328125 0.06598240469208211
0.0 0.669921875 0.32991202346041054 0.029296875 0.05571847507331378
0.0 0.5712890625 0.2932551319648094 0.0341796875 0.0689149560117302
0.0 0.6982421875 0.3841642228739003 0.0302734375 0.05865102639296188
0.0 0.703125 0.5146627565982405 0.0341796875 0.05865102639296188
