0.0 0.158203125 0.54296875 0.033203125 0.048177083333333336
0.0 0.1005859375 0.5625 0.0390625 0.052083333333333336
0.0 0.087890625 0.484375 0.03125 0.045572916666666664
0.0 0.01171875 0.4830729166666667 0.03125 0.041666666666666664
0.0 0.1181640625 0.48828125 0.0263671875 0.041666666666666664
0.0 0.166015625 0.46875 0.02734375 0.044270833333333336
0.0 0.220703125 0.4895833333333333 0.0302734375 0.05078125
0.0 0.236328125 0.4674479166666667 0.0283203125 0.044270833333333336
0.0 0.255859375 0.49609375 0.0283203125 0.04296875
0.0 0.39453125 0.5299479166666666 0.03125 0.057291666666666664
0.0 0.35546875 0.515625 0.02734375 0.041666666666666664
0.0 0.3046875 0.4986979166666667 0.0322265625 0.048177083333333336
0.0 0.4326171875 0.4934895833333333 0.025390625 0.037760416666666664
0.0 0.48046875 0.5260416666666666 0.0302734375 0.045572916666666664
0.0 0.4150390625 0.4609375 0.0283203125 0.037760416666666664
0.0 0.3642578125 0.4622395833333333 0.025390625 0.037760416666666664
0.0 0.474609375 0.4661458333333333 0.0283203125 0.041666666666666664
0.0 0.4970703125 0.4661458333333333 0.0185546875 0.033854166666666664
0.0 0.51953125 0.4869791666666667 0.0244140625 0.0390625
0.0 0.546875 0.4791666666666667 0.025390625 0.032552083333333336
0.0 0.5791015625 0.4973958333333333 0.029296875 0.04296875
0.0 0.587890625 0.5182291666666666 0.0283203125 0.0390625
0.0 0.59375 0.4791666666666667 0.0244140625 0.036458333333333336
0.0 0.6328125 0.4895833333333333 0.0244140625 0.040364583333333336
0.0 0.642578125 0.4609375 0.0224609375 0.03515625
0.0 0.775390625 0.5846354166666666 0.029296875 0.041666666666666664
0.0 0.6904296875 0.5716145833333334 0.033203125 0.045572916666666664
0.0 0.6943359375 0.48046875 0.03125 0.046875
0.0 0.7548828125 0.5169270833333334 0.0283203125 0.040364583333333336
0.0 0.830078125 0.5208333333333334 0.0341796875 0.05078125
0.0 0.794921875 0.4986979166666667 0.0263671875 0.04296875
0.0 0.76171875 0.4830729166666667 0.02734375 0.04296875
0.0 0.8076171875 0.4661458333333333 0.025390625 0.040364583333333336
0.0 0.9609375 0.4635416666666667 0.03515625 0.049479166666666664
0.0 0.92578125 0.4440104166666667 0.029296875 0.04296875
0.0 0.9111328125 0.5208333333333334 0.0322265625 0.046875
0.0 0.8642578125 0.4830729166666667 0.0283203125 0.0390625
0.0 0.326171875 0.5052083333333334 0.0166015625 0.033854166666666664
