0.0 0.2626953125 0.23255813953488372 0.0322265625 0.05271317829457364
0.0 0.3037109375 0.22635658914728682 0.0263671875 0.04806201550387597
0.0 0.3330078125 0.2992248062015504 0.02734375 0.05271317829457364
0.0 0.3681640625 0.27906976744186046 0.0234375 0.04961240310077519
0.0 0.384765625 0.24031007751937986 0.025390625 0.046511627906976744
0.0 0.412109375 0.33488372093023255 0.0244140625 0.043410852713178294
0.0 0.453125 0.3178294573643411 0.0224609375 0.043410852713178294
0.0 0.4716796875 0.29457364341085274 0.0224609375 0.040310077519379844
0.0 0.48828125 0.3333333333333333 0.0234375 0.04496124031007752
0.0 0.501953125 0.23875968992248062 0.0224609375 0.04186046511627907
0.0 0.529296875 0.29147286821705426 0.021484375 0.03875968992248062
0.0 0.533203125 0.34418604651162793 0.0234375 0.040310077519379844
0.0 0.6103515625 0.35968992248062015 0.01953125 0.037209302325581395
0.0 0.654296875 0.31937984496124033 0.01953125 0.040310077519379844
0.0 0.6708984375 0.24031007751937986 0.021484375 0.040310077519379844
0.0 0.728515625 0.24806201550387597 0.021484375 0.04496124031007752
0.0 0.86328125 0.4201550387596899 0.0283203125 0.05581395348837209
0.0 0.8876953125 0.35658914728682173 0.02734375 0.04496124031007752
