0.0 0.0615234375 0.20833333333333334 0.0078125 0.010416666666666666
0.0 0.08740234375 0.21223958333333334 0.0068359375 0.013020833333333334
0.0 0.11474609375 0.21158854166666666 0.0068359375 0.009114583333333334
0.0 0.0107421875 0.203125 0.0078125 0.010416666666666666
0.0 0.07275390625 0.15364583333333334 0.0048828125 0.0078125
0.0 0.10546875 0.19205729166666666 0.005859375 0.006510416666666667
0.0 0.0888671875 0.16536458333333334 0.005859375 0.0078125
0.0 0.12451171875 0.185546875 0.0048828125 0.006510416666666667
0.0 0.11669921875 0.166015625 0.0048828125 0.006510416666666667
0.0 0.10693359375 0.16015625 0.0048828125 0.0078125
0.0 0.1640625 0.2981770833333333 0.005859375 0.010416666666666666
0.0 0.1904296875 0.294921875 0.005859375 0.009114583333333334
0.0 0.208984375 0.29296875 0.0078125 0.010416666666666666
0.0 0.23046875 0.3033854166666667 0.00390625 0.0078125
0.0 0.28125 0.291015625 0.0078125 0.009114583333333334
0.0 0.24072265625 0.22916666666666666 0.0068359375 0.010416666666666666
0.0 0.1728515625 0.21223958333333334 0.005859375 0.010416666666666666
0.0 0.15771484375 0.203125 0.0068359375 0.010416666666666666
0.0 0.15625 0.22200520833333334 0.005859375 0.006510416666666667
0.0 0.14697265625 0.22265625 0.0068359375 0.010416666666666666
0.0 0.24609375 0.30078125 0.005859375 0.0078125
0.0 0.267578125 0.296875 0.005859375 0.0078125
0.0 0.28515625 0.21809895833333334 0.005859375 0.009114583333333334
0.0 0.29833984375 0.22005208333333334 0.0048828125 0.0078125
0.0 0.31787109375 0.224609375 0.0048828125 0.009114583333333334
0.0 0.267578125 0.17057291666666666 0.005859375 0.0078125
0.0 0.20361328125 0.21419270833333334 0.0048828125 0.009114583333333334
0.0 0.16064453125 0.18229166666666666 0.0048828125 0.0078125
0.0 0.189453125 0.193359375 0.00390625 0.006510416666666667
0.0 0.2236328125 0.22786458333333334 0.00390625 0.0078125
0.0 0.3251953125 0.28515625 0.0078125 0.010416666666666666
0.0 0.38134765625 0.232421875 0.0068359375 0.009114583333333334
0.0 0.33984375 0.21419270833333334 0.005859375 0.009114583333333334
0.0 0.3515625 0.24544270833333334 0.005859375 0.009114583333333334
0.0 0.0068359375 0.3059895833333333 0.005859375 0.013020833333333334
0.0 0.13427734375 0.3372395833333333 0.0068359375 0.010416666666666666
0.0 0.119140625 0.3333333333333333 0.00390625 0.005208333333333333
0.0 0.10791015625 0.34375 0.0048828125 0.010416666666666666
0.0 0.23583984375 0.3470052083333333 0.0166015625 0.022135416666666668
0.0 0.61572265625 0.26953125 0.0107421875 0.018229166666666668
0.0 0.6669921875 0.2591145833333333 0.009765625 0.015625
0.0 0.68701171875 0.24479166666666666 0.0166015625 0.0234375
0.0 0.7607421875 0.244140625 0.013671875 0.01953125
0.0 0.8896484375 0.21484375 0.017578125 0.028645833333333332
0.0 0.47509765625 0.2890625 0.0048828125 0.0078125
0.0 0.55712890625 0.2916666666666667 0.0048828125 0.0078125
0.0 0.0986328125 0.13802083333333334 0.005859375 0.0078125
0.0 0.1171875 0.1484375 0.005859375 0.0078125
0.0 0.130859375 0.12890625 0.005859375 0.0078125
0.0 0.0498046875 0.130859375 0.005859375 0.006510416666666667
0.0 0.04638671875 0.07291666666666667 0.0048828125 0.0078125
0.0 0.0634765625 0.07356770833333333 0.005859375 0.009114583333333334
0.0 0.09130859375 0.103515625 0.0048828125 0.006510416666666667
0.0 0.1455078125 0.1484375 0.005859375 0.0078125
0.0 0.02001953125 0.08203125 0.0048828125 0.0078125
0.0 0.02783203125 0.078125 0.0048828125 0.005208333333333333
0.0 0.4140625 0.4010416666666667 0.060546875 0.07291666666666667
0.0 0.173828125 0.3515625 0.02734375 0.036458333333333336
0.0 0.20654296875 0.09830729166666667 0.0048828125 0.009114583333333334
0.0 0.27392578125 0.13151041666666666 0.0068359375 0.010416666666666666
0.0 0.26904296875 0.13736979166666666 0.0048828125 0.006510416666666667
0.0 0.23095703125 0.12565104166666666 0.0068359375 0.009114583333333334
0.0 0.20556640625 0.12825520833333334 0.0068359375 0.01171875
0.0 0.2861328125 0.11848958333333333 0.005859375 0.010416666666666666
0.0 0.52099609375 0.2897135416666667 0.0048828125 0.009114583333333334
