0.0 0.20947265625 0.12630208333333334 0.0380859375 0.07291666666666667
0.0 0.24462890625 0.20442708333333334 0.0419921875 0.078125
0.0 0.36376953125 0.109375 0.0380859375 0.0703125
0.0 0.37060546875 0.19986979166666666 0.0419921875 0.07421875
0.0 0.2314453125 0.3229166666666667 0.044921875 0.078125
0.0 0.35693359375 0.33203125 0.0400390625 0.078125
0.0 0.5 0.22005208333333334 0.037109375 0.06770833333333333
0.0 0.517578125 0.10611979166666667 0.037109375 0.07421875
0.0 0.51220703125 0.353515625 0.0439453125 0.07161458333333333
0.0 0.6748046875 0.13541666666666666 0.03515625 0.0703125
0.0 0.81982421875 0.150390625 0.0400390625 0.06901041666666667
0.0 0.7734375 0.21484375 0.04296875 0.078125
0.0 0.6435546875 0.20963541666666666 0.046875 0.08072916666666667
0.0 0.65771484375 0.3619791666666667 0.0439453125 0.078125
0.0 0.79541015625 0.30859375 0.0458984375 0.08333333333333333
