0.0 0.9169921875 0.41483516483516486 0.046875 0.07142857142857142
0.0 0.8017578125 0.45604395604395603 0.037109375 0.06456043956043957
0.0 0.73828125 0.4217032967032967 0.03125 0.06318681318681318
0.0 0.7021484375 0.36538461538461536 0.03515625 0.059065934065934064
0.0 0.646484375 0.3489010989010989 0.0390625 0.061813186813186816
0.0 0.666015625 0.5315934065934066 0.0380859375 0.07142857142857142
0.0 0.748046875 0.6112637362637363 0.0458984375 0.07005494505494506
0.0 0.615234375 0.46153846153846156 0.0341796875 0.05631868131868132
0.0 0.5048828125 0.44505494505494503 0.0654296875 0.10576923076923077
0.0 0.9375 0.6991758241758241 0.0478515625 0.07692307692307693
0.0 0.69140625 0.6895604395604396 0.046875 0.08241758241758242
0.0 0.90625 0.059065934065934064 0.0283203125 0.046703296703296704
0.0 0.77734375 0.059065934065934064 0.0263671875 0.038461538461538464
0.0 0.6396484375 0.05357142857142857 0.0263671875 0.042582417582417584
0.0 0.421875 0.489010989010989 0.048828125 0.0782967032967033
0.0 0.361328125 0.4368131868131868 0.037109375 0.07005494505494506
0.0 0.3173828125 0.4725274725274725 0.0244140625 0.04395604395604396
0.0 0.29296875 0.41483516483516486 0.033203125 0.057692307692307696
0.0 0.2529296875 0.39697802197802196 0.037109375 0.061813186813186816
0.0 0.1796875 0.42857142857142855 0.0419921875 0.06593406593406594
0.0 0.255859375 0.6153846153846154 0.0390625 0.0673076923076923
0.0 0.3203125 0.6126373626373627 0.041015625 0.06868131868131869
0.0 0.15234375 0.7239010989010989 0.0458984375 0.07280219780219781
0.0 0.2041015625 0.7857142857142857 0.037109375 0.050824175824175824
0.0 0.056640625 0.6964285714285714 0.044921875 0.07692307692307693
0.0 0.044921875 0.43956043956043955 0.041015625 0.061813186813186816
0.0 0.1171875 0.4230769230769231 0.037109375 0.06456043956043957
