0.0 0.13037109375 0.2719941348973607 0.0419921875 0.0747800586510264
0.0 0.1259765625 0.37683284457478006 0.046875 0.09090909090909091
0.0 0.2138671875 0.2961876832844575 0.033203125 0.07917888563049853
0.0 0.275390625 0.2250733137829912 0.037109375 0.08064516129032258
0.0 0.24267578125 0.3944281524926686 0.0439453125 0.08211143695014662
0.0 0.37744140625 0.250733137829912 0.0341796875 0.06744868035190615
0.0 0.4248046875 0.1972140762463343 0.03515625 0.0718475073313783
0.0 0.470703125 0.4530791788856305 0.03515625 0.07331378299120235
0.0 0.50830078125 0.3944281524926686 0.0380859375 0.08504398826979472
0.0 0.59619140625 0.4208211143695015 0.0419921875 0.08211143695014662
0.0 0.662109375 0.45894428152492667 0.041015625 0.07331378299120235
0.0 0.55322265625 0.2602639296187683 0.0361328125 0.08357771260997067
0.0 0.63037109375 0.2280058651026393 0.0400390625 0.08651026392961877
0.0 0.67138671875 0.27052785923753664 0.0361328125 0.07771260997067449
0.0 0.61376953125 0.2969208211143695 0.0341796875 0.06598240469208211
0.0 0.78271484375 0.593841642228739 0.0380859375 0.08797653958944282
0.0 0.66796875 0.6392961876832844 0.0390625 0.08211143695014662
