0.0 0.890625 0.4568081991215227 0.0185546875 0.043923865300146414
0.0 0.7373046875 0.4787701317715959 0.0234375 0.04685212298682284
0.0 0.4541015625 0.49194729136163984 0.0185546875 0.03367496339677892
0.0 0.4228515625 0.49194729136163984 0.015625 0.021961932650073207
0.0 0.220703125 0.4612005856515373 0.009765625 0.014641288433382138
0.0 0.181640625 0.4538799414348463 0.009765625 0.017569546120058566
0.0 0.16796875 0.45973645680819913 0.005859375 0.013177159590043924
0.0 0.150390625 0.4494875549048316 0.0068359375 0.014641288433382138
0.0 0.1396484375 0.45095168374816985 0.0087890625 0.01171303074670571
0.0 0.126953125 0.4582723279648609 0.0078125 0.013177159590043924
0.0 0.1103515625 0.43923865300146414 0.005859375 0.01171303074670571
0.0 0.5595703125 0.5036603221083455 0.017578125 0.03513909224011713
