0.0 0.7646484375 0.35546875 0.013671875 0.01953125
0.0 0.7177734375 0.34765625 0.0107421875 0.014322916666666666
0.0 0.5439453125 0.421875 0.0283203125 0.045572916666666664
0.0 0.5283203125 0.4192708333333333 0.02734375 0.037760416666666664
0.0 0.4658203125 0.3932291666666667 0.029296875 0.041666666666666664
0.0 0.423828125 0.4088541666666667 0.033203125 0.061197916666666664
0.0 0.474609375 0.3528645833333333 0.0205078125 0.028645833333333332
0.0 0.2978515625 0.66015625 0.0693359375 0.10546875
0.0 0.349609375 0.5455729166666666 0.0517578125 0.09375
0.0 0.1904296875 0.3841145833333333 0.01953125 0.029947916666666668
0.0 0.1484375 0.4075520833333333 0.0234375 0.03515625
0.0 0.025390625 0.4388020833333333 0.029296875 0.04296875
0.0 0.0810546875 0.3932291666666667 0.0185546875 0.02734375
0.0 0.2392578125 0.3736979166666667 0.013671875 0.01953125
0.0 0.056640625 0.4309895833333333 0.013671875 0.0234375
