0.0 0.8994140625 0.2875968992248062 0.033203125 0.06976744186046512
0.0 0.82763671875 0.30387596899224806 0.0322265625 0.07441860465116279
0.0 0.875 0.42248062015503873 0.037109375 0.07286821705426356
0.0 0.79296875 0.5201550387596899 0.03125 0.07286821705426356
0.0 0.69091796875 0.5286821705426357 0.0283203125 0.06511627906976744
0.0 0.6162109375 0.524031007751938 0.03125 0.07131782945736434
0.0 0.76416015625 0.2627906976744186 0.0322265625 0.05736434108527132
0.0 0.697265625 0.2992248062015504 0.03125 0.06511627906976744
0.0 0.62451171875 0.30465116279069765 0.0302734375 0.06046511627906977
0.0 0.55224609375 0.30697674418604654 0.0302734375 0.06821705426356589
0.0 0.48681640625 0.2937984496124031 0.0322265625 0.06666666666666667
0.0 0.40673828125 0.26124031007751936 0.0302734375 0.06356589147286822
0.0 0.322265625 0.26589147286821707 0.03125 0.06356589147286822
0.0 0.2490234375 0.26589147286821707 0.03125 0.06666666666666667
0.0 0.16748046875 0.2751937984496124 0.0302734375 0.06356589147286822
0.0 0.0849609375 0.29689922480620157 0.03125 0.06356589147286822
0.0 0.541015625 0.5170542635658915 0.03125 0.06046511627906977
0.0 0.451171875 0.5325581395348837 0.033203125 0.07286821705426356
0.0 0.35595703125 0.5186046511627908 0.0341796875 0.06046511627906977
0.0 0.26806640625 0.5100775193798449 0.0322265625 0.06821705426356589
0.0 0.1826171875 0.5007751937984496 0.033203125 0.06511627906976744
0.0 0.09716796875 0.4178294573643411 0.0322265625 0.07596899224806201
