0.0 0.7822265625 0.4062957540263543 0.0390625 0.05710102489019034
0.0 0.59814453125 0.3850658857979502 0.0537109375 0.0849194729136164
0.0 0.50830078125 0.4011713030746706 0.0283203125 0.0527086383601757
0.0 0.4228515625 0.431185944363104 0.03125 0.05417276720351391
0.0 0.33837890625 0.4890190336749634 0.0126953125 0.020497803806734993
0.0 0.3671875 0.44875549048316254 0.01171875 0.021961932650073207
0.0 0.3779296875 0.46193265007320644 0.009765625 0.021961932650073207
0.0 0.337890625 0.46412884333821375 0.01171875 0.020497803806734993
0.0 0.32373046875 0.445095168374817 0.0107421875 0.020497803806734993
0.0 0.30517578125 0.45021961932650073 0.0107421875 0.01903367496339678
0.0 0.28857421875 0.42825768667642755 0.0107421875 0.01903367496339678
0.0 0.27392578125 0.42752562225475843 0.0126953125 0.02342606149341142
0.0 0.2666015625 0.445095168374817 0.013671875 0.02342606149341142
0.0 0.2431640625 0.44363103953147875 0.009765625 0.017569546120058566
0.0 0.2138671875 0.4341142020497804 0.021484375 0.03367496339677892
0.0 0.1875 0.44143484626647145 0.013671875 0.024890190336749635
0.0 0.14501953125 0.45973645680819913 0.0146484375 0.029282576866764276
0.0 0.1044921875 0.4363103953147877 0.017578125 0.029282576866764276
0.0 0.05615234375 0.4743777452415813 0.0185546875 0.029282576866764276
0.0 0.06298828125 0.46046852122986826 0.0126953125 0.021961932650073207
0.0 0.0400390625 0.43704245973645683 0.015625 0.024890190336749635
0.0 0.015625 0.5161054172767203 0.013671875 0.024890190336749635
0.0 0.01025390625 0.46046852122986826 0.0185546875 0.03074670571010249
0.0 0.4775390625 0.43484626647144947 0.005859375 0.01171303074670571
0.0 0.54931640625 0.07979502196193265 0.0087890625 0.013177159590043924
0.0 0.5283203125 0.07613469985358712 0.005859375 0.01171303074670571
0.0 0.49560546875 0.05929721815519766 0.0068359375 0.013177159590043924
0.0 0.4716796875 0.0636896046852123 0.0078125 0.013177159590043924
0.0 0.62548828125 0.11346998535871157 0.0048828125 0.010248901903367497
0.0 0.33447265625 0.036603221083455345 0.0087890625 0.014641288433382138
0.0 0.38818359375 0.4333821376281113 0.0107421875 0.020497803806734993
0.0 0.58056640625 0.10834553440702782 0.0068359375 0.01171303074670571
