0.0 0.2880859375 0.19661458333333334 0.009765625 0.018229166666666668
0.0 0.3212890625 0.21028645833333334 0.009765625 0.016927083333333332
0.0 0.24609375 0.27734375 0.01953125 0.033854166666666664
0.0 0.224609375 0.20442708333333334 0.01171875 0.015625
0.0 0.22412109375 0.15299479166666666 0.0068359375 0.009114583333333334
0.0 0.22900390625 0.14192708333333334 0.0068359375 0.013020833333333334
0.0 0.2685546875 0.154296875 0.009765625 0.014322916666666666
0.0 0.26513671875 0.13736979166666666 0.0068359375 0.014322916666666666
0.0 0.2802734375 0.11067708333333333 0.009765625 0.013020833333333334
0.0 0.2529296875 0.12044270833333333 0.009765625 0.016927083333333332
0.0 0.15869140625 0.13606770833333334 0.0205078125 0.03515625
0.0 0.181640625 0.08203125 0.0078125 0.015625
0.0 0.21484375 0.07877604166666667 0.005859375 0.014322916666666666
0.0 0.23681640625 0.06380208333333333 0.0068359375 0.013020833333333334
0.0 0.21240234375 0.056640625 0.0068359375 0.01171875
0.0 0.18017578125 0.02734375 0.0107421875 0.018229166666666668
0.0 0.177734375 0.052734375 0.0078125 0.016927083333333332
0.0 0.1875 0.059895833333333336 0.0078125 0.015625
0.0 0.28515625 0.07552083333333333 0.0078125 0.018229166666666668
0.0 0.26123046875 0.07096354166666667 0.0048828125 0.009114583333333334
0.0 0.30029296875 0.068359375 0.0068359375 0.01171875
0.0 0.32861328125 0.07356770833333333 0.0068359375 0.014322916666666666
0.0 0.3115234375 0.115234375 0.009765625 0.016927083333333332
0.0 0.3359375 0.12825520833333334 0.0078125 0.01953125
0.0 0.345703125 0.09765625 0.0078125 0.015625
0.0 0.3759765625 0.109375 0.0078125 0.013020833333333334
0.0 0.3779296875 0.09830729166666667 0.0078125 0.014322916666666666
0.0 0.36279296875 0.06510416666666667 0.0087890625 0.013020833333333334
0.0 0.38525390625 0.072265625 0.0087890625 0.014322916666666666
0.0 0.40625 0.07877604166666667 0.0078125 0.014322916666666666
0.0 0.42236328125 0.09635416666666667 0.0087890625 0.015625
0.0 0.3984375 0.12955729166666666 0.009765625 0.016927083333333332
0.0 0.392578125 0.1640625 0.0078125 0.015625
0.0 0.35205078125 0.130859375 0.0087890625 0.014322916666666666
0.0 0.44482421875 0.10026041666666667 0.0068359375 0.013020833333333334
0.0 0.4326171875 0.07291666666666667 0.005859375 0.013020833333333334
0.0 0.45361328125 0.059895833333333336 0.0068359375 0.010416666666666666
0.0 0.48486328125 0.078125 0.0068359375 0.013020833333333334
0.0 0.513671875 0.07877604166666667 0.005859375 0.01171875
0.0 0.49365234375 0.09895833333333333 0.0068359375 0.010416666666666666
0.0 0.48046875 0.09765625 0.0078125 0.010416666666666666
0.0 0.484375 0.12174479166666667 0.0078125 0.014322916666666666
0.0 0.49609375 0.173828125 0.0078125 0.014322916666666666
0.0 0.51171875 0.10221354166666667 0.0078125 0.01171875
0.0 0.46435546875 0.20572916666666666 0.0107421875 0.018229166666666668
0.0 0.06201171875 0.061848958333333336 0.0244140625 0.03515625
0.0 0.03271484375 0.050130208333333336 0.0244140625 0.03515625
0.0 0.07568359375 0.039713541666666664 0.0107421875 0.014322916666666666
0.0 0.08349609375 0.028645833333333332 0.0126953125 0.018229166666666668
0.0 0.48095703125 0.035807291666666664 0.0068359375 0.01171875
0.0 0.51025390625 0.011067708333333334 0.0048828125 0.009114583333333334
0.0 0.67431640625 0.014322916666666666 0.0068359375 0.013020833333333334
0.0 0.65966796875 0.020182291666666668 0.0087890625 0.014322916666666666
0.0 0.6494140625 0.018880208333333332 0.0078125 0.01171875
0.0 0.63671875 0.022135416666666668 0.005859375 0.010416666666666666
0.0 0.6279296875 0.020833333333333332 0.0078125 0.010416666666666666
0.0 0.59619140625 0.017578125 0.0068359375 0.009114583333333334
0.0 0.56591796875 0.08333333333333333 0.0068359375 0.010416666666666666
0.0 0.5849609375 0.0859375 0.0078125 0.013020833333333334
0.0 0.53369140625 0.07096354166666667 0.0068359375 0.01171875
0.0 0.5458984375 0.21028645833333334 0.009765625 0.014322916666666666
0.0 0.60400390625 0.21354166666666666 0.0087890625 0.013020833333333334
0.0 0.6240234375 0.16861979166666666 0.009765625 0.01171875
0.0 0.66748046875 0.16341145833333334 0.0087890625 0.016927083333333332
0.0 0.7080078125 0.18294270833333334 0.009765625 0.014322916666666666
0.0 0.748046875 0.203125 0.009765625 0.015625
0.0 0.7666015625 0.197265625 0.009765625 0.014322916666666666
0.0 0.791015625 0.20703125 0.0078125 0.013020833333333334
0.0 0.7890625 0.24609375 0.009765625 0.015625
0.0 0.763671875 0.25 0.009765625 0.015625
0.0 0.74267578125 0.12760416666666666 0.0068359375 0.010416666666666666
0.0 0.72119140625 0.115234375 0.0068359375 0.01171875
0.0 0.76513671875 0.07161458333333333 0.0068359375 0.013020833333333334
0.0 0.77978515625 0.06510416666666667 0.0068359375 0.013020833333333334
0.0 0.76611328125 0.0546875 0.0068359375 0.010416666666666666
0.0 0.7421875 0.055338541666666664 0.005859375 0.009114583333333334
0.0 0.72265625 0.050130208333333336 0.005859375 0.009114583333333334
0.0 0.7421875 0.036458333333333336 0.005859375 0.010416666666666666
0.0 0.69970703125 0.04296875 0.0087890625 0.013020833333333334
0.0 0.67919921875 0.037109375 0.0068359375 0.009114583333333334
0.0 0.69287109375 0.09440104166666667 0.0087890625 0.01171875
0.0 0.8349609375 0.080078125 0.0078125 0.014322916666666666
0.0 0.80517578125 0.109375 0.0087890625 0.013020833333333334
0.0 0.8642578125 0.07552083333333333 0.0078125 0.015625
0.0 0.8896484375 0.08463541666666667 0.0078125 0.013020833333333334
0.0 0.890625 0.15755208333333334 0.0078125 0.015625
0.0 0.9208984375 0.1640625 0.005859375 0.013020833333333334
0.0 0.94287109375 0.12890625 0.0048828125 0.010416666666666666
0.0 0.9658203125 0.130859375 0.0078125 0.01171875
0.0 0.92333984375 0.10481770833333333 0.0068359375 0.009114583333333334
0.0 0.93310546875 0.10546875 0.0048828125 0.010416666666666666
0.0 0.90771484375 0.10807291666666667 0.0087890625 0.0078125
0.0 0.89990234375 0.099609375 0.0068359375 0.009114583333333334
0.0 0.8876953125 0.23111979166666666 0.009765625 0.016927083333333332
0.0 0.87060546875 0.23958333333333334 0.0087890625 0.013020833333333334
0.0 0.83935546875 0.2805989583333333 0.0087890625 0.014322916666666666
0.0 0.78759765625 0.3268229166666667 0.0068359375 0.015625
0.0 0.8076171875 0.3235677083333333 0.0078125 0.014322916666666666
0.0 0.93310546875 0.24479166666666666 0.0068359375 0.013020833333333334
0.0 0.9326171875 0.22200520833333334 0.009765625 0.01171875
0.0 0.98095703125 0.2779947916666667 0.0087890625 0.016927083333333332
0.0 0.9638671875 0.3053385416666667 0.0078125 0.014322916666666666
0.0 0.955078125 0.30078125 0.0078125 0.013020833333333334
0.0 0.92724609375 0.296875 0.0087890625 0.015625
0.0 0.91259765625 0.3046875 0.0087890625 0.013020833333333334
0.0 0.87158203125 0.2903645833333333 0.0087890625 0.0078125
0.0 0.90283203125 0.3430989583333333 0.0068359375 0.01171875
0.0 0.9521484375 0.322265625 0.0078125 0.009114583333333334
0.0 0.9931640625 0.3157552083333333 0.009765625 0.014322916666666666
0.0 0.9658203125 0.169921875 0.009765625 0.014322916666666666
0.0 0.99365234375 0.2701822916666667 0.0087890625 0.014322916666666666
0.0 0.99462890625 0.2903645833333333 0.0087890625 0.013020833333333334
0.0 0.98291015625 0.255859375 0.0087890625 0.014322916666666666
0.0 0.994140625 0.11197916666666667 0.0078125 0.010416666666666666
0.0 0.96630859375 0.11588541666666667 0.0068359375 0.010416666666666666
0.0 0.85986328125 0.25390625 0.0087890625 0.015625
0.0 0.19970703125 0.15494791666666666 0.0087890625 0.015625
0.0 0.19775390625 0.171875 0.0087890625 0.015625
0.0 0.49560546875 0.3411458333333333 0.0361328125 0.052083333333333336
0.0 0.673828125 0.33203125 0.0390625 0.057291666666666664
0.0 0.595703125 0.2975260416666667 0.013671875 0.01953125
0.0 0.138671875 0.0625 0.013671875 0.018229166666666668
0.0 0.87060546875 0.19140625 0.0087890625 0.015625
0.0 0.82763671875 0.22786458333333334 0.0166015625 0.020833333333333332
0.0 0.85400390625 0.07747395833333333 0.0048828125 0.01171875
0.0 0.751953125 0.068359375 0.0078125 0.01171875
0.0 0.455078125 0.07877604166666667 0.009765625 0.016927083333333332
