0.0 0.97216796875 0.22295321637426901 0.0556640625 0.09502923976608187
0.0 0.91455078125 0.1783625730994152 0.0439453125 0.07309941520467836
0.0 0.8642578125 0.1476608187134503 0.025390625 0.04678362573099415
0.0 0.83935546875 0.13304093567251463 0.0205078125 0.038011695906432746
0.0 0.78271484375 0.1425438596491228 0.0419921875 0.059941520467836254
0.0 0.7470703125 0.1440058479532164 0.03515625 0.07748538011695906
0.0 0.89697265625 0.14473684210526316 0.0439453125 0.08187134502923976
0.0 0.62060546875 0.12646198830409358 0.0517578125 0.1067251461988304
0.0 0.4423828125 0.23391812865497075 0.13671875 0.21052631578947367
0.0 0.28466796875 0.0935672514619883 0.0712890625 0.16374269005847952
0.0 0.0302734375 0.04093567251461988 0.060546875 0.08187134502923976
0.0 0.1484375 0.021198830409356724 0.03515625 0.04239766081871345
0.0 0.52978515625 0.25 0.0712890625 0.15497076023391812
0.0 0.50439453125 0.06067251461988304 0.0517578125 0.10087719298245613
0.0 0.939453125 0.15058479532163743 0.029296875 0.06140350877192982
0.0 0.18505859375 0.016812865497076022 0.0576171875 0.033625730994152045
