0.0 0.7705078125 0.191800878477306 0.0703125 0.13469985358711567
0.0 0.1962890625 0.29282576866764276 0.0390625 0.055636896046852125
0.0 0.14306640625 0.2796486090775988 0.0244140625 0.03806734992679356
0.0 0.0537109375 0.2781844802342606 0.05078125 0.08199121522693997
0.0 0.17822265625 0.24890190336749635 0.0205078125 0.040995607613469986
0.0 0.24658203125 0.3074670571010249 0.0068359375 0.017569546120058566
0.0 0.3017578125 0.27891654465592974 0.03125 0.048316251830161056
0.0 0.36181640625 0.25841874084919475 0.0224609375 0.036603221083455345
0.0 0.41943359375 0.28038067349926793 0.0166015625 0.021961932650073207
0.0 0.5087890625 0.2972181551976574 0.009765625 0.017569546120058566
0.0 0.46533203125 0.27379209370424595 0.0068359375 0.02342606149341142
0.0 0.6943359375 0.2108345534407028 0.037109375 0.07027818448023426
0.0 0.62548828125 0.2130307467057101 0.0498046875 0.08345534407027819
0.0 0.8583984375 0.2518301610541728 0.044921875 0.0849194729136164
0.0 0.484375 0.2774524158125915 0.01171875 0.021961932650073207
