0.0 0.802734375 0.49117647058823527 0.0185546875 0.029411764705882353
0.0 0.666015625 0.49264705882352944 0.017578125 0.027941176470588237
0.0 0.6259765625 0.5191176470588236 0.0166015625 0.027941176470588237
0.0 0.5185546875 0.5117647058823529 0.01171875 0.025
0.0 0.4501953125 0.4985294117647059 0.0146484375 0.025
0.0 0.3173828125 0.5073529411764706 0.013671875 0.025
0.0 0.3955078125 0.48970588235294116 0.0107421875 0.027941176470588237
0.0 0.25 0.5308823529411765 0.01171875 0.025
0.0 0.14453125 0.5426470588235294 0.01171875 0.022058823529411766
0.0 0.0751953125 0.5455882352941176 0.01171875 0.023529411764705882
