0.0 0.0458984375 0.5540983606557377 0.0234375 0.04918032786885246
0.0 0.142578125 0.5409836065573771 0.0224609375 0.04918032786885246
0.0 0.0859375 0.4704918032786885 0.0224609375 0.05081967213114754
0.0 0.1826171875 0.4737704918032787 0.0224609375 0.040983606557377046
0.0 0.1259765625 0.44098360655737706 0.01953125 0.03934426229508197
0.0 0.1005859375 0.4065573770491803 0.017578125 0.03442622950819672
0.0 0.2119140625 0.3983606557377049 0.01953125 0.04918032786885246
0.0 0.2158203125 0.49508196721311476 0.01953125 0.054098360655737705
0.0 0.2490234375 0.5081967213114754 0.0234375 0.060655737704918035
0.0 0.1708984375 0.3442622950819672 0.0185546875 0.04426229508196721
0.0 0.1171875 0.34098360655737703 0.0166015625 0.036065573770491806
0.0 0.244140625 0.380327868852459 0.01953125 0.04262295081967213
0.0 0.287109375 0.39672131147540984 0.021484375 0.047540983606557376
0.0 0.306640625 0.34098360655737703 0.017578125 0.040983606557377046
0.0 0.232421875 0.319672131147541 0.0166015625 0.03934426229508197
0.0 0.1953125 0.3180327868852459 0.0185546875 0.029508196721311476
0.0 0.1669921875 0.21311475409836064 0.0146484375 0.027868852459016394
0.0 0.2255859375 0.24262295081967214 0.015625 0.03278688524590164
0.0 0.2744140625 0.260655737704918 0.0185546875 0.036065573770491806
0.0 0.3046875 0.2754098360655738 0.0205078125 0.04590163934426229
0.0 0.2099609375 0.1557377049180328 0.0166015625 0.03442622950819672
0.0 0.244140625 0.19344262295081968 0.015625 0.03278688524590164
0.0 0.3056640625 0.19836065573770492 0.0166015625 0.03770491803278689
0.0 0.3359375 0.24098360655737705 0.015625 0.027868852459016394
0.0 0.2890625 0.17049180327868851 0.0146484375 0.03114754098360656
0.0 0.359375 0.17540983606557378 0.015625 0.03114754098360656
0.0 0.3271484375 0.12950819672131147 0.013671875 0.029508196721311476
0.0 0.2685546875 0.12786885245901639 0.013671875 0.03442622950819672
0.0 0.2392578125 0.10491803278688525 0.013671875 0.027868852459016394
0.0 0.259765625 0.08032786885245902 0.0107421875 0.02622950819672131
0.0 0.287109375 0.10327868852459017 0.0146484375 0.027868852459016394
0.0 0.3544921875 0.10819672131147541 0.01171875 0.02622950819672131
0.0 0.38671875 0.12459016393442623 0.013671875 0.03278688524590164
0.0 0.341796875 0.07868852459016394 0.013671875 0.027868852459016394
0.0 0.2919921875 0.03934426229508197 0.0126953125 0.02459016393442623
0.0 0.373046875 0.040983606557377046 0.0107421875 0.022950819672131147
0.0 0.40625 0.07213114754098361 0.01171875 0.021311475409836064
0.0 0.4326171875 0.12295081967213115 0.013671875 0.03278688524590164
0.0 0.447265625 0.07377049180327869 0.01171875 0.029508196721311476
0.0 0.4794921875 0.02459016393442623 0.0107421875 0.027868852459016394
0.0 0.4208984375 0.17540983606557378 0.013671875 0.03278688524590164
0.0 0.3994140625 0.2081967213114754 0.017578125 0.036065573770491806
0.0 0.439453125 0.21311475409836064 0.0146484375 0.03278688524590164
0.0 0.462890625 0.23278688524590163 0.0166015625 0.03770491803278689
0.0 0.4765625 0.18032786885245902 0.015625 0.03114754098360656
0.0 0.408203125 0.2786885245901639 0.0185546875 0.040983606557377046
0.0 0.4892578125 0.26885245901639343 0.017578125 0.03442622950819672
0.0 0.537109375 0.2278688524590164 0.0166015625 0.03770491803278689
0.0 0.4462890625 0.32786885245901637 0.01953125 0.040983606557377046
0.0 0.505859375 0.33278688524590166 0.0185546875 0.04590163934426229
0.0 0.52734375 0.3639344262295082 0.01953125 0.04590163934426229
0.0 0.5 0.3983606557377049 0.021484375 0.04426229508196721
0.0 0.4619140625 0.3950819672131147 0.021484375 0.03442622950819672
0.0 0.3994140625 0.3819672131147541 0.0205078125 0.04262295081967213
0.0 0.3720703125 0.35081967213114756 0.01953125 0.04426229508196721
0.0 0.3486328125 0.3295081967213115 0.017578125 0.03770491803278689
0.0 0.3544921875 0.4180327868852459 0.0185546875 0.03934426229508197
0.0 0.3779296875 0.4426229508196721 0.0224609375 0.05573770491803279
0.0 0.4130859375 0.42131147540983604 0.021484375 0.04590163934426229
0.0 0.44140625 0.44754098360655736 0.0224609375 0.04918032786885246
0.0 0.43359375 0.42950819672131146 0.0087890625 0.02622950819672131
0.0 0.2783203125 0.45737704918032784 0.0205078125 0.04262295081967213
0.0 0.318359375 0.4786885245901639 0.0205078125 0.04262295081967213
0.0 0.33984375 0.5393442622950819 0.021484375 0.04918032786885246
0.0 0.4169921875 0.5147540983606558 0.0244140625 0.054098360655737705
0.0 0.5009765625 0.5131147540983606 0.021484375 0.04918032786885246
0.0 0.515625 0.4557377049180328 0.01953125 0.03278688524590164
0.0 0.5771484375 0.5163934426229508 0.021484375 0.040983606557377046
0.0 0.5693359375 0.460655737704918 0.0185546875 0.03934426229508197
0.0 0.619140625 0.4885245901639344 0.021484375 0.04426229508196721
0.0 0.6337890625 0.42295081967213116 0.0205078125 0.04426229508196721
0.0 0.681640625 0.39672131147540984 0.0244140625 0.03934426229508197
0.0 0.73046875 0.4459016393442623 0.01953125 0.04426229508196721
0.0 0.720703125 0.5475409836065573 0.0224609375 0.04426229508196721
0.0 0.65625 0.5393442622950819 0.0205078125 0.04590163934426229
0.0 0.7861328125 0.5901639344262295 0.021484375 0.040983606557377046
0.0 0.80078125 0.4721311475409836 0.0205078125 0.04426229508196721
0.0 0.7158203125 0.35737704918032787 0.01953125 0.040983606557377046
0.0 0.7763671875 0.4163934426229508 0.0205078125 0.047540983606557376
0.0 0.6669921875 0.3442622950819672 0.0166015625 0.036065573770491806
0.0 0.6376953125 0.3540983606557377 0.0185546875 0.04262295081967213
0.0 0.5751953125 0.36721311475409835 0.0224609375 0.04426229508196721
0.0 0.603515625 0.3295081967213115 0.021484375 0.04590163934426229
0.0 0.751953125 0.32295081967213113 0.01953125 0.04262295081967213
0.0 0.8046875 0.36721311475409835 0.01953125 0.040983606557377046
0.0 0.564453125 0.2934426229508197 0.0185546875 0.036065573770491806
0.0 0.630859375 0.2901639344262295 0.017578125 0.03442622950819672
0.0 0.6904296875 0.3016393442622951 0.01953125 0.040983606557377046
0.0 0.6669921875 0.24918032786885247 0.0166015625 0.036065573770491806
0.0 0.6240234375 0.23114754098360657 0.0166015625 0.03278688524590164
0.0 0.587890625 0.24098360655737705 0.017578125 0.03770491803278689
0.0 0.580078125 0.1885245901639344 0.015625 0.03278688524590164
0.0 0.634765625 0.17868852459016393 0.0166015625 0.03770491803278689
0.0 0.69921875 0.19508196721311474 0.0166015625 0.03770491803278689
0.0 0.6796875 0.16229508196721312 0.0146484375 0.03442622950819672
0.0 0.6484375 0.14262295081967213 0.013671875 0.02622950819672131
0.0 0.6103515625 0.15737704918032788 0.0166015625 0.03114754098360656
0.0 0.564453125 0.1180327868852459 0.0166015625 0.03442622950819672
0.0 0.5322265625 0.14262295081967213 0.015625 0.03770491803278689
0.0 0.5068359375 0.18032786885245902 0.0166015625 0.03278688524590164
0.0 0.5107421875 0.12131147540983607 0.0126953125 0.03114754098360656
0.0 0.5009765625 0.1737704918032787 0.005859375 0.018032786885245903
0.0 0.64453125 0.11639344262295082 0.0107421875 0.014754098360655738
0.0 0.6787109375 0.12295081967213115 0.01171875 0.018032786885245903
0.0 0.515625 0.03770491803278689 0.01171875 0.027868852459016394
0.0 0.51953125 0.07377049180327869 0.013671875 0.029508196721311476
0.0 0.552734375 0.03770491803278689 0.01171875 0.027868852459016394
0.0 0.568359375 0.08196721311475409 0.013671875 0.029508196721311476
0.0 0.5830078125 0.022950819672131147 0.0107421875 0.018032786885245903
0.0 0.61328125 0.07704918032786885 0.0126953125 0.02622950819672131
0.0 0.62109375 0.027868852459016394 0.0126953125 0.027868852459016394
0.0 0.654296875 0.06721311475409836 0.013671875 0.02622950819672131
0.0 0.689453125 0.06229508196721312 0.013671875 0.02622950819672131
0.0 0.7314453125 0.060655737704918035 0.0126953125 0.029508196721311476
0.0 0.7666015625 0.10491803278688525 0.01171875 0.027868852459016394
0.0 0.798828125 0.13278688524590163 0.015625 0.03770491803278689
0.0 0.7412109375 0.12131147540983607 0.0166015625 0.03442622950819672
0.0 0.7548828125 0.18360655737704917 0.0166015625 0.03770491803278689
0.0 0.8330078125 0.11475409836065574 0.01171875 0.03278688524590164
0.0 0.8408203125 0.1721311475409836 0.0166015625 0.03770491803278689
0.0 0.888671875 0.24262295081967214 0.017578125 0.03770491803278689
0.0 0.8046875 0.23442622950819672 0.017578125 0.036065573770491806
0.0 0.76171875 0.25245901639344265 0.017578125 0.03770491803278689
0.0 0.7373046875 0.26557377049180325 0.0166015625 0.040983606557377046
0.0 0.8125 0.2934426229508197 0.017578125 0.03442622950819672
0.0 0.8681640625 0.34262295081967215 0.01953125 0.03770491803278689
0.0 0.8779296875 0.3918032786885246 0.0205078125 0.03770491803278689
0.0 0.8740234375 0.4672131147540984 0.021484375 0.03770491803278689
0.0 0.876953125 0.6 0.02734375 0.054098360655737705
0.0 0.830078125 0.5655737704918032 0.0224609375 0.04262295081967213
