0.0 0.0 0.39473684210526316 0.0166015625 0.07894736842105263
0.0 0.01953125 0.34649122807017546 0.025390625 0.06725146198830409
0.0 0.11328125 0.3084795321637427 0.0478515625 0.09941520467836257
0.0 0.1875 0.32456140350877194 0.041015625 0.09941520467836257
0.0 0.2236328125 0.3347953216374269 0.060546875 0.11988304093567251
0.0 0.498046875 0.30116959064327486 0.037109375 0.08625730994152046
0.0 0.505859375 0.4152046783625731 0.0234375 0.05555555555555555
0.0 0.552734375 0.391812865497076 0.0322265625 0.05847953216374269
0.0 0.5966796875 0.39035087719298245 0.0361328125 0.08625730994152046
0.0 0.60546875 0.36257309941520466 0.0224609375 0.04824561403508772
0.0 0.5927734375 0.3669590643274854 0.0185546875 0.04093567251461988
0.0 0.6884765625 0.4269005847953216 0.0244140625 0.033625730994152045
0.0 0.734375 0.391812865497076 0.044921875 0.0891812865497076
0.0 0.7470703125 0.3391812865497076 0.0400390625 0.07017543859649122
0.0 0.8017578125 0.3128654970760234 0.0419921875 0.0891812865497076
0.0 0.8671875 0.30116959064327486 0.03125 0.08333333333333333
0.0 0.9697265625 0.3157894736842105 0.0302734375 0.07163742690058479
