0.0 0.1591796875 0.22395833333333334 0.0361328125 0.06380208333333333
0.0 0.2421875 0.2786458333333333 0.0361328125 0.059895833333333336
0.0 0.2802734375 0.19921875 0.029296875 0.052083333333333336
0.0 0.2236328125 0.3958333333333333 0.0380859375 0.06640625
0.0 0.3359375 0.2838541666666667 0.0439453125 0.07161458333333333
0.0 0.34765625 0.21223958333333334 0.0302734375 0.057291666666666664
0.0 0.4326171875 0.24869791666666666 0.0341796875 0.061197916666666664
0.0 0.4794921875 0.2604166666666667 0.0400390625 0.07942708333333333
0.0 0.5302734375 0.2265625 0.02734375 0.046875
0.0 0.5869140625 0.26171875 0.03515625 0.0625
0.0 0.642578125 0.22395833333333334 0.0263671875 0.052083333333333336
0.0 0.6259765625 0.328125 0.04296875 0.07552083333333333
0.0 0.763671875 0.33203125 0.037109375 0.06510416666666667
0.0 0.7177734375 0.2994791666666667 0.03125 0.057291666666666664
