0.0 0.0478515625 0.5848527349228612 0.0703125 0.14866760168302945
0.0 0.30224609375 0.453015427769986 0.0771484375 0.10098176718092566
0.0 0.47021484375 0.4396914446002805 0.0498046875 0.07433380084151472
0.0 0.5263671875 0.40953716690042075 0.041015625 0.0729312762973352
0.0 0.58984375 0.37657784011220197 0.041015625 0.07152875175315568
0.0 0.39013671875 0.26788218793828894 0.0185546875 0.03927068723702665
0.0 0.46826171875 0.32748948106591863 0.0224609375 0.043478260869565216
0.0 0.5390625 0.3169705469845722 0.017578125 0.03927068723702665
0.0 0.60791015625 0.32398316970546986 0.0244140625 0.05049088359046283
0.0 0.76904296875 0.4060308555399719 0.0244140625 0.04628330995792426
0.0 0.79736328125 0.453015427769986 0.0224609375 0.056100981767180924
0.0 0.4169921875 0.2959326788218794 0.025390625 0.047685834502103785
