0.0 0.94384765625 0.2913411458333333 0.0224609375 0.017578125
0.0 0.931640625 0.3196614583333333 0.0234375 0.018229166666666668
0.0 0.8740234375 0.2613932291666667 0.01953125 0.016276041666666668
0.0 0.90380859375 0.3919270833333333 0.0302734375 0.022135416666666668
0.0 0.85498046875 0.3684895833333333 0.0283203125 0.020833333333333332
0.0 0.79345703125 0.3509114583333333 0.0244140625 0.022135416666666668
0.0 0.716796875 0.3037109375 0.0234375 0.018880208333333332
0.0 0.68603515625 0.2916666666666667 0.0224609375 0.01953125
0.0 0.64453125 0.2591145833333333 0.01953125 0.018229166666666668
0.0 0.84716796875 0.4313151041666667 0.0302734375 0.024088541666666668
0.0 0.75146484375 0.3818359375 0.0302734375 0.026692708333333332
0.0 0.71484375 0.3717447916666667 0.029296875 0.022135416666666668
0.0 0.70458984375 0.349609375 0.0263671875 0.022135416666666668
0.0 0.5615234375 0.2975260416666667 0.021484375 0.016927083333333332
0.0 0.53076171875 0.3313802083333333 0.0244140625 0.018229166666666668
0.0 0.50927734375 0.310546875 0.0224609375 0.016927083333333332
0.0 0.47021484375 0.2815755208333333 0.0224609375 0.017578125
0.0 0.49267578125 0.2591145833333333 0.0185546875 0.014322916666666666
0.0 0.46533203125 0.2506510416666667 0.0185546875 0.014322916666666666
0.0 0.3974609375 0.2555338541666667 0.01953125 0.014973958333333334
0.0 0.36962890625 0.2841796875 0.0205078125 0.016276041666666668
0.0 0.38525390625 0.3056640625 0.0244140625 0.017578125
0.0 0.43310546875 0.3160807291666667 0.0244140625 0.017578125
0.0 0.42431640625 0.3391927083333333 0.0263671875 0.01953125
0.0 0.52490234375 0.3580729166666667 0.0224609375 0.01953125
0.0 0.34130859375 0.3349609375 0.0224609375 0.017578125
0.0 0.322265625 0.2965494791666667 0.0234375 0.014973958333333334
0.0 0.32080078125 0.2561848958333333 0.0205078125 0.016276041666666668
0.0 0.2578125 0.267578125 0.01953125 0.015625
0.0 0.171875 0.2779947916666667 0.0234375 0.016927083333333332
0.0 0.166015625 0.3043619791666667 0.0234375 0.013671875
0.0 0.1201171875 0.3209635416666667 0.025390625 0.016927083333333332
0.0 0.2099609375 0.3206380208333333 0.025390625 0.018880208333333332
0.0 0.28564453125 0.3128255208333333 0.0244140625 0.018880208333333332
0.0 0.28173828125 0.3557942708333333 0.0263671875 0.021484375
0.0 0.25244140625 0.3346354166666667 0.0263671875 0.020833333333333332
0.0 0.1845703125 0.369140625 0.029296875 0.01953125
0.0 0.35400390625 0.3623046875 0.0283203125 0.020182291666666668
0.0 0.40185546875 0.3642578125 0.0283203125 0.020182291666666668
0.0 0.81396484375 0.4713541666666667 0.0380859375 0.028645833333333332
0.0 0.8515625 0.5231119791666666 0.037109375 0.029296875
0.0 0.73876953125 0.5009765625 0.0380859375 0.030598958333333332
0.0 0.6796875 0.4576822916666667 0.033203125 0.026041666666666668
0.0 0.70849609375 0.4296875 0.0283203125 0.0234375
0.0 0.6142578125 0.4303385416666667 0.03125 0.0234375
0.0 0.5205078125 0.4694010416666667 0.03125 0.0234375
0.0 0.6025390625 0.4905598958333333 0.033203125 0.027994791666666668
0.0 0.5751953125 0.5348307291666666 0.037109375 0.030598958333333332
0.0 0.708984375 0.5608723958333334 0.041015625 0.031901041666666664
0.0 0.806640625 0.5983072916666666 0.0390625 0.0390625
0.0 0.693359375 0.6168619791666666 0.044921875 0.037109375
0.0 0.5673828125 0.6015625 0.037109375 0.03125
0.0 0.49755859375 0.5641276041666666 0.0380859375 0.031901041666666664
0.0 0.33154296875 0.3883463541666667 0.0263671875 0.021484375
0.0 0.310546875 0.4140625 0.02734375 0.0234375
0.0 0.25244140625 0.4208984375 0.0341796875 0.026692708333333332
0.0 0.2451171875 0.3870442708333333 0.029296875 0.024088541666666668
0.0 0.173828125 0.4088541666666667 0.03125 0.020833333333333332
0.0 0.171875 0.4690755208333333 0.03515625 0.024088541666666668
0.0 0.2509765625 0.509765625 0.037109375 0.028645833333333332
0.0 0.40576171875 0.5029296875 0.0302734375 0.022786458333333332
0.0 0.41650390625 0.4694010416666667 0.0283203125 0.01953125
0.0 0.380859375 0.4300130208333333 0.03125 0.026692708333333332
0.0 0.45751953125 0.5162760416666666 0.0361328125 0.03125
0.0 0.83349609375 0.6647135416666666 0.0478515625 0.040364583333333336
0.0 0.67919921875 0.7164713541666666 0.0439453125 0.041015625
0.0 0.52001953125 0.6735026041666666 0.0478515625 0.041015625
0.0 0.44580078125 0.6389973958333334 0.0419921875 0.038411458333333336
0.0 0.33203125 0.6569010416666666 0.046875 0.036458333333333336
0.0 0.24169921875 0.6064453125 0.0419921875 0.033203125
0.0 0.20166015625 0.71484375 0.0498046875 0.044270833333333336
0.0 0.37744140625 0.5911458333333334 0.0400390625 0.028645833333333332
0.0 0.33984375 0.5354817708333334 0.03515625 0.029296875
0.0 0.86669921875 0.568359375 0.0361328125 0.033854166666666664
0.0 0.92333984375 0.3515625 0.0283203125 0.020833333333333332
0.0 0.5595703125 0.37109375 0.01953125 0.016927083333333332
0.0 0.4912109375 0.4290364583333333 0.03125 0.02734375
0.0 0.44482421875 0.3948567708333333 0.0283203125 0.024088541666666668
0.0 0.2939453125 0.4674479166666667 0.033203125 0.02734375
0.0 0.1669921875 0.3284505208333333 0.029296875 0.021484375
0.0 0.5625 0.2685546875 0.015625 0.013671875
