0.0 0.837890625 0.3020833333333333 0.052734375 0.11805555555555555
0.0 0.744140625 0.2743055555555556 0.046875 0.10069444444444445
0.0 0.6767578125 0.3116319444444444 0.046875 0.08854166666666667
0.0 0.62060546875 0.3003472222222222 0.0419921875 0.08680555555555555
0.0 0.50732421875 0.24131944444444445 0.0380859375 0.08333333333333333
0.0 0.47802734375 0.4678819444444444 0.0419921875 0.0920138888888889
0.0 0.5595703125 0.6727430555555556 0.037109375 0.08506944444444445
0.0 0.38037109375 0.2977430555555556 0.0380859375 0.08506944444444445
0.0 0.28173828125 0.2725694444444444 0.0556640625 0.1111111111111111
0.0 0.111328125 0.25 0.046875 0.08680555555555555
0.0 0.2705078125 0.6822916666666666 0.05078125 0.09722222222222222
