0.0 0.06640625 0.30453879941434847 0.0439453125 0.0849194729136164
0.0 0.0732421875 0.21376281112737922 0.04296875 0.0746705710102489
0.0 0.1728515625 0.2445095168374817 0.041015625 0.07027818448023426
0.0 0.216796875 0.22108345534407028 0.0322265625 0.07613469985358712
0.0 0.25390625 0.2752562225475842 0.0390625 0.07759882869692533
0.0 0.1953125 0.34260614934114203 0.04296875 0.0746705710102489
0.0 0.3251953125 0.20937042459736457 0.0400390625 0.07174231332357248
0.0 0.3056640625 0.2913616398243045 0.0390625 0.06149341142020498
0.0 0.3466796875 0.30453879941434847 0.0400390625 0.07759882869692533
0.0 0.3828125 0.26500732064421667 0.03515625 0.07174231332357248
0.0 0.451171875 0.19765739385065886 0.033203125 0.0629575402635432
0.0 0.4736328125 0.21669106881405564 0.0419921875 0.08052708638360176
0.0 0.5400390625 0.21961932650073207 0.0361328125 0.06442166910688141
0.0 0.52734375 0.24597364568081992 0.0146484375 0.03074670571010249
0.0 0.5361328125 0.31332357247437775 0.0400390625 0.07613469985358712
0.0 0.48828125 0.3850658857979502 0.0400390625 0.07759882869692533
0.0 0.4072265625 0.3733528550512445 0.0400390625 0.07320644216691069
0.0 0.3095703125 0.5007320644216691 0.0458984375 0.09077598828696926
0.0 0.439453125 0.6105417276720352 0.0390625 0.06734992679355783
0.0 0.5966796875 0.2869692532942899 0.0361328125 0.07320644216691069
0.0 0.638671875 0.32503660322108346 0.0341796875 0.07174231332357248
0.0 0.6904296875 0.39824304538799415 0.037109375 0.07759882869692533
0.0 0.78125 0.43191800878477304 0.0439453125 0.07906295754026355
0.0 0.8427734375 0.4216691068814056 0.044921875 0.07906295754026355
0.0 0.8271484375 0.27379209370424595 0.03515625 0.07613469985358712
0.0 0.751953125 0.2986822840409956 0.041015625 0.07759882869692533
0.0 0.6884765625 0.2752562225475842 0.0419921875 0.06734992679355783
0.0 0.6708984375 0.19765739385065886 0.0341796875 0.06149341142020498
0.0 0.6240234375 0.2240117130307467 0.03515625 0.07027818448023426
0.0 0.7353515625 0.20937042459736457 0.0361328125 0.06588579795021962
0.0 0.708984375 0.21522693997071743 0.0341796875 0.05856515373352855
0.0 0.8291015625 0.20497803806734993 0.03125 0.048316251830161056
0.0 0.814453125 0.2225475841874085 0.0166015625 0.03074670571010249
0.0 0.8955078125 0.2635431918008785 0.04296875 0.06734992679355783
0.0 0.921875 0.21815519765739386 0.0185546875 0.036603221083455345
0.0 0.595703125 0.25329428989751096 0.015625 0.029282576866764276
