0.0 0.11376953125 0.3780160857908847 0.0283203125 0.04825737265415549
0.0 0.2001953125 0.40415549597855227 0.029296875 0.04691689008042895
0.0 0.2470703125 0.41621983914209115 0.029296875 0.054959785522788206
0.0 0.31591796875 0.4081769436997319 0.0283203125 0.04691689008042895
0.0 0.3701171875 0.3967828418230563 0.03125 0.05361930294906166
0.0 0.43359375 0.39075067024128685 0.02734375 0.054959785522788206
0.0 0.42333984375 0.38136729222520105 0.0244140625 0.05227882037533512
0.0 0.130859375 0.5831099195710456 0.029296875 0.05093833780160858
0.0 0.21484375 0.5831099195710456 0.03515625 0.05361930294906166
0.0 0.33642578125 0.5918230563002681 0.0302734375 0.057640750670241284
0.0 0.44775390625 0.6367292225201072 0.0341796875 0.04289544235924933
0.0 0.52490234375 0.3746648793565684 0.0283203125 0.04691689008042895
0.0 0.5390625 0.4008042895442359 0.03125 0.05093833780160858
0.0 0.5419921875 0.6166219839142091 0.033203125 0.05361930294906166
0.0 0.677734375 0.5978552278820375 0.033203125 0.058981233243967826
0.0 0.7646484375 0.5549597855227882 0.03515625 0.058981233243967826
0.0 0.63134765625 0.3987935656836461 0.0302734375 0.054959785522788206
0.0 0.6630859375 0.4014745308310992 0.029296875 0.049597855227882036
0.0 0.74462890625 0.39343163538873993 0.0283203125 0.049597855227882036
0.0 0.84423828125 0.4222520107238606 0.0322265625 0.05630026809651475
0.0 0.87646484375 0.4155495978552279 0.0283203125 0.04825737265415549
0.0 0.92529296875 0.5945040214477212 0.0361328125 0.06300268096514745
