0.0 0.3818359375 0.10583446404341927 0.0458984375 0.08005427408412483
0.0 0.3427734375 0.2198100407055631 0.0419921875 0.06784260515603799
0.0 0.2255859375 0.23880597014925373 0.041015625 0.05834464043419267
0.0 0.115234375 0.42198100407055633 0.0419921875 0.07191316146540028
0.0 0.2490234375 0.45454545454545453 0.0419921875 0.06377204884667571
0.0 0.55078125 0.1044776119402985 0.0419921875 0.0773405698778833
0.0 0.4873046875 0.2198100407055631 0.0400390625 0.06919945725915876
0.0 0.6279296875 0.23473541383989144 0.041015625 0.06377204884667571
0.0 0.3623046875 0.43419267299864317 0.044921875 0.07191316146540028
0.0 0.4833984375 0.42469470827679784 0.0458984375 0.07598371777476255
0.0 0.6005859375 0.43419267299864317 0.0390625 0.0814111261872456
0.0 0.712890625 0.4681139755766621 0.044921875 0.06919945725915876
0.0 0.7119140625 0.15739484396200815 0.0419921875 0.07462686567164178
0.0 0.77734375 0.22795115332428764 0.04296875 0.06784260515603799
0.0 0.8251953125 0.43419267299864317 0.04296875 0.06648575305291723
