0.0 0.2841796875 0.62528047868362 0.025390625 0.02019446522064323
0.0 0.3564453125 0.6185489902767389 0.0244140625 0.02019446522064323
0.0 0.201171875 0.6178010471204188 0.025390625 0.02019446522064323
0.0 0.1455078125 0.612565445026178 0.03125 0.02468212415856395
0.0 0.21484375 0.575168287210172 0.0283203125 0.02692595362752431
0.0 0.3046875 0.5759162303664922 0.02734375 0.02617801047120419
0.0 0.3974609375 0.5841436050860135 0.025390625 0.02169035153328347
0.0 0.234375 0.6881077038145101 0.0302734375 0.02468212415856395
0.0 0.3564453125 0.6918474195961107 0.03125 0.027673896783844427
0.0 0.4755859375 0.6851159311892296 0.02734375 0.02916978309648467
0.0 0.548828125 0.5961106955871354 0.0244140625 0.02393418100224383
0.0 0.5888671875 0.6237845923709798 0.0234375 0.02393418100224383
0.0 0.505859375 0.6297681376215407 0.0283203125 0.020942408376963352
0.0 0.4814453125 0.5789080029917726 0.0224609375 0.02169035153328347
0.0 0.421875 0.6192969334330591 0.025390625 0.02243829468960359
0.0 0.8349609375 0.5991024682124159 0.0302734375 0.031413612565445025
0.0 0.71484375 0.6843679880329095 0.033203125 0.03216155572176515
0.0 0.5986328125 0.6783844427823486 0.0302734375 0.02916978309648467
0.0 0.7431640625 0.6110695587135377 0.025390625 0.02243829468960359
0.0 0.7919921875 0.587135377711294 0.0263671875 0.02243829468960359
0.0 0.7021484375 0.5938668661181751 0.0244140625 0.020942408376963352
0.0 0.66015625 0.6170531039640987 0.02734375 0.025430067314884067
0.0 0.62109375 0.5991024682124159 0.0234375 0.02019446522064323
0.0 0.6376953125 0.5691847419596111 0.0224609375 0.01795063575168287
0.0 0.802734375 0.5228122662677637 0.0244140625 0.02318623784592371
0.0 0.7607421875 0.4741959611069559 0.0234375 0.020942408376963352
0.0 0.71484375 0.4599850411368736 0.0234375 0.018698578908002993
0.0 0.6767578125 0.48915482423335827 0.025390625 0.02393418100224383
0.0 0.7568359375 0.5213163799551234 0.021484375 0.020942408376963352
0.0 0.7080078125 0.5332834704562454 0.0263671875 0.02468212415856395
0.0 0.626953125 0.46970830216903514 0.021484375 0.02169035153328347
0.0 0.6298828125 0.5325355272999253 0.021484375 0.02169035153328347
0.0 0.5869140625 0.5130890052356021 0.0244140625 0.020942408376963352
0.0 0.54296875 0.46596858638743455 0.0244140625 0.020942408376963352
0.0 0.498046875 0.4846671652954376 0.0234375 0.02243829468960359
0.0 0.47265625 0.537771129394166 0.0283203125 0.02617801047120419
0.0 0.4375 0.4779356768885565 0.021484375 0.02019446522064323
0.0 0.4287109375 0.56245325355273 0.025390625 0.02243829468960359
0.0 0.5478515625 0.5295437546746448 0.025390625 0.02318623784592371
0.0 0.365234375 0.4682124158563949 0.0244140625 0.01944652206432311
0.0 0.349609375 0.5041136873597607 0.025390625 0.02019446522064323
0.0 0.3935546875 0.537023186237846 0.0224609375 0.018698578908002993
0.0 0.26171875 0.4532535527299925 0.0224609375 0.01944652206432311
0.0 0.2919921875 0.518324607329843 0.0234375 0.02019446522064323
0.0 0.2001953125 0.5220643231114436 0.02734375 0.02169035153328347
0.0 0.1943359375 0.47569184741959614 0.0234375 0.02243829468960359
0.0 0.3515625 0.5459985041136873 0.0244140625 0.02243829468960359
0.0 0.2509765625 0.5474943904263276 0.0234375 0.02318623784592371
0.0 0.287109375 0.4809274495138369 0.0234375 0.02318623784592371
