0.0 0.2880859375 0.26452599388379205 0.052734375 0.09938837920489296
0.0 0.3759765625 0.20948012232415902 0.044921875 0.08868501529051988
0.0 0.4326171875 0.1636085626911315 0.0419921875 0.06574923547400612
0.0 0.1982421875 0.21712538226299694 0.046875 0.09327217125382263
0.0 0.10546875 0.1819571865443425 0.05078125 0.0963302752293578
0.0 0.701171875 0.24311926605504589 0.044921875 0.0764525993883792
0.0 0.6220703125 0.2308868501529052 0.0458984375 0.10091743119266056
0.0 0.5771484375 0.13914373088685014 0.0400390625 0.07186544342507645
0.0 0.5244140625 0.26758409785932724 0.0419921875 0.07492354740061162
0.0 0.4609375 0.28593272171253825 0.052734375 0.11162079510703364
0.0 0.8486328125 0.19571865443425077 0.0556640625 0.08409785932721713
0.0 0.77734375 0.172782874617737 0.048828125 0.08256880733944955
