0.0 0.099609375 0.19401041666666666 0.01171875 0.020833333333333332
0.0 0.169921875 0.1640625 0.015625 0.026041666666666668
0.0 0.080078125 0.18229166666666666 0.01171875 0.014322916666666666
0.0 0.0693359375 0.19921875 0.0107421875 0.0234375
0.0 0.2490234375 0.22135416666666666 0.01953125 0.03125
0.0 0.1435546875 0.19661458333333334 0.0107421875 0.01953125
0.0 0.158203125 0.17057291666666666 0.0078125 0.014322916666666666
0.0 0.4931640625 0.2669270833333333 0.029296875 0.04296875
0.0 0.4423828125 0.22916666666666666 0.0244140625 0.0390625
0.0 0.4033203125 0.22526041666666666 0.0146484375 0.0234375
0.0 0.44140625 0.18098958333333334 0.0166015625 0.022135416666666668
0.0 0.5361328125 0.18098958333333334 0.015625 0.022135416666666668
0.0 0.4033203125 0.2955729166666667 0.0263671875 0.0390625
0.0 0.1650390625 0.1484375 0.0068359375 0.014322916666666666
0.0 0.185546875 0.15234375 0.0068359375 0.014322916666666666
0.0 0.8125 0.140625 0.029296875 0.048177083333333336
0.0 0.8466796875 0.14192708333333334 0.0185546875 0.028645833333333332
0.0 0.671875 0.17578125 0.02734375 0.04296875
0.0 0.5888671875 0.16666666666666666 0.0234375 0.03515625
0.0 0.669921875 0.24739583333333334 0.025390625 0.041666666666666664
0.0 0.7490234375 0.4713541666666667 0.044921875 0.06770833333333333
0.0 0.884765625 0.4049479166666667 0.0322265625 0.053385416666666664
0.0 0.9384765625 0.4309895833333333 0.03515625 0.055989583333333336
0.0 0.12109375 0.23567708333333334 0.017578125 0.03125
0.0 0.4130859375 0.16276041666666666 0.0126953125 0.018229166666666668
0.0 0.3896484375 0.057291666666666664 0.00390625 0.006510416666666667
0.0 0.4189453125 0.059895833333333336 0.0087890625 0.01171875
0.0 0.4521484375 0.11458333333333333 0.005859375 0.009114583333333334
0.0 0.7099609375 0.19140625 0.01953125 0.032552083333333336
0.0 0.66015625 0.18489583333333334 0.017578125 0.028645833333333332
0.0 0.54296875 0.234375 0.0263671875 0.033854166666666664
0.0 0.7529296875 0.12239583333333333 0.0146484375 0.024739583333333332
0.0 0.0732421875 0.2552083333333333 0.015625 0.024739583333333332
0.0 0.9345703125 0.11979166666666667 0.03125 0.03125
0.0 0.8603515625 0.041666666666666664 0.0078125 0.010416666666666666
0.0 0.8857421875 0.09375 0.0126953125 0.020833333333333332
0.0 0.8125 0.08854166666666667 0.0068359375 0.010416666666666666
0.0 0.7998046875 0.08333333333333333 0.005859375 0.009114583333333334
0.0 0.2978515625 0.11848958333333333 0.0087890625 0.015625
0.0 0.3603515625 0.08723958333333333 0.00390625 0.006510416666666667
0.0 0.3173828125 0.08072916666666667 0.0048828125 0.006510416666666667
0.0 0.205078125 0.12109375 0.0087890625 0.014322916666666666
0.0 0.1904296875 0.11979166666666667 0.0107421875 0.015625
0.0 0.3671875 0.11979166666666667 0.009765625 0.01171875
0.0 0.3544921875 0.10677083333333333 0.0048828125 0.006510416666666667
0.0 0.3955078125 0.0703125 0.005859375 0.01171875
0.0 0.3408203125 0.234375 0.0234375 0.0390625
0.0 0.0 0.3098958333333333 0.0146484375 0.02734375
0.0 0.4423828125 0.15364583333333334 0.0068359375 0.013020833333333334
0.0 0.4443359375 0.13802083333333334 0.0068359375 0.014322916666666666
0.0 0.486328125 0.125 0.005859375 0.010416666666666666
0.0 0.4990234375 0.12630208333333334 0.01171875 0.020833333333333332
0.0 0.5166015625 0.13802083333333334 0.0068359375 0.013020833333333334
0.0 0.5283203125 0.12369791666666667 0.01171875 0.01953125
0.0 0.4921875 0.171875 0.013671875 0.01953125
0.0 0.9619140625 0.296875 0.0380859375 0.06640625
0.0 0.533203125 0.6888020833333334 0.0625 0.07682291666666667
0.0 0.525390625 0.08333333333333333 0.0048828125 0.009114583333333334
0.0 0.52734375 0.1015625 0.005859375 0.010416666666666666
0.0 0.466796875 0.13541666666666666 0.0078125 0.013020833333333334
0.0 0.400390625 0.14192708333333334 0.005859375 0.010416666666666666
0.0 0.5693359375 0.07942708333333333 0.0048828125 0.010416666666666666
0.0 0.3564453125 0.62890625 0.0478515625 0.0703125
0.0 0.2353515625 0.5950520833333334 0.0478515625 0.07161458333333333
0.0 0.33203125 0.3984375 0.033203125 0.053385416666666664
0.0 0.4794921875 0.39453125 0.0380859375 0.052083333333333336
0.0 0.193359375 0.3893229166666667 0.0341796875 0.05078125
0.0 0.076171875 0.4166666666666667 0.0283203125 0.046875
0.0 0.1044921875 0.3580729166666667 0.02734375 0.03125
0.0 0.19140625 0.33203125 0.0263671875 0.041666666666666664
0.0 0.1484375 0.2981770833333333 0.01953125 0.029947916666666668
0.0 0.3193359375 0.3151041666666667 0.0244140625 0.041666666666666664
0.0 0.046875 0.3619791666666667 0.0244140625 0.03515625
0.0 0.0732421875 0.3151041666666667 0.01953125 0.029947916666666668
0.0 0.1826171875 0.24609375 0.0166015625 0.02734375
0.0 0.2529296875 0.2786458333333333 0.017578125 0.033854166666666664
0.0 0.3603515625 0.2552083333333333 0.021484375 0.040364583333333336
0.0 0.0078125 0.6497395833333334 0.0458984375 0.06640625
0.0 0.802734375 0.22265625 0.02734375 0.044270833333333336
0.0 0.41796875 0.12890625 0.0087890625 0.013020833333333334
0.0 0.814453125 0.013020833333333334 0.0087890625 0.01171875
0.0 0.58203125 0.07942708333333333 0.0078125 0.01171875
0.0 0.583984375 0.11588541666666667 0.009765625 0.015625
0.0 0.83984375 0.09375 0.0107421875 0.015625
0.0 0.857421875 0.10546875 0.013671875 0.01953125
0.0 0.8818359375 0.10677083333333333 0.015625 0.022135416666666668
0.0 0.8876953125 0.12890625 0.0185546875 0.03125
0.0 0.8720703125 0.041666666666666664 0.0087890625 0.014322916666666666
0.0 0.9130859375 0.0546875 0.009765625 0.015625
0.0 0.7890625 0.08333333333333333 0.0078125 0.01171875
0.0 0.7978515625 0.10026041666666667 0.0107421875 0.016927083333333332
0.0 0.765625 0.09375 0.0078125 0.009114583333333334
0.0 0.630859375 0.08463541666666667 0.0078125 0.013020833333333334
0.0 0.6162109375 0.09244791666666667 0.0068359375 0.006510416666666667
0.0 0.708984375 0.10286458333333333 0.0126953125 0.022135416666666668
0.0 0.7431640625 0.07421875 0.009765625 0.013020833333333334
0.0 0.958984375 0.05078125 0.0107421875 0.018229166666666668
0.0 0.986328125 0.0703125 0.005859375 0.010416666666666666
0.0 0.3876953125 0.17838541666666666 0.013671875 0.020833333333333332
