0.0 0.0986328125 0.3906040268456376 0.03125 0.06442953020134229
0.0 0.2958984375 0.4228187919463087 0.0302734375 0.05771812080536913
0.0 0.4130859375 0.41879194630872485 0.0322265625 0.053691275167785234
0.0 0.55859375 0.4053691275167785 0.03125 0.05771812080536913
0.0 0.6767578125 0.3919463087248322 0.03125 0.06040268456375839
0.0 0.8369140625 0.35838926174496644 0.0302734375 0.05503355704697987
0.0 0.2060546875 0.2523489932885906 0.0302734375 0.04697986577181208
0.0 0.2783203125 0.24563758389261744 0.0263671875 0.042953020134228186
0.0 0.34375 0.23758389261744967 0.025390625 0.040268456375838924
0.0 0.4052734375 0.24161073825503357 0.0283203125 0.04429530201342282
0.0 0.470703125 0.24295302013422818 0.0283203125 0.04429530201342282
0.0 0.544921875 0.22550335570469798 0.025390625 0.04697986577181208
0.0 0.6181640625 0.2348993288590604 0.0283203125 0.04697986577181208
0.0 0.6826171875 0.23355704697986576 0.0263671875 0.042953020134228186
0.0 0.7568359375 0.24161073825503357 0.0263671875 0.04563758389261745
0.0 0.8017578125 0.24966442953020135 0.025390625 0.04563758389261745
0.0 0.8828125 0.24026845637583893 0.03125 0.04563758389261745
