0.0 0.2177734375 0.4167893961708395 0.03125 0.055964653902798235
0.0 0.1650390625 0.38438880706921946 0.021484375 0.044182621502209134
0.0 0.1611328125 0.34536082474226804 0.015625 0.022091310751104567
0.0 0.15087890625 0.390279823269514 0.0146484375 0.03240058910162003
0.0 0.20166015625 0.37260677466863035 0.0244140625 0.035346097201767304
0.0 0.23095703125 0.35714285714285715 0.0185546875 0.030927835051546393
0.0 0.24072265625 0.4167893961708395 0.0185546875 0.041237113402061855
0.0 0.2666015625 0.41458026509572904 0.025390625 0.045655375552282766
0.0 0.29931640625 0.4050073637702504 0.0205078125 0.03829160530191458
0.0 0.2880859375 0.4050073637702504 0.015625 0.026509572901325478
0.0 0.3193359375 0.41310751104565535 0.015625 0.030927835051546393
0.0 0.29296875 0.4683357879234168 0.025390625 0.047128129602356406
0.0 0.25390625 0.4381443298969072 0.01171875 0.01914580265095729
0.0 0.35009765625 0.43519882179675995 0.0205078125 0.039764359351988215
0.0 0.34912109375 0.3873343151693667 0.0185546875 0.029455081001472753
0.0 0.37841796875 0.41237113402061853 0.0146484375 0.023564064801178203
0.0 0.388671875 0.4410898379970545 0.01953125 0.030927835051546393
0.0 0.36962890625 0.37628865979381443 0.0166015625 0.033873343151693665
0.0 0.396484375 0.3946980854197349 0.015625 0.029455081001472753
0.0 0.40869140625 0.41237113402061853 0.0166015625 0.035346097201767304
0.0 0.4267578125 0.42047128129602357 0.017578125 0.036818851251840944
0.0 0.44384765625 0.40942562592047127 0.0166015625 0.029455081001472753
0.0 0.42333984375 0.3807069219440353 0.0166015625 0.030927835051546393
0.0 0.46728515625 0.4027982326951399 0.0166015625 0.039764359351988215
0.0 0.478515625 0.3851251840942563 0.015625 0.030927835051546393
0.0 0.4951171875 0.3895434462444772 0.013671875 0.027982326951399118
0.0 0.490234375 0.41973490427098675 0.015625 0.029455081001472753
0.0 0.50439453125 0.4322533136966127 0.0185546875 0.036818851251840944
0.0 0.5234375 0.4167893961708395 0.013671875 0.026509572901325478
0.0 0.5185546875 0.38438880706921946 0.013671875 0.026509572901325478
0.0 0.541015625 0.3946980854197349 0.015625 0.029455081001472753
0.0 0.55029296875 0.40942562592047127 0.0146484375 0.029455081001472753
0.0 0.5625 0.41458026509572904 0.017578125 0.033873343151693665
0.0 0.58984375 0.4219440353460972 0.017578125 0.036818851251840944
0.0 0.60546875 0.39322533136966126 0.017578125 0.03240058910162003
0.0 0.537109375 0.44403534609720174 0.01953125 0.033873343151693665
0.0 0.810546875 0.39985272459499266 0.037109375 0.0662739322533137
0.0 0.7333984375 0.4337260677466863 0.029296875 0.054491899852724596
0.0 0.6884765625 0.42783505154639173 0.029296875 0.05154639175257732
0.0 0.642578125 0.39837997054491897 0.01953125 0.036818851251840944
0.0 0.62255859375 0.406480117820324 0.0166015625 0.026509572901325478
0.0 0.705078125 0.614138438880707 0.033203125 0.06480117820324006
0.0 0.63134765625 0.5817378497790869 0.0283203125 0.050073637702503684
0.0 0.57421875 0.5581737849779087 0.0234375 0.044182621502209134
0.0 0.578125 0.48674521354933725 0.0234375 0.039764359351988215
0.0 0.60986328125 0.4896907216494845 0.0302734375 0.054491899852724596
0.0 0.52099609375 0.5618556701030928 0.0205078125 0.039764359351988215
0.0 0.4814453125 0.5559646539027983 0.01953125 0.036818851251840944
0.0 0.4833984375 0.5036818851251841 0.015625 0.029455081001472753
0.0 0.43408203125 0.5368188512518409 0.0185546875 0.039764359351988215
0.0 0.42822265625 0.5905743740795287 0.0224609375 0.044182621502209134
0.0 0.38623046875 0.56480117820324 0.0224609375 0.042709867452135494
0.0 0.3486328125 0.5876288659793815 0.025390625 0.055964653902798235
0.0 0.2666015625 0.5913107511045655 0.02734375 0.048600883652430045
0.0 0.19287109375 0.5868924889543446 0.0322265625 0.054491899852724596
0.0 0.15185546875 0.634020618556701 0.0400390625 0.07216494845360824
0.0 0.10107421875 0.5640648011782032 0.0166015625 0.029455081001472753
0.0 0.62744140625 0.7290132547864506 0.0263671875 0.050073637702503684
0.0 0.5791015625 0.6406480117820325 0.02734375 0.061855670103092786
0.0 0.5703125 0.7260677466863034 0.021484375 0.047128129602356406
0.0 0.48583984375 0.6833578792341679 0.0244140625 0.041237113402061855
