0.0 0.263671875 0.5029368575624082 0.033203125 0.07782672540381791
0.0 0.40966796875 0.5594713656387665 0.0322265625 0.06167400881057269
0.0 0.13720703125 0.513215859030837 0.0341796875 0.06901615271659324
0.0 0.203125 0.3076358296622614 0.033203125 0.05726872246696035
0.0 0.349609375 0.2966226138032305 0.029296875 0.049926578560939794
0.0 0.48193359375 0.2834067547723935 0.0322265625 0.05873715124816446
0.0 0.87548828125 0.49265785609397944 0.0322265625 0.05433186490455213
0.0 0.7392578125 0.30616740088105726 0.03125 0.05726872246696035
0.0 0.7314453125 0.5484581497797357 0.033203125 0.05433186490455213
0.0 0.6259765625 0.30323054331864907 0.033203125 0.05433186490455213
0.0 0.5498046875 0.5279001468428781 0.033203125 0.05433186490455213
0.0 0.5517578125 0.4368575624082232 0.01171875 0.022026431718061675
