0.0 0.33642578125 0.1328125 0.0439453125 0.07552083333333333
0.0 0.52197265625 0.12955729166666666 0.0458984375 0.07942708333333333
0.0 0.64013671875 0.13671875 0.0498046875 0.08854166666666667
0.0 0.47216796875 0.21419270833333334 0.0439453125 0.08984375
0.0 0.52978515625 0.2734375 0.0498046875 0.09375
0.0 0.60693359375 0.3795572916666667 0.0517578125 0.09244791666666667
0.0 0.66015625 0.23828125 0.0546875 0.07552083333333333
0.0 0.42919921875 0.3723958333333333 0.0537109375 0.09635416666666667
0.0 0.35400390625 0.24544270833333334 0.0576171875 0.10026041666666667
0.0 0.23681640625 0.20182291666666666 0.0556640625 0.09635416666666667
0.0 0.26904296875 0.3763020833333333 0.0517578125 0.09375
0.0 0.1875 0.2981770833333333 0.052734375 0.09635416666666667
0.0 0.11767578125 0.4069010416666667 0.0595703125 0.09765625
0.0 0.80859375 0.150390625 0.04296875 0.08463541666666667
0.0 0.82763671875 0.2552083333333333 0.0537109375 0.1015625
