0.0 0.9345703125 0.4670571010248902 0.03515625 0.05710102489019034
0.0 0.8662109375 0.47291361639824303 0.03515625 0.06149341142020498
0.0 0.8046875 0.47291361639824303 0.037109375 0.06149341142020498
0.0 0.7890625 0.4172767203513909 0.029296875 0.04978038067349927
0.0 0.734375 0.3645680819912152 0.02734375 0.04685212298682284
0.0 0.7197265625 0.5124450951683748 0.03515625 0.0629575402635432
0.0 0.6240234375 0.45534407027818447 0.0380859375 0.06588579795021962
0.0 0.6875 0.37481698389458273 0.03125 0.0527086383601757
0.0 0.525390625 0.34553440702781846 0.033203125 0.05417276720351391
0.0 0.5654296875 0.39092240117130306 0.02734375 0.0527086383601757
0.0 0.5986328125 0.38653001464128844 0.029296875 0.0527086383601757
0.0 0.6171875 0.3601756954612006 0.0244140625 0.04538799414348463
0.0 0.52734375 0.4670571010248902 0.0390625 0.06442166910688141
0.0 0.3154296875 0.4055636896046852 0.0283203125 0.048316251830161056
0.0 0.35546875 0.5007320644216691 0.0361328125 0.06588579795021962
0.0 0.4365234375 0.48755490483162517 0.0400390625 0.06149341142020498
0.0 0.392578125 0.37042459736456806 0.03515625 0.055636896046852125
0.0 0.1572265625 0.5607613469985359 0.0380859375 0.06734992679355783
0.0 0.2607421875 0.4685212298682284 0.0380859375 0.06881405563689605
0.0 0.1015625 0.48755490483162517 0.0380859375 0.06442166910688141
0.0 0.2060546875 0.4289897510980966 0.033203125 0.055636896046852125
0.0 0.484375 0.44363103953147875 0.0283203125 0.06442166910688141
0.0 0.8759765625 0.19326500732064422 0.0068359375 0.013177159590043924
