0.0 0.1025390625 0.29180887372013653 0.017578125 0.09897610921501707
0.0 0.2998046875 0.295221843003413 0.01171875 0.06484641638225255
0.0 0.3330078125 0.310580204778157 0.013671875 0.08191126279863481
0.0 0.3271484375 0.32764505119453924 0.013671875 0.07508532423208192
0.0 0.39208984375 0.34812286689419797 0.0087890625 0.08191126279863481
0.0 0.44384765625 0.2832764505119454 0.0126953125 0.06143344709897611
0.0 0.46044921875 0.2696245733788396 0.0146484375 0.08191126279863481
0.0 0.55615234375 0.2508532423208191 0.0146484375 0.06484641638225255
0.0 0.548828125 0.31399317406143346 0.013671875 0.07508532423208192
0.0 0.5146484375 0.2901023890784983 0.013671875 0.08191126279863481
0.0 0.58447265625 0.24061433447098976 0.0205078125 0.09897610921501707
0.0 0.63037109375 0.26109215017064846 0.0107421875 0.051194539249146756
0.0 0.6455078125 0.2713310580204778 0.01171875 0.07167235494880546
0.0 0.67138671875 0.2764505119453925 0.0146484375 0.06825938566552901
0.0 0.71044921875 0.189419795221843 0.0087890625 0.051194539249146756
0.0 0.71533203125 0.22184300341296928 0.0107421875 0.06825938566552901
0.0 0.7275390625 0.2713310580204778 0.013671875 0.06484641638225255
0.0 0.73583984375 0.23208191126279865 0.0205078125 0.09556313993174062
0.0 0.85107421875 0.2354948805460751 0.0107421875 0.04778156996587031
0.0 0.9033203125 0.2030716723549488 0.01953125 0.07167235494880546
