0.0 0.30078125 0.362002567394095 0.0263671875 0.04749679075738126
0.0 0.3115234375 0.42233632862644416 0.0302734375 0.051347881899871634
0.0 0.353515625 0.4146341463414634 0.0283203125 0.044929396662387676
0.0 0.37890625 0.37098844672657255 0.0244140625 0.04621309370988447
0.0 0.4150390625 0.3748395378690629 0.01953125 0.038510911424903725
0.0 0.4345703125 0.40821566110397944 0.0224609375 0.037227214377406934
0.0 0.4677734375 0.4159178433889602 0.037109375 0.057766367137355584
0.0 0.4931640625 0.37869062901155326 0.025390625 0.04621309370988447
0.0 0.544921875 0.3992297817715019 0.0283203125 0.05391527599486521
0.0 0.5703125 0.3594351732991014 0.025390625 0.03979460847240052
0.0 0.4609375 0.4942233632862644 0.03515625 0.06546854942233633
0.0 0.5751953125 0.4878048780487805 0.037109375 0.05648267008985879
0.0 0.59765625 0.4017971758664955 0.0302734375 0.05648267008985879
0.0 0.6298828125 0.3722721437740693 0.0302734375 0.05006418485237484
0.0 0.6787109375 0.38125802310654683 0.0244140625 0.038510911424903725
0.0 0.7216796875 0.4069319640564827 0.0302734375 0.057766367137355584
0.0 0.7509765625 0.38382541720154045 0.0234375 0.04236200256739409
0.0 0.76953125 0.41078305519897307 0.0263671875 0.04621309370988447
0.0 0.7958984375 0.4069319640564827 0.0361328125 0.059050064184852376
0.0 0.8486328125 0.41078305519897307 0.044921875 0.08087291399229782
0.0 0.7041015625 0.4749679075738126 0.0361328125 0.06290115532734275
0.0 0.0859375 0.4544287548138639 0.0341796875 0.059050064184852376
0.0 0.1708984375 0.5057766367137355 0.0322265625 0.06033376123234917
0.0 0.203125 0.472400513478819 0.0283203125 0.05391527599486521
0.0 0.2236328125 0.417201540436457 0.0283203125 0.055198973042362
0.0 0.279296875 0.47368421052631576 0.0400390625 0.06161745827984596
0.0 0.2509765625 0.38767650834403083 0.0283203125 0.044929396662387676
