0.0 0.9609375 0.19530102790014683 0.0263671875 0.0381791483113069
0.0 0.9365234375 0.24963289280469897 0.0263671875 0.05286343612334802
0.0 0.92578125 0.19530102790014683 0.0263671875 0.05433186490455213
0.0 0.87890625 0.22320117474302498 0.03125 0.05873715124816446
0.0 0.7919921875 0.328928046989721 0.0634765625 0.11013215859030837
0.0 0.763671875 0.3803230543318649 0.0361328125 0.0763582966226138
0.0 0.6982421875 0.35389133627019087 0.0498046875 0.09104258443465492
0.0 0.8291015625 0.23641703377386197 0.0244140625 0.048458149779735685
0.0 0.7421875 0.24816446402349487 0.0263671875 0.0381791483113069
0.0 0.767578125 0.28046989720998533 0.0185546875 0.039647577092511016
0.0 0.724609375 0.29515418502202645 0.0224609375 0.041116005873715125
0.0 0.6669921875 0.25697503671071953 0.0244140625 0.049926578560939794
0.0 0.650390625 0.29955947136563876 0.0224609375 0.041116005873715125
0.0 0.6220703125 0.29809104258443464 0.01953125 0.030837004405286344
0.0 0.5947265625 0.2687224669603524 0.0244140625 0.049926578560939794
0.0 0.53515625 0.2922173274596182 0.0234375 0.04405286343612335
0.0 0.5556640625 0.2966226138032305 0.0185546875 0.04405286343612335
0.0 0.53515625 0.47283406754772395 0.0224609375 0.042584434654919234
0.0 0.599609375 0.49632892804698975 0.0263671875 0.048458149779735685
0.0 0.5087890625 0.5066079295154186 0.029296875 0.04552129221732746
0.0 0.490234375 0.4331864904552129 0.0224609375 0.041116005873715125
0.0 0.4599609375 0.5095447870778267 0.0244140625 0.042584434654919234
0.0 0.443359375 0.4787077826725404 0.0224609375 0.03671071953010279
0.0 0.478515625 0.3069016152716593 0.0244140625 0.05726872246696035
0.0 0.45703125 0.3201174743024963 0.021484375 0.0381791483113069
0.0 0.439453125 0.328928046989721 0.01953125 0.032305433186490456
0.0 0.4111328125 0.30837004405286345 0.021484375 0.039647577092511016
0.0 0.38671875 0.3406754772393539 0.01953125 0.0381791483113069
0.0 0.37109375 0.34801762114537443 0.0205078125 0.03671071953010279
0.0 0.341796875 0.36270190895741555 0.0224609375 0.042584434654919234
0.0 0.3896484375 0.47577092511013214 0.0185546875 0.03671071953010279
0.0 0.3720703125 0.4933920704845815 0.021484375 0.039647577092511016
0.0 0.396484375 0.5051395007342144 0.0205078125 0.039647577092511016
0.0 0.4228515625 0.5374449339207048 0.0244140625 0.04698972099853157
0.0 0.34765625 0.5330396475770925 0.0224609375 0.04698972099853157
0.0 0.3203125 0.34801762114537443 0.01953125 0.032305433186490456
0.0 0.28515625 0.35829662261380324 0.021484375 0.0381791483113069
0.0 0.2373046875 0.37151248164464024 0.021484375 0.039647577092511016
0.0 0.208984375 0.368575624082232 0.01953125 0.0381791483113069
0.0 0.318359375 0.4977973568281938 0.01953125 0.0381791483113069
0.0 0.3046875 0.5521292217327459 0.0205078125 0.03671071953010279
0.0 0.2353515625 0.5242290748898678 0.01953125 0.03524229074889868
0.0 0.2177734375 0.5447870778267254 0.0224609375 0.04405286343612335
0.0 0.2705078125 0.5580029368575624 0.0234375 0.04405286343612335
0.0 0.2001953125 0.566813509544787 0.0244140625 0.048458149779735685
0.0 0.1689453125 0.4787077826725404 0.0205078125 0.039647577092511016
0.0 0.1708984375 0.39500734214390604 0.01953125 0.03671071953010279
0.0 0.166015625 0.368575624082232 0.0166015625 0.027900146842878122
0.0 0.14453125 0.3656387665198238 0.017578125 0.02936857562408223
0.0 0.1494140625 0.43171806167400884 0.0205078125 0.03524229074889868
0.0 0.115234375 0.38179148311306904 0.01953125 0.03524229074889868
0.0 0.095703125 0.4023494860499266 0.01953125 0.039647577092511016
0.0 0.0888671875 0.37738619676945667 0.015625 0.02643171806167401
0.0 0.1279296875 0.5110132158590308 0.017578125 0.039647577092511016
0.0 0.1240234375 0.5741556534508077 0.0263671875 0.04405286343612335
0.0 0.0478515625 0.6343612334801763 0.0234375 0.04552129221732746
0.0 0.041015625 0.5844346549192364 0.025390625 0.039647577092511016
0.0 0.0595703125 0.684287812041116 0.0439453125 0.07342143906020558
0.0 0.0087890625 0.7136563876651982 0.0390625 0.07048458149779736
0.0 0.0556640625 0.36270190895741555 0.0224609375 0.04552129221732746
0.0 0.0068359375 0.3832599118942731 0.0224609375 0.03671071953010279
