0.0 0.798828125 0.37451235370611186 0.029296875 0.04161248374512354
0.0 0.75634765625 0.39271781534460337 0.0244140625 0.04161248374512354
0.0 0.7060546875 0.39596879063719115 0.029296875 0.0377113133940182
0.0 0.68408203125 0.40507152145643693 0.0283203125 0.04291287386215865
0.0 0.63232421875 0.38296488946684004 0.0263671875 0.0377113133940182
0.0 0.60888671875 0.36996098829648894 0.0244140625 0.0377113133940182
0.0 0.58837890625 0.40507152145643693 0.0244140625 0.0377113133940182
0.0 0.55615234375 0.3673602080624187 0.0224609375 0.04031209362808843
0.0 0.52587890625 0.3940182054616385 0.0244140625 0.044213263979193757
0.0 0.521484375 0.55851755526658 0.0234375 0.04291287386215865
0.0 0.64501953125 0.5650195058517555 0.0283203125 0.04291287386215865
0.0 0.494140625 0.38491547464239273 0.021484375 0.033810143042912875
0.0 0.46630859375 0.41222366710013003 0.0244140625 0.04161248374512354
0.0 0.4326171875 0.3810143042912874 0.0234375 0.036410923276983094
0.0 0.38671875 0.38491547464239273 0.021484375 0.036410923276983094
0.0 0.33935546875 0.40182054616384916 0.0205078125 0.036410923276983094
0.0 0.26318359375 0.4083224967490247 0.0205078125 0.036410923276983094
0.0 0.29931640625 0.41222366710013003 0.0224609375 0.036410923276983094
0.0 0.22216796875 0.4011703511053316 0.0244140625 0.0377113133940182
0.0 0.18115234375 0.41092327698309494 0.0263671875 0.044213263979193757
0.0 0.1474609375 0.4096228868660598 0.0234375 0.036410923276983094
0.0 0.11767578125 0.41482444733420026 0.0283203125 0.044213263979193757
0.0 0.09619140625 0.39466840052015606 0.0244140625 0.04291287386215865
0.0 0.31494140625 0.540962288686606 0.0244140625 0.03901170351105332
0.0 0.40185546875 0.5559167750325098 0.0244140625 0.0377113133940182
