0.0 0.810546875 0.24287652645861602 0.044921875 0.07869742198100407
0.0 0.8408203125 0.12211668928086838 0.048828125 0.07327001356852103
0.0 0.6884765625 0.20759837177747625 0.048828125 0.06105834464043419
0.0 0.6943359375 0.3378561736770692 0.044921875 0.0773405698778833
0.0 0.6044921875 0.1614654002713704 0.0419921875 0.08005427408412483
0.0 0.4814453125 0.41383989145183175 0.0439453125 0.05970149253731343
0.0 0.5537109375 0.7557666214382632 0.056640625 0.048846675712347354
0.0 0.4814453125 0.7761194029850746 0.044921875 0.0773405698778833
0.0 0.3994140625 0.6906377204884667 0.0341796875 0.06648575305291723
0.0 0.287109375 0.2130257801899593 0.044921875 0.06512890094979647
0.0 0.029296875 0.15061058344640435 0.052734375 0.09362279511533243
0.0 0.1083984375 0.7598371777476255 0.0478515625 0.0814111261872456
