0.0 0.9599609375 0.47338709677419355 0.072265625 0.15645161290322582
0.0 0.72265625 0.4129032258064516 0.0625 0.12580645161290321
0.0 0.78759765625 0.3016129032258065 0.0380859375 0.08064516129032258
0.0 0.96826171875 0.27741935483870966 0.0283203125 0.054838709677419356
0.0 0.70849609375 0.2508064516129032 0.0166015625 0.0467741935483871
0.0 0.6572265625 0.24596774193548387 0.02734375 0.05
0.0 0.92578125 0.267741935483871 0.01953125 0.041935483870967745
0.0 0.58642578125 0.23709677419354838 0.0224609375 0.04838709677419355
0.0 0.5419921875 0.36612903225806454 0.05078125 0.08709677419354839
0.0 0.6171875 0.43790322580645163 0.060546875 0.10161290322580645
0.0 0.54638671875 0.25887096774193546 0.0205078125 0.0532258064516129
0.0 0.326171875 0.27903225806451615 0.033203125 0.054838709677419356
0.0 0.39208984375 0.3967741935483871 0.0517578125 0.1032258064516129
0.0 0.31689453125 0.5967741935483871 0.0849609375 0.16451612903225807
0.0 0.14453125 0.4782258064516129 0.0703125 0.1403225806451613
0.0 0.06396484375 0.2838709677419355 0.0244140625 0.041935483870967745
0.0 0.9755859375 0.23225806451612904 0.015625 0.035483870967741936
