0.0 0.35546875 0.2161520190023753 0.017578125 0.06175771971496437
0.0 0.43994140625 0.17814726840855108 0.0185546875 0.057007125890736345
0.0 0.50830078125 0.21140142517814728 0.0205078125 0.06175771971496437
0.0 0.5419921875 0.27909738717339666 0.017578125 0.05463182897862233
0.0 0.5771484375 0.28978622327790976 0.01953125 0.06175771971496437
0.0 0.6083984375 0.2042755344418052 0.017578125 0.057007125890736345
0.0 0.54150390625 0.4501187648456057 0.0224609375 0.06413301662707839
0.0 0.580078125 0.47624703087885983 0.015625 0.05463182897862233
0.0 0.5068359375 0.32304038004750596 0.01953125 0.052256532066508314
0.0 0.462890625 0.2862232779097387 0.01953125 0.0688836104513064
0.0 0.470703125 0.45724465558194777 0.01953125 0.05463182897862233
0.0 0.435546875 0.34441805225653205 0.017578125 0.057007125890736345
0.0 0.40234375 0.30760095011876487 0.01953125 0.05938242280285035
0.0 0.3837890625 0.46318289786223277 0.01953125 0.06175771971496437
0.0 0.33544921875 0.5546318289786223 0.0224609375 0.0688836104513064
0.0 0.32763671875 0.2862232779097387 0.0224609375 0.07363420427553444
0.0 0.27783203125 0.21258907363420426 0.0185546875 0.05938242280285035
0.0 0.2490234375 0.28978622327790976 0.021484375 0.06175771971496437
0.0 0.2431640625 0.45724465558194777 0.01953125 0.06413301662707839
0.0 0.18603515625 0.2850356294536817 0.0224609375 0.0665083135391924
0.0 0.185546875 0.17695961995249407 0.021484375 0.05938242280285035
0.0 0.09716796875 0.27315914489311166 0.0283203125 0.0665083135391924
0.0 0.09130859375 0.4144893111638955 0.0244140625 0.0688836104513064
0.0 0.14990234375 0.4679334916864608 0.0205078125 0.06175771971496437
0.0 0.74658203125 0.19596199524940616 0.0224609375 0.0688836104513064
0.0 0.8056640625 0.2684085510688836 0.021484375 0.07125890736342043
0.0 0.87109375 0.33016627078384797 0.021484375 0.06175771971496437
0.0 0.9111328125 0.3646080760095012 0.021484375 0.05938242280285035
0.0 0.83740234375 0.46318289786223277 0.0205078125 0.06175771971496437
0.0 0.83447265625 0.5581947743467933 0.0185546875 0.052256532066508314
0.0 0.89208984375 0.6425178147268409 0.0205078125 0.0498812351543943
0.0 0.7705078125 0.6128266033254157 0.021484375 0.057007125890736345
0.0 0.7392578125 0.4655581947743468 0.021484375 0.052256532066508314
0.0 0.68896484375 0.32066508313539194 0.0185546875 0.052256532066508314
0.0 0.638671875 0.33729216152019004 0.017578125 0.052256532066508314
0.0 0.640625 0.4513064133016627 0.017578125 0.052256532066508314
0.0 0.69287109375 0.4513064133016627 0.0166015625 0.052256532066508314
0.0 0.6767578125 0.20308788598574823 0.017578125 0.0498812351543943
