0.0 0.060546875 0.31926121372031663 0.03515625 0.05672823218997362
0.0 0.1259765625 0.33773087071240104 0.03125 0.051451187335092345
0.0 0.1708984375 0.3641160949868074 0.03125 0.052770448548812667
0.0 0.2470703125 0.3179419525065963 0.03515625 0.059366754617414245
0.0 0.25390625 0.4683377308707124 0.033203125 0.05804749340369393
0.0 0.115234375 0.5382585751978892 0.03515625 0.06596306068601583
0.0 0.193359375 0.658311345646438 0.041015625 0.05804749340369393
0.0 0.369140625 0.3575197889182058 0.029296875 0.048812664907651716
0.0 0.4111328125 0.32189973614775724 0.03125 0.05013192612137203
0.0 0.4775390625 0.33509234828496043 0.033203125 0.055408970976253295
0.0 0.529296875 0.3258575197889182 0.0283203125 0.04617414248021108
0.0 0.5732421875 0.370712401055409 0.0283203125 0.055408970976253295
0.0 0.6376953125 0.3496042216358839 0.03125 0.04617414248021108
0.0 0.6650390625 0.40105540897097625 0.0302734375 0.05013192612137203
0.0 0.3447265625 0.48548812664907653 0.0341796875 0.06068601583113457
0.0 0.447265625 0.503957783641161 0.033203125 0.05013192612137203
0.0 0.53515625 0.48812664907651715 0.03515625 0.06068601583113457
0.0 0.421875 0.6345646437994723 0.0390625 0.06860158311345646
0.0 0.306640625 0.6464379947229552 0.0380859375 0.06728232189973615
0.0 0.5322265625 0.662269129287599 0.0361328125 0.06728232189973615
0.0 0.634765625 0.6609498680738787 0.0380859375 0.06596306068601583
0.0 0.6357421875 0.47757255936675463 0.0341796875 0.059366754617414245
0.0 0.7275390625 0.34432717678100266 0.025390625 0.05013192612137203
0.0 0.748046875 0.3970976253298153 0.0341796875 0.040897097625329816
0.0 0.8564453125 0.370712401055409 0.033203125 0.06200527704485488
0.0 0.8818359375 0.4313984168865435 0.037109375 0.06596306068601583
0.0 0.8466796875 0.6451187335092349 0.0380859375 0.06992084432717678
0.0 0.748046875 0.6662269129287599 0.037109375 0.06860158311345646
0.0 0.74609375 0.5263852242744064 0.03515625 0.06200527704485488
