0.0 0.88671875 0.23376623376623376 0.013671875 0.015584415584415584
0.0 0.810546875 0.1471861471861472 0.01171875 0.01038961038961039
0.0 0.79296875 0.13896103896103895 0.01171875 0.012987012987012988
0.0 0.7470703125 0.12943722943722943 0.013671875 0.012987012987012988
0.0 0.72607421875 0.18571428571428572 0.0107421875 0.009523809523809525
0.0 0.70166015625 0.18441558441558442 0.0126953125 0.01038961038961039
0.0 0.65625 0.18961038961038962 0.01171875 0.01038961038961039
0.0 0.59912109375 0.21168831168831168 0.0146484375 0.011255411255411256
0.0 0.9775390625 0.3562770562770563 0.01171875 0.012987012987012988
0.0 0.98583984375 0.33376623376623377 0.0107421875 0.012987012987012988
0.0 0.92333984375 0.3632034632034632 0.0107421875 0.009523809523809525
0.0 0.91552734375 0.3528138528138528 0.0126953125 0.011255411255411256
0.0 0.896484375 0.4 0.015625 0.013852813852813853
0.0 0.93212890625 0.412987012987013 0.0107421875 0.01038961038961039
0.0 0.82666015625 0.33896103896103896 0.0126953125 0.011255411255411256
0.0 0.80517578125 0.3333333333333333 0.0107421875 0.013852813852813853
0.0 0.9951171875 0.16406926406926406 0.009765625 0.01471861471861472
0.0 0.7685546875 0.35584415584415585 0.013671875 0.013852813852813853
0.0 0.78173828125 0.3406926406926407 0.0146484375 0.012987012987012988
0.0 0.64111328125 0.2844155844155844 0.0126953125 0.011255411255411256
0.0 0.7060546875 0.3155844155844156 0.01171875 0.011255411255411256
0.0 0.70166015625 0.33636363636363636 0.0107421875 0.011255411255411256
0.0 0.6298828125 0.32727272727272727 0.01171875 0.01038961038961039
0.0 0.5966796875 0.31255411255411253 0.01171875 0.01038961038961039
0.0 0.57958984375 0.319047619047619 0.0107421875 0.012987012987012988
0.0 0.57958984375 0.29783549783549784 0.0087890625 0.008658008658008658
0.0 0.55615234375 0.3012987012987013 0.0107421875 0.012121212121212121
0.0 0.50634765625 0.25367965367965367 0.0107421875 0.012121212121212121
0.0 0.48583984375 0.22813852813852814 0.0107421875 0.009523809523809525
0.0 0.451171875 0.2632034632034632 0.01171875 0.012121212121212121
0.0 0.42431640625 0.2805194805194805 0.0107421875 0.008658008658008658
0.0 0.42138671875 0.2961038961038961 0.0087890625 0.01038961038961039
0.0 0.4453125 0.2891774891774892 0.0078125 0.008658008658008658
0.0 0.45751953125 0.30432900432900434 0.0107421875 0.009523809523809525
0.0 0.39794921875 0.2891774891774892 0.0107421875 0.01038961038961039
0.0 0.39404296875 0.23203463203463204 0.0107421875 0.01038961038961039
0.0 0.341796875 0.22164502164502164 0.01171875 0.01038961038961039
0.0 0.36669921875 0.2329004329004329 0.0087890625 0.01038961038961039
0.0 0.31103515625 0.22251082251082252 0.0107421875 0.01038961038961039
0.0 0.27685546875 0.22943722943722944 0.0126953125 0.012121212121212121
0.0 0.24755859375 0.22510822510822512 0.0126953125 0.012121212121212121
0.0 0.22412109375 0.2670995670995671 0.0126953125 0.009523809523809525
0.0 0.32373046875 0.2714285714285714 0.0107421875 0.011255411255411256
0.0 0.30712890625 0.2696969696969697 0.0107421875 0.011255411255411256
0.0 0.34521484375 0.2774891774891775 0.0087890625 0.007792207792207792
0.0 0.35595703125 0.27186147186147186 0.0068359375 0.008658008658008658
0.0 0.10546875 0.4199134199134199 0.015625 0.015584415584415584
0.0 0.146484375 0.26406926406926406 0.009765625 0.008658008658008658
0.0 0.16259765625 0.27705627705627706 0.0087890625 0.008658008658008658
0.0 0.14697265625 0.2831168831168831 0.0107421875 0.01038961038961039
0.0 0.1162109375 0.28484848484848485 0.009765625 0.01038961038961039
0.0 0.1142578125 0.27316017316017316 0.009765625 0.009523809523809525
0.0 0.0771484375 0.2683982683982684 0.0078125 0.008658008658008658
0.0 0.07080078125 0.25757575757575757 0.0087890625 0.007792207792207792
0.0 0.0869140625 0.25887445887445887 0.009765625 0.006926406926406926
0.0 0.01904296875 0.2519480519480519 0.0087890625 0.008658008658008658
0.0 0.04296875 0.2554112554112554 0.009765625 0.008658008658008658
0.0 0.10107421875 0.26017316017316017 0.0087890625 0.009523809523809525
0.0 0.86181640625 0.28225108225108225 0.0126953125 0.01038961038961039
0.0 0.923828125 0.2826839826839827 0.005859375 0.006060606060606061
0.0 0.0087890625 0.36753246753246754 0.01171875 0.011255411255411256
0.0 0.033203125 0.39826839826839827 0.017578125 0.017316017316017316
0.0 0.01220703125 0.4199134199134199 0.0126953125 0.013852813852813853
0.0 0.07275390625 0.4012987012987013 0.0126953125 0.01471861471861472
0.0 0.1484375 0.3926406926406926 0.009765625 0.012987012987012988
0.0 0.1640625 0.3939393939393939 0.01171875 0.013852813852813853
0.0 0.15478515625 0.45800865800865803 0.0146484375 0.02077922077922078
0.0 0.166015625 0.44761904761904764 0.01171875 0.015584415584415584
0.0 0.2021484375 0.43333333333333335 0.01171875 0.01645021645021645
0.0 0.1396484375 0.5064935064935064 0.015625 0.025974025974025976
0.0 0.1865234375 0.5177489177489177 0.013671875 0.02077922077922078
0.0 0.36669921875 0.5225108225108225 0.0146484375 0.01818181818181818
0.0 0.333984375 0.42943722943722945 0.01171875 0.013852813852813853
0.0 0.056640625 0.5597402597402598 0.0234375 0.032034632034632034
