0.0 0.0751953125 0.4147135416666667 0.07421875 0.11848958333333333
0.0 0.2109375 0.3541666666666667 0.044921875 0.08333333333333333
0.0 0.3720703125 0.369140625 0.0625 0.09765625
0.0 0.4921875 0.4505208333333333 0.044921875 0.057291666666666664
0.0 0.3232421875 0.5592447916666666 0.064453125 0.12890625
0.0 0.49755859375 0.9225260416666666 0.0830078125 0.15234375
0.0 0.61865234375 0.5735677083333334 0.0810546875 0.14453125
0.0 0.60009765625 0.453125 0.0615234375 0.10416666666666667
0.0 0.75 0.4231770833333333 0.037109375 0.08072916666666667
0.0 0.7890625 0.3424479166666667 0.0703125 0.12760416666666666
0.0 0.97265625 0.23502604166666666 0.0546875 0.15494791666666666
0.0 0.97021484375 0.5696614583333334 0.0576171875 0.14973958333333334
