0.0 0.11865234375 0.13982300884955753 0.0126953125 0.021238938053097345
0.0 0.09228515625 0.20176991150442478 0.0107421875 0.02831858407079646
0.0 0.10302734375 0.25486725663716814 0.0126953125 0.03185840707964602
0.0 0.13037109375 0.23893805309734514 0.0107421875 0.024778761061946902
0.0 0.13427734375 0.2079646017699115 0.0107421875 0.019469026548672566
0.0 0.15234375 0.2079646017699115 0.009765625 0.019469026548672566
0.0 0.1416015625 0.16991150442477876 0.009765625 0.021238938053097345
0.0 0.1513671875 0.15663716814159293 0.0078125 0.01592920353982301
0.0 0.16650390625 0.16194690265486725 0.0087890625 0.023008849557522124
0.0 0.1767578125 0.17964601769911503 0.01171875 0.023008849557522124
0.0 0.17626953125 0.22212389380530972 0.0107421875 0.023008849557522124
0.0 0.16748046875 0.268141592920354 0.0107421875 0.023008849557522124
0.0 0.162109375 0.33185840707964603 0.01171875 0.03008849557522124
0.0 0.130859375 0.30442477876106194 0.01171875 0.024778761061946902
0.0 0.08740234375 0.2938053097345133 0.0126953125 0.03185840707964602
0.0 0.07763671875 0.33362831858407077 0.0126953125 0.03008849557522124
0.0 0.0537109375 0.37964601769911505 0.013671875 0.03008849557522124
0.0 0.10595703125 0.3929203539823009 0.0146484375 0.02831858407079646
0.0 0.12255859375 0.3415929203539823 0.0126953125 0.02831858407079646
0.0 0.14453125 0.36194690265486723 0.013671875 0.02654867256637168
0.0 0.16015625 0.4061946902654867 0.009765625 0.02654867256637168
0.0 0.18017578125 0.4026548672566372 0.0126953125 0.023008849557522124
0.0 0.19580078125 0.36902654867256635 0.0126953125 0.023008849557522124
0.0 0.19873046875 0.3230088495575221 0.0107421875 0.023008849557522124
0.0 0.21044921875 0.29646017699115046 0.0107421875 0.02654867256637168
0.0 0.22265625 0.30796460176991153 0.0078125 0.021238938053097345
0.0 0.23583984375 0.31150442477876106 0.0107421875 0.017699115044247787
0.0 0.25439453125 0.31946902654867254 0.0107421875 0.02654867256637168
0.0 0.22314453125 0.3548672566371681 0.0107421875 0.023008849557522124
0.0 0.23095703125 0.3973451327433628 0.0126953125 0.02654867256637168
0.0 0.25146484375 0.38495575221238937 0.0107421875 0.023008849557522124
0.0 0.267578125 0.3902654867256637 0.013671875 0.02654867256637168
0.0 0.27294921875 0.3601769911504425 0.0107421875 0.023008849557522124
0.0 0.29443359375 0.37168141592920356 0.0126953125 0.024778761061946902
0.0 0.29736328125 0.42743362831858406 0.0126953125 0.023008849557522124
0.0 0.3193359375 0.3769911504424779 0.013671875 0.03185840707964602
0.0 0.337890625 0.4061946902654867 0.01171875 0.023008849557522124
0.0 0.32666015625 0.46017699115044247 0.0126953125 0.02831858407079646
0.0 0.26953125 0.4575221238938053 0.013671875 0.02654867256637168
0.0 0.2353515625 0.484070796460177 0.013671875 0.03008849557522124
0.0 0.19580078125 0.44601769911504424 0.0126953125 0.02831858407079646
0.0 0.17822265625 0.4761061946902655 0.0146484375 0.02831858407079646
0.0 0.15380859375 0.4486725663716814 0.0126953125 0.023008849557522124
0.0 0.1328125 0.47876106194690266 0.013671875 0.033628318584070796
0.0 0.09619140625 0.4725663716814159 0.0146484375 0.03185840707964602
0.0 0.09912109375 0.43628318584070797 0.0126953125 0.02654867256637168
0.0 0.08251953125 0.5256637168141592 0.0185546875 0.035398230088495575
0.0 0.0380859375 0.5460176991150443 0.017578125 0.033628318584070796
0.0 0.044921875 0.6672566371681415 0.01953125 0.035398230088495575
0.0 0.08740234375 0.7044247787610619 0.0185546875 0.03893805309734513
0.0 0.1259765625 0.720353982300885 0.015625 0.035398230088495575
0.0 0.1591796875 0.6690265486725664 0.017578125 0.03185840707964602
0.0 0.140625 0.6398230088495576 0.017578125 0.03008849557522124
0.0 0.103515625 0.6265486725663717 0.017578125 0.02831858407079646
0.0 0.11328125 0.5805309734513274 0.013671875 0.03185840707964602
0.0 0.14501953125 0.5849557522123894 0.0166015625 0.03716814159292035
0.0 0.18505859375 0.5964601769911504 0.0146484375 0.035398230088495575
0.0 0.20751953125 0.6415929203539823 0.0146484375 0.03008849557522124
0.0 0.23388671875 0.6778761061946903 0.0166015625 0.03893805309734513
0.0 0.1865234375 0.6946902654867256 0.017578125 0.04070796460176991
0.0 0.1611328125 0.5380530973451327 0.017578125 0.03185840707964602
0.0 0.19970703125 0.531858407079646 0.0146484375 0.04070796460176991
0.0 0.24267578125 0.536283185840708 0.0146484375 0.03185840707964602
0.0 0.2314453125 0.5778761061946903 0.015625 0.033628318584070796
0.0 0.2568359375 0.6194690265486725 0.015625 0.035398230088495575
0.0 0.28564453125 0.6566371681415929 0.0185546875 0.03185840707964602
0.0 0.318359375 0.6761061946902654 0.015625 0.035398230088495575
0.0 0.3525390625 0.6265486725663717 0.017578125 0.03893805309734513
0.0 0.3857421875 0.647787610619469 0.017578125 0.03893805309734513
0.0 0.39453125 0.5778761061946903 0.015625 0.033628318584070796
0.0 0.37353515625 0.5398230088495575 0.0126953125 0.024778761061946902
0.0 0.341796875 0.5663716814159292 0.015625 0.035398230088495575
0.0 0.3115234375 0.5495575221238939 0.015625 0.033628318584070796
0.0 0.30322265625 0.5867256637168141 0.0146484375 0.03008849557522124
0.0 0.27294921875 0.5654867256637168 0.0166015625 0.033628318584070796
0.0 0.27197265625 0.4982300884955752 0.0126953125 0.03008849557522124
0.0 0.3056640625 0.5008849557522124 0.01171875 0.02831858407079646
0.0 0.35009765625 0.4920353982300885 0.0126953125 0.03185840707964602
0.0 0.39892578125 0.4920353982300885 0.0146484375 0.035398230088495575
0.0 0.38037109375 0.4504424778761062 0.0126953125 0.03008849557522124
0.0 0.37109375 0.3893805309734513 0.013671875 0.035398230088495575
0.0 0.41259765625 0.40176991150442476 0.0126953125 0.02831858407079646
0.0 0.439453125 0.40707964601769914 0.01171875 0.02831858407079646
0.0 0.46533203125 0.4433628318584071 0.0126953125 0.02654867256637168
0.0 0.47509765625 0.5088495575221239 0.0146484375 0.033628318584070796
0.0 0.44970703125 0.47168141592920354 0.0146484375 0.033628318584070796
0.0 0.31640625 0.3070796460176991 0.013671875 0.033628318584070796
0.0 0.35595703125 0.3309734513274336 0.0126953125 0.02831858407079646
0.0 0.34521484375 0.28761061946902655 0.0107421875 0.023008849557522124
0.0 0.3369140625 0.2831858407079646 0.009765625 0.024778761061946902
0.0 0.30615234375 0.27876106194690264 0.0087890625 0.019469026548672566
0.0 0.28955078125 0.3070796460176991 0.0107421875 0.02654867256637168
0.0 0.27197265625 0.28230088495575223 0.0087890625 0.023008849557522124
0.0 0.25048828125 0.2814159292035398 0.0087890625 0.021238938053097345
0.0 0.26123046875 0.22743362831858407 0.0087890625 0.023008849557522124
0.0 0.28271484375 0.2415929203539823 0.0107421875 0.01592920353982301
0.0 0.23681640625 0.22212389380530972 0.0107421875 0.023008849557522124
0.0 0.21826171875 0.23628318584070795 0.0126953125 0.02654867256637168
0.0 0.20849609375 0.19911504424778761 0.0107421875 0.02654867256637168
0.0 0.22265625 0.17079646017699116 0.009765625 0.023008849557522124
0.0 0.216796875 0.1407079646017699 0.0078125 0.019469026548672566
0.0 0.2041015625 0.15221238938053097 0.0078125 0.021238938053097345
0.0 0.18115234375 0.1088495575221239 0.0107421875 0.023008849557522124
0.0 0.2275390625 0.11327433628318584 0.0078125 0.017699115044247787
0.0 0.244140625 0.1407079646017699 0.0078125 0.019469026548672566
0.0 0.26513671875 0.1654867256637168 0.0087890625 0.019469026548672566
0.0 0.2626953125 0.1911504424778761 0.0078125 0.017699115044247787
0.0 0.27734375 0.18672566371681415 0.0078125 0.019469026548672566
0.0 0.2978515625 0.19911504424778761 0.0078125 0.019469026548672566
0.0 0.31298828125 0.18584070796460178 0.0107421875 0.021238938053097345
0.0 0.30224609375 0.15663716814159293 0.0087890625 0.023008849557522124
0.0 0.29248046875 0.11769911504424779 0.0087890625 0.023008849557522124
0.0 0.271484375 0.11504424778761062 0.0078125 0.01415929203539823
0.0 0.3173828125 0.10707964601769912 0.0078125 0.019469026548672566
0.0 0.33251953125 0.11946902654867257 0.0087890625 0.019469026548672566
0.0 0.3525390625 0.13008849557522123 0.009765625 0.023008849557522124
0.0 0.361328125 0.10088495575221239 0.0078125 0.017699115044247787
0.0 0.33056640625 0.08230088495575222 0.0068359375 0.019469026548672566
0.0 0.3857421875 0.1079646017699115 0.005859375 0.01415929203539823
0.0 0.3974609375 0.10265486725663717 0.0078125 0.01415929203539823
0.0 0.41552734375 0.07876106194690266 0.0087890625 0.019469026548672566
0.0 0.4111328125 0.11061946902654868 0.0078125 0.019469026548672566
0.0 0.4326171875 0.11150442477876106 0.0078125 0.017699115044247787
0.0 0.44921875 0.10530973451327434 0.0078125 0.019469026548672566
0.0 0.4462890625 0.1415929203539823 0.0078125 0.017699115044247787
0.0 0.431640625 0.1654867256637168 0.0078125 0.019469026548672566
0.0 0.41650390625 0.13982300884955753 0.0087890625 0.01415929203539823
0.0 0.40087890625 0.15309734513274337 0.0087890625 0.019469026548672566
0.0 0.38671875 0.1504424778761062 0.0078125 0.021238938053097345
0.0 0.3671875 0.15752212389380532 0.0078125 0.01415929203539823
0.0 0.33837890625 0.17256637168141592 0.0087890625 0.023008849557522124
0.0 0.322265625 0.15132743362831858 0.0078125 0.019469026548672566
0.0 0.3515625 0.19911504424778761 0.0078125 0.019469026548672566
0.0 0.3642578125 0.22654867256637168 0.0078125 0.021238938053097345
0.0 0.3876953125 0.23716814159292035 0.0078125 0.021238938053097345
0.0 0.38720703125 0.18938053097345134 0.0087890625 0.017699115044247787
0.0 0.31591796875 0.2345132743362832 0.0087890625 0.02654867256637168
0.0 0.326171875 0.22743362831858407 0.0078125 0.02654867256637168
0.0 0.34814453125 0.2557522123893805 0.0087890625 0.019469026548672566
0.0 0.37158203125 0.27079646017699116 0.0087890625 0.024778761061946902
0.0 0.38818359375 0.2991150442477876 0.0087890625 0.021238938053097345
0.0 0.39892578125 0.33008849557522124 0.0087890625 0.03008849557522124
0.0 0.46923828125 0.3601769911504425 0.0146484375 0.03008849557522124
0.0 0.4453125 0.3168141592920354 0.01171875 0.03185840707964602
0.0 0.40673828125 0.21415929203539824 0.0068359375 0.017699115044247787
0.0 0.43994140625 0.19557522123893806 0.0087890625 0.019469026548672566
0.0 0.44140625 0.2336283185840708 0.009765625 0.017699115044247787
0.0 0.4150390625 0.23097345132743363 0.0078125 0.019469026548672566
0.0 0.4404296875 0.2610619469026549 0.009765625 0.023008849557522124
0.0 0.404296875 0.2646017699115044 0.009765625 0.023008849557522124
0.0 0.421875 0.3 0.009765625 0.023008849557522124
0.0 0.46630859375 0.3017699115044248 0.0107421875 0.023008849557522124
0.0 0.4873046875 0.27168141592920353 0.01171875 0.03008849557522124
0.0 0.50341796875 0.30619469026548674 0.0107421875 0.02831858407079646
0.0 0.5419921875 0.32212389380530976 0.01171875 0.03185840707964602
0.0 0.52880859375 0.2743362831858407 0.0107421875 0.021238938053097345
0.0 0.52490234375 0.22389380530973452 0.0087890625 0.023008849557522124
0.0 0.50537109375 0.21238938053097345 0.0107421875 0.021238938053097345
0.0 0.47802734375 0.23097345132743363 0.0107421875 0.023008849557522124
0.0 0.46337890625 0.2097345132743363 0.0107421875 0.023008849557522124
0.0 0.47265625 0.15752212389380532 0.005859375 0.017699115044247787
0.0 0.49755859375 0.16991150442477876 0.0068359375 0.01415929203539823
0.0 0.50830078125 0.15663716814159293 0.0068359375 0.019469026548672566
0.0 0.484375 0.12035398230088495 0.009765625 0.021238938053097345
0.0 0.5 0.09911504424778761 0.0078125 0.017699115044247787
0.0 0.5205078125 0.08141592920353982 0.0078125 0.017699115044247787
0.0 0.52294921875 0.11061946902654868 0.0068359375 0.01592920353982301
0.0 0.47314453125 0.08053097345132744 0.0068359375 0.01592920353982301
0.0 0.5556640625 0.09823008849557523 0.0078125 0.019469026548672566
0.0 0.5390625 0.10176991150442478 0.0078125 0.023008849557522124
0.0 0.5458984375 0.14601769911504425 0.0078125 0.019469026548672566
0.0 0.5712890625 0.17079646017699116 0.0078125 0.019469026548672566
0.0 0.5390625 0.19557522123893806 0.0078125 0.023008849557522124
0.0 0.5283203125 0.1743362831858407 0.0078125 0.019469026548672566
0.0 0.5771484375 0.1920353982300885 0.009765625 0.023008849557522124
0.0 0.58740234375 0.1433628318584071 0.0107421875 0.021238938053097345
0.0 0.57666015625 0.11327433628318584 0.0087890625 0.021238938053097345
0.0 0.5947265625 0.1 0.0078125 0.023008849557522124
0.0 0.57861328125 0.07168141592920355 0.0087890625 0.01592920353982301
0.0 0.61669921875 0.08230088495575222 0.0068359375 0.01592920353982301
0.0 0.63134765625 0.084070796460177 0.0087890625 0.023008849557522124
0.0 0.6123046875 0.10353982300884956 0.0078125 0.023008849557522124
0.0 0.642578125 0.11769911504424779 0.0078125 0.01592920353982301
0.0 0.6240234375 0.15309734513274337 0.0078125 0.019469026548672566
0.0 0.615234375 0.1743362831858407 0.0078125 0.019469026548672566
0.0 0.623046875 0.19380530973451326 0.009765625 0.02654867256637168
0.0 0.6533203125 0.15663716814159293 0.0078125 0.02654867256637168
0.0 0.67138671875 0.17079646017699116 0.0087890625 0.023008849557522124
0.0 0.6494140625 0.0752212389380531 0.0078125 0.023008849557522124
0.0 0.67822265625 0.09469026548672567 0.0087890625 0.023008849557522124
0.0 0.6708984375 0.08495575221238938 0.0078125 0.021238938053097345
0.0 0.65869140625 0.23805309734513275 0.0087890625 0.023008849557522124
0.0 0.6376953125 0.24424778761061947 0.01171875 0.024778761061946902
0.0 0.60546875 0.23893805309734514 0.009765625 0.024778761061946902
0.0 0.5673828125 0.23805309734513275 0.0078125 0.023008849557522124
0.0 0.57666015625 0.2734513274336283 0.0087890625 0.02654867256637168
0.0 0.61474609375 0.28407079646017697 0.0107421875 0.02654867256637168
0.0 0.642578125 0.2982300884955752 0.01171875 0.02654867256637168
0.0 0.65771484375 0.33185840707964603 0.0107421875 0.02654867256637168
0.0 0.61181640625 0.3309734513274336 0.0107421875 0.024778761061946902
0.0 0.5732421875 0.3141592920353982 0.01171875 0.023008849557522124
0.0 0.55712890625 0.363716814159292 0.0107421875 0.023008849557522124
0.0 0.59521484375 0.3663716814159292 0.0126953125 0.02831858407079646
0.0 0.62841796875 0.37168141592920356 0.0107421875 0.024778761061946902
0.0 0.61181640625 0.4044247787610619 0.0087890625 0.023008849557522124
0.0 0.6318359375 0.42212389380530974 0.01171875 0.023008849557522124
0.0 0.65869140625 0.40707964601769914 0.0107421875 0.02831858407079646
0.0 0.673828125 0.44424778761061945 0.01171875 0.02831858407079646
0.0 0.59521484375 0.44778761061946903 0.0146484375 0.03185840707964602
0.0 0.57373046875 0.40353982300884955 0.0146484375 0.03185840707964602
0.0 0.484375 0.41415929203539825 0.009765625 0.02831858407079646
0.0 0.51171875 0.38849557522123895 0.01171875 0.03008849557522124
0.0 0.50927734375 0.4407079646017699 0.0107421875 0.02831858407079646
0.0 0.5390625 0.41327433628318583 0.013671875 0.02654867256637168
0.0 0.55859375 0.4743362831858407 0.013671875 0.03185840707964602
0.0 0.51025390625 0.4982300884955752 0.0146484375 0.033628318584070796
0.0 0.5361328125 0.5300884955752212 0.015625 0.03716814159292035
0.0 0.583984375 0.5132743362831859 0.015625 0.03893805309734513
0.0 0.611328125 0.5176991150442478 0.013671875 0.03008849557522124
0.0 0.65185546875 0.5442477876106194 0.0146484375 0.02654867256637168
0.0 0.6611328125 0.48761061946902656 0.01171875 0.02654867256637168
0.0 0.6298828125 0.5761061946902655 0.013671875 0.03008849557522124
0.0 0.5537109375 0.620353982300885 0.017578125 0.047787610619469026
0.0 0.5927734375 0.6292035398230088 0.013671875 0.033628318584070796
0.0 0.658203125 0.6185840707964602 0.015625 0.047787610619469026
0.0 0.494140625 0.6159292035398231 0.017578125 0.03893805309734513
0.0 0.46142578125 0.5858407079646017 0.0185546875 0.035398230088495575
0.0 0.42919921875 0.5495575221238939 0.0146484375 0.03716814159292035
0.0 0.43994140625 0.6592920353982301 0.0146484375 0.033628318584070796
0.0 0.69677734375 0.08141592920353982 0.0087890625 0.01415929203539823
0.0 0.697265625 0.10530973451327434 0.0078125 0.019469026548672566
0.0 0.7080078125 0.11238938053097346 0.009765625 0.023008849557522124
0.0 0.728515625 0.09026548672566372 0.005859375 0.010619469026548672
0.0 0.7392578125 0.11150442477876106 0.009765625 0.024778761061946902
0.0 0.75244140625 0.1088495575221239 0.0087890625 0.019469026548672566
0.0 0.77880859375 0.11061946902654868 0.0087890625 0.01592920353982301
0.0 0.783203125 0.13274336283185842 0.0078125 0.017699115044247787
0.0 0.775390625 0.15132743362831858 0.0078125 0.023008849557522124
0.0 0.7392578125 0.1433628318584071 0.009765625 0.017699115044247787
0.0 0.70751953125 0.14690265486725665 0.0087890625 0.021238938053097345
0.0 0.69384765625 0.16283185840707964 0.0087890625 0.017699115044247787
0.0 0.6904296875 0.22300884955752212 0.009765625 0.017699115044247787
0.0 0.68505859375 0.25398230088495577 0.0146484375 0.033628318584070796
0.0 0.720703125 0.2 0.0078125 0.01415929203539823
0.0 0.7138671875 0.22566371681415928 0.009765625 0.02654867256637168
0.0 0.7265625 0.23185840707964603 0.01171875 0.02831858407079646
0.0 0.76416015625 0.2513274336283186 0.0107421875 0.024778761061946902
0.0 0.79052734375 0.1902654867256637 0.0107421875 0.023008849557522124
0.0 0.8095703125 0.1752212389380531 0.0078125 0.021238938053097345
0.0 0.8017578125 0.14690265486725665 0.0078125 0.017699115044247787
0.0 0.826171875 0.1424778761061947 0.0078125 0.023008849557522124
0.0 0.8369140625 0.17345132743362832 0.0078125 0.017699115044247787
0.0 0.849609375 0.16991150442477876 0.009765625 0.024778761061946902
0.0 0.8603515625 0.2079646017699115 0.01171875 0.02654867256637168
0.0 0.88037109375 0.20707964601769913 0.0107421875 0.017699115044247787
0.0 0.87939453125 0.26017699115044246 0.0126953125 0.02831858407079646
0.0 0.8359375 0.2672566371681416 0.009765625 0.024778761061946902
0.0 0.79345703125 0.24424778761061947 0.0087890625 0.017699115044247787
0.0 0.88330078125 0.32212389380530976 0.0126953125 0.03185840707964602
0.0 0.92138671875 0.36902654867256635 0.0146484375 0.02654867256637168
0.0 0.943359375 0.4079646017699115 0.013671875 0.02654867256637168
0.0 0.8701171875 0.36194690265486723 0.013671875 0.03716814159292035
0.0 0.82421875 0.3743362831858407 0.013671875 0.033628318584070796
0.0 0.81689453125 0.3309734513274336 0.0126953125 0.02831858407079646
0.0 0.798828125 0.27876106194690264 0.009765625 0.019469026548672566
0.0 0.77294921875 0.29557522123893804 0.0126953125 0.02831858407079646
0.0 0.783203125 0.33893805309734515 0.01171875 0.03008849557522124
0.0 0.8056640625 0.42389380530973453 0.013671875 0.033628318584070796
0.0 0.86083984375 0.4451327433628319 0.0146484375 0.03008849557522124
0.0 0.873046875 0.41150442477876104 0.013671875 0.02654867256637168
0.0 0.9013671875 0.4911504424778761 0.015625 0.03008849557522124
0.0 0.93212890625 0.4831858407079646 0.0146484375 0.03185840707964602
0.0 0.955078125 0.5185840707964602 0.017578125 0.035398230088495575
0.0 0.9326171875 0.5628318584070796 0.015625 0.035398230088495575
0.0 0.93408203125 0.6761061946902654 0.0185546875 0.035398230088495575
0.0 0.8857421875 0.6088495575221239 0.01953125 0.03893805309734513
0.0 0.87353515625 0.5548672566371682 0.0166015625 0.033628318584070796
0.0 0.82666015625 0.5513274336283186 0.0146484375 0.033628318584070796
0.0 0.83447265625 0.5035398230088496 0.0166015625 0.02654867256637168
0.0 0.79296875 0.49557522123893805 0.017578125 0.035398230088495575
0.0 0.75146484375 0.5 0.0166015625 0.033628318584070796
0.0 0.75439453125 0.4451327433628319 0.0126953125 0.03008849557522124
0.0 0.76416015625 0.3831858407079646 0.0126953125 0.023008849557522124
0.0 0.72314453125 0.3566371681415929 0.0126953125 0.02654867256637168
0.0 0.71435546875 0.4168141592920354 0.0126953125 0.03008849557522124
0.0 0.70458984375 0.4575221238938053 0.0166015625 0.03008849557522124
0.0 0.69189453125 0.5194690265486726 0.0146484375 0.033628318584070796
0.0 0.75 0.5628318584070796 0.01953125 0.03893805309734513
0.0 0.79345703125 0.5964601769911504 0.0166015625 0.03185840707964602
0.0 0.8349609375 0.6336283185840708 0.017578125 0.04247787610619469
0.0 0.904296875 0.7566371681415929 0.021484375 0.05132743362831858
0.0 0.8486328125 0.7168141592920354 0.021484375 0.04601769911504425
0.0 0.72607421875 0.6557522123893805 0.0185546875 0.03716814159292035
0.0 0.78857421875 0.6663716814159292 0.0185546875 0.05132743362831858
0.0 0.69384765625 0.6123893805309735 0.0185546875 0.03893805309734513
0.0 0.70751953125 0.7097345132743362 0.0185546875 0.03893805309734513
0.0 0.6845703125 0.31946902654867254 0.009765625 0.023008849557522124
0.0 0.6953125 0.3504424778761062 0.01171875 0.02831858407079646
0.0 0.72802734375 0.28053097345132744 0.0107421875 0.02654867256637168
0.0 0.74462890625 0.3053097345132743 0.0126953125 0.02654867256637168
0.0 0.67626953125 0.14690265486725665 0.0087890625 0.017699115044247787
0.0 0.7548828125 0.2168141592920354 0.009765625 0.023008849557522124
0.0 0.75927734375 0.17079646017699116 0.0107421875 0.023008849557522124
0.0 0.8095703125 0.22566371681415928 0.009765625 0.019469026548672566
