0.0 0.2275390625 0.046296296296296294 0.0419921875 0.06597222222222222
0.0 0.357421875 0.08564814814814815 0.03515625 0.06828703703703703
0.0 0.439453125 0.08449074074074074 0.037109375 0.06597222222222222
0.0 0.517578125 0.08449074074074074 0.041015625 0.06944444444444445
0.0 0.482421875 0.2361111111111111 0.05078125 0.09375
0.0 0.435546875 0.21412037037037038 0.0400390625 0.06944444444444445
0.0 0.5673828125 0.16898148148148148 0.041015625 0.06944444444444445
0.0 0.33203125 0.24537037037037038 0.04296875 0.06828703703703703
0.0 0.158203125 0.1701388888888889 0.0478515625 0.0798611111111111
0.0 0.205078125 0.11342592592592593 0.04296875 0.06365740740740741
0.0 0.6162109375 0.04861111111111111 0.0400390625 0.06944444444444445
0.0 0.7138671875 0.06712962962962964 0.041015625 0.07407407407407407
0.0 0.7421875 0.16550925925925927 0.0498046875 0.0787037037037037
0.0 0.6533203125 0.13194444444444445 0.0419921875 0.06944444444444445
