0.0 0.564453125 0.34765625 0.0576171875 0.07291666666666667
0.0 0.349609375 0.3203125 0.04296875 0.08203125
0.0 0.509765625 0.39453125 0.0400390625 0.03515625
0.0 0.42578125 0.375 0.041015625 0.059895833333333336
0.0 0.8720703125 0.11458333333333333 0.0048828125 0.009114583333333334
0.0 0.857421875 0.11588541666666667 0.00390625 0.009114583333333334
0.0 0.884765625 0.11328125 0.0029296875 0.0078125
0.0 0.603515625 0.11848958333333333 0.0068359375 0.01171875
0.0 0.4814453125 0.12239583333333333 0.0068359375 0.010416666666666666
0.0 0.150390625 0.13932291666666666 0.00390625 0.0078125
0.0 0.1416015625 0.140625 0.0029296875 0.009114583333333334
