0.0 0.97265625 0.66398243045388 0.017578125 0.013177159590043924
0.0 0.44873046875 0.6566617862371888 0.0166015625 0.03074670571010249
0.0 0.56787109375 0.7101024890190337 0.0126953125 0.02342606149341142
0.0 0.58984375 0.6925329428989752 0.015625 0.029282576866764276
0.0 0.693359375 0.7101024890190337 0.015625 0.032210834553440704
0.0 0.2705078125 0.5768667642752562 0.005859375 0.01171303074670571
0.0 0.47021484375 0.5856515373352855 0.0068359375 0.01171303074670571
0.0 0.44482421875 0.5607613469985359 0.0068359375 0.01171303074670571
0.0 0.404296875 0.5571010248901903 0.005859375 0.010248901903367497
0.0 0.26318359375 0.62298682284041 0.0087890625 0.01903367496339678
0.0 0.1640625 0.5915080527086384 0.005859375 0.01171303074670571
0.0 0.16748046875 0.5387994143484627 0.0048828125 0.008784773060029283
