0.0 0.197265625 0.10322108345534407 0.03125 0.048316251830161056
0.0 0.36572265625 0.12664714494875548 0.0341796875 0.0629575402635432
0.0 0.4365234375 0.2108345534407028 0.033203125 0.07027818448023426
0.0 0.478515625 0.1493411420204978 0.02734375 0.0527086383601757
0.0 0.5849609375 0.1478770131771596 0.029296875 0.0527086383601757
0.0 0.697265625 0.17130307467057102 0.03515625 0.06442166910688141
0.0 0.775390625 0.1603221083455344 0.03515625 0.06588579795021962
0.0 0.78857421875 0.28111273792093705 0.0322265625 0.06149341142020498
0.0 0.8486328125 0.36530014641288433 0.037109375 0.06588579795021962
0.0 0.60986328125 0.2342606149341142 0.0302734375 0.06149341142020498
0.0 0.68017578125 0.26939970717423134 0.0263671875 0.055636896046852125
0.0 0.6904296875 0.3616398243045388 0.029296875 0.0527086383601757
0.0 0.7646484375 0.38653001464128844 0.033203125 0.05856515373352855
0.0 0.63623046875 0.32210834553440704 0.0283203125 0.05856515373352855
0.0 0.57763671875 0.3162518301610542 0.0302734375 0.06442166910688141
0.0 0.50732421875 0.30453879941434847 0.0380859375 0.07320644216691069
0.0 0.54150390625 0.2108345534407028 0.0302734375 0.06149341142020498
0.0 0.34814453125 0.24743777452415813 0.0302734375 0.06442166910688141
0.0 0.24951171875 0.15885797950219618 0.0361328125 0.07759882869692533
0.0 0.27880859375 0.2913616398243045 0.0302734375 0.06149341142020498
0.0 0.248046875 0.36383601756954614 0.037109375 0.07759882869692533
0.0 0.1474609375 0.3308931185944363 0.044921875 0.07320644216691069
0.0 0.154296875 0.4663250366032211 0.044921875 0.08052708638360176
0.0 0.3115234375 0.4773060029282577 0.03125 0.05856515373352855
0.0 0.35498046875 0.5175695461200586 0.0341796875 0.0746705710102489
0.0 0.439453125 0.4289897510980966 0.03125 0.07320644216691069
0.0 0.36474609375 0.3513909224011713 0.0322265625 0.07027818448023426
0.0 0.4765625 0.3213762811127379 0.025390625 0.03074670571010249
0.0 0.5419921875 0.43997071742313326 0.03515625 0.05710102489019034
0.0 0.60986328125 0.4253294289897511 0.0263671875 0.04538799414348463
0.0 0.67138671875 0.43923865300146414 0.0302734375 0.06149341142020498
0.0 0.60498046875 0.554904831625183 0.0341796875 0.06149341142020498
0.0 0.6884765625 0.6442166910688141 0.041015625 0.07906295754026355
0.0 0.8720703125 0.5021961932650073 0.033203125 0.0527086383601757
0.0 0.841796875 0.4633967789165447 0.041015625 0.05124450951683748
0.0 0.53173828125 0.6339677891654466 0.0322265625 0.04978038067349927
0.0 0.447265625 0.5746705710102489 0.03125 0.048316251830161056
0.0 0.39013671875 0.6178623718887262 0.0361328125 0.06442166910688141
0.0 0.294921875 0.6083455344070278 0.037109375 0.06881405563689605
0.0 0.22607421875 0.616398243045388 0.0341796875 0.07027818448023426
0.0 0.48291015625 0.7752562225475842 0.0361328125 0.0746705710102489
0.0 0.59814453125 0.7833089311859444 0.0341796875 0.06734992679355783
