0.0 0.14013671875 0.1644640234948605 0.0634765625 0.11747430249632893
0.0 0.39013671875 0.2966226138032305 0.0576171875 0.09691629955947137
0.0 0.52392578125 0.3069016152716593 0.0498046875 0.08223201174743025
0.0 0.7001953125 0.4265785609397944 0.03125 0.06607929515418502
0.0 0.73291015625 0.5 0.0263671875 0.0513950073421439
0.0 0.23046875 0.7209985315712188 0.0078125 0.01762114537444934
0.0 0.2392578125 0.7202643171806168 0.0078125 0.01908957415565345
0.0 0.2255859375 0.4397944199706314 0.029296875 0.05433186490455213
0.0 0.5595703125 0.5726872246696035 0.017578125 0.032305433186490456
0.0 0.40283203125 0.6798825256975036 0.0048828125 0.011747430249632892
0.0 0.40234375 0.6644640234948604 0.005859375 0.013215859030837005
0.0 0.5146484375 0.6762114537444934 0.005859375 0.010279001468428781
0.0 0.521484375 0.6666666666666666 0.005859375 0.00881057268722467
0.0 0.564453125 0.6872246696035242 0.0078125 0.014684287812041116
0.0 0.57421875 0.6806167400881057 0.00390625 0.007342143906020558
0.0 0.58154296875 0.6798825256975036 0.0068359375 0.011747430249632892
0.0 0.5712890625 0.7459618208516887 0.01171875 0.01762114537444934
0.0 0.8251953125 0.7834067547723935 0.0078125 0.01908957415565345
0.0 0.83740234375 0.7804698972099853 0.0107421875 0.016152716593245228
0.0 0.8466796875 0.7701908957415565 0.005859375 0.013215859030837005
0.0 0.85302734375 0.7841409691629956 0.0087890625 0.01762114537444934
0.0 0.85888671875 0.776064610866373 0.0068359375 0.013215859030837005
0.0 0.8701171875 0.7782672540381792 0.009765625 0.020558002936857563
0.0 0.8876953125 0.775330396475771 0.0078125 0.014684287812041116
0.0 0.89501953125 0.7848751835535976 0.0087890625 0.016152716593245228
0.0 0.91455078125 0.78928046989721 0.0087890625 0.016152716593245228
0.0 0.93115234375 0.7870778267254038 0.0087890625 0.01762114537444934
0.0 0.94677734375 0.7863436123348018 0.0107421875 0.01908957415565345
0.0 0.97607421875 0.7907488986784141 0.0126953125 0.01908957415565345
0.0 0.9658203125 0.8127753303964758 0.00390625 0.007342143906020558
0.0 0.99267578125 0.815712187958884 0.0068359375 0.010279001468428781
0.0 0.82568359375 0.7033773861967695 0.0048828125 0.011747430249632892
0.0 0.83447265625 0.6960352422907489 0.0068359375 0.014684287812041116
0.0 0.84326171875 0.7026431718061674 0.0087890625 0.016152716593245228
0.0 0.853515625 0.7085168869309838 0.005859375 0.010279001468428781
0.0 0.857421875 0.7437591776798825 0.0078125 0.013215859030837005
0.0 0.8818359375 0.7694566813509545 0.0078125 0.014684287812041116
0.0 0.86376953125 0.7004405286343612 0.0087890625 0.011747430249632892
0.0 0.87109375 0.6945668135095447 0.005859375 0.011747430249632892
0.0 0.88623046875 0.6953010279001468 0.0087890625 0.016152716593245228
0.0 0.87060546875 0.7187958883994127 0.0087890625 0.013215859030837005
0.0 0.8876953125 0.7195301027900147 0.0078125 0.014684287812041116
0.0 0.89892578125 0.7151248164464024 0.0068359375 0.014684287812041116
0.0 0.9072265625 0.6989720998531571 0.0078125 0.011747430249632892
0.0 0.90185546875 0.6945668135095447 0.0068359375 0.011747430249632892
0.0 0.9208984375 0.6916299559471366 0.0078125 0.01762114537444934
0.0 0.931640625 0.6997063142437592 0.0078125 0.013215859030837005
0.0 0.9423828125 0.6967694566813509 0.0078125 0.016152716593245228
0.0 0.95361328125 0.6908957415565345 0.0068359375 0.013215859030837005
0.0 0.95654296875 0.7048458149779736 0.0087890625 0.01762114537444934
0.0 0.9677734375 0.7224669603524229 0.0078125 0.014684287812041116
0.0 0.98388671875 0.7041116005873715 0.0087890625 0.016152716593245228
0.0 0.99462890625 0.7004405286343612 0.0068359375 0.01762114537444934
0.0 0.97412109375 0.71071953010279 0.0087890625 0.014684287812041116
0.0 0.96630859375 0.6997063142437592 0.0068359375 0.016152716593245228
0.0 0.40869140625 0.7408223201174743 0.0068359375 0.010279001468428781
