0.0 0.09765625 0.28330893118594436 0.033203125 0.0629575402635432
0.0 0.18896484375 0.28184480234260617 0.0341796875 0.0629575402635432
0.0 0.2880859375 0.2664714494875549 0.03125 0.06149341142020498
0.0 0.38916015625 0.2847730600292826 0.0341796875 0.0629575402635432
0.0 0.51708984375 0.3191800878477306 0.0322265625 0.06149341142020498
0.0 0.45849609375 0.4363103953147877 0.0341796875 0.06734992679355783
0.0 0.55859375 0.431185944363104 0.033203125 0.0629575402635432
0.0 0.6298828125 0.2964860907759883 0.033203125 0.0629575402635432
0.0 0.72705078125 0.2796486090775988 0.0341796875 0.06149341142020498
0.0 0.8154296875 0.2847730600292826 0.037109375 0.06881405563689605
0.0 0.90234375 0.28038067349926793 0.03515625 0.06881405563689605
