0.0 0.90869140625 0.29333333333333333 0.0361328125 0.0761904761904762
0.0 0.8125 0.22857142857142856 0.0390625 0.09142857142857143
0.0 0.75537109375 0.1657142857142857 0.0341796875 0.0761904761904762
0.0 0.7138671875 0.24666666666666667 0.03125 0.07047619047619047
0.0 0.6767578125 0.18666666666666668 0.03125 0.06857142857142857
0.0 0.6103515625 0.22476190476190477 0.029296875 0.07238095238095238
0.0 0.46435546875 0.259047619047619 0.0302734375 0.06857142857142857
0.0 0.4013671875 0.23333333333333334 0.037109375 0.08190476190476191
0.0 0.30615234375 0.2580952380952381 0.0322265625 0.07428571428571429
0.0 0.220703125 0.1980952380952381 0.033203125 0.07238095238095238
0.0 0.15673828125 0.2714285714285714 0.0341796875 0.07809523809523809
0.0 0.08349609375 0.2638095238095238 0.0341796875 0.07428571428571429
0.0 0.54931640625 0.2219047619047619 0.0322265625 0.07428571428571429
