0.0 0.17919921875 0.3561197916666667 0.0126953125 0.01953125
0.0 0.29345703125 0.3912760416666667 0.0166015625 0.032552083333333336
0.0 0.38525390625 0.3815104166666667 0.0126953125 0.020833333333333332
0.0 0.50244140625 0.4010416666666667 0.0185546875 0.033854166666666664
0.0 0.56787109375 0.3958333333333333 0.0126953125 0.020833333333333332
0.0 0.73876953125 0.4752604166666667 0.0302734375 0.0546875
0.0 0.7861328125 0.501953125 0.029296875 0.053385416666666664
0.0 0.97802734375 0.51953125 0.0400390625 0.078125
0.0 0.8544921875 0.5045572916666666 0.033203125 0.045572916666666664
0.0 0.90966796875 0.4856770833333333 0.0283203125 0.044270833333333336
0.0 0.640625 0.4772135416666667 0.033203125 0.045572916666666664
0.0 0.56787109375 0.48828125 0.0322265625 0.0546875
0.0 0.11767578125 0.3834635416666667 0.0244140625 0.045572916666666664
