0.0 0.90869140625 0.3359375 0.0361328125 0.049479166666666664
0.0 0.8603515625 0.376953125 0.033203125 0.055989583333333336
0.0 0.798828125 0.3567708333333333 0.03125 0.046875
0.0 0.7177734375 0.3509114583333333 0.03125 0.045572916666666664
0.0 0.75537109375 0.4173177083333333 0.0322265625 0.048177083333333336
0.0 0.6591796875 0.4407552083333333 0.029296875 0.048177083333333336
0.0 0.63037109375 0.3567708333333333 0.0283203125 0.041666666666666664
0.0 0.57666015625 0.3450520833333333 0.0283203125 0.044270833333333336
0.0 0.5615234375 0.4466145833333333 0.033203125 0.046875
0.0 0.49365234375 0.3352864583333333 0.0283203125 0.048177083333333336
0.0 0.4541015625 0.4010416666666667 0.037109375 0.049479166666666664
0.0 0.390625 0.34375 0.029296875 0.041666666666666664
0.0 0.33837890625 0.3899739583333333 0.0341796875 0.055989583333333336
0.0 0.2978515625 0.33984375 0.03125 0.046875
0.0 0.23193359375 0.3834635416666667 0.0341796875 0.05078125
0.0 0.20458984375 0.3294270833333333 0.0302734375 0.049479166666666664
0.0 0.119140625 0.3020833333333333 0.03125 0.044270833333333336
0.0 0.125 0.3932291666666667 0.033203125 0.046875
