0.0 0.8056640625 0.09090909090909091 0.0126953125 0.026392961876832845
0.0 0.7705078125 0.11730205278592376 0.0146484375 0.02785923753665689
0.0 0.7099609375 0.218475073313783 0.0126953125 0.021994134897360705
0.0 0.662109375 0.32404692082111436 0.01171875 0.024926686217008796
0.0 0.642578125 0.28885630498533726 0.01171875 0.02346041055718475
0.0 0.6123046875 0.27419354838709675 0.0126953125 0.026392961876832845
0.0 0.5634765625 0.2697947214076246 0.0146484375 0.02785923753665689
0.0 0.5576171875 0.33724340175953077 0.0146484375 0.026392961876832845
0.0 0.5166015625 0.2961876832844575 0.0126953125 0.024926686217008796
0.0 0.4951171875 0.3519061583577713 0.01171875 0.026392961876832845
0.0 0.4267578125 0.4178885630498534 0.0146484375 0.026392961876832845
0.0 0.40234375 0.4530791788856305 0.0146484375 0.024926686217008796
0.0 0.3466796875 0.5381231671554252 0.0126953125 0.02346041055718475
0.0 0.3037109375 0.5366568914956011 0.0166015625 0.03225806451612903
