0.0 0.8095703125 0.3012912482065997 0.041015625 0.07173601147776183
0.0 0.703125 0.29411764705882354 0.041015625 0.06025824964131994
0.0 0.6396484375 0.32281205164992827 0.0390625 0.0703012912482066
0.0 0.5595703125 0.32281205164992827 0.0400390625 0.06456241032998565
0.0 0.5234375 0.2682926829268293 0.0380859375 0.06599713055954089
0.0 0.4716796875 0.2998565279770445 0.0390625 0.0703012912482066
0.0 0.3544921875 0.3084648493543759 0.0400390625 0.06599713055954089
0.0 0.3271484375 0.24103299856527977 0.044921875 0.06599713055954089
0.0 0.240234375 0.3127690100430416 0.041015625 0.06312769010043041
0.0 0.1826171875 0.2381635581061693 0.0390625 0.06743185078909612
0.0 0.119140625 0.22094691535150646 0.044921875 0.08034433285509325
0.0 0.0986328125 0.31563845050215206 0.048828125 0.08177905308464849
