0.0 0.0703125 0.4791666666666667 0.037109375 0.0703125
0.0 0.177734375 0.4921875 0.052734375 0.0703125
0.0 0.2265625 0.490234375 0.033203125 0.05859375
0.0 0.33837890625 0.5247395833333334 0.0400390625 0.07291666666666667
0.0 0.34716796875 0.4244791666666667 0.0224609375 0.046875
0.0 0.45263671875 0.453125 0.0126953125 0.0234375
0.0 0.49169921875 0.4921875 0.0263671875 0.0546875
0.0 0.53759765625 0.5169270833333334 0.0380859375 0.0625
0.0 0.6572265625 0.5201822916666666 0.03125 0.055989583333333336
0.0 0.80322265625 0.4856770833333333 0.0302734375 0.049479166666666664
