0.0 0.4189453125 0.5645161290322581 0.0185546875 0.036656891495601175
0.0 0.484375 0.5542521994134897 0.0205078125 0.03812316715542522
0.0 0.5478515625 0.5557184750733137 0.0205078125 0.036656891495601175
0.0 0.6142578125 0.5571847507331378 0.021484375 0.03812316715542522
0.0 0.61328125 0.47653958944281527 0.0185546875 0.03225806451612903
0.0 0.5478515625 0.47214076246334313 0.01953125 0.039589442815249266
0.0 0.4921875 0.4912023460410557 0.0185546875 0.03225806451612903
0.0 0.427734375 0.4604105571847507 0.0185546875 0.03519061583577713
0.0 0.1787109375 0.46920821114369504 0.0205078125 0.03519061583577713
0.0 0.171875 0.5483870967741935 0.0205078125 0.03519061583577713
0.0 0.232421875 0.5689149560117303 0.0166015625 0.03372434017595308
0.0 0.291015625 0.5571847507331378 0.01953125 0.039589442815249266
0.0 0.1259765625 0.4633431085043988 0.0185546875 0.03372434017595308
0.0 0.0654296875 0.4574780058651026 0.0185546875 0.030791788856304986
0.0 0.8125 0.4809384164222874 0.0205078125 0.03372434017595308
0.0 0.8837890625 0.5058651026392962 0.017578125 0.030791788856304986
0.0 0.8681640625 0.5659824046920822 0.0205078125 0.039589442815249266
0.0 0.8115234375 0.5557184750733137 0.0224609375 0.036656891495601175
0.0 0.744140625 0.5718475073313783 0.0205078125 0.039589442815249266
0.0 0.744140625 0.4868035190615836 0.01953125 0.03519061583577713
0.0 0.68359375 0.4574780058651026 0.017578125 0.03225806451612903
0.0 0.68359375 0.5571847507331378 0.0244140625 0.039589442815249266
