0.0 0.2451171875 0.6143695014662757 0.021484375 0.04398826979472141
0.0 0.2802734375 0.6099706744868035 0.0234375 0.03812316715542522
0.0 0.302734375 0.5762463343108505 0.017578125 0.026392961876832845
0.0 0.333984375 0.5747800586510264 0.0166015625 0.03225806451612903
0.0 0.35546875 0.593841642228739 0.0224609375 0.039589442815249266
0.0 0.4208984375 0.5835777126099707 0.01953125 0.036656891495601175
0.0 0.4033203125 0.533724340175953 0.021484375 0.03812316715542522
0.0 0.37890625 0.5293255131964809 0.01953125 0.026392961876832845
0.0 0.2763671875 0.5278592375366569 0.01953125 0.02932551319648094
0.0 0.2431640625 0.5527859237536656 0.0185546875 0.03372434017595308
0.0 0.2353515625 0.5469208211143695 0.0107421875 0.021994134897360705
0.0 0.240234375 0.532258064516129 0.013671875 0.024926686217008796
0.0 0.2451171875 0.47947214076246336 0.01171875 0.02346041055718475
0.0 0.1767578125 0.4750733137829912 0.01171875 0.021994134897360705
0.0 0.1787109375 0.5586510263929618 0.015625 0.024926686217008796
0.0 0.1171875 0.6011730205278593 0.0166015625 0.026392961876832845
0.0 0.0498046875 0.5454545454545454 0.0302734375 0.051319648093841645
0.0 0.103515625 0.4897360703812317 0.0185546875 0.02785923753665689
0.0 0.134765625 0.48533724340175954 0.0107421875 0.017595307917888565
0.0 0.0283203125 0.49853372434017595 0.01953125 0.03372434017595308
0.0 0.0478515625 0.45454545454545453 0.0126953125 0.024926686217008796
0.0 0.046875 0.48826979472140764 0.0087890625 0.016129032258064516
0.0 0.0009765625 0.4970674486803519 0.0126953125 0.024926686217008796
0.0 0.3271484375 0.45161290322580644 0.0068359375 0.01466275659824047
0.0 0.31640625 0.46480938416422285 0.0068359375 0.01466275659824047
0.0 0.28515625 0.44868035190615835 0.009765625 0.016129032258064516
0.0 0.2548828125 0.4398826979472141 0.0087890625 0.016129032258064516
0.0 0.22265625 0.45161290322580644 0.0107421875 0.016129032258064516
0.0 0.3427734375 0.4472140762463343 0.0078125 0.01466275659824047
0.0 0.3701171875 0.46480938416422285 0.0078125 0.016129032258064516
0.0 0.3955078125 0.4662756598240469 0.0107421875 0.026392961876832845
0.0 0.3935546875 0.4398826979472141 0.009765625 0.01906158357771261
0.0 0.4287109375 0.4574780058651026 0.0068359375 0.01466275659824047
0.0 0.439453125 0.4706744868035191 0.0087890625 0.02346041055718475
0.0 0.45703125 0.46480938416422285 0.0078125 0.01906158357771261
0.0 0.4482421875 0.4472140762463343 0.0068359375 0.016129032258064516
0.0 0.50390625 0.5219941348973607 0.015625 0.02932551319648094
0.0 0.537109375 0.5454545454545454 0.021484375 0.04105571847507331
0.0 0.5380859375 0.6055718475073314 0.01953125 0.04252199413489736
0.0 0.4931640625 0.6466275659824047 0.0234375 0.03519061583577713
0.0 0.578125 0.6026392961876833 0.0224609375 0.036656891495601175
0.0 0.59765625 0.6407624633431085 0.0224609375 0.04252199413489736
0.0 0.6513671875 0.6539589442815249 0.0244140625 0.04398826979472141
0.0 0.685546875 0.5982404692082112 0.0244140625 0.04252199413489736
0.0 0.6328125 0.5762463343108505 0.02734375 0.0469208211143695
0.0 0.611328125 0.5498533724340176 0.01953125 0.02932551319648094
0.0 0.5595703125 0.5410557184750733 0.0166015625 0.026392961876832845
0.0 0.4453125 0.5219941348973607 0.0166015625 0.03372434017595308
0.0 0.46484375 0.5278592375366569 0.01953125 0.03225806451612903
0.0 0.4580078125 0.5791788856304986 0.0234375 0.03519061583577713
0.0 0.6826171875 0.5043988269794721 0.013671875 0.026392961876832845
0.0 0.501953125 0.4442815249266862 0.0087890625 0.017595307917888565
0.0 0.6025390625 0.45894428152492667 0.0107421875 0.01906158357771261
0.0 0.5888671875 0.44868035190615835 0.0078125 0.016129032258064516
0.0 0.267578125 0.42961876832844575 0.0048828125 0.008797653958944282
0.0 0.1298828125 0.43255131964809385 0.0068359375 0.010263929618768328
0.0 0.087890625 0.4237536656891496 0.005859375 0.016129032258064516
0.0 0.896484375 0.5146627565982405 0.0146484375 0.024926686217008796
0.0 0.919921875 0.5381231671554252 0.0166015625 0.020527859237536656
0.0 0.9482421875 0.5087976539589443 0.0166015625 0.020527859237536656
0.0 0.8955078125 0.592375366568915 0.0205078125 0.03519061583577713
0.0 0.734375 0.5689149560117303 0.0224609375 0.04105571847507331
0.0 0.73046875 0.6231671554252199 0.025390625 0.0469208211143695
0.0 0.642578125 0.4838709677419355 0.0087890625 0.020527859237536656
0.0 0.6796875 0.4604105571847507 0.005859375 0.008797653958944282
0.0 0.650390625 0.4633431085043988 0.0048828125 0.010263929618768328
0.0 0.63671875 0.4604105571847507 0.00390625 0.010263929618768328
0.0 0.6884765625 0.39882697947214074 0.00390625 0.007331378299120235
0.0 0.7861328125 0.40762463343108507 0.005859375 0.008797653958944282
0.0 0.703125 0.4149560117302053 0.001953125 0.004398826979472141
0.0 0.630859375 0.42961876832844575 0.00390625 0.008797653958944282
0.0 0.619140625 0.42668621700879766 0.00390625 0.005865102639296188
0.0 0.5654296875 0.4310850439882698 0.0048828125 0.010263929618768328
0.0 0.0 0.6832844574780058 0.0205078125 0.051319648093841645
0.0 0.5703125 0.46480938416422285 0.01171875 0.017595307917888565
0.0 0.720703125 0.5366568914956011 0.0078125 0.013196480938416423
0.0 0.7119140625 0.5102639296187683 0.0078125 0.010263929618768328
0.0 0.5927734375 0.41935483870967744 0.0048828125 0.010263929618768328
0.0 0.5400390625 0.40175953079178883 0.0078125 0.013196480938416423
0.0 0.529296875 0.436950146627566 0.0048828125 0.011730205278592375
