0.0 0.3076171875 0.5755208333333334 0.072265625 0.140625
0.0 0.3408203125 0.3515625 0.046875 0.10243055555555555
0.0 0.10107421875 0.3689236111111111 0.0595703125 0.109375
0.0 0.5478515625 0.4383680555555556 0.048828125 0.10243055555555555
0.0 0.66552734375 0.3706597222222222 0.0419921875 0.08506944444444445
0.0 0.4716796875 0.2925347222222222 0.041015625 0.08854166666666667
0.0 0.56396484375 0.359375 0.0439453125 0.09375
0.0 0.6220703125 0.3185763888888889 0.037109375 0.07118055555555555
0.0 0.9013671875 0.3237847222222222 0.044921875 0.08854166666666667
0.0 0.88525390625 0.4939236111111111 0.0478515625 0.0954861111111111
0.0 0.7841796875 0.328125 0.041015625 0.0798611111111111
0.0 0.44921875 0.6067708333333334 0.05859375 0.11979166666666667
