0.0 0.8173828125 0.4713541666666667 0.021484375 0.033854166666666664
0.0 0.7685546875 0.49609375 0.01953125 0.03515625
0.0 0.728515625 0.5065104166666666 0.0205078125 0.032552083333333336
0.0 0.6923828125 0.4791666666666667 0.0224609375 0.033854166666666664
0.0 0.646484375 0.5104166666666666 0.025390625 0.037760416666666664
0.0 0.6279296875 0.4986979166666667 0.0185546875 0.032552083333333336
0.0 0.5908203125 0.5 0.0244140625 0.033854166666666664
0.0 0.578125 0.4388020833333333 0.021484375 0.02734375
0.0 0.5595703125 0.5078125 0.021484375 0.03125
0.0 0.525390625 0.4557291666666667 0.021484375 0.029947916666666668
0.0 0.5 0.4427083333333333 0.01953125 0.03125
0.0 0.509765625 0.5078125 0.021484375 0.037760416666666664
0.0 0.4609375 0.5182291666666666 0.0224609375 0.033854166666666664
0.0 0.4658203125 0.4674479166666667 0.021484375 0.0390625
0.0 0.4775390625 0.4322916666666667 0.01953125 0.029947916666666668
0.0 0.435546875 0.4270833333333333 0.0205078125 0.03125
0.0 0.4267578125 0.5091145833333334 0.0205078125 0.032552083333333336
0.0 0.361328125 0.5286458333333334 0.0244140625 0.033854166666666664
0.0 0.353515625 0.4947916666666667 0.0234375 0.03125
0.0 0.3818359375 0.4453125 0.0205078125 0.032552083333333336
0.0 0.330078125 0.4466145833333333 0.0185546875 0.029947916666666668
0.0 0.3173828125 0.4921875 0.021484375 0.028645833333333332
0.0 0.302734375 0.51953125 0.0234375 0.033854166666666664
0.0 0.2685546875 0.5 0.0234375 0.03515625
0.0 0.251953125 0.53125 0.0244140625 0.03515625
0.0 0.166015625 0.515625 0.0234375 0.03125
0.0 0.205078125 0.4921875 0.0205078125 0.032552083333333336
0.0 0.21484375 0.5416666666666666 0.0224609375 0.032552083333333336
0.0 0.4921875 0.6315104166666666 0.025390625 0.036458333333333336
