0.0 0.6123046875 0.6910688140556369 0.0341796875 0.02855051244509517
0.0 0.4384765625 0.6603221083455344 0.0302734375 0.01683748169838946
0.0 0.7373046875 0.6061493411420205 0.0390625 0.017569546120058566
0.0 0.5224609375 0.5285505124450952 0.025390625 0.020497803806734993
0.0 0.48046875 0.10248901903367497 0.0556640625 0.05856515373352855
0.0 0.748046875 0.3931185944363104 0.009765625 0.008052708638360176
0.0 0.61328125 0.390190336749634 0.0078125 0.007320644216691069
0.0 0.6083984375 0.39092240117130306 0.0068359375 0.006588579795021962
0.0 0.6494140625 0.3850658857979502 0.0068359375 0.006588579795021962
0.0 0.568359375 0.3916544655929722 0.005859375 0.005856515373352855
0.0 0.2646484375 0.3762811127379209 0.00390625 0.0036603221083455345
