0.0 0.9462890625 0.3880208333333333 0.01953125 0.033854166666666664
0.0 0.91748046875 0.3860677083333333 0.0205078125 0.029947916666666668
0.0 0.890625 0.3919270833333333 0.021484375 0.036458333333333336
0.0 0.9404296875 0.4375 0.01953125 0.036458333333333336
0.0 0.8623046875 0.427734375 0.015625 0.029947916666666668
0.0 0.83154296875 0.4264322916666667 0.0185546875 0.029947916666666668
0.0 0.81005859375 0.3997395833333333 0.0166015625 0.033854166666666664
0.0 0.7783203125 0.38671875 0.01953125 0.033854166666666664
0.0 0.75341796875 0.390625 0.0205078125 0.033854166666666664
0.0 0.73828125 0.3997395833333333 0.017578125 0.033854166666666664
0.0 0.72119140625 0.419921875 0.0166015625 0.029947916666666668
0.0 0.70751953125 0.388671875 0.0185546875 0.032552083333333336
0.0 0.67041015625 0.3776041666666667 0.0205078125 0.036458333333333336
0.0 0.6328125 0.4264322916666667 0.017578125 0.02734375
0.0 0.61669921875 0.421875 0.0185546875 0.03125
0.0 0.58544921875 0.3984375 0.0185546875 0.03125
0.0 0.5693359375 0.4055989583333333 0.017578125 0.029947916666666668
0.0 0.546875 0.4127604166666667 0.015625 0.03125
0.0 0.48193359375 0.4342447916666667 0.0166015625 0.029947916666666668
0.0 0.4736328125 0.3984375 0.01953125 0.033854166666666664
0.0 0.4267578125 0.392578125 0.01953125 0.032552083333333336
0.0 0.40869140625 0.4264322916666667 0.0185546875 0.029947916666666668
0.0 0.39208984375 0.4270833333333333 0.0166015625 0.028645833333333332
0.0 0.37060546875 0.4114583333333333 0.0166015625 0.026041666666666668
0.0 0.37060546875 0.4361979166666667 0.0185546875 0.028645833333333332
0.0 0.29638671875 0.4173177083333333 0.0185546875 0.037760416666666664
0.0 0.25634765625 0.44140625 0.0166015625 0.026041666666666668
0.0 0.23486328125 0.4303385416666667 0.0166015625 0.02734375
0.0 0.19580078125 0.4127604166666667 0.0205078125 0.03125
0.0 0.173828125 0.3841145833333333 0.017578125 0.033854166666666664
0.0 0.13525390625 0.4348958333333333 0.0166015625 0.028645833333333332
0.0 0.0810546875 0.4231770833333333 0.017578125 0.026041666666666668
0.0 0.0380859375 0.4388020833333333 0.017578125 0.03125
0.0 0.05419921875 0.3932291666666667 0.0185546875 0.026041666666666668
0.0 0.02685546875 0.4108072916666667 0.0185546875 0.029947916666666668
