0.0 0.1005859375 0.17887323943661973 0.013671875 0.04788732394366197
0.0 0.14306640625 0.14788732394366197 0.0146484375 0.059154929577464786
0.0 0.06591796875 0.35492957746478876 0.0205078125 0.07323943661971831
0.0 0.10546875 0.37183098591549296 0.017578125 0.07323943661971831
0.0 0.14697265625 0.37746478873239436 0.0205078125 0.07323943661971831
0.0 0.1796875 0.4295774647887324 0.017578125 0.0647887323943662
0.0 0.16455078125 0.5225352112676056 0.0185546875 0.07605633802816901
0.0 0.2265625 0.4183098591549296 0.017578125 0.0647887323943662
0.0 0.2333984375 0.5112676056338028 0.021484375 0.07605633802816901
0.0 0.23046875 0.643661971830986 0.0234375 0.08732394366197183
0.0 0.28076171875 0.428169014084507 0.0166015625 0.07323943661971831
0.0 0.29638671875 0.528169014084507 0.0205078125 0.07042253521126761
0.0 0.17724609375 0.10845070422535211 0.0166015625 0.059154929577464786
0.0 0.185546875 0.176056338028169 0.015625 0.059154929577464786
0.0 0.220703125 0.13943661971830987 0.015625 0.059154929577464786
0.0 0.25537109375 0.18028169014084508 0.0146484375 0.05070422535211268
0.0 0.25634765625 0.3 0.0166015625 0.059154929577464786
0.0 0.275390625 0.176056338028169 0.015625 0.059154929577464786
0.0 0.3193359375 0.15070422535211267 0.015625 0.05352112676056338
0.0 0.34326171875 0.1676056338028169 0.0146484375 0.059154929577464786
0.0 0.384765625 0.14366197183098592 0.015625 0.0676056338028169
0.0 0.29736328125 0.2943661971830986 0.0166015625 0.05352112676056338
0.0 0.34423828125 0.2802816901408451 0.0146484375 0.059154929577464786
0.0 0.39013671875 0.2830985915492958 0.0166015625 0.059154929577464786
0.0 0.326171875 0.4211267605633803 0.017578125 0.07042253521126761
0.0 0.3798828125 0.4056338028169014 0.01953125 0.061971830985915494
0.0 0.3564453125 0.5183098591549296 0.021484375 0.07323943661971831
0.0 0.419921875 0.5225352112676056 0.01953125 0.07042253521126761
0.0 0.36767578125 0.6169014084507042 0.0244140625 0.09014084507042254
0.0 0.42919921875 0.39154929577464787 0.0166015625 0.07323943661971831
0.0 0.470703125 0.4084507042253521 0.017578125 0.0676056338028169
0.0 0.484375 0.504225352112676 0.021484375 0.07887323943661972
0.0 0.28466796875 0.6746478873239437 0.0224609375 0.08169014084507042
0.0 0.4169921875 0.13802816901408452 0.015625 0.056338028169014086
0.0 0.451171875 0.13380281690140844 0.015625 0.05352112676056338
0.0 0.47998046875 0.14929577464788732 0.0146484375 0.061971830985915494
0.0 0.51171875 0.14647887323943662 0.015625 0.061971830985915494
0.0 0.49658203125 0.24225352112676057 0.0166015625 0.061971830985915494
0.0 0.44189453125 0.2633802816901408 0.0166015625 0.0647887323943662
0.0 0.552734375 0.23380281690140844 0.015625 0.0676056338028169
0.0 0.56005859375 0.1267605633802817 0.0146484375 0.061971830985915494
0.0 0.5224609375 0.4042253521126761 0.017578125 0.07042253521126761
0.0 0.5537109375 0.47746478873239434 0.01953125 0.07042253521126761
0.0 0.57373046875 0.4197183098591549 0.0185546875 0.056338028169014086
0.0 0.62451171875 0.38873239436619716 0.0185546875 0.07323943661971831
0.0 0.626953125 0.5028169014084507 0.01953125 0.0647887323943662
0.0 0.599609375 0.1323943661971831 0.015625 0.061971830985915494
0.0 0.63916015625 0.1591549295774648 0.0146484375 0.05352112676056338
0.0 0.68212890625 0.13098591549295774 0.0146484375 0.059154929577464786
0.0 0.7158203125 0.11830985915492957 0.015625 0.061971830985915494
0.0 0.712890625 0.2507042253521127 0.017578125 0.061971830985915494
0.0 0.65625 0.2577464788732394 0.017578125 0.059154929577464786
0.0 0.607421875 0.2605633802816901 0.015625 0.059154929577464786
0.0 0.6748046875 0.4126760563380282 0.017578125 0.0647887323943662
0.0 0.71875 0.4140845070422535 0.017578125 0.061971830985915494
0.0 0.68505859375 0.5126760563380282 0.0205078125 0.07323943661971831
0.0 0.75341796875 0.49295774647887325 0.0185546875 0.07887323943661972
0.0 0.76513671875 0.36901408450704226 0.0185546875 0.07323943661971831
0.0 0.73974609375 0.11408450704225352 0.0146484375 0.05352112676056338
0.0 0.7626953125 0.13380281690140844 0.013671875 0.059154929577464786
0.0 0.76708984375 0.23098591549295774 0.0185546875 0.0676056338028169
0.0 0.8134765625 0.3873239436619718 0.017578125 0.0647887323943662
0.0 0.85302734375 0.35352112676056335 0.0185546875 0.07042253521126761
0.0 0.8125 0.49295774647887325 0.021484375 0.07887323943661972
0.0 0.86962890625 0.4887323943661972 0.0224609375 0.07042253521126761
0.0 0.8994140625 0.32816901408450705 0.017578125 0.0647887323943662
0.0 0.94287109375 0.3647887323943662 0.0185546875 0.07042253521126761
