0.0 0.900390625 0.4622395833333333 0.0166015625 0.026041666666666668
0.0 0.923828125 0.4479166666666667 0.015625 0.026041666666666668
0.0 0.966796875 0.45703125 0.0205078125 0.026041666666666668
0.0 0.5810546875 0.4361979166666667 0.013671875 0.024739583333333332
0.0 0.7578125 0.4622395833333333 0.01953125 0.028645833333333332
0.0 0.6474609375 0.4739583333333333 0.0107421875 0.015625
0.0 0.5302734375 0.4427083333333333 0.0107421875 0.01953125
0.0 0.5185546875 0.43359375 0.0107421875 0.01953125
0.0 0.298828125 0.4322916666666667 0.009765625 0.018229166666666668
0.0 0.240234375 0.4348958333333333 0.009765625 0.014322916666666666
0.0 0.2734375 0.4270833333333333 0.009765625 0.016927083333333332
0.0 0.34765625 0.4205729166666667 0.009765625 0.015625
0.0 0.0322265625 0.4153645833333333 0.009765625 0.015625
0.0 0.13671875 0.4296875 0.0078125 0.010416666666666666
0.0 0.255859375 0.421875 0.0078125 0.014322916666666666
0.0 0.6357421875 0.4427083333333333 0.0087890625 0.013020833333333334
