0.0 0.8896484375 0.2568659127625202 0.029296875 0.0630048465266559
0.0 0.818359375 0.16639741518578352 0.02734375 0.05331179321486268
0.0 0.7587890625 0.2875605815831987 0.0283203125 0.061389337641357025
0.0 0.822265625 0.4701130856219709 0.0283203125 0.05977382875605816
0.0 0.7060546875 0.4717285945072698 0.0283203125 0.05815831987075929
0.0 0.6630859375 0.27140549273021003 0.0283203125 0.05815831987075929
0.0 0.7099609375 0.17124394184168013 0.025390625 0.051696284329563816
0.0 0.599609375 0.16962843295638125 0.0263671875 0.051696284329563816
0.0 0.5908203125 0.47495961227786754 0.029296875 0.05815831987075929
0.0 0.533203125 0.2859450726978998 0.0283203125 0.051696284329563816
0.0 0.455078125 0.16155088852988692 0.02734375 0.051696284329563816
0.0 0.36328125 0.2730210016155089 0.0283203125 0.05977382875605816
0.0 0.4521484375 0.4378029079159935 0.0341796875 0.06623586429725363
0.0 0.3076171875 0.4555735056542811 0.029296875 0.061389337641357025
0.0 0.291015625 0.1777059773828756 0.0263671875 0.051696284329563816
0.0 0.228515625 0.26978998384491115 0.0302734375 0.05977382875605816
0.0 0.1630859375 0.15993537964458804 0.02734375 0.05492730210016155
0.0 0.046875 0.16155088852988692 0.0283203125 0.051696284329563816
0.0 0.10546875 0.25363489499192243 0.0302734375 0.05815831987075929
0.0 0.1845703125 0.4717285945072698 0.0322265625 0.061389337641357025
0.0 0.0693359375 0.46849757673667203 0.033203125 0.05492730210016155
