0.0 0.36865234375 0.1796875 0.0458984375 0.13541666666666666
0.0 0.314453125 0.17447916666666666 0.037109375 0.11458333333333333
0.0 0.26611328125 0.09635416666666667 0.0478515625 0.15104166666666666
0.0 0.20751953125 0.1328125 0.0498046875 0.171875
0.0 0.61083984375 0.21875 0.0361328125 0.09895833333333333
0.0 0.65869140625 0.421875 0.0380859375 0.109375
0.0 0.54296875 0.24609375 0.037109375 0.1015625
0.0 0.4208984375 0.23177083333333334 0.041015625 0.13541666666666666
0.0 0.44970703125 0.23958333333333334 0.0361328125 0.11458333333333333
0.0 0.5234375 0.48046875 0.041015625 0.1171875
0.0 0.92724609375 0.421875 0.0322265625 0.09375
0.0 0.82666015625 0.3359375 0.0380859375 0.09895833333333333
0.0 0.732421875 0.2265625 0.037109375 0.109375
0.0 0.67431640625 0.77734375 0.0400390625 0.12239583333333333
0.0 0.60546875 0.8359375 0.044921875 0.15104166666666666
0.0 0.48291015625 0.859375 0.0458984375 0.140625
0.0 0.84912109375 0.7981770833333334 0.0400390625 0.1171875
