0.0 0.076171875 0.18895705521472392 0.060546875 0.09570552147239264
0.0 0.212890625 0.19386503067484662 0.060546875 0.09325153374233129
0.0 0.4140625 0.23067484662576687 0.05859375 0.07607361963190185
0.0 0.55859375 0.24294478527607363 0.060546875 0.08098159509202454
0.0 0.775390625 0.2552147239263804 0.05859375 0.07607361963190185
0.0 0.1640625 0.3901840490797546 0.068359375 0.09570552147239264
0.0 0.34765625 0.3852760736196319 0.0625 0.09815950920245399
0.0 0.48046875 0.40245398773006136 0.064453125 0.10061349693251534
0.0 0.69921875 0.40245398773006136 0.0546875 0.09325153374233129
0.0 0.9140625 0.4588957055214724 0.0546875 0.09570552147239264
