0.0 0.099609375 0.3723958333333333 0.0283203125 0.045572916666666664
0.0 0.1533203125 0.40234375 0.025390625 0.045572916666666664
0.0 0.2275390625 0.3463541666666667 0.0283203125 0.045572916666666664
0.0 0.265625 0.390625 0.0263671875 0.044270833333333336
0.0 0.3642578125 0.3567708333333333 0.02734375 0.045572916666666664
0.0 0.41015625 0.3802083333333333 0.0224609375 0.045572916666666664
0.0 0.4833984375 0.3580729166666667 0.0244140625 0.045572916666666664
0.0 0.533203125 0.3815104166666667 0.025390625 0.046875
0.0 0.615234375 0.34375 0.0234375 0.036458333333333336
0.0 0.650390625 0.3645833333333333 0.0244140625 0.045572916666666664
0.0 0.7412109375 0.36328125 0.025390625 0.046875
0.0 0.78515625 0.3854166666666667 0.025390625 0.037760416666666664
0.0 0.8486328125 0.3697916666666667 0.025390625 0.04296875
0.0 0.88671875 0.3515625 0.0263671875 0.046875
