0.0 0.87890625 0.35520684736091296 0.03515625 0.07132667617689016
0.0 0.7705078125 0.33951497860199714 0.03125 0.05420827389443652
0.0 0.71435546875 0.3159771754636234 0.0322265625 0.04992867332382311
0.0 0.64892578125 0.28815977175463625 0.0302734375 0.04850213980028531
0.0 0.6484375 0.3544935805991441 0.033203125 0.04992867332382311
0.0 0.572265625 0.42296718972895864 0.029296875 0.052781740370898715
0.0 0.54443359375 0.30599144079885876 0.0244140625 0.0442225392296719
0.0 0.47021484375 0.2831669044222539 0.0263671875 0.047075606276747506
0.0 0.47802734375 0.38587731811697573 0.0283203125 0.052781740370898715
0.0 0.4560546875 0.34308131241084167 0.02734375 0.04992867332382311
0.0 0.3896484375 0.4094151212553495 0.03125 0.05420827389443652
0.0 0.36767578125 0.32952924393723254 0.0283203125 0.05135520684736091
0.0 0.3017578125 0.38516405135520687 0.029296875 0.05420827389443652
0.0 0.2314453125 0.4186875891583452 0.033203125 0.05563480741797432
0.0 0.18017578125 0.34308131241084167 0.0361328125 0.052781740370898715
0.0 0.10009765625 0.3908701854493581 0.0341796875 0.05420827389443652
