0.0 0.83251953125 0.04789272030651341 0.0302734375 0.03959131545338442
0.0 0.80419921875 0.140485312899106 0.0302734375 0.03065134099616858
0.0 0.77001953125 0.09450830140485313 0.0224609375 0.035759897828863345
0.0 0.751953125 0.1909323116219668 0.0234375 0.037037037037037035
0.0 0.68994140625 0.2835249042145594 0.0302734375 0.038314176245210725
0.0 0.59716796875 0.15772669220945082 0.0283203125 0.0421455938697318
0.0 0.65576171875 0.09067688378033206 0.0166015625 0.020434227330779056
0.0 0.5400390625 0.1053639846743295 0.015625 0.024265644955300127
0.0 0.54638671875 0.28735632183908044 0.0302734375 0.033205619412515965
0.0 0.49267578125 0.12452107279693486 0.0166015625 0.02937420178799489
0.0 0.4697265625 0.13793103448275862 0.021484375 0.033205619412515965
0.0 0.45068359375 0.08876117496807152 0.0146484375 0.02937420178799489
0.0 0.40771484375 0.23116219667943805 0.0224609375 0.0280970625798212
0.0 0.44921875 0.21966794380587484 0.01953125 0.035759897828863345
0.0 0.33154296875 0.1979565772669221 0.0244140625 0.04342273307790549
0.0 0.32861328125 0.07215836526181353 0.0166015625 0.02937420178799489
0.0 0.21337890625 0.1826309067688378 0.0263671875 0.04086845466155811
0.0 0.126953125 0.18007662835249041 0.02734375 0.035759897828863345
0.0 0.15087890625 0.27011494252873564 0.0361328125 0.037037037037037035
0.0 0.08642578125 0.2598978288633461 0.0302734375 0.037037037037037035
0.0 0.25927734375 0.2662835249042146 0.0205078125 0.02937420178799489
0.0 0.3662109375 0.36590038314176243 0.025390625 0.037037037037037035
0.0 0.6962890625 0.5300127713920817 0.03515625 0.035759897828863345
0.0 0.59228515625 0.5434227330779055 0.0205078125 0.034482758620689655
0.0 0.49462890625 0.60727969348659 0.0166015625 0.02937420178799489
0.0 0.46630859375 0.5510855683269477 0.0205078125 0.037037037037037035
0.0 0.3310546875 0.6685823754789272 0.03125 0.04725415070242656
