0.0 0.978515625 0.388671875 0.025390625 0.037760416666666664
0.0 0.9658203125 0.4635416666666667 0.03515625 0.0546875
0.0 0.9736328125 0.5403645833333334 0.033203125 0.0546875
0.0 0.986328125 0.6510416666666666 0.02734375 0.052083333333333336
0.0 0.8564453125 0.525390625 0.03515625 0.053385416666666664
0.0 0.86865234375 0.453125 0.0341796875 0.0546875
0.0 0.8935546875 0.353515625 0.025390625 0.037760416666666664
0.0 0.775390625 0.3828125 0.029296875 0.041666666666666664
0.0 0.68212890625 0.3736979166666667 0.0244140625 0.0390625
0.0 0.654296875 0.3600260416666667 0.0234375 0.03515625
0.0 0.69873046875 0.4375 0.0263671875 0.041666666666666664
0.0 0.62646484375 0.4290364583333333 0.0263671875 0.04296875
0.0 0.59716796875 0.3424479166666667 0.0263671875 0.0390625
0.0 0.50537109375 0.3600260416666667 0.0244140625 0.037760416666666664
0.0 0.59228515625 0.4700520833333333 0.0302734375 0.044270833333333336
0.0 0.63671875 0.4876302083333333 0.033203125 0.04296875
0.0 0.76123046875 0.5611979166666666 0.0322265625 0.049479166666666664
0.0 0.7275390625 0.5442708333333334 0.033203125 0.046875
0.0 0.68408203125 0.5611979166666666 0.0341796875 0.052083333333333336
0.0 0.62109375 0.5807291666666666 0.03125 0.049479166666666664
0.0 0.5693359375 0.5657552083333334 0.03125 0.048177083333333336
0.0 0.58740234375 0.5436197916666666 0.0263671875 0.053385416666666664
0.0 0.53662109375 0.4908854166666667 0.0263671875 0.0390625
0.0 0.53564453125 0.5787760416666666 0.0283203125 0.05078125
0.0 0.5048828125 0.5638020833333334 0.03125 0.044270833333333336
0.0 0.48876953125 0.5553385416666666 0.0283203125 0.040364583333333336
0.0 0.498046875 0.5182291666666666 0.0234375 0.036458333333333336
0.0 0.45703125 0.5305989583333334 0.01953125 0.029947916666666668
0.0 0.43310546875 0.54296875 0.0244140625 0.046875
0.0 0.4619140625 0.3854166666666667 0.0234375 0.036458333333333336
0.0 0.39794921875 0.396484375 0.0244140625 0.03515625
0.0 0.46240234375 0.6158854166666666 0.0283203125 0.046875
0.0 0.4521484375 0.5709635416666666 0.025390625 0.04296875
0.0 0.3955078125 0.5345052083333334 0.029296875 0.05078125
0.0 0.353515625 0.5201822916666666 0.029296875 0.048177083333333336
0.0 0.35107421875 0.447265625 0.0244140625 0.037760416666666664
0.0 0.31298828125 0.4641927083333333 0.0244140625 0.03515625
0.0 0.27490234375 0.4498697916666667 0.0263671875 0.037760416666666664
0.0 0.26806640625 0.384765625 0.0244140625 0.040364583333333336
0.0 0.2392578125 0.5201822916666666 0.033203125 0.05078125
0.0 0.31689453125 0.5423177083333334 0.0322265625 0.05078125
0.0 0.18896484375 0.5143229166666666 0.0302734375 0.044270833333333336
0.0 0.1435546875 0.494140625 0.029296875 0.045572916666666664
0.0 0.107421875 0.5078125 0.025390625 0.0390625
0.0 0.07861328125 0.5013020833333334 0.0283203125 0.041666666666666664
0.0 0.0546875 0.4173177083333333 0.03125 0.045572916666666664
0.0 0.0302734375 0.509765625 0.033203125 0.048177083333333336
0.0 0.0146484375 0.498046875 0.02734375 0.048177083333333336
0.0 0.7294921875 0.5091145833333334 0.0234375 0.057291666666666664
