0.0 0.03076171875 0.05041436464088398 0.0224609375 0.04005524861878453
0.0 0.1962890625 0.10911602209944751 0.0234375 0.04143646408839779
0.0 0.27001953125 0.10013812154696132 0.0244140625 0.04005524861878453
0.0 0.42041015625 0.20303867403314918 0.0185546875 0.027624309392265192
0.0 0.47265625 0.4302486187845304 0.013671875 0.020718232044198894
0.0 0.18994140625 0.7203038674033149 0.0380859375 0.05939226519337017
0.0 0.2548828125 0.7534530386740331 0.0390625 0.05386740331491713
0.0 0.57177734375 0.10911602209944751 0.0126953125 0.022099447513812154
0.0 0.5947265625 0.12154696132596685 0.01171875 0.022099447513812154
0.0 0.78125 0.11256906077348067 0.0078125 0.015193370165745856
0.0 0.7666015625 0.10290055248618785 0.00390625 0.009668508287292817
0.0 0.7412109375 0.11878453038674033 0.005859375 0.011049723756906077
0.0 0.57275390625 0.46685082872928174 0.0146484375 0.022099447513812154
0.0 0.61669921875 0.4599447513812155 0.0146484375 0.022099447513812154
0.0 0.70703125 0.5214088397790055 0.01171875 0.017955801104972375
0.0 0.93798828125 0.021408839779005526 0.0126953125 0.017955801104972375
0.0 0.8720703125 0.021408839779005526 0.013671875 0.020718232044198894
0.0 0.89794921875 0.2292817679558011 0.0126953125 0.019337016574585635
0.0 0.85400390625 0.4606353591160221 0.0146484375 0.023480662983425413
0.0 0.87255859375 0.43922651933701656 0.0126953125 0.022099447513812154
0.0 0.89990234375 0.4993093922651934 0.0126953125 0.023480662983425413
0.0 0.9892578125 0.4551104972375691 0.001953125 0.004143646408839779
0.0 0.845703125 0.736878453038674 0.013671875 0.020718232044198894
0.0 0.4921875 0.7223756906077348 0.01953125 0.03038674033149171
0.0 0.53955078125 0.7430939226519337 0.0166015625 0.03867403314917127
0.0 0.55712890625 0.7417127071823204 0.0244140625 0.04143646408839779
