0.0 0.162109375 0.20448275862068965 0.0859375 0.07379310344827586
0.0 0.31787109375 0.14413793103448275 0.0888671875 0.0896551724137931
0.0 0.50244140625 0.07827586206896552 0.0830078125 0.08206896551724138
0.0 0.689453125 0.12551724137931033 0.0859375 0.07586206896551724
0.0 0.86767578125 0.1693103448275862 0.0830078125 0.07379310344827586
0.0 0.12158203125 0.38862068965517244 0.0771484375 0.08206896551724138
0.0 0.509765625 0.3386206896551724 0.107421875 0.10758620689655173
0.0 0.89404296875 0.33448275862068966 0.0693359375 0.07586206896551724
0.0 0.84326171875 0.5179310344827586 0.0888671875 0.08
0.0 0.1923828125 0.5693103448275862 0.0859375 0.07793103448275862
0.0 0.1064453125 0.7648275862068965 0.07421875 0.0703448275862069
0.0 0.24609375 0.8724137931034482 0.06640625 0.0703448275862069
0.0 0.4287109375 0.8475862068965517 0.072265625 0.07586206896551724
0.0 0.603515625 0.8241379310344827 0.07421875 0.07586206896551724
0.0 0.76220703125 0.7658620689655172 0.0830078125 0.07241379310344828
0.0 0.89697265625 0.6951724137931035 0.0693359375 0.08
