0.0 0.8994140625 0.3790322580645161 0.0234375 0.04252199413489736
0.0 0.7890625 0.3812316715542522 0.021484375 0.04105571847507331
0.0 0.7021484375 0.43841642228739003 0.01953125 0.03812316715542522
0.0 0.64453125 0.4112903225806452 0.021484375 0.039589442815249266
0.0 0.583984375 0.45454545454545453 0.015625 0.03519061583577713
0.0 0.50341796875 0.4186217008797654 0.0185546875 0.039589442815249266
0.0 0.4638671875 0.5263929618768328 0.01953125 0.03519061583577713
0.0 0.40283203125 0.4442815249266862 0.0166015625 0.03519061583577713
0.0 0.35888671875 0.5454545454545454 0.0146484375 0.026392961876832845
0.0 0.32177734375 0.43621700879765396 0.0166015625 0.039589442815249266
0.0 0.25439453125 0.45454545454545453 0.0166015625 0.03812316715542522
0.0 0.16845703125 0.3951612903225806 0.0224609375 0.039589442815249266
0.0 0.11181640625 0.4149560117302053 0.0185546875 0.03519061583577713
