0.0 0.98095703125 0.5772532188841202 0.0283203125 0.04148783977110158
0.0 0.84423828125 0.5107296137339056 0.0185546875 0.031473533619456366
0.0 0.94384765625 0.4728183118741059 0.0166015625 0.024320457796852647
0.0 0.99462890625 0.4592274678111588 0.0107421875 0.01430615164520744
0.0 0.96826171875 0.42560801144492133 0.0068359375 0.010014306151645207
0.0 0.99365234375 0.41917024320457796 0.0048828125 0.008583690987124463
0.0 0.44775390625 0.48068669527896996 0.0126953125 0.022889842632331903
0.0 0.46240234375 0.4563662374821173 0.0107421875 0.017167381974248927
0.0 0.47900390625 0.44420600858369097 0.0087890625 0.012875536480686695
0.0 0.29296875 0.47854077253218885 0.013671875 0.02145922746781116
0.0 0.33544921875 0.4570815450643777 0.0087890625 0.01859799713876967
0.0 0.3671875 0.4434907010014306 0.0078125 0.017167381974248927
0.0 0.3916015625 0.4356223175965665 0.005859375 0.010014306151645207
0.0 0.41162109375 0.4234620886981402 0.0068359375 0.011444921316165951
0.0 0.42724609375 0.4227467811158798 0.0048828125 0.00715307582260372
0.0 0.34423828125 0.43061516452074394 0.0068359375 0.011444921316165951
0.0 0.31689453125 0.43991416309012876 0.0087890625 0.012875536480686695
0.0 0.2998046875 0.4263233190271817 0.005859375 0.008583690987124463
0.0 0.36767578125 0.4220314735336195 0.0048828125 0.008583690987124463
0.0 0.38623046875 0.4177396280400572 0.0048828125 0.008583690987124463
0.0 0.39892578125 0.4127324749642346 0.0048828125 0.00715307582260372
0.0 0.439453125 0.4155937052932761 0.005859375 0.00715307582260372
0.0 0.4873046875 0.4356223175965665 0.0078125 0.010014306151645207
0.0 0.5703125 0.4341917024320458 0.005859375 0.010014306151645207
0.0 0.63916015625 0.42131616595135907 0.0048828125 0.010014306151645207
0.0 0.62451171875 0.4198855507868383 0.0048828125 0.00715307582260372
0.0 0.0654296875 0.5793991416309013 0.029296875 0.03719599427753934
0.0 0.205078125 0.5128755364806867 0.01953125 0.030042918454935622
0.0 0.169921875 0.47567954220314734 0.013671875 0.024320457796852647
0.0 0.19775390625 0.4470672389127325 0.0087890625 0.012875536480686695
0.0 0.24169921875 0.4592274678111588 0.0087890625 0.017167381974248927
0.0 0.28857421875 0.45278969957081544 0.0087890625 0.012875536480686695
0.0 0.27001953125 0.42775393419170243 0.0068359375 0.008583690987124463
0.0 0.123046875 0.4642346208869814 0.009765625 0.015736766809728183
0.0 0.1630859375 0.4427753934191702 0.0078125 0.010014306151645207
0.0 0.14111328125 0.4341917024320458 0.0068359375 0.012875536480686695
0.0 0.04052734375 0.522889842632332 0.0224609375 0.024320457796852647
0.0 0.03125 0.4864091559370529 0.015625 0.020028612303290415
0.0 0.0078125 0.463519313304721 0.01171875 0.01430615164520744
0.0 0.025390625 0.449928469241774 0.0078125 0.012875536480686695
0.0 0.1064453125 0.4513590844062947 0.009765625 0.012875536480686695
0.0 0.09326171875 0.4434907010014306 0.0068359375 0.011444921316165951
0.0 0.20458984375 0.43276108726752505 0.0068359375 0.010014306151645207
0.0 0.18408203125 0.4241773962804006 0.0068359375 0.010014306151645207
0.0 0.07470703125 0.43061516452074394 0.0048828125 0.008583690987124463
0.0 0.06494140625 0.43061516452074394 0.0048828125 0.008583690987124463
0.0 0.0546875 0.42560801144492133 0.005859375 0.00715307582260372
0.0 0.12109375 0.4241773962804006 0.00390625 0.00715307582260372
0.0 0.109375 0.4248927038626609 0.00390625 0.005722460658082976
0.0 0.16455078125 0.42131616595135907 0.0048828125 0.00715307582260372
0.0 0.19873046875 0.4177396280400572 0.0048828125 0.008583690987124463
0.0 0.22021484375 0.42131616595135907 0.0048828125 0.00715307582260372
0.0 0.14892578125 0.4177396280400572 0.0048828125 0.005722460658082976
0.0 0.7890625 0.41201716738197425 0.00390625 0.008583690987124463
0.0 0.79638671875 0.4055793991416309 0.0029296875 0.00715307582260372
0.0 0.8173828125 0.41416309012875535 0.00390625 0.00715307582260372
0.0 0.767578125 0.4041487839771102 0.00390625 0.00715307582260372
0.0 0.77783203125 0.4034334763948498 0.0029296875 0.005722460658082976
0.0 0.7333984375 0.41201716738197425 0.00390625 0.005722460658082976
0.0 0.73486328125 0.39914163090128757 0.0029296875 0.005722460658082976
0.0 0.7197265625 0.40701001430615164 0.00390625 0.00715307582260372
0.0 0.88330078125 0.41487839771101576 0.0048828125 0.008583690987124463
0.0 0.87548828125 0.40987124463519314 0.0048828125 0.00715307582260372
0.0 0.853515625 0.40915593705293274 0.00390625 0.008583690987124463
0.0 0.935546875 0.40987124463519314 0.00390625 0.00715307582260372
0.0 0.90869140625 0.44635193133047213 0.0087890625 0.01430615164520744
0.0 0.9375 0.43490701001430615 0.0078125 0.01430615164520744
0.0 0.9208984375 0.4198855507868383 0.005859375 0.010014306151645207
0.0 0.94921875 0.41201716738197425 0.005859375 0.008583690987124463
0.0 0.9091796875 0.4105865522174535 0.005859375 0.008583690987124463
0.0 0.89306640625 0.42560801144492133 0.0087890625 0.012875536480686695
0.0 0.8583984375 0.4592274678111588 0.013671875 0.020028612303290415
0.0 0.7744140625 0.4814020028612303 0.013671875 0.01859799713876967
0.0 0.79541015625 0.44420600858369097 0.0087890625 0.015736766809728183
0.0 0.72607421875 0.46280400572246067 0.0107421875 0.015736766809728183
0.0 0.68408203125 0.43919885550786836 0.0068359375 0.01430615164520744
0.0 0.76318359375 0.4363376251788269 0.0068359375 0.01430615164520744
0.0 0.78076171875 0.42131616595135907 0.0048828125 0.00715307582260372
0.0 0.85107421875 0.438483547925608 0.0048828125 0.012875536480686695
0.0 0.8466796875 0.41702432045779686 0.005859375 0.00715307582260372
0.0 0.8125 0.42560801144492133 0.0078125 0.010014306151645207
0.0 0.73583984375 0.4241773962804006 0.0068359375 0.010014306151645207
0.0 0.70947265625 0.41917024320457796 0.0068359375 0.008583690987124463
0.0 0.69384765625 0.4105865522174535 0.0048828125 0.008583690987124463
0.0 0.66748046875 0.4341917024320458 0.0068359375 0.012875536480686695
0.0 0.6494140625 0.42560801144492133 0.005859375 0.010014306151645207
0.0 0.759765625 0.4127324749642346 0.005859375 0.010014306151645207
0.0 0.74853515625 0.7374821173104434 0.0400390625 0.06437768240343347
0.0 0.69482421875 0.5836909871244635 0.0283203125 0.045779685264663805
0.0 0.6240234375 0.5278969957081545 0.015625 0.02861230329041488
0.0 0.59375 0.48569384835479257 0.015625 0.027181688125894134
0.0 0.5869140625 0.4570815450643777 0.009765625 0.01859799713876967
0.0 0.58154296875 0.4434907010014306 0.0087890625 0.01430615164520744
0.0 0.357421875 0.734620886981402 0.0390625 0.055793991416309016
0.0 0.408203125 0.5772532188841202 0.02734375 0.04148783977110158
0.0 0.44091796875 0.5121602288984263 0.0166015625 0.02575107296137339
