0.0 0.140625 0.2981770833333333 0.03515625 0.0625
0.0 0.19873046875 0.2727864583333333 0.0361328125 0.061197916666666664
0.0 0.30712890625 0.2623697916666667 0.0341796875 0.055989583333333336
0.0 0.38623046875 0.3125 0.0380859375 0.0625
0.0 0.2109375 0.439453125 0.04296875 0.07942708333333333
0.0 0.330078125 0.4635416666666667 0.041015625 0.07291666666666667
0.0 0.46875 0.4563802083333333 0.044921875 0.07421875
0.0 0.623046875 0.4361979166666667 0.04296875 0.07552083333333333
0.0 0.4912109375 0.2779947916666667 0.033203125 0.06901041666666667
0.0 0.5830078125 0.2994791666666667 0.0390625 0.06510416666666667
0.0 0.6748046875 0.24609375 0.041015625 0.0703125
0.0 0.7392578125 0.2740885416666667 0.044921875 0.07682291666666667
0.0 0.85791015625 0.24869791666666666 0.0458984375 0.08072916666666667
