0.0 0.1015625 0.32150313152400833 0.025390625 0.07933194154488518
0.0 0.119140625 0.3048016701461378 0.02734375 0.07515657620041753
0.0 0.212890625 0.3277661795407098 0.033203125 0.07515657620041753
0.0 0.25439453125 0.2870563674321503 0.0244140625 0.06889352818371608
0.0 0.3134765625 0.27348643006263046 0.033203125 0.07515657620041753
0.0 0.52587890625 0.2567849686847599 0.0244140625 0.06680584551148225
0.0 0.4765625 0.24321503131524008 0.02734375 0.060542797494780795
0.0 0.4306640625 0.2599164926931106 0.029296875 0.06471816283924843
0.0 0.37255859375 0.1440501043841336 0.0244140625 0.05845511482254697
0.0 0.74169921875 0.2776617954070981 0.0283203125 0.05845511482254697
0.0 0.66455078125 0.2776617954070981 0.0283203125 0.06263048016701461
0.0 0.59521484375 0.2776617954070981 0.0283203125 0.06263048016701461
0.0 0.56591796875 0.23382045929018788 0.0263671875 0.05845511482254697
0.0 0.5146484375 0.21189979123173278 0.02734375 0.060542797494780795
0.0 0.7080078125 0.21294363256784968 0.0234375 0.06680584551148225
0.0 0.9248046875 0.16701461377870563 0.0234375 0.054279749478079335
0.0 0.8935546875 0.24321503131524008 0.02734375 0.06471816283924843
0.0 0.849609375 0.22860125260960334 0.025390625 0.060542797494780795
0.0 0.798828125 0.18580375782881003 0.025390625 0.06263048016701461
0.0 0.80322265625 0.11064718162839249 0.0224609375 0.06263048016701461
0.0 0.7861328125 0.2661795407098121 0.025390625 0.060542797494780795
