0.0 0.0166015625 0.526797385620915 0.033203125 0.08104575163398693
0.0 0.125 0.4718954248366013 0.04296875 0.08366013071895424
0.0 0.2685546875 0.39673202614379083 0.03125 0.06405228758169934
0.0 0.37255859375 0.3908496732026144 0.0283203125 0.054901960784313725
0.0 0.42138671875 0.39477124183006534 0.0244140625 0.047058823529411764
0.0 0.462890625 0.37712418300653594 0.025390625 0.048366013071895426
0.0 0.5732421875 0.361437908496732 0.025390625 0.040522875816993466
0.0 0.69091796875 0.3633986928104575 0.0224609375 0.0392156862745098
0.0 0.81103515625 0.3784313725490196 0.0244140625 0.03529411764705882
0.0 0.23681640625 0.6895424836601307 0.0498046875 0.12418300653594772
0.0 0.91552734375 0.3784313725490196 0.0322265625 0.06143790849673202
