0.0 0.98583984375 0.5064350064350064 0.0107421875 0.02445302445302445
0.0 0.94873046875 0.5797940797940798 0.0107421875 0.021879021879021878
0.0 0.9951171875 0.5842985842985843 0.009765625 0.02574002574002574
0.0 0.86328125 0.25868725868725867 0.041015625 0.05148005148005148
0.0 0.7255859375 0.5765765765765766 0.013671875 0.023166023166023165
0.0 0.7451171875 0.5900900900900901 0.0078125 0.01673101673101673
0.0 0.75830078125 0.5604890604890604 0.0126953125 0.02445302445302445
0.0 0.72314453125 0.6267696267696268 0.0146484375 0.02059202059202059
0.0 0.6923828125 0.30244530244530243 0.03125 0.05148005148005148
0.0 0.58544921875 0.6036036036036037 0.0107421875 0.02059202059202059
0.0 0.55322265625 0.46846846846846846 0.0107421875 0.018018018018018018
0.0 0.708984375 0.46074646074646075 0.013671875 0.02059202059202059
0.0 0.46337890625 0.1994851994851995 0.0517578125 0.07464607464607464
0.0 0.26025390625 0.45817245817245816 0.0126953125 0.02059202059202059
0.0 0.15576171875 0.315958815958816 0.0361328125 0.05276705276705277
0.0 0.05126953125 0.4034749034749035 0.0087890625 0.014157014157014158
0.0 0.02197265625 0.39575289575289574 0.0087890625 0.014157014157014158
0.0 0.02001953125 0.4555984555984556 0.0087890625 0.01287001287001287
0.0 0.04296875 0.46589446589446587 0.009765625 0.018018018018018018
0.0 0.0078125 0.5328185328185329 0.01171875 0.018018018018018018
0.0 0.99072265625 0.342985842985843 0.0087890625 0.021879021879021878
0.0 0.94873046875 0.3712998712998713 0.0107421875 0.01673101673101673
0.0 0.9091796875 0.38803088803088803 0.009765625 0.014157014157014158
