0.0 0.97265625 0.06349206349206349 0.009765625 0.015873015873015872
0.0 0.92431640625 0.04497354497354497 0.0087890625 0.013227513227513227
0.0 0.90625 0.06547619047619048 0.009765625 0.017195767195767195
0.0 0.77490234375 0.06283068783068783 0.0087890625 0.01455026455026455
0.0 0.73193359375 0.06415343915343916 0.0087890625 0.01455026455026455
0.0 0.728515625 0.11243386243386243 0.017578125 0.026455026455026454
0.0 0.61572265625 0.04298941798941799 0.0068359375 0.009259259259259259
0.0 0.6455078125 0.047619047619047616 0.005859375 0.007936507936507936
0.0 0.65478515625 0.04497354497354497 0.0048828125 0.007936507936507936
0.0 0.5966796875 0.09457671957671958 0.013671875 0.022486772486772486
0.0 0.78466796875 0.23346560846560846 0.0302734375 0.046296296296296294
0.0 0.72412109375 0.2810846560846561 0.0458984375 0.06481481481481481
0.0 0.6064453125 0.24338624338624337 0.056640625 0.08465608465608465
0.0 0.99365234375 0.2328042328042328 0.0126953125 0.05555555555555555
0.0 0.935546875 0.4801587301587302 0.072265625 0.10052910052910052
0.0 0.8896484375 0.4451058201058201 0.05859375 0.051587301587301584
0.0 0.04638671875 0.533068783068783 0.0771484375 0.10582010582010581
0.0 0.1611328125 0.03902116402116402 0.005859375 0.011904761904761904
0.0 0.17431640625 0.046296296296296294 0.0087890625 0.013227513227513227
