0.0 0.03515625 0.4033674963396779 0.02734375 0.05124450951683748
0.0 0.09716796875 0.3711566617862372 0.0224609375 0.03367496339677892
0.0 0.095703125 0.4143484626647145 0.02734375 0.043923865300146414
0.0 0.0791015625 0.4890190336749634 0.029296875 0.04978038067349927
0.0 0.01220703125 0.465592972181552 0.0244140625 0.04685212298682284
0.0 0.01416015625 0.5431918008784773 0.0283203125 0.0527086383601757
0.0 0.12744140625 0.4838945827232797 0.0244140625 0.04538799414348463
0.0 0.1708984375 0.5007320644216691 0.025390625 0.043923865300146414
0.0 0.14501953125 0.4363103953147877 0.0263671875 0.040995607613469986
0.0 0.166015625 0.38799414348462663 0.021484375 0.040995607613469986
0.0 0.1640625 0.34773060029282576 0.013671875 0.024890190336749635
0.0 0.2265625 0.3938506588579795 0.021484375 0.03513909224011713
0.0 0.20263671875 0.4238653001464129 0.0244140625 0.0424597364568082
0.0 0.26611328125 0.5051244509516838 0.0244140625 0.055636896046852125
0.0 0.27099609375 0.4143484626647145 0.0244140625 0.0527086383601757
0.0 0.29248046875 0.3806734992679356 0.0205078125 0.03806734992679356
0.0 0.27001953125 0.3389458272327965 0.0126953125 0.036603221083455345
0.0 0.3203125 0.32723279648609077 0.013671875 0.027818448023426062
0.0 0.37841796875 0.33601756954612005 0.0166015625 0.03367496339677892
0.0 0.38671875 0.3989751098096633 0.021484375 0.0424597364568082
0.0 0.42138671875 0.3689604685212299 0.0126953125 0.029282576866764276
0.0 0.46240234375 0.3784773060029283 0.0126953125 0.027818448023426062
0.0 0.45849609375 0.4150805270863836 0.0126953125 0.03367496339677892
0.0 0.38623046875 0.45168374816983897 0.0205078125 0.04538799414348463
0.0 0.3291015625 0.5117130307467057 0.01171875 0.027818448023426062
0.0 0.35009765625 0.5183016105417276 0.0283203125 0.055636896046852125
0.0 0.46484375 0.6054172767203514 0.021484375 0.05710102489019034
0.0 0.48583984375 0.6010248901903368 0.0302734375 0.06881405563689605
0.0 0.47900390625 0.4677891654465593 0.0244140625 0.0424597364568082
0.0 0.52685546875 0.35431918008784774 0.0126953125 0.029282576866764276
0.0 0.57958984375 0.3821376281112738 0.0146484375 0.032210834553440704
0.0 0.5615234375 0.404099560761347 0.015625 0.03513909224011713
0.0 0.6328125 0.36530014641288433 0.01171875 0.024890190336749635
0.0 0.66015625 0.3609077598828697 0.01171875 0.027818448023426062
0.0 0.70361328125 0.39092240117130306 0.0146484375 0.032210834553440704
0.0 0.72509765625 0.39751098096632503 0.0205078125 0.03953147877013177
0.0 0.60595703125 0.3945827232796486 0.0224609375 0.04538799414348463
0.0 0.63427734375 0.43265007320644217 0.0263671875 0.060029282576866766
0.0 0.6875 0.4216691068814056 0.017578125 0.03806734992679356
0.0 0.73486328125 0.45021961932650073 0.0205078125 0.04538799414348463
0.0 0.70703125 0.4685212298682284 0.02734375 0.04685212298682284
0.0 0.79443359375 0.4743777452415813 0.0283203125 0.06442166910688141
0.0 0.787109375 0.4019033674963397 0.01953125 0.036603221083455345
0.0 0.81640625 0.41874084919472915 0.025390625 0.04685212298682284
0.0 0.59716796875 0.5029282576866764 0.0224609375 0.0424597364568082
0.0 0.61572265625 0.582723279648609 0.0283203125 0.0527086383601757
0.0 0.70068359375 0.5592972181551976 0.0302734375 0.06442166910688141
0.0 0.76318359375 0.5717423133235725 0.0322265625 0.0746705710102489
0.0 0.8466796875 0.4765739385065886 0.03125 0.048316251830161056
0.0 0.875 0.42093704245973645 0.02734375 0.04538799414348463
0.0 0.94775390625 0.4289897510980966 0.0322265625 0.0527086383601757
0.0 0.97705078125 0.5058565153733529 0.0302734375 0.048316251830161056
0.0 0.89013671875 0.4816983894582723 0.0244140625 0.04978038067349927
0.0 0.31396484375 0.41142020497803805 0.0185546875 0.04685212298682284
0.0 0.74609375 0.36676427525622257 0.021484375 0.03367496339677892
0.0 0.55517578125 0.37481698389458273 0.0166015625 0.029282576866764276
0.0 0.5107421875 0.4341142020497804 0.01953125 0.0424597364568082
