0.0 0.509765625 0.19004524886877827 0.015625 0.08597285067873303
0.0 0.4814453125 0.3574660633484163 0.013671875 0.07692307692307693
0.0 0.537109375 0.1085972850678733 0.0146484375 0.08597285067873303
0.0 0.5498046875 0.14479638009049775 0.015625 0.09049773755656108
0.0 0.568359375 0.07239819004524888 0.0107421875 0.06334841628959276
0.0 0.576171875 0.12217194570135746 0.013671875 0.08597285067873303
0.0 0.59375 0.12669683257918551 0.0146484375 0.09049773755656108
0.0 0.0302734375 0.14027149321266968 0.017578125 0.10407239819004525
0.0 0.044921875 0.13574660633484162 0.013671875 0.08144796380090498
0.0 0.0576171875 0.18099547511312217 0.0146484375 0.08144796380090498
0.0 0.0380859375 0.5067873303167421 0.0146484375 0.08144796380090498
0.0 0.1015625 0.12217194570135746 0.015625 0.09502262443438914
0.0 0.0859375 0.17647058823529413 0.013671875 0.07239819004524888
0.0 0.076171875 0.15384615384615385 0.0087890625 0.07239819004524888
0.0 0.09765625 0.48868778280542985 0.015625 0.08597285067873303
0.0 0.125 0.15384615384615385 0.0126953125 0.07239819004524888
0.0 0.6572265625 0.12217194570135746 0.0107421875 0.06334841628959276
0.0 0.669921875 0.11764705882352941 0.0126953125 0.08144796380090498
0.0 0.681640625 0.13574660633484162 0.0126953125 0.07239819004524888
0.0 0.70703125 0.04524886877828054 0.01171875 0.08144796380090498
0.0 0.7158203125 0.15384615384615385 0.0126953125 0.07239819004524888
0.0 0.45703125 0.39819004524886875 0.0126953125 0.07239819004524888
0.0 0.419921875 0.45248868778280543 0.015625 0.09049773755656108
0.0 0.474609375 0.11312217194570136 0.01171875 0.08144796380090498
0.0 0.482421875 0.14027149321266968 0.009765625 0.06334841628959276
0.0 0.494140625 0.12217194570135746 0.01171875 0.07692307692307693
0.0 0.7080078125 0.3257918552036199 0.0166015625 0.09049773755656108
0.0 0.7431640625 0.5113122171945701 0.013671875 0.08597285067873303
0.0 0.7978515625 0.36199095022624433 0.015625 0.09049773755656108
0.0 0.228515625 0.334841628959276 0.01171875 0.07239819004524888
0.0 0.146484375 0.15384615384615385 0.0126953125 0.08144796380090498
0.0 0.134765625 0.46153846153846156 0.017578125 0.09049773755656108
0.0 0.162109375 0.5158371040723982 0.015625 0.09954751131221719
0.0 0.216796875 0.4117647058823529 0.0146484375 0.08144796380090498
0.0 0.1904296875 0.1583710407239819 0.013671875 0.07692307692307693
0.0 0.1630859375 0.14479638009049775 0.01171875 0.08597285067873303
0.0 0.2021484375 0.11764705882352941 0.0107421875 0.07239819004524888
0.0 0.21875 0.16289592760180996 0.01171875 0.07692307692307693
0.0 0.25 0.12669683257918551 0.0126953125 0.07692307692307693
0.0 0.2822265625 0.09502262443438914 0.01171875 0.08144796380090498
0.0 0.2705078125 0.167420814479638 0.0146484375 0.07692307692307693
0.0 0.2685546875 0.3755656108597285 0.013671875 0.08597285067873303
0.0 0.8720703125 0.49321266968325794 0.0166015625 0.08597285067873303
0.0 0.328125 0.18099547511312217 0.0126953125 0.07239819004524888
0.0 0.3447265625 0.11312217194570136 0.01171875 0.06787330316742081
0.0 0.33984375 0.13122171945701358 0.0107421875 0.06334841628959276
0.0 0.3505859375 0.17194570135746606 0.01171875 0.07692307692307693
0.0 0.365234375 0.2081447963800905 0.01171875 0.06787330316742081
0.0 0.365234375 0.1493212669683258 0.0107421875 0.058823529411764705
0.0 0.376953125 0.1583710407239819 0.0126953125 0.08144796380090498
0.0 0.388671875 0.15384615384615385 0.0126953125 0.07239819004524888
0.0 0.41015625 0.14027149321266968 0.01171875 0.07692307692307693
0.0 0.3115234375 0.15384615384615385 0.0126953125 0.06787330316742081
0.0 0.4072265625 0.3167420814479638 0.0126953125 0.07692307692307693
0.0 0.3837890625 0.47058823529411764 0.015625 0.09502262443438914
0.0 0.3330078125 0.42081447963800905 0.0126953125 0.08144796380090498
0.0 0.310546875 0.46153846153846156 0.013671875 0.08144796380090498
0.0 0.42578125 0.11764705882352941 0.0107421875 0.07239819004524888
0.0 0.4375 0.1085972850678733 0.009765625 0.06787330316742081
0.0 0.453125 0.09954751131221719 0.01171875 0.07692307692307693
0.0 0.6240234375 0.027149321266968326 0.0146484375 0.10407239819004525
0.0 0.6416015625 0.09954751131221719 0.013671875 0.09049773755656108
0.0 0.6416015625 0.4253393665158371 0.0166015625 0.09954751131221719
0.0 0.3037109375 0.2171945701357466 0.01171875 0.06787330316742081
0.0 0.734375 0.058823529411764705 0.01171875 0.07692307692307693
0.0 0.7421875 0.14027149321266968 0.01171875 0.07239819004524888
0.0 0.29296875 0.3574660633484163 0.0126953125 0.08597285067873303
0.0 0.42578125 0.2986425339366516 0.0126953125 0.08144796380090498
0.0 0.4609375 0.18552036199095023 0.0126953125 0.07239819004524888
0.0 0.8203125 0.12217194570135746 0.0126953125 0.07692307692307693
0.0 0.8369140625 0.07239819004524888 0.015625 0.08597285067873303
0.0 0.8515625 0.10407239819004525 0.015625 0.08597285067873303
0.0 0.880859375 0.04524886877828054 0.0166015625 0.09502262443438914
0.0 0.9384765625 0.06787330316742081 0.0185546875 0.10407239819004525
0.0 0.7548828125 0.07239819004524888 0.0126953125 0.08597285067873303
0.0 0.76953125 0.09954751131221719 0.009765625 0.06787330316742081
0.0 0.78125 0.1085972850678733 0.0146484375 0.08144796380090498
0.0 0.79296875 0.06787330316742081 0.0126953125 0.06787330316742081
0.0 0.7958984375 0.11764705882352941 0.0126953125 0.09049773755656108
0.0 0.8037109375 0.14479638009049775 0.0146484375 0.08597285067873303
0.0 0.662109375 0.3438914027149321 0.0146484375 0.09954751131221719
