0.0 0.7080078125 0.34364820846905536 0.01953125 0.017915309446254073
0.0 0.6298828125 0.34446254071661236 0.0224609375 0.017915309446254073
0.0 0.6435546875 0.36074918566775244 0.01953125 0.02035830618892508
0.0 0.669921875 0.36563517915309446 0.0224609375 0.021172638436482084
0.0 0.7080078125 0.3688925081433225 0.021484375 0.02035830618892508
0.0 0.73828125 0.3754071661237785 0.0205078125 0.023615635179153095
0.0 0.755859375 0.3770358306188925 0.0244140625 0.02035830618892508
0.0 0.763671875 0.3566775244299674 0.021484375 0.02035830618892508
0.0 0.6787109375 0.3941368078175896 0.0234375 0.02035830618892508
0.0 0.71484375 0.40472312703583063 0.0263671875 0.024429967426710098
0.0 0.7919921875 0.3982084690553746 0.0244140625 0.021986970684039087
0.0 0.7646484375 0.42996742671009774 0.0244140625 0.02687296416938111
0.0 0.8095703125 0.42671009771986973 0.0283203125 0.028501628664495113
0.0 0.666015625 0.4234527687296417 0.02734375 0.028501628664495113
0.0 0.6328125 0.38517915309446255 0.0263671875 0.02768729641693811
0.0 0.6064453125 0.36563517915309446 0.0205078125 0.019543973941368076
0.0 0.5888671875 0.34283387622149836 0.017578125 0.016286644951140065
0.0 0.5703125 0.36807817589576547 0.021484375 0.01710097719869707
0.0 0.5498046875 0.34609120521172637 0.0185546875 0.02035830618892508
0.0 0.5263671875 0.34446254071661236 0.0185546875 0.018729641693811076
0.0 0.5068359375 0.36563517915309446 0.0224609375 0.01710097719869707
0.0 0.5361328125 0.3745928338762215 0.0205078125 0.02035830618892508
0.0 0.5625 0.39006514657980457 0.0224609375 0.02280130293159609
0.0 0.6005859375 0.39087947882736157 0.021484375 0.021172638436482084
0.0 0.625 0.42752442996742673 0.025390625 0.021986970684039087
0.0 0.6513671875 0.4527687296416938 0.02734375 0.029315960912052116
0.0 0.7314453125 0.4584690553745928 0.0322265625 0.03013029315960912
0.0 0.583984375 0.44299674267100975 0.0263671875 0.028501628664495113
0.0 0.5400390625 0.41286644951140067 0.02734375 0.02687296416938111
0.0 0.4912109375 0.40553745928338764 0.0244140625 0.025244299674267102
0.0 0.51171875 0.38925081433224756 0.01953125 0.021986970684039087
0.0 0.4736328125 0.36726384364820847 0.0205078125 0.019543973941368076
0.0 0.4697265625 0.34201954397394135 0.01953125 0.018729641693811076
0.0 0.4482421875 0.4185667752442997 0.0244140625 0.025244299674267102
0.0 0.46875 0.3990228013029316 0.0244140625 0.023615635179153095
0.0 0.4873046875 0.44869706840390877 0.0302734375 0.03013029315960912
0.0 0.5302734375 0.46498371335504884 0.03125 0.030944625407166124
0.0 0.44140625 0.3550488599348534 0.0205078125 0.01710097719869707
0.0 0.4296875 0.3713355048859935 0.0244140625 0.021986970684039087
0.0 0.3818359375 0.34364820846905536 0.0224609375 0.023615635179153095
0.0 0.3642578125 0.3477198697068404 0.0185546875 0.017915309446254073
0.0 0.353515625 0.3721498371335505 0.01953125 0.021172638436482084
0.0 0.3779296875 0.38762214983713356 0.0244140625 0.021172638436482084
0.0 0.31640625 0.3949511400651466 0.0234375 0.021172638436482084
0.0 0.29296875 0.36644951140065146 0.0234375 0.021172638436482084
0.0 0.2763671875 0.4161237785016287 0.0263671875 0.024429967426710098
0.0 0.2822265625 0.3957654723127036 0.0234375 0.02768729641693811
0.0 0.3330078125 0.4210097719869707 0.0263671875 0.025244299674267102
0.0 0.3642578125 0.41123778501628666 0.0263671875 0.023615635179153095
0.0 0.384765625 0.42833876221498374 0.0283203125 0.030944625407166124
0.0 0.4150390625 0.4177524429967427 0.025390625 0.023615635179153095
0.0 0.3154296875 0.44381107491856675 0.029296875 0.025244299674267102
0.0 0.2392578125 0.4201954397394137 0.0283203125 0.026058631921824105
0.0 0.8251953125 0.46335504885993484 0.03125 0.02768729641693811
0.0 0.8447265625 0.503257328990228 0.0380859375 0.03501628664495114
0.0 0.806640625 0.497557003257329 0.03515625 0.030944625407166124
0.0 0.7841796875 0.5488599348534202 0.0390625 0.035830618892508145
0.0 0.724609375 0.5130293159609121 0.037109375 0.03175895765472313
0.0 0.6875 0.495928338762215 0.0302734375 0.030944625407166124
0.0 0.6640625 0.5333876221498371 0.0341796875 0.03664495114006515
0.0 0.6201171875 0.499185667752443 0.0341796875 0.03257328990228013
0.0 0.5810546875 0.49104234527687296 0.03125 0.03175895765472313
0.0 0.4501953125 0.4780130293159609 0.029296875 0.03175895765472313
0.0 0.43359375 0.504071661237785 0.0302734375 0.030944625407166124
0.0 0.5244140625 0.505700325732899 0.03125 0.03175895765472313
0.0 0.509765625 0.5496742671009772 0.041015625 0.03908794788273615
0.0 0.361328125 0.5301302931596091 0.033203125 0.03908794788273615
0.0 0.330078125 0.4755700325732899 0.0322265625 0.03257328990228013
0.0 0.294921875 0.509771986970684 0.0341796875 0.035830618892508145
0.0 0.263671875 0.4543973941368078 0.03125 0.03013029315960912
0.0 0.22265625 0.4828990228013029 0.0322265625 0.03175895765472313
0.0 0.1806640625 0.4511400651465798 0.0283203125 0.02768729641693811
0.0 0.1884765625 0.5228013029315961 0.0341796875 0.030944625407166124
0.0 0.228515625 0.5814332247557004 0.0361328125 0.03501628664495114
0.0 0.0908203125 0.5504885993485342 0.044921875 0.03908794788273615
0.0 0.4052734375 0.4723127035830619 0.0322265625 0.02687296416938111
0.0 0.5380859375 0.31514657980456023 0.0068359375 0.010586319218241042
0.0 0.4423828125 0.3265472312703583 0.0068359375 0.008957654723127036
0.0 0.01171875 0.30700325732899025 0.009765625 0.012214983713355049
0.0 0.0400390625 0.2907166123778502 0.0078125 0.009771986970684038
