0.0 0.8408203125 0.24609375 0.0771484375 0.10677083333333333
0.0 0.65234375 0.22916666666666666 0.072265625 0.11067708333333333
0.0 0.4462890625 0.2786458333333333 0.0595703125 0.09765625
0.0 0.2890625 0.30859375 0.060546875 0.09505208333333333
0.0 0.4853515625 0.061197916666666664 0.0625 0.1015625
0.0 0.5888671875 0.171875 0.03515625 0.057291666666666664
0.0 0.2861328125 0.22395833333333334 0.0244140625 0.024739583333333332
0.0 0.92578125 0.18489583333333334 0.0126953125 0.01953125
0.0 0.8984375 0.1640625 0.009765625 0.013020833333333334
0.0 0.8671875 0.16536458333333334 0.0087890625 0.01171875
0.0 0.783203125 0.23046875 0.037109375 0.053385416666666664
