0.0 0.0 0.6088235294117647 0.0361328125 0.09264705882352942
0.0 0.1259765625 0.6397058823529411 0.013671875 0.03235294117647059
0.0 0.1533203125 0.6573529411764706 0.013671875 0.029411764705882353
0.0 0.2177734375 0.6602941176470588 0.013671875 0.03529411764705882
0.0 0.2626953125 0.6617647058823529 0.013671875 0.029411764705882353
0.0 0.359375 0.6705882352941176 0.017578125 0.030882352941176472
0.0 0.5400390625 0.6897058823529412 0.01171875 0.023529411764705882
0.0 0.8359375 0.5720588235294117 0.0322265625 0.09705882352941177
0.0 0.744140625 0.7014705882352941 0.0166015625 0.030882352941176472
0.0 0.2060546875 0.6808823529411765 0.015625 0.039705882352941174
