0.0 0.1455078125 0.4106217616580311 0.013671875 0.04404145077720207
0.0 0.10546875 0.44041450777202074 0.013671875 0.04145077720207254
0.0 0.0556640625 0.4481865284974093 0.013671875 0.046632124352331605
0.0 0.03271484375 0.422279792746114 0.0146484375 0.04145077720207254
0.0 0.12109375 0.4520725388601036 0.013671875 0.04404145077720207
0.0 0.20068359375 0.4170984455958549 0.0146484375 0.04145077720207254
0.0 0.21826171875 0.422279792746114 0.0126953125 0.04145077720207254
0.0 0.248046875 0.43134715025906734 0.009765625 0.02849740932642487
0.0 0.26220703125 0.4339378238341969 0.0126953125 0.038860103626943004
0.0 0.28662109375 0.42357512953367876 0.0126953125 0.02849740932642487
0.0 0.27294921875 0.422279792746114 0.0087890625 0.025906735751295335
0.0 0.298828125 0.422279792746114 0.0078125 0.025906735751295335
0.0 0.3037109375 0.405440414507772 0.009765625 0.02849740932642487
0.0 0.1591796875 0.4365284974093264 0.009765625 0.02849740932642487
0.0 0.31103515625 0.4533678756476684 0.0107421875 0.03626943005181347
0.0 0.3349609375 0.4326424870466321 0.01171875 0.03626943005181347
0.0 0.32861328125 0.43134715025906734 0.0087890625 0.02849740932642487
0.0 0.34765625 0.4274611398963731 0.009765625 0.031088082901554404
0.0 0.337890625 0.4028497409326425 0.009765625 0.02849740932642487
0.0 0.36767578125 0.4339378238341969 0.0107421875 0.03367875647668394
0.0 0.3603515625 0.41580310880829013 0.009765625 0.02849740932642487
0.0 0.38818359375 0.45466321243523317 0.0107421875 0.03367875647668394
0.0 0.412109375 0.43911917098445596 0.01171875 0.02849740932642487
0.0 0.38037109375 0.39896373056994816 0.0087890625 0.025906735751295335
0.0 0.3857421875 0.4106217616580311 0.009765625 0.02849740932642487
0.0 0.42822265625 0.4378238341968912 0.0107421875 0.031088082901554404
0.0 0.4404296875 0.4326424870466321 0.009765625 0.031088082901554404
0.0 0.4609375 0.41580310880829013 0.009765625 0.02849740932642487
0.0 0.48291015625 0.40414507772020725 0.0107421875 0.031088082901554404
0.0 0.4921875 0.4209844559585492 0.01171875 0.03367875647668394
0.0 0.5087890625 0.43911917098445596 0.009765625 0.02849740932642487
0.0 0.4814453125 0.560880829015544 0.01171875 0.03367875647668394
0.0 0.419921875 0.5984455958549223 0.01171875 0.03626943005181347
0.0 0.53466796875 0.4520725388601036 0.0107421875 0.03367875647668394
0.0 0.53466796875 0.4067357512953368 0.0107421875 0.031088082901554404
0.0 0.564453125 0.42487046632124353 0.009765625 0.031088082901554404
0.0 0.55712890625 0.41450777202072536 0.0107421875 0.031088082901554404
0.0 0.56689453125 0.4119170984455959 0.0107421875 0.031088082901554404
0.0 0.6298828125 0.5181347150259067 0.01171875 0.03626943005181347
0.0 0.5849609375 0.38860103626943004 0.009765625 0.031088082901554404
0.0 0.61376953125 0.4028497409326425 0.0107421875 0.02849740932642487
0.0 0.60546875 0.4365284974093264 0.009765625 0.03367875647668394
0.0 0.58740234375 0.44041450777202074 0.0107421875 0.031088082901554404
0.0 0.66357421875 0.405440414507772 0.0126953125 0.03367875647668394
0.0 0.63916015625 0.40932642487046633 0.0087890625 0.025906735751295335
0.0 0.64697265625 0.40414507772020725 0.0107421875 0.031088082901554404
0.0 0.82177734375 0.5569948186528497 0.0146484375 0.04145077720207254
0.0 0.7451171875 0.5518134715025906 0.013671875 0.04145077720207254
0.0 0.8388671875 0.422279792746114 0.01171875 0.03626943005181347
0.0 0.80078125 0.39896373056994816 0.013671875 0.03626943005181347
0.0 0.806640625 0.405440414507772 0.01171875 0.038860103626943004
0.0 0.78857421875 0.40932642487046633 0.0107421875 0.031088082901554404
0.0 0.75830078125 0.4170984455958549 0.0126953125 0.03626943005181347
0.0 0.7431640625 0.39378238341968913 0.01171875 0.031088082901554404
0.0 0.701171875 0.40025906735751293 0.01171875 0.03367875647668394
0.0 0.69140625 0.3911917098445596 0.009765625 0.031088082901554404
0.0 0.71337890625 0.4067357512953368 0.0107421875 0.031088082901554404
0.0 0.720703125 0.40025906735751293 0.009765625 0.02849740932642487
0.0 0.96240234375 0.4494818652849741 0.0166015625 0.03367875647668394
0.0 0.9287109375 0.4494818652849741 0.013671875 0.03367875647668394
0.0 0.8896484375 0.40932642487046633 0.015625 0.04145077720207254
0.0 0.875 0.43134715025906734 0.01171875 0.038860103626943004
0.0 0.86865234375 0.41968911917098445 0.0126953125 0.03626943005181347
0.0 0.85791015625 0.40932642487046633 0.0126953125 0.03626943005181347
