0.0 0.16064453125 0.22769028871391075 0.0517578125 0.09317585301837271
0.0 0.248046875 0.2690288713910761 0.05078125 0.08661417322834646
0.0 0.34228515625 0.1437007874015748 0.0498046875 0.09317585301837271
0.0 0.341796875 0.32020997375328086 0.052734375 0.09186351706036745
0.0 0.41064453125 0.239501312335958 0.0498046875 0.08792650918635171
0.0 0.50341796875 0.2887139107611549 0.0498046875 0.08398950131233596
0.0 0.51953125 0.11023622047244094 0.044921875 0.08923884514435695
0.0 0.58154296875 0.25131233595800523 0.0537109375 0.07742782152230972
0.0 0.69091796875 0.1463254593175853 0.0478515625 0.08792650918635171
0.0 0.65576171875 0.29986876640419946 0.0498046875 0.1010498687664042
0.0 0.7578125 0.2316272965879265 0.048828125 0.09055118110236221
0.0 0.86669921875 0.16929133858267717 0.0498046875 0.10236220472440945
