0.0 0.6494140625 0.4194977843426883 0.0234375 0.03840472673559823
0.0 0.62646484375 0.4017725258493353 0.0244140625 0.03545051698670606
0.0 0.52734375 0.3995568685376662 0.021484375 0.033973412112259974
0.0 0.51171875 0.4054652880354505 0.017578125 0.0310192023633678
0.0 0.45361328125 0.3995568685376662 0.0185546875 0.0310192023633678
0.0 0.42333984375 0.39438700147710487 0.0126953125 0.023633677991137372
0.0 0.3232421875 0.4098966026587888 0.0234375 0.03988183161004431
0.0 0.34716796875 0.378877400295421 0.0107421875 0.022156573116691284
0.0 0.2568359375 0.4121122599704579 0.01953125 0.03545051698670606
0.0 0.19287109375 0.40398818316100443 0.0166015625 0.028064992614475627
0.0 0.232421875 0.397341211225997 0.013671875 0.026587887740029542
0.0 0.20947265625 0.37961595273264404 0.0126953125 0.026587887740029542
0.0 0.275390625 0.34859675036927623 0.009765625 0.01772525849335303
0.0 0.0693359375 0.3316100443131462 0.0078125 0.013293943870014771
0.0 0.10498046875 0.30280649926144754 0.0087890625 0.014771048744460856
