0.0 0.029296875 0.4390602055800294 0.0146484375 0.02936857562408223
0.0 0.169921875 0.4845814977973568 0.0126953125 0.024963289280469897
0.0 0.23046875 0.4831130690161527 0.0146484375 0.024963289280469897
0.0 0.2900390625 0.4787077826725404 0.009765625 0.022026431718061675
0.0 0.3095703125 0.48604992657856094 0.01171875 0.01908957415565345
0.0 0.345703125 0.4801762114537445 0.009765625 0.020558002936857563
0.0 0.3671875 0.47577092511013214 0.0078125 0.016152716593245228
0.0 0.4013671875 0.48164464023494863 0.0078125 0.016152716593245228
0.0 0.4208984375 0.47723935389133626 0.0087890625 0.01908957415565345
0.0 0.4970703125 0.47430249632892807 0.0107421875 0.023494860499265784
0.0 0.505859375 0.49045521292217326 0.009765625 0.020558002936857563
0.0 0.609375 0.47430249632892807 0.01171875 0.020558002936857563
0.0 0.62890625 0.4948604992657856 0.021484375 0.039647577092511016
0.0 0.568359375 0.4654919236417034 0.0068359375 0.014684287812041116
0.0 0.4443359375 0.4801762114537445 0.013671875 0.024963289280469897
0.0 0.4853515625 0.47577092511013214 0.0078125 0.014684287812041116
0.0 0.75390625 0.48751835535976507 0.021484375 0.03671071953010279
0.0 0.7763671875 0.46402349486049926 0.009765625 0.020558002936857563
0.0 0.83203125 0.48164464023494863 0.015625 0.033773861967694566
0.0 0.8212890625 0.5330396475770925 0.015625 0.039647577092511016
0.0 0.8798828125 0.4713656387665198 0.013671875 0.027900146842878122
0.0 0.9013671875 0.49045521292217326 0.0126953125 0.033773861967694566
0.0 0.95703125 0.48164464023494863 0.015625 0.030837004405286344
0.0 0.9521484375 0.46402349486049926 0.009765625 0.01908957415565345
0.0 0.5576171875 0.47723935389133626 0.0078125 0.01908957415565345
