0.0 0.27197265625 0.512937595129376 0.0166015625 0.0273972602739726
0.0 0.08984375 0.5136986301369864 0.01953125 0.0319634703196347
0.0 0.14697265625 0.502283105022831 0.0185546875 0.030441400304414
0.0 0.1337890625 0.6491628614916286 0.01953125 0.0319634703196347
0.0 0.17138671875 0.6263318112633182 0.0166015625 0.0289193302891933
0.0 0.22509765625 0.6164383561643836 0.0166015625 0.030441400304414
0.0 0.21044921875 0.5220700152207002 0.0166015625 0.0273972602739726
0.0 0.24365234375 0.743531202435312 0.0185546875 0.0289193302891933
0.0 0.1953125 0.6887366818873668 0.017578125 0.0319634703196347
0.0 0.17822265625 0.7496194824961948 0.0205078125 0.0319634703196347
0.0 0.109375 0.7496194824961948 0.021484375 0.0319634703196347
0.0 0.28466796875 0.6149162861491628 0.0185546875 0.030441400304414
0.0 0.2587890625 0.6575342465753424 0.01953125 0.030441400304414
0.0 0.3115234375 0.6575342465753424 0.01953125 0.030441400304414
0.0 0.3408203125 0.5159817351598174 0.015625 0.0273972602739726
0.0 0.37255859375 0.512937595129376 0.0146484375 0.0273972602739726
0.0 0.33544921875 0.6149162861491628 0.0166015625 0.0273972602739726
0.0 0.36376953125 0.665144596651446 0.0185546875 0.0334855403348554
0.0 0.38720703125 0.6118721461187214 0.0166015625 0.0273972602739726
0.0 0.40380859375 0.5121765601217656 0.0166015625 0.0289193302891933
0.0 0.4404296875 0.4901065449010654 0.015625 0.0243531202435312
0.0 0.4736328125 0.5114155251141552 0.015625 0.0273972602739726
0.0 0.4384765625 0.624048706240487 0.017578125 0.0273972602739726
0.0 0.41650390625 0.6879756468797564 0.0185546875 0.0273972602739726
0.0 0.30078125 0.7503805175038052 0.01953125 0.0334855403348554
0.0 0.35888671875 0.7427701674277016 0.0205078125 0.0334855403348554
0.0 0.4208984375 0.7602739726027398 0.01953125 0.0350076103500761
0.0 0.6123046875 0.6643835616438356 0.017578125 0.0289193302891933
0.0 0.61083984375 0.6187214611872146 0.0166015625 0.0258751902587519
0.0 0.5712890625 0.632420091324201 0.017578125 0.0258751902587519
0.0 0.5546875 0.6719939117199392 0.017578125 0.0289193302891933
0.0 0.52880859375 0.604261796042618 0.0166015625 0.030441400304414
0.0 0.49169921875 0.6164383561643836 0.0166015625 0.030441400304414
0.0 0.4912109375 0.6605783866057838 0.017578125 0.0273972602739726
0.0 0.62646484375 0.4992389649923896 0.0166015625 0.0243531202435312
0.0 0.591796875 0.5190258751902588 0.017578125 0.0273972602739726
0.0 0.5625 0.4992389649923896 0.015625 0.0273972602739726
0.0 0.53125 0.5182648401826484 0.015625 0.0258751902587519
0.0 0.501953125 0.4878234398782344 0.015625 0.0258751902587519
0.0 0.8193359375 0.5038051750380518 0.017578125 0.030441400304414
0.0 0.76171875 0.5076103500761036 0.015625 0.0289193302891933
0.0 0.853515625 0.4748858447488584 0.017578125 0.0273972602739726
0.0 0.7392578125 0.471841704718417 0.015625 0.030441400304414
0.0 0.71484375 0.5220700152207002 0.015625 0.0243531202435312
0.0 0.69091796875 0.5053272450532724 0.0146484375 0.0243531202435312
0.0 0.66650390625 0.5167427701674278 0.0166015625 0.0289193302891933
0.0 0.73193359375 0.6118721461187214 0.0146484375 0.0273972602739726
0.0 0.78857421875 0.6187214611872146 0.0185546875 0.0319634703196347
0.0 0.677734375 0.6286149162861492 0.015625 0.0273972602739726
0.0 0.7958984375 0.6704718417047184 0.017578125 0.0289193302891933
0.0 0.78955078125 0.7275494672754946 0.0185546875 0.0334855403348554
0.0 0.720703125 0.7321156773211568 0.021484375 0.0365296803652968
0.0 0.6552734375 0.7176560121765602 0.017578125 0.0319634703196347
0.0 0.70654296875 0.6712328767123288 0.0185546875 0.030441400304414
0.0 0.65771484375 0.6727549467275494 0.0166015625 0.030441400304414
0.0 0.5947265625 0.7275494672754946 0.017578125 0.030441400304414
0.0 0.5361328125 0.7382039573820396 0.01953125 0.030441400304414
0.0 0.47314453125 0.741248097412481 0.0185546875 0.0334855403348554
0.0 0.92236328125 0.512937595129376 0.0166015625 0.0273972602739726
0.0 0.8740234375 0.5197869101978692 0.017578125 0.0289193302891933
0.0 0.919921875 0.6187214611872146 0.01953125 0.0350076103500761
0.0 0.88330078125 0.6080669710806698 0.0185546875 0.0319634703196347
0.0 0.912109375 0.7298325722983258 0.021484375 0.0350076103500761
0.0 0.849609375 0.6719939117199392 0.01953125 0.0319634703196347
0.0 0.8447265625 0.7351598173515982 0.01953125 0.030441400304414
0.0 0.7373046875 0.6735159817351598 0.017578125 0.0289193302891933
