0.0 0.859375 0.5963541666666666 0.052734375 0.0546875
0.0 0.630859375 0.5559895833333334 0.01953125 0.03515625
0.0 0.564453125 0.6145833333333334 0.025390625 0.044270833333333336
0.0 0.482421875 0.5403645833333334 0.0107421875 0.015625
0.0 0.0234375 0.4895833333333333 0.01171875 0.01953125
0.0 0.2353515625 0.5520833333333334 0.0107421875 0.0234375
0.0 0.2431640625 0.5325520833333334 0.009765625 0.016927083333333332
0.0 0.240234375 0.4934895833333333 0.0107421875 0.01953125
0.0 0.3896484375 0.5455729166666666 0.015625 0.03125
0.0 0.3330078125 0.5559895833333334 0.015625 0.029947916666666668
0.0 0.2734375 0.5455729166666666 0.0107421875 0.0234375
0.0 0.4111328125 0.546875 0.0126953125 0.024739583333333332
0.0 0.3701171875 0.5455729166666666 0.0126953125 0.020833333333333332
0.0 0.314453125 0.5325520833333334 0.0126953125 0.01953125
0.0 0.3291015625 0.52734375 0.0087890625 0.01953125
0.0 0.279296875 0.5260416666666666 0.0078125 0.015625
0.0 0.3037109375 0.5299479166666666 0.005859375 0.013020833333333334
0.0 0.4658203125 0.5065104166666666 0.005859375 0.013020833333333334
0.0 0.4140625 0.5 0.0048828125 0.009114583333333334
0.0 0.6328125 0.49609375 0.0068359375 0.013020833333333334
0.0 0.650390625 0.5013020833333334 0.005859375 0.01171875
0.0 0.177734375 0.5247395833333334 0.005859375 0.010416666666666666
