0.0 0.224609375 0.17447916666666666 0.0361328125 0.049479166666666664
0.0 0.322265625 0.1875 0.03125 0.049479166666666664
0.0 0.341796875 0.2421875 0.03515625 0.053385416666666664
0.0 0.3125 0.2942708333333333 0.037109375 0.053385416666666664
0.0 0.24609375 0.2526041666666667 0.03515625 0.049479166666666664
0.0 0.6083984375 0.21223958333333334 0.03125 0.048177083333333336
0.0 0.3896484375 0.17708333333333334 0.03125 0.044270833333333336
0.0 0.7822265625 0.2513020833333333 0.044921875 0.07682291666666667
0.0 0.658203125 0.2578125 0.0439453125 0.06901041666666667
0.0 0.564453125 0.2721354166666667 0.037109375 0.053385416666666664
0.0 0.4404296875 0.2265625 0.044921875 0.07161458333333333
0.0 0.5810546875 0.15625 0.0302734375 0.045572916666666664
0.0 0.646484375 0.15755208333333334 0.0302734375 0.041666666666666664
0.0 0.685546875 0.18098958333333334 0.033203125 0.049479166666666664
0.0 0.7080078125 0.12630208333333334 0.0283203125 0.04296875
0.0 0.6796875 0.09895833333333333 0.02734375 0.041666666666666664
0.0 0.6240234375 0.11197916666666667 0.03125 0.049479166666666664
0.0 0.57421875 0.07161458333333333 0.0283203125 0.044270833333333336
0.0 0.537109375 0.09635416666666667 0.0302734375 0.04296875
0.0 0.5126953125 0.14453125 0.03515625 0.0546875
0.0 0.486328125 0.08984375 0.02734375 0.052083333333333336
0.0 0.4248046875 0.0703125 0.029296875 0.037760416666666664
0.0 0.3759765625 0.06510416666666667 0.0302734375 0.045572916666666664
0.0 0.3271484375 0.08463541666666667 0.0302734375 0.045572916666666664
0.0 0.2822265625 0.11588541666666667 0.0341796875 0.046875
