0.0 0.966796875 0.30296127562642367 0.017578125 0.04555808656036447
0.0 0.9052734375 0.29157175398633256 0.015625 0.04555808656036447
0.0 0.87109375 0.3325740318906606 0.017578125 0.04555808656036447
0.0 0.861328125 0.29157175398633256 0.015625 0.04328018223234624
0.0 0.822265625 0.3234624145785877 0.013671875 0.03644646924829157
0.0 0.8115234375 0.2984054669703872 0.0126953125 0.03644646924829157
0.0 0.8232421875 0.2824601366742597 0.015625 0.04100227790432802
0.0 0.841796875 0.4646924829157175 0.0185546875 0.04555808656036447
0.0 0.8505859375 0.5466970387243736 0.01953125 0.05239179954441914
0.0 0.767578125 0.5603644646924829 0.01953125 0.05239179954441914
0.0 0.7685546875 0.4533029612756264 0.017578125 0.05011389521640091
0.0 0.763671875 0.3211845102505695 0.013671875 0.0387243735763098
0.0 0.79296875 0.33029612756264237 0.0146484375 0.04100227790432802
0.0 0.7578125 0.26651480637813213 0.0146484375 0.04100227790432802
0.0 0.712890625 0.3735763097949886 0.015625 0.04100227790432802
0.0 0.7353515625 0.3143507972665148 0.0146484375 0.04100227790432802
0.0 0.70703125 0.3211845102505695 0.015625 0.04100227790432802
0.0 0.666015625 0.3735763097949886 0.015625 0.04328018223234624
0.0 0.666015625 0.33712984054669703 0.0146484375 0.03189066059225513
0.0 0.677734375 0.296127562642369 0.0126953125 0.03644646924829157
0.0 0.7138671875 0.4419134396355353 0.013671875 0.04328018223234624
0.0 0.7060546875 0.5671981776765376 0.017578125 0.04783599088838269
0.0 0.669921875 0.4510250569476082 0.015625 0.04100227790432802
0.0 0.650390625 0.5626423690205011 0.017578125 0.04783599088838269
0.0 0.626953125 0.44646924829157175 0.0166015625 0.04555808656036447
0.0 0.6171875 0.3940774487471526 0.0146484375 0.04100227790432802
0.0 0.6279296875 0.3234624145785877 0.013671875 0.04328018223234624
0.0 0.6376953125 0.28018223234624146 0.013671875 0.04100227790432802
0.0 0.6513671875 0.2505694760820046 0.0126953125 0.0387243735763098
0.0 0.59375 0.2870159453302961 0.013671875 0.03644646924829157
0.0 0.5869140625 0.24829157175398633 0.013671875 0.03416856492027335
0.0 0.5859375 0.4419134396355353 0.017578125 0.04100227790432802
0.0 0.568359375 0.38724373576309795 0.01953125 0.04100227790432802
0.0 0.58984375 0.3530751708428246 0.0126953125 0.03416856492027335
0.0 0.5810546875 0.5831435079726651 0.01953125 0.05011389521640091
0.0 0.5166015625 0.5899772209567198 0.0146484375 0.04555808656036447
0.0 0.53515625 0.47380410022779046 0.01171875 0.03189066059225513
0.0 0.544921875 0.42369020501138954 0.013671875 0.04100227790432802
0.0 0.5244140625 0.38724373576309795 0.0126953125 0.0387243735763098
0.0 0.5498046875 0.3348519362186788 0.013671875 0.03416856492027335
0.0 0.552734375 0.27790432801822323 0.01171875 0.03416856492027335
0.0 0.5341796875 0.2505694760820046 0.0146484375 0.029612756264236904
0.0 0.490234375 0.44874715261959 0.0146484375 0.04328018223234624
0.0 0.5087890625 0.32801822323462415 0.013671875 0.03416856492027335
0.0 0.5107421875 0.2847380410022779 0.013671875 0.0387243735763098
0.0 0.4921875 0.2505694760820046 0.013671875 0.04100227790432802
0.0 0.4677734375 0.296127562642369 0.01171875 0.029612756264236904
0.0 0.4638671875 0.3325740318906606 0.015625 0.0387243735763098
0.0 0.46875 0.38496583143507973 0.017578125 0.04100227790432802
0.0 0.419921875 0.33940774487471526 0.0146484375 0.0387243735763098
0.0 0.4208984375 0.29157175398633256 0.013671875 0.03644646924829157
0.0 0.396484375 0.2528473804100228 0.0146484375 0.03416856492027335
0.0 0.3818359375 0.33940774487471526 0.013671875 0.0387243735763098
0.0 0.41015625 0.39863325740318906 0.0166015625 0.04100227790432802
0.0 0.3955078125 0.4419134396355353 0.0185546875 0.04100227790432802
0.0 0.4404296875 0.44646924829157175 0.0166015625 0.04100227790432802
0.0 0.3583984375 0.2984054669703872 0.017578125 0.0387243735763098
0.0 0.3505859375 0.25740318906605925 0.0146484375 0.03416856492027335
0.0 0.3369140625 0.3234624145785877 0.015625 0.04328018223234624
0.0 0.357421875 0.3917995444191344 0.0166015625 0.04328018223234624
0.0 0.3466796875 0.4646924829157175 0.015625 0.05011389521640091
0.0 0.3095703125 0.38496583143507973 0.017578125 0.04555808656036447
0.0 0.3134765625 0.2870159453302961 0.0146484375 0.04328018223234624
0.0 0.3125 0.2460136674259681 0.013671875 0.029612756264236904
0.0 0.2880859375 0.44419134396355353 0.01953125 0.05011389521640091
0.0 0.3173828125 0.5808656036446469 0.0185546875 0.05011389521640091
0.0 0.37890625 0.5831435079726651 0.01953125 0.05466970387243736
0.0 0.4482421875 0.5649202733485194 0.01953125 0.05011389521640091
0.0 0.28515625 0.3143507972665148 0.017578125 0.04555808656036447
0.0 0.2802734375 0.2528473804100228 0.015625 0.04100227790432802
0.0 0.2626953125 0.2824601366742597 0.0146484375 0.03644646924829157
0.0 0.220703125 0.3120728929384966 0.015625 0.04328018223234624
0.0 0.234375 0.30068337129840544 0.0166015625 0.04555808656036447
0.0 0.2568359375 0.39635535307517084 0.017578125 0.04783599088838269
0.0 0.23828125 0.45785876993166286 0.01953125 0.04100227790432802
0.0 0.2587890625 0.6082004555808656 0.0185546875 0.05011389521640091
0.0 0.1865234375 0.3439635535307517 0.017578125 0.04783599088838269
0.0 0.205078125 0.35990888382687924 0.0166015625 0.04783599088838269
0.0 0.1689453125 0.2938496583143508 0.017578125 0.04783599088838269
0.0 0.15234375 0.31890660592255127 0.0185546875 0.05239179954441914
0.0 0.1220703125 0.32574031890660593 0.0224609375 0.05466970387243736
0.0 0.447265625 0.2619589977220957 0.013671875 0.03644646924829157
0.0 0.0830078125 0.2642369020501139 0.0234375 0.05239179954441914
0.0 0.0263671875 0.28018223234624146 0.021484375 0.05466970387243736
0.0 0.392578125 0.7403189066059226 0.0283203125 0.05694760820045558
