0.0 0.18994140625 0.2411764705882353 0.0380859375 0.07352941176470588
0.0 0.27978515625 0.24411764705882352 0.0341796875 0.06470588235294118
0.0 0.3583984375 0.23088235294117648 0.03515625 0.061764705882352944
0.0 0.41015625 0.2485294117647059 0.03515625 0.061764705882352944
0.0 0.16552734375 0.4772058823529412 0.0419921875 0.075
0.0 0.2939453125 0.5551470588235294 0.048828125 0.06323529411764706
0.0 0.3720703125 0.5536764705882353 0.0390625 0.06911764705882353
0.0 0.53662109375 0.20661764705882352 0.0361328125 0.06911764705882353
0.0 0.6474609375 0.21102941176470588 0.0390625 0.06911764705882353
0.0 0.7275390625 0.28161764705882353 0.03515625 0.07205882352941176
0.0 0.79736328125 0.2867647058823529 0.0380859375 0.07352941176470588
0.0 0.9384765625 0.2801470588235294 0.03125 0.057352941176470586
0.0 0.5751953125 0.5433823529411764 0.0390625 0.06323529411764706
0.0 0.12109375 0.24485294117647058 0.041015625 0.07794117647058824
