0.0 0.15234375 0.42 0.0478515625 0.08588235294117647
0.0 0.2353515625 0.08823529411764706 0.037109375 0.06
0.0 0.126953125 0.12823529411764706 0.0166015625 0.04352941176470588
0.0 0.6875 0.12823529411764706 0.01953125 0.03294117647058824
0.0 0.6416015625 0.09176470588235294 0.013671875 0.024705882352941175
0.0 0.6884765625 0.09058823529411765 0.01171875 0.02
0.0 0.7255859375 0.09529411764705882 0.013671875 0.023529411764705882
0.0 0.7119140625 0.1411764705882353 0.0146484375 0.027058823529411764
0.0 0.7548828125 0.06823529411764706 0.0283203125 0.052941176470588235
0.0 0.1513671875 0.04941176470588235 0.013671875 0.041176470588235294
