0.0 0.45703125 0.15142428785607195 0.0419921875 0.03523238380809595
0.0 0.2431640625 0.8620689655172413 0.0498046875 0.049475262368815595
0.0 0.0185546875 0.7346326836581709 0.04296875 0.047976011994003
0.0 0.2421875 0.5862068965517241 0.04296875 0.031484257871064465
0.0 0.294921875 0.6221889055472264 0.044921875 0.034482758620689655
0.0 0.3935546875 0.6776611694152923 0.0419921875 0.037481259370314844
0.0 0.4833984375 0.6379310344827587 0.044921875 0.04272863568215892
0.0 0.466796875 0.8043478260869565 0.05859375 0.06596701649175413
0.0 0.6435546875 0.6244377811094453 0.0673828125 0.035982008995502246
0.0 0.798828125 0.5554722638680659 0.03515625 0.03298350824587706
