0.0 0.05712890625 0.703125 0.0322265625 0.029947916666666668
0.0 0.24072265625 0.7060546875 0.0244140625 0.021484375
0.0 0.34228515625 0.794921875 0.0400390625 0.024739583333333332
0.0 0.16162109375 0.8776041666666666 0.0302734375 0.03515625
0.0 0.2197265625 0.5374348958333334 0.025390625 0.020182291666666668
0.0 0.11767578125 0.4729817708333333 0.0126953125 0.013671875
0.0 0.1552734375 0.46875 0.015625 0.013020833333333334
0.0 0.32861328125 0.4615885416666667 0.0185546875 0.014322916666666666
0.0 0.2744140625 0.4547526041666667 0.01171875 0.008463541666666666
0.0 0.353515625 0.5598958333333334 0.01953125 0.018229166666666668
0.0 0.37353515625 0.5345052083333334 0.0205078125 0.018229166666666668
0.0 0.29443359375 0.6380208333333334 0.0361328125 0.026041666666666668
0.0 0.38232421875 0.646484375 0.0205078125 0.029947916666666668
0.0 0.357421875 0.7151692708333334 0.025390625 0.029296875
0.0 0.58544921875 0.58984375 0.0263671875 0.01953125
0.0 0.45166015625 0.5514322916666666 0.0224609375 0.01953125
0.0 0.548828125 0.5628255208333334 0.01953125 0.017578125
0.0 0.681640625 0.5325520833333334 0.01171875 0.015625
0.0 0.48828125 0.5130208333333334 0.015625 0.01171875
0.0 0.4267578125 0.5133463541666666 0.01953125 0.016276041666666668
0.0 0.4052734375 0.4632161458333333 0.017578125 0.014973958333333334
0.0 0.42529296875 0.4710286458333333 0.0166015625 0.017578125
0.0 0.55615234375 0.482421875 0.0205078125 0.015625
0.0 0.57177734375 0.5055338541666666 0.0166015625 0.014973958333333334
0.0 0.5654296875 0.4690755208333333 0.01171875 0.014973958333333334
0.0 0.6484375 0.5045572916666666 0.021484375 0.016927083333333332
0.0 0.62646484375 0.458984375 0.0126953125 0.013020833333333334
0.0 0.83251953125 0.4772135416666667 0.0185546875 0.013020833333333334
0.0 0.9169921875 0.46875 0.01953125 0.016927083333333332
0.0 0.9541015625 0.5087890625 0.029296875 0.020182291666666668
0.0 0.75732421875 0.611328125 0.0302734375 0.024739583333333332
0.0 0.896484375 0.638671875 0.03515625 0.02734375
0.0 0.14501953125 0.5729166666666666 0.0166015625 0.020833333333333332
