0.0 0.08203125 0.158040027605245 0.0107421875 0.013112491373360938
0.0 0.3818359375 0.21187025534851622 0.01953125 0.006901311249137336
0.0 0.7744140625 0.158040027605245 0.0185546875 0.016563146997929608
0.0 0.11328125 0.36783988957902003 0.01953125 0.01725327812284334
0.0 0.4375 0.36853002070393376 0.017578125 0.01725327812284334
0.0 0.775390625 0.3712905452035887 0.0107421875 0.015873015873015872
0.0 0.056640625 0.6480331262939959 0.0224609375 0.006211180124223602
0.0 0.4521484375 0.6245686680469289 0.0205078125 0.008281573498964804
0.0 0.7392578125 0.5769496204278813 0.0126953125 0.01518288474810214
0.0 0.1318359375 0.7929606625258799 0.013671875 0.01518288474810214
0.0 0.5048828125 0.7908902691511387 0.0146484375 0.016563146997929608
0.0 0.736328125 0.8488612836438924 0.0185546875 0.004140786749482402
