0.0 0.0927734375 0.6831955922865014 0.072265625 0.25206611570247933
0.0 0.1640625 0.1446280991735537 0.07421875 0.25068870523415976
0.0 0.32421875 0.34297520661157027 0.044921875 0.14738292011019283
0.0 0.3603515625 0.2548209366391185 0.0380859375 0.09366391184573003
0.0 0.396484375 0.14738292011019283 0.0478515625 0.15289256198347106
0.0 0.529296875 0.14325068870523416 0.0712890625 0.22727272727272727
0.0 0.6162109375 0.09641873278236915 0.0546875 0.1887052341597796
0.0 0.650390625 0.13636363636363635 0.0859375 0.31129476584022037
0.0 0.84375 0.1322314049586777 0.08203125 0.24517906336088155
0.0 0.9423828125 0.2190082644628099 0.0537109375 0.25206611570247933
0.0 0.9111328125 0.10192837465564739 0.05078125 0.11983471074380166
