0.0 0.05859375 0.21335268505079827 0.01171875 0.010159651669085631
0.0 0.1826171875 0.2053701015965167 0.01171875 0.008708272859216255
0.0 0.205078125 0.20391872278664733 0.009765625 0.008708272859216255
0.0 0.21484375 0.19666182873730043 0.0087890625 0.009433962264150943
0.0 0.2001953125 0.18359941944847605 0.0087890625 0.008708272859216255
0.0 0.19140625 0.2155297532656023 0.009765625 0.010159651669085631
0.0 0.2080078125 0.21190130624092887 0.009765625 0.008708272859216255
0.0 0.23046875 0.24020319303338172 0.01171875 0.011611030478955007
0.0 0.255859375 0.2169811320754717 0.009765625 0.008708272859216255
0.0 0.2421875 0.20609579100145137 0.0107421875 0.008708272859216255
0.0 0.2236328125 0.21262699564586357 0.009765625 0.009433962264150943
0.0 0.2236328125 0.193033381712627 0.0087890625 0.008708272859216255
0.0 0.2255859375 0.18577648766328012 0.009765625 0.010159651669085631
0.0 0.25 0.1937590711175617 0.009765625 0.010159651669085631
0.0 0.2607421875 0.20754716981132076 0.01171875 0.009433962264150943
0.0 0.2958984375 0.20827285921625543 0.0107421875 0.010159651669085631
0.0 0.3427734375 0.2169811320754717 0.009765625 0.009433962264150943
0.0 0.3154296875 0.2213352685050798 0.0078125 0.006531204644412192
0.0 0.3447265625 0.20174165457184326 0.0087890625 0.008708272859216255
0.0 0.37890625 0.19448476052249636 0.0205078125 0.018142235123367198
0.0 0.3681640625 0.19521044992743106 0.009765625 0.008708272859216255
0.0 0.412109375 0.20101596516690856 0.0078125 0.006531204644412192
0.0 0.4423828125 0.18287373004354138 0.0087890625 0.007982583454281567
0.0 0.4482421875 0.20029027576197386 0.0087890625 0.005805515239477504
0.0 0.4599609375 0.20754716981132076 0.0087890625 0.006531204644412192
0.0 0.318359375 0.2532656023222061 0.0087890625 0.007982583454281567
0.0 0.4580078125 0.24528301886792453 0.009765625 0.009433962264150943
0.0 0.478515625 0.19811320754716982 0.0078125 0.006531204644412192
0.0 0.4814453125 0.18940493468795355 0.0068359375 0.00725689404934688
0.0 0.5146484375 0.2358490566037736 0.0068359375 0.006531204644412192
0.0 0.560546875 0.216255442670537 0.009765625 0.010159651669085631
0.0 0.572265625 0.2104499274310595 0.005859375 0.0050798258345428155
0.0 0.5859375 0.193033381712627 0.0068359375 0.007982583454281567
0.0 0.556640625 0.204644412191582 0.0078125 0.00725689404934688
0.0 0.5986328125 0.20319303338171263 0.0078125 0.00725689404934688
0.0 0.599609375 0.22641509433962265 0.0087890625 0.009433962264150943
0.0 0.6162109375 0.21407837445573294 0.009765625 0.009433962264150943
0.0 0.6396484375 0.21335268505079827 0.009765625 0.010159651669085631
0.0 0.6357421875 0.20972423802612483 0.0087890625 0.00725689404934688
0.0 0.67578125 0.19521044992743106 0.009765625 0.009433962264150943
0.0 0.6884765625 0.20029027576197386 0.0068359375 0.00725689404934688
0.0 0.705078125 0.20319303338171263 0.0087890625 0.00725689404934688
0.0 0.697265625 0.19521044992743106 0.0078125 0.006531204644412192
0.0 0.736328125 0.1937590711175617 0.0126953125 0.012336719883889695
0.0 0.7529296875 0.19448476052249636 0.009765625 0.007982583454281567
0.0 0.79296875 0.19738751814223512 0.0078125 0.006531204644412192
0.0 0.798828125 0.18940493468795355 0.0078125 0.006531204644412192
0.0 0.8076171875 0.20391872278664733 0.01171875 0.012336719883889695
0.0 0.8330078125 0.204644412191582 0.0107421875 0.010159651669085631
0.0 0.8388671875 0.18722786647314948 0.0078125 0.00725689404934688
0.0 0.828125 0.1806966618287373 0.0087890625 0.007982583454281567
0.0 0.8505859375 0.1799709724238026 0.0087890625 0.008708272859216255
0.0 0.857421875 0.2358490566037736 0.013671875 0.013788098693759071
0.0 0.9462890625 0.1690856313497823 0.0087890625 0.009433962264150943
0.0 0.8984375 0.08635703918722787 0.0244140625 0.027576197387518143
0.0 0.51953125 0.09796806966618288 0.0283203125 0.029753265602322207
0.0 0.1552734375 0.3127721335268505 0.02734375 0.012336719883889695
0.0 0.5068359375 0.5058055152394775 0.1005859375 0.10377358490566038
0.0 0.072265625 0.2111756168359942 0.009765625 0.009433962264150943
0.0 0.078125 0.20609579100145137 0.009765625 0.007982583454281567
0.0 0.107421875 0.20391872278664733 0.01171875 0.009433962264150943
0.0 0.1015625 0.193033381712627 0.0107421875 0.009433962264150943
0.0 0.078125 0.18577648766328012 0.0107421875 0.008708272859216255
0.0 0.0830078125 0.17851959361393324 0.009765625 0.007982583454281567
0.0 0.0927734375 0.17198838896952104 0.009765625 0.008708272859216255
0.0 0.1025390625 0.16690856313497823 0.0087890625 0.00725689404934688
0.0 0.099609375 0.1574746008708273 0.009765625 0.00725689404934688
0.0 0.0595703125 0.16182873730043543 0.0107421875 0.007982583454281567
0.0 0.0576171875 0.17271407837445574 0.009765625 0.007982583454281567
0.0 0.0537109375 0.18577648766328012 0.01171875 0.010159651669085631
0.0 0.0361328125 0.19158200290275762 0.0107421875 0.01088534107402032
0.0 0.0986328125 0.21988388969521044 0.0107421875 0.008708272859216255
0.0 0.1328125 0.216255442670537 0.0126953125 0.010159651669085631
0.0 0.1494140625 0.20754716981132076 0.009765625 0.010159651669085631
0.0 0.1357421875 0.19448476052249636 0.0107421875 0.010159651669085631
0.0 0.1494140625 0.18867924528301888 0.009765625 0.00725689404934688
0.0 0.109375 0.18577648766328012 0.009765625 0.00725689404934688
0.0 0.138671875 0.18214804063860668 0.009765625 0.00725689404934688
0.0 0.1171875 0.1734397677793904 0.009765625 0.007982583454281567
0.0 0.12109375 0.16473149492017417 0.0078125 0.00725689404934688
0.0 0.1416015625 0.1690856313497823 0.0078125 0.006531204644412192
0.0 0.1640625 0.18214804063860668 0.009765625 0.008708272859216255
0.0 0.169921875 0.1734397677793904 0.0087890625 0.005805515239477504
0.0 0.1513671875 0.1734397677793904 0.009765625 0.010159651669085631
0.0 0.197265625 0.1741654571843251 0.009765625 0.007982583454281567
0.0 0.1845703125 0.1937590711175617 0.0087890625 0.007982583454281567
0.0 0.162109375 0.19811320754716982 0.009765625 0.008708272859216255
