0.0 0.021484375 0.3701923076923077 0.009765625 0.03245192307692308
0.0 0.0595703125 0.3557692307692308 0.0244140625 0.03245192307692308
0.0 0.0888671875 0.3737980769230769 0.017578125 0.026442307692307692
0.0 0.125 0.3701923076923077 0.0263671875 0.030048076923076924
0.0 0.173828125 0.34975961538461536 0.0302734375 0.04326923076923077
0.0 0.2470703125 0.35096153846153844 0.0205078125 0.030048076923076924
0.0 0.296875 0.35697115384615385 0.0224609375 0.038461538461538464
0.0 0.255859375 0.32211538461538464 0.0185546875 0.026442307692307692
0.0 0.279296875 0.3317307692307692 0.0205078125 0.02403846153846154
0.0 0.3232421875 0.3858173076923077 0.0302734375 0.04567307692307692
0.0 0.3427734375 0.3088942307692308 0.0234375 0.03485576923076923
0.0 0.3173828125 0.3245192307692308 0.01953125 0.028846153846153848
0.0 0.333984375 0.2620192307692308 0.021484375 0.02403846153846154
0.0 0.4287109375 0.109375 0.052734375 0.09134615384615384
0.0 0.54296875 0.24519230769230768 0.017578125 0.028846153846153848
0.0 0.583984375 0.3173076923076923 0.0234375 0.03245192307692308
0.0 0.6494140625 0.30528846153846156 0.0224609375 0.036057692307692304
0.0 0.677734375 0.3004807692307692 0.029296875 0.04567307692307692
0.0 0.603515625 0.35096153846153844 0.037109375 0.057692307692307696
0.0 0.6845703125 0.35096153846153844 0.0341796875 0.04927884615384615
0.0 0.740234375 0.35697115384615385 0.0390625 0.055288461538461536
0.0 0.7451171875 0.3004807692307692 0.0322265625 0.04326923076923077
0.0 0.7744140625 0.35096153846153844 0.0283203125 0.052884615384615384
0.0 0.861328125 0.3329326923076923 0.041015625 0.06009615384615385
0.0 0.861328125 0.28725961538461536 0.0361328125 0.04447115384615385
0.0 0.70703125 0.11778846153846154 0.0205078125 0.030048076923076924
