0.0 0.01416015625 0.4662629757785467 0.0185546875 0.08823529411764706
0.0 0.2685546875 0.3719723183391003 0.009765625 0.02422145328719723
0.0 0.32568359375 0.3468858131487889 0.0087890625 0.01903114186851211
0.0 0.47998046875 0.4134948096885813 0.0224609375 0.0657439446366782
0.0 0.61181640625 0.39273356401384085 0.0361328125 0.07958477508650519
0.0 0.65625 0.3754325259515571 0.025390625 0.05536332179930796
0.0 0.48583984375 0.2967128027681661 0.0068359375 0.012110726643598616
0.0 0.4453125 0.2958477508650519 0.005859375 0.01384083044982699
0.0 0.7763671875 0.43771626297577854 0.017578125 0.04152249134948097
0.0 0.94775390625 0.3468858131487889 0.0185546875 0.05709342560553633
0.0 0.41748046875 0.3036332179930796 0.0048828125 0.012110726643598616
