0.0 0.1416015625 0.7377398720682303 0.0078125 0.023454157782515993
0.0 0.1728515625 0.7334754797441365 0.0087890625 0.02771855010660981
0.0 0.2080078125 0.7292110874200426 0.0087890625 0.021321961620469083
0.0 0.24609375 0.7313432835820896 0.005859375 0.019189765458422176
0.0 0.259765625 0.7313432835820896 0.0078125 0.023454157782515993
0.0 0.2890625 0.7249466950959488 0.0068359375 0.019189765458422176
0.0 0.3359375 0.7313432835820896 0.0078125 0.021321961620469083
0.0 0.3623046875 0.7185501066098081 0.0068359375 0.021321961620469083
0.0 0.3916015625 0.7142857142857143 0.0068359375 0.023454157782515993
0.0 0.44140625 0.7142857142857143 0.0068359375 0.021321961620469083
0.0 0.4326171875 0.7057569296375267 0.005859375 0.023454157782515993
0.0 0.4853515625 0.7036247334754797 0.0068359375 0.019189765458422176
0.0 0.4990234375 0.7014925373134329 0.0078125 0.02771855010660981
0.0 0.5419921875 0.7014925373134329 0.0087890625 0.02771855010660981
0.0 0.5390625 0.6950959488272921 0.0068359375 0.023454157782515993
0.0 0.5654296875 0.697228144989339 0.0087890625 0.02771855010660981
0.0 0.5888671875 0.7100213219616205 0.0078125 0.023454157782515993
0.0 0.599609375 0.7228144989339019 0.0078125 0.021321961620469083
0.0 0.62890625 0.6993603411513859 0.0087890625 0.021321961620469083
0.0 0.6435546875 0.6993603411513859 0.0068359375 0.023454157782515993
0.0 0.6650390625 0.6929637526652452 0.009765625 0.02771855010660981
0.0 0.708984375 0.6950959488272921 0.0107421875 0.03624733475479744
0.0 0.7216796875 0.6780383795309168 0.0107421875 0.029850746268656716
0.0 0.7451171875 0.6695095948827292 0.0107421875 0.031982942430703626
0.0 0.775390625 0.6780383795309168 0.009765625 0.0255863539445629
0.0 0.921875 0.3006396588486141 0.0107421875 0.02771855010660981
0.0 0.103515625 0.5479744136460555 0.0068359375 0.019189765458422176
0.0 0.134765625 0.5522388059701493 0.0078125 0.0255863539445629
