0.0 0.26171875 0.17229129662522202 0.060546875 0.1349911190053286
0.0 0.3701171875 0.3428063943161634 0.03125 0.0674955595026643
0.0 0.4306640625 0.4493783303730018 0.017578125 0.03907637655417407
0.0 0.470703125 0.4920071047957371 0.0126953125 0.03019538188277087
0.0 0.5283203125 0.4191829484902309 0.01171875 0.03907637655417407
0.0 0.59765625 0.433392539964476 0.0126953125 0.04262877442273535
0.0 0.7158203125 0.43161634103019536 0.0107421875 0.035523978685612786
0.0 0.748046875 0.47602131438721135 0.01171875 0.02664298401420959
0.0 0.7998046875 0.47957371225577267 0.0146484375 0.028419182948490232
0.0 0.8583984375 0.35879218472468916 0.017578125 0.047957371225577264
