0.0 0.27880859375 0.40808823529411764 0.1201171875 0.175
0.0 0.49658203125 0.6 0.0283203125 0.05588235294117647
0.0 0.54736328125 0.5911764705882353 0.0400390625 0.10294117647058823
0.0 0.6318359375 0.45 0.0234375 0.04411764705882353
0.0 0.61865234375 0.5617647058823529 0.0322265625 0.061764705882352944
0.0 0.71630859375 0.4875 0.0263671875 0.057352941176470586
0.0 0.78564453125 0.8007352941176471 0.0751953125 0.1161764705882353
0.0 0.7451171875 0.6801470588235294 0.04296875 0.0661764705882353
0.0 0.9765625 0.6323529411764706 0.044921875 0.1264705882352941
0.0 0.8447265625 0.5257352941176471 0.044921875 0.08088235294117647
0.0 0.9267578125 0.5154411764705882 0.0390625 0.08676470588235294
0.0 0.751953125 0.5279411764705882 0.04296875 0.07352941176470588
0.0 0.73681640625 0.45294117647058824 0.0224609375 0.047058823529411764
0.0 0.87255859375 0.4088235294117647 0.0224609375 0.03823529411764706
0.0 0.90185546875 0.4602941176470588 0.0244140625 0.041176470588235294
0.0 0.92724609375 0.36617647058823527 0.0205078125 0.041176470588235294
0.0 0.84912109375 0.4727941176470588 0.0244140625 0.04852941176470588
0.0 0.6630859375 0.43308823529411766 0.01953125 0.033823529411764704
0.0 0.98681640625 0.5264705882352941 0.0263671875 0.06764705882352941
