0.0 0.236328125 0.8775659824046921 0.01171875 0.021994134897360705
0.0 0.25927734375 0.841642228739003 0.0126953125 0.020527859237536656
0.0 0.28662109375 0.7954545454545454 0.0087890625 0.016129032258064516
0.0 0.19091796875 0.7947214076246334 0.0107421875 0.01466275659824047
0.0 0.19775390625 0.7653958944281525 0.0087890625 0.017595307917888565
0.0 0.03759765625 0.8863636363636364 0.0087890625 0.016129032258064516
0.0 0.107421875 0.8555718475073314 0.009765625 0.01906158357771261
0.0 0.224609375 0.6121700879765396 0.005859375 0.013196480938416423
0.0 0.28857421875 0.6444281524926686 0.0087890625 0.013196480938416423
0.0 0.13818359375 0.6187683284457478 0.0068359375 0.011730205278592375
0.0 0.14111328125 0.5909090909090909 0.0048828125 0.011730205278592375
0.0 0.04833984375 0.5476539589442815 0.0068359375 0.013196480938416423
0.0 0.06884765625 0.5417888563049853 0.0048828125 0.010263929618768328
0.0 0.064453125 0.5542521994134897 0.005859375 0.008797653958944282
0.0 0.18408203125 0.6136363636363636 0.0048828125 0.010263929618768328
0.0 0.15771484375 0.41935483870967744 0.0048828125 0.008797653958944282
0.0 0.18896484375 0.47214076246334313 0.0048828125 0.008797653958944282
0.0 0.23583984375 0.46847507331378296 0.0048828125 0.010263929618768328
0.0 0.28369140625 0.4736070381231672 0.0068359375 0.011730205278592375
0.0 0.4775390625 0.5227272727272727 0.005859375 0.010263929618768328
0.0 0.46337890625 0.5190615835777126 0.0048828125 0.011730205278592375
0.0 0.47314453125 0.48167155425219943 0.0029296875 0.007331378299120235
0.0 0.48193359375 0.4574780058651026 0.0048828125 0.005865102639296188
0.0 0.267578125 0.10703812316715543 0.013671875 0.026392961876832845
0.0 0.11376953125 0.7082111436950147 0.0087890625 0.01466275659824047
0.0 0.56005859375 0.7228739002932552 0.0107421875 0.017595307917888565
0.0 0.9462890625 0.42595307917888564 0.00390625 0.007331378299120235
0.0 0.97412109375 0.41642228739002934 0.0048828125 0.008797653958944282
0.0 0.89697265625 0.37023460410557185 0.0048828125 0.007331378299120235
0.0 0.10009765625 0.7675953079178885 0.0087890625 0.016129032258064516
0.0 0.04541015625 0.6957478005865103 0.0068359375 0.016129032258064516
