0.0 0.11328125 0.7200520833333334 0.03125 0.03515625
0.0 0.337890625 0.7356770833333334 0.0263671875 0.041666666666666664
0.0 0.3642578125 0.73046875 0.03125 0.053385416666666664
0.0 0.2578125 0.5364583333333334 0.009765625 0.01953125
0.0 0.41796875 0.7630208333333334 0.029296875 0.048177083333333336
0.0 0.611328125 0.6302083333333334 0.0224609375 0.028645833333333332
0.0 0.607421875 0.5716145833333334 0.015625 0.02734375
0.0 0.625 0.5768229166666666 0.0048828125 0.01171875
0.0 0.572265625 0.5911458333333334 0.0146484375 0.024739583333333332
0.0 0.5556640625 0.5416666666666666 0.0126953125 0.018229166666666668
0.0 0.4052734375 0.4869791666666667 0.013671875 0.020833333333333332
0.0 0.427734375 0.4947916666666667 0.0068359375 0.016927083333333332
0.0 0.3623046875 0.4752604166666667 0.009765625 0.016927083333333332
0.0 0.59765625 0.47265625 0.0078125 0.01171875
0.0 0.4765625 0.4309895833333333 0.0078125 0.013020833333333334
0.0 0.5029296875 0.5208333333333334 0.0078125 0.013020833333333334
0.0 0.5712890625 0.4440104166666667 0.0078125 0.013020833333333334
0.0 0.583984375 0.47265625 0.0068359375 0.010416666666666666
0.0 0.6064453125 0.4778645833333333 0.0048828125 0.009114583333333334
0.0 0.5888671875 0.4518229166666667 0.005859375 0.010416666666666666
0.0 0.1064453125 0.08723958333333333 0.0087890625 0.015625
0.0 0.0966796875 0.08072916666666667 0.0087890625 0.018229166666666668
0.0 0.119140625 0.09505208333333333 0.0048828125 0.010416666666666666
0.0 0.9541015625 0.6770833333333334 0.0205078125 0.040364583333333336
0.0 0.8515625 0.4544270833333333 0.0078125 0.013020833333333334
0.0 0.8330078125 0.453125 0.0068359375 0.01171875
0.0 0.8427734375 0.4453125 0.0048828125 0.0078125
0.0 0.7958984375 0.4453125 0.0087890625 0.013020833333333334
0.0 0.91796875 0.46875 0.0048828125 0.010416666666666666
0.0 0.9130859375 0.4739583333333333 0.005859375 0.006510416666666667
0.0 0.2392578125 0.07942708333333333 0.009765625 0.014322916666666666
0.0 0.2255859375 0.08072916666666667 0.0068359375 0.0078125
0.0 0.2080078125 0.07552083333333333 0.0087890625 0.013020833333333334
0.0 0.69140625 0.4049479166666667 0.005859375 0.0078125
