0.0 0.3681640625 0.9904567143830948 0.0146484375 0.00954328561690525
0.0 0.267578125 0.9856850715746421 0.013671875 0.012269938650306749
0.0 0.3046875 0.9822767552828903 0.0087890625 0.0081799591002045
0.0 0.76953125 0.8302658486707567 0.0234375 0.02044989775051125
0.0 0.9951171875 0.7825494205862304 0.0048828125 0.006816632583503749
0.0 0.4794921875 0.7661895023858214 0.0166015625 0.013633265167007498
0.0 0.2021484375 0.8452624403544649 0.01953125 0.015678254942058625
0.0 0.0751953125 0.7477845944103613 0.015625 0.014314928425357873
0.0 0.3525390625 0.6659850034083163 0.013671875 0.00954328561690525
0.0 0.5029296875 0.6155419222903885 0.0126953125 0.00954328561690525
0.0 0.7626953125 0.665303340149966 0.01171875 0.010906612133605999
0.0 0.66796875 0.667348329925017 0.0205078125 0.014314928425357873
0.0 0.69921875 0.6632583503749148 0.005859375 0.00408997955010225
0.0 0.9091796875 0.6312201772324472 0.01171875 0.00954328561690525
0.0 0.8203125 0.634628493524199 0.0107421875 0.008861622358554875
0.0 0.87109375 0.6298568507157464 0.0048828125 0.00408997955010225
0.0 0.1953125 0.5712338104976141 0.0107421875 0.006816632583503749
0.0 0.5751953125 0.5746421267893661 0.013671875 0.010224948875255624
0.0 0.513671875 0.5678254942058623 0.009765625 0.010906612133605999
0.0 0.5859375 0.5357873210633947 0.01171875 0.007498295841854124
0.0 0.6708984375 0.49829584185412407 0.0078125 0.007498295841854124
0.0 0.3203125 0.5187457396046353 0.01171875 0.007498295841854124
0.0 0.9462890625 0.5760054533060668 0.017578125 0.012269938650306749
0.0 0.951171875 0.5221540558963872 0.01171875 0.010224948875255624
0.0 0.962890625 0.48466257668711654 0.01171875 0.0081799591002045
0.0 0.95703125 0.4614860259032038 0.009765625 0.006816632583503749
0.0 0.90234375 0.4648943421949557 0.0087890625 0.006134969325153374
0.0 0.916015625 0.4648943421949557 0.0048828125 0.0054533060668029995
0.0 0.9638671875 0.4389911383776414 0.009765625 0.007498295841854124
0.0 0.912109375 0.4437627811860941 0.0107421875 0.0054533060668029995
0.0 0.9033203125 0.4383094751192911 0.005859375 0.0054533060668029995
0.0 0.6484375 0.45739604635310155 0.0078125 0.006816632583503749
0.0 0.6005859375 0.45807770961145194 0.0068359375 0.0054533060668029995
0.0 0.6787109375 0.4280845262440354 0.0068359375 0.006134969325153374
0.0 0.671875 0.38513974096796183 0.009765625 0.006816632583503749
0.0 0.625 0.3476482617586912 0.0068359375 0.0054533060668029995
0.0 0.693359375 0.37355146557600544 0.009765625 0.006816632583503749
0.0 0.5830078125 0.34901158827539197 0.005859375 0.004771642808452625
0.0 0.41796875 0.4492160872528971 0.0078125 0.006134969325153374
0.0 0.3564453125 0.4553510565780504 0.0107421875 0.007498295841854124
0.0 0.42578125 0.3960463531015678 0.009765625 0.006816632583503749
0.0 0.4111328125 0.3592365371506476 0.0087890625 0.006134969325153374
0.0 0.357421875 0.36468984321745057 0.0087890625 0.007498295841854124
0.0 0.3671875 0.3067484662576687 0.009765625 0.007498295841854124
0.0 0.3193359375 0.30879345603271985 0.0068359375 0.0054533060668029995
0.0 0.359375 0.3101567825494206 0.005859375 0.004771642808452625
0.0 0.193359375 0.37559645535105657 0.0087890625 0.0054533060668029995
0.0 0.603515625 0.3265167007498296 0.0078125 0.0054533060668029995
0.0 0.556640625 0.32719836400818 0.0078125 0.0054533060668029995
0.0 0.5712890625 0.3265167007498296 0.0048828125 0.00408997955010225
0.0 0.546875 0.3101567825494206 0.0068359375 0.0054533060668029995
0.0 0.5234375 0.2794819359236537 0.0087890625 0.0054533060668029995
0.0 0.5078125 0.28084526244035446 0.0048828125 0.00408997955010225
0.0 0.515625 0.27880027266530333 0.0048828125 0.00408997955010225
0.0 0.4765625 0.28084526244035446 0.0068359375 0.0054533060668029995
0.0 0.494140625 0.26244035446489433 0.005859375 0.004771642808452625
0.0 0.4697265625 0.25971370143149286 0.0048828125 0.00408997955010225
0.0 0.453125 0.25835037491479207 0.005859375 0.00408997955010225
0.0 0.45703125 0.26516700749829586 0.0048828125 0.00408997955010225
0.0 0.4921875 0.25971370143149286 0.0029296875 0.0027266530334014998
0.0 0.9091796875 0.38173142467620996 0.0087890625 0.0081799591002045
0.0 0.8662109375 0.38513974096796183 0.0087890625 0.008861622358554875
0.0 0.853515625 0.3231083844580777 0.0078125 0.006134969325153374
0.0 0.9326171875 0.26448534423994546 0.0068359375 0.006134969325153374
0.0 0.94140625 0.26516700749829586 0.0048828125 0.0034083162917518746
0.0 0.8740234375 0.24335378323108384 0.005859375 0.004771642808452625
0.0 0.8642578125 0.23994546693933197 0.005859375 0.004771642808452625
0.0 0.7607421875 0.28152692569870486 0.0078125 0.0054533060668029995
0.0 0.7236328125 0.283571915473756 0.0087890625 0.006134969325153374
0.0 0.6904296875 0.25835037491479207 0.0078125 0.0054533060668029995
0.0 0.662109375 0.2603953646898432 0.0078125 0.006134969325153374
0.0 0.6435546875 0.23721881390593047 0.00390625 0.0027266530334014998
0.0 0.650390625 0.23517382413087934 0.005859375 0.006134969325153374
0.0 0.6083984375 0.23994546693933197 0.0068359375 0.006134969325153374
0.0 0.775390625 0.21336059986366734 0.0048828125 0.00408997955010225
0.0 0.6875 0.18609406952965235 0.0068359375 0.0054533060668029995
0.0 0.5556640625 0.21063394683026584 0.0068359375 0.0054533060668029995
0.0 0.5166015625 0.2119972733469666 0.0068359375 0.004771642808452625
0.0 0.4853515625 0.18064076346284935 0.005859375 0.0054533060668029995
0.0 0.427734375 0.2276755282890252 0.0068359375 0.0054533060668029995
0.0 0.388671875 0.23244717109747784 0.005859375 0.006816632583503749
0.0 0.3740234375 0.20245398773006135 0.0068359375 0.006134969325153374
0.0 0.4072265625 0.169052488070893 0.005859375 0.0054533060668029995
0.0 0.224609375 0.267211997273347 0.0087890625 0.006816632583503749
0.0 0.2392578125 0.256305385139741 0.005859375 0.004771642808452625
0.0 0.181640625 0.26789366053169733 0.0068359375 0.007498295841854124
0.0 0.224609375 0.23244717109747784 0.0078125 0.006134969325153374
0.0 0.1787109375 0.23517382413087934 0.0068359375 0.0034083162917518746
0.0 0.083984375 0.2038173142467621 0.0048828125 0.0034083162917518746
0.0 0.0791015625 0.2010906612133606 0.005859375 0.0034083162917518746
0.0 0.037109375 0.2010906612133606 0.005859375 0.0034083162917518746
0.0 0.2880859375 0.17723244717109748 0.0078125 0.006134969325153374
0.0 0.244140625 0.16428084526244036 0.005859375 0.004771642808452625
0.0 0.1806640625 0.1445126107702795 0.0048828125 0.00408997955010225
0.0 0.095703125 0.12474437627811862 0.0068359375 0.0054533060668029995
0.0 0.5654296875 0.14587593728698023 0.005859375 0.004771642808452625
0.0 0.548828125 0.1499659168370825 0.0048828125 0.00408997955010225
0.0 0.494140625 0.13428766189502386 0.0068359375 0.0054533060668029995
0.0 0.4404296875 0.12338104976141787 0.005859375 0.004771642808452625
0.0 0.4130859375 0.125426039536469 0.005859375 0.006134969325153374
0.0 0.3720703125 0.1554192229038855 0.00390625 0.0034083162917518746
0.0 0.3681640625 0.10020449897750511 0.0068359375 0.004771642808452625
0.0 0.3388671875 0.10020449897750511 0.0078125 0.0054533060668029995
0.0 0.3173828125 0.11724608043626449 0.00390625 0.0034083162917518746
0.0 0.212890625 0.10361281526925699 0.005859375 0.004771642808452625
0.0 0.1806640625 0.10702113156100886 0.005859375 0.00408997955010225
0.0 0.2001953125 0.08520790729379686 0.0048828125 0.0034083162917518746
0.0 0.1337890625 0.08725289706884799 0.005859375 0.004771642808452625
0.0 0.15234375 0.0681663258350375 0.00390625 0.0034083162917518746
0.0 0.1123046875 0.06884798909338787 0.0048828125 0.00408997955010225
0.0 0.0625 0.06475800954328562 0.0048828125 0.0027266530334014998
0.0 0.068359375 0.06680299931833675 0.0048828125 0.0027266530334014998
0.0 0.0615234375 0.08111792774369461 0.005859375 0.0034083162917518746
0.0 0.015625 0.11315610088616224 0.005859375 0.0027266530334014998
