0.0 0.8056640625 0.5514322916666666 0.005859375 0.009114583333333334
0.0 0.7802734375 0.484375 0.009765625 0.015625
0.0 0.7646484375 0.4622395833333333 0.005859375 0.013020833333333334
0.0 0.75439453125 0.41015625 0.0068359375 0.010416666666666666
0.0 0.65625 0.369140625 0.0078125 0.01171875
0.0 0.810546875 0.3515625 0.0078125 0.013020833333333334
0.0 0.85009765625 0.376953125 0.0068359375 0.01171875
0.0 0.88671875 0.6555989583333334 0.01171875 0.016927083333333332
0.0 0.1171875 0.9134114583333334 0.015625 0.022135416666666668
0.0 0.31494140625 0.291015625 0.0048828125 0.009114583333333334
0.0 0.18896484375 0.24479166666666666 0.0048828125 0.0078125
0.0 0.162109375 0.244140625 0.00390625 0.006510416666666667
0.0 0.17041015625 0.24153645833333334 0.0048828125 0.006510416666666667
0.0 0.1787109375 0.24348958333333334 0.005859375 0.0078125
0.0 0.03466796875 0.17513020833333334 0.0048828125 0.006510416666666667
0.0 0.02587890625 0.16276041666666666 0.0029296875 0.005208333333333333
0.0 0.0869140625 0.19075520833333334 0.00390625 0.006510416666666667
0.0 0.068359375 0.19140625 0.00390625 0.005208333333333333
0.0 0.59521484375 0.3229166666666667 0.0029296875 0.0078125
0.0 0.5908203125 0.294921875 0.00390625 0.006510416666666667
0.0 0.564453125 0.21223958333333334 0.00390625 0.0078125
0.0 0.58935546875 0.216796875 0.0048828125 0.009114583333333334
0.0 0.544921875 0.21484375 0.00390625 0.005208333333333333
0.0 0.59765625 0.279296875 0.00390625 0.009114583333333334
0.0 0.6044921875 0.2721354166666667 0.005859375 0.0078125
0.0 0.66064453125 0.23697916666666666 0.0048828125 0.0078125
0.0 0.96923828125 0.3138020833333333 0.0068359375 0.010416666666666666
0.0 0.8173828125 0.298828125 0.00390625 0.009114583333333334
0.0 0.84326171875 0.275390625 0.0048828125 0.009114583333333334
0.0 0.8212890625 0.2740885416666667 0.005859375 0.009114583333333334
0.0 0.70263671875 0.20377604166666666 0.0029296875 0.006510416666666667
0.0 0.71923828125 0.201171875 0.0029296875 0.006510416666666667
0.0 0.76953125 0.18359375 0.00390625 0.005208333333333333
0.0 0.45068359375 0.185546875 0.0029296875 0.006510416666666667
0.0 0.43603515625 0.18229166666666666 0.0029296875 0.005208333333333333
0.0 0.3759765625 0.17057291666666666 0.001953125 0.005208333333333333
0.0 0.4189453125 0.16471354166666666 0.001953125 0.00390625
0.0 0.3798828125 0.16471354166666666 0.001953125 0.00390625
