0.0 0.59375 0.8751835535976505 0.01171875 0.01908957415565345
0.0 0.7421875 0.7048458149779736 0.0078125 0.013215859030837005
0.0 0.486328125 0.6549192364170338 0.0087890625 0.014684287812041116
0.0 0.4462890625 0.49632892804698975 0.0068359375 0.011747430249632892
0.0 0.3974609375 0.5007342143906021 0.0078125 0.011747430249632892
0.0 0.9638671875 0.9706314243759178 0.0107421875 0.016152716593245228
0.0 0.6142578125 0.5036710719530103 0.0048828125 0.010279001468428781
0.0 0.2822265625 0.8795888399412628 0.0107421875 0.014684287812041116
0.0 0.271484375 0.7092511013215859 0.009765625 0.014684287812041116
0.0 0.03515625 0.7782672540381792 0.009765625 0.014684287812041116
0.0 0.0 0.7812041116005873 0.005859375 0.020558002936857563
0.0 0.046875 0.5594713656387665 0.0078125 0.011747430249632892
0.0 0.078125 0.47577092511013214 0.0078125 0.00881057268722467
0.0 0.2568359375 0.55359765051395 0.0107421875 0.01762114537444934
0.0 0.255859375 0.49632892804698975 0.0078125 0.011747430249632892
0.0 0.208984375 0.49926578560939794 0.0087890625 0.013215859030837005
0.0 0.23828125 0.43612334801762115 0.005859375 0.010279001468428781
