0.0 0.5126953125 0.2799479166666667 0.025390625 0.044270833333333336
0.0 0.7763671875 0.15234375 0.0224609375 0.028645833333333332
0.0 0.677734375 0.24348958333333334 0.029296875 0.036458333333333336
0.0 0.291015625 0.1484375 0.0234375 0.040364583333333336
0.0 0.53125 0.15234375 0.0185546875 0.026041666666666668
0.0 0.9794921875 0.16927083333333334 0.0146484375 0.028645833333333332
0.0 0.888671875 0.21875 0.0205078125 0.029947916666666668
0.0 0.322265625 0.3229166666666667 0.0283203125 0.0390625
0.0 0.96484375 0.09635416666666667 0.009765625 0.015625
0.0 0.98828125 0.09505208333333333 0.0107421875 0.016927083333333332
