0.0 0.869140625 0.37966537966537967 0.029296875 0.02574002574002574
0.0 0.8154296875 0.38223938223938225 0.0263671875 0.02252252252252252
0.0 0.783203125 0.38095238095238093 0.025390625 0.021879021879021878
0.0 0.7666015625 0.3835263835263835 0.029296875 0.02574002574002574
0.0 0.73828125 0.37065637065637064 0.0205078125 0.019948519948519948
0.0 0.619140625 0.37065637065637064 0.0185546875 0.01673101673101673
0.0 0.9677734375 0.3481338481338481 0.017578125 0.016087516087516088
0.0 0.94140625 0.3590733590733591 0.0107421875 0.013513513513513514
0.0 0.92578125 0.3584298584298584 0.0146484375 0.014800514800514801
0.0 0.521484375 0.35971685971685974 0.0595703125 0.04826254826254826
0.0 0.4677734375 0.3584298584298584 0.0166015625 0.017374517374517374
0.0 0.435546875 0.37065637065637064 0.013671875 0.01287001287001287
0.0 0.3740234375 0.3584298584298584 0.01171875 0.01287001287001287
0.0 0.3466796875 0.3667953667953668 0.0107421875 0.010296010296010296
0.0 0.33984375 0.35263835263835264 0.01171875 0.010939510939510939
0.0 0.349609375 0.3416988416988417 0.0068359375 0.005791505791505791
0.0 0.376953125 0.33526383526383524 0.0068359375 0.005791505791505791
0.0 0.4189453125 0.33912483912483915 0.0068359375 0.005791505791505791
0.0 0.3671875 0.333976833976834 0.0048828125 0.0045045045045045045
0.0 0.35546875 0.3314028314028314 0.0048828125 0.003861003861003861
0.0 0.2255859375 0.3564993564993565 0.009765625 0.009009009009009009
0.0 0.14453125 0.3481338481338481 0.009765625 0.009009009009009009
0.0 0.1240234375 0.35456885456885456 0.0087890625 0.008365508365508366
0.0 0.0966796875 0.3404118404118404 0.0087890625 0.007722007722007722
0.0 0.1982421875 0.34427284427284427 0.0078125 0.008365508365508366
0.0 0.2392578125 0.33526383526383524 0.00390625 0.0032175032175032173
0.0 0.2880859375 0.36229086229086227 0.0263671875 0.02574002574002574
0.0 0.0595703125 0.3532818532818533 0.0263671875 0.025096525096525095
0.0 0.6083984375 0.34942084942084944 0.0107421875 0.010296010296010296
