0.0 0.0654296875 0.6809895833333334 0.0107421875 0.014322916666666666
0.0 0.1044921875 0.6901041666666666 0.0068359375 0.015625
0.0 0.5048828125 0.8541666666666666 0.0107421875 0.015625
0.0 0.958984375 0.5611979166666666 0.0068359375 0.01171875
0.0 0.052734375 0.171875 0.0048828125 0.006510416666666667
0.0 0.046875 0.18489583333333334 0.00390625 0.005208333333333333
0.0 0.0458984375 0.19661458333333334 0.0029296875 0.00390625
0.0 0.1572265625 0.14583333333333334 0.0048828125 0.006510416666666667
0.0 0.1845703125 0.14322916666666666 0.0029296875 0.005208333333333333
0.0 0.20703125 0.13411458333333334 0.0029296875 0.005208333333333333
0.0 0.212890625 0.1328125 0.00390625 0.006510416666666667
0.0 0.2294921875 0.15364583333333334 0.005859375 0.006510416666666667
0.0 0.2548828125 0.14192708333333334 0.0029296875 0.005208333333333333
0.0 0.25 0.140625 0.00390625 0.00390625
0.0 0.3017578125 0.140625 0.0029296875 0.005208333333333333
0.0 0.3154296875 0.12890625 0.00390625 0.005208333333333333
0.0 0.345703125 0.1171875 0.0029296875 0.005208333333333333
0.0 0.3740234375 0.10546875 0.0029296875 0.00390625
0.0 0.390625 0.10807291666666667 0.0029296875 0.005208333333333333
0.0 0.40234375 0.10026041666666667 0.0029296875 0.006510416666666667
0.0 0.4150390625 0.10416666666666667 0.001953125 0.00390625
0.0 0.427734375 0.10416666666666667 0.0029296875 0.00390625
0.0 0.4365234375 0.109375 0.001953125 0.005208333333333333
0.0 0.43359375 0.09765625 0.001953125 0.0026041666666666665
0.0 0.490234375 0.11328125 0.0029296875 0.0026041666666666665
0.0 0.4951171875 0.1171875 0.0029296875 0.005208333333333333
0.0 0.44921875 0.08984375 0.0029296875 0.005208333333333333
0.0 0.4609375 0.09114583333333333 0.00390625 0.006510416666666667
0.0 0.4443359375 0.08723958333333333 0.00390625 0.00390625
0.0 0.443359375 0.0625 0.001953125 0.0026041666666666665
0.0 0.4541015625 0.06770833333333333 0.00390625 0.005208333333333333
0.0 0.4609375 0.06640625 0.0029296875 0.005208333333333333
0.0 0.458984375 0.059895833333333336 0.0029296875 0.0026041666666666665
0.0 0.8818359375 0.4296875 0.0078125 0.009114583333333334
0.0 0.5625 0.5533854166666666 0.0078125 0.01171875
0.0 0.5927734375 0.5625 0.0068359375 0.0078125
0.0 0.6162109375 0.5546875 0.0087890625 0.010416666666666666
0.0 0.5693359375 0.5494791666666666 0.0048828125 0.010416666666666666
0.0 0.5732421875 0.54296875 0.0048828125 0.0078125
0.0 0.58203125 0.54296875 0.0048828125 0.010416666666666666
0.0 0.4267578125 0.057291666666666664 0.0029296875 0.005208333333333333
