0.0 0.1767578125 0.17862371888726208 0.041015625 0.07320644216691069
0.0 0.1064453125 0.30161054172767204 0.0087890625 0.016105417276720352
0.0 0.1337890625 0.3323572474377745 0.0068359375 0.013177159590043924
0.0 0.458984375 0.22693997071742314 0.0078125 0.013177159590043924
0.0 0.5986328125 0.24158125915080528 0.0068359375 0.014641288433382138
0.0 0.6025390625 0.20937042459736457 0.0068359375 0.01171303074670571
0.0 0.6142578125 0.20937042459736457 0.0068359375 0.014641288433382138
0.0 0.6630859375 0.24011713030746706 0.0283203125 0.05124450951683748
0.0 0.7626953125 0.21522693997071743 0.0390625 0.07613469985358712
0.0 0.751953125 0.23133235724743778 0.005859375 0.01171303074670571
0.0 0.7265625 0.212298682284041 0.0048828125 0.008784773060029283
0.0 0.705078125 0.24158125915080528 0.0068359375 0.013177159590043924
0.0 0.8173828125 0.232796486090776 0.0087890625 0.017569546120058566
0.0 0.9912109375 0.212298682284041 0.0087890625 0.016105417276720352
0.0 0.9716796875 0.22840409956076135 0.0087890625 0.014641288433382138
0.0 0.9619140625 0.21669106881405564 0.0068359375 0.01171303074670571
0.0 0.951171875 0.212298682284041 0.005859375 0.013177159590043924
0.0 0.935546875 0.2225475841874085 0.0068359375 0.010248901903367497
0.0 0.90625 0.22547584187408493 0.00390625 0.007320644216691069
0.0 0.89453125 0.22693997071742314 0.005859375 0.013177159590043924
0.0 0.861328125 0.23572474377745242 0.0078125 0.014641288433382138
0.0 0.84765625 0.23718887262079064 0.0078125 0.013177159590043924
0.0 0.869140625 0.23572474377745242 0.0048828125 0.01171303074670571
0.0 0.8779296875 0.23572474377745242 0.005859375 0.01171303074670571
0.0 0.90234375 0.23718887262079064 0.0048828125 0.010248901903367497
