0.0 0.76171875 0.3600260416666667 0.02734375 0.045572916666666664
0.0 0.60400390625 0.65625 0.0283203125 0.044270833333333336
0.0 0.55859375 0.638671875 0.013671875 0.01953125
0.0 0.5888671875 0.6165364583333334 0.009765625 0.014322916666666666
0.0 0.61572265625 0.611328125 0.0087890625 0.014322916666666666
0.0 0.6357421875 0.6087239583333334 0.005859375 0.01171875
0.0 0.55126953125 0.6119791666666666 0.0107421875 0.015625
0.0 0.50048828125 0.6510416666666666 0.0126953125 0.018229166666666668
0.0 0.490234375 0.63671875 0.01171875 0.018229166666666668
0.0 0.52001953125 0.6295572916666666 0.0126953125 0.016927083333333332
0.0 0.28662109375 0.6419270833333334 0.0205078125 0.033854166666666664
0.0 0.3359375 0.6354166666666666 0.015625 0.026041666666666668
0.0 0.3642578125 0.6126302083333334 0.015625 0.02734375
0.0 0.39404296875 0.623046875 0.0166015625 0.02734375
