0.0 0.228515625 0.8995535714285714 0.0625 0.13541666666666666
0.0 0.2333984375 0.7857142857142857 0.044921875 0.10119047619047619
0.0 0.28515625 0.9136904761904762 0.044921875 0.10119047619047619
0.0 0.29052734375 0.7604166666666666 0.0380859375 0.08630952380952381
0.0 0.435546875 0.8712797619047619 0.0390625 0.09375
0.0 0.390625 0.7425595238095238 0.0390625 0.08035714285714286
0.0 0.38037109375 0.6681547619047619 0.0419921875 0.07738095238095238
0.0 0.23095703125 0.6659226190476191 0.0341796875 0.07291666666666667
0.0 0.33740234375 0.6026785714285714 0.0341796875 0.0744047619047619
0.0 0.24169921875 0.5394345238095238 0.0283203125 0.05505952380952381
0.0 0.17626953125 0.5364583333333334 0.0322265625 0.06101190476190476
0.0 0.103515625 0.5796130952380952 0.0390625 0.07291666666666667
0.0 0.12744140625 0.6808035714285714 0.0361328125 0.0818452380952381
0.0 0.12890625 0.7663690476190477 0.044921875 0.08630952380952381
0.0 0.02783203125 0.9151785714285714 0.0537109375 0.11904761904761904
0.0 0.0205078125 0.7046130952380952 0.0390625 0.09970238095238096
0.0 0.37890625 0.5729166666666666 0.02734375 0.0625
0.0 0.39794921875 0.5751488095238095 0.0224609375 0.05505952380952381
0.0 0.47216796875 0.6688988095238095 0.0341796875 0.06994047619047619
0.0 0.498046875 0.7641369047619048 0.04296875 0.08779761904761904
0.0 0.48291015625 0.9352678571428571 0.0517578125 0.10863095238095238
0.0 0.59033203125 0.8913690476190477 0.0458984375 0.08333333333333333
0.0 0.73486328125 0.9055059523809523 0.0498046875 0.08779761904761904
0.0 0.52197265625 0.7425595238095238 0.0263671875 0.0625
0.0 0.55419921875 0.6339285714285714 0.0322265625 0.06547619047619048
0.0 0.66552734375 0.7991071428571429 0.0341796875 0.08035714285714286
0.0 0.82373046875 0.6770833333333334 0.0361328125 0.07142857142857142
0.0 0.77880859375 0.5840773809523809 0.0263671875 0.05505952380952381
0.0 0.84912109375 0.6063988095238095 0.0341796875 0.06696428571428571
0.0 0.9169921875 0.5870535714285714 0.029296875 0.052083333333333336
0.0 0.9736328125 0.6078869047619048 0.03515625 0.06101190476190476
0.0 0.9365234375 0.6956845238095238 0.041015625 0.06994047619047619
0.0 0.90966796875 0.7693452380952381 0.0419921875 0.08928571428571429
0.0 0.9921875 0.8348214285714286 0.013671875 0.09821428571428571
0.0 0.59716796875 0.7872023809523809 0.0419921875 0.06845238095238096
