0.0 0.1376953125 0.15321477428180574 0.0458984375 0.09575923392612859
0.0 0.2333984375 0.1573187414500684 0.0458984375 0.08891928864569083
0.0 0.306640625 0.21203830369357046 0.0439453125 0.08071135430916553
0.0 0.0498046875 0.2982216142270862 0.021484375 0.03556771545827633
0.0 0.4169921875 0.146374829001368 0.0517578125 0.09712722298221614
0.0 0.537109375 0.23255813953488372 0.04296875 0.08344733242134063
0.0 0.6220703125 0.16279069767441862 0.048828125 0.09575923392612859
0.0 0.7216796875 0.19562243502051985 0.0439453125 0.09028727770177838
0.0 0.8017578125 0.10807113543091655 0.05078125 0.10259917920656635
0.0 0.955078125 0.2954856361149111 0.0263671875 0.04514363885088919
