0.0 0.28466796875 0.6881405563689604 0.0380859375 0.05856515373352855
0.0 0.2001953125 0.5797950219619327 0.04296875 0.07613469985358712
0.0 0.0888671875 0.5431918008784773 0.0390625 0.07320644216691069
0.0 0.38623046875 0.46925329428989754 0.0341796875 0.06881405563689605
0.0 0.248046875 0.43484626647144947 0.041015625 0.07613469985358712
0.0 0.09619140625 0.4136163982430454 0.0400390625 0.08052708638360176
0.0 0.5283203125 0.4224011713030747 0.041015625 0.08345534407027819
0.0 0.66796875 0.44216691068814057 0.0390625 0.07320644216691069
0.0 0.63720703125 0.4428989751098097 0.0322265625 0.0629575402635432
0.0 0.79931640625 0.46412884333821375 0.0400390625 0.07906295754026355
0.0 0.89453125 0.4480234260614934 0.0390625 0.06734992679355783
