0.0 0.9130859375 0.4657933042212518 0.029296875 0.07132459970887918
0.0 0.94140625 0.31004366812227074 0.0107421875 0.04512372634643377
0.0 0.1220703125 0.3682678311499272 0.033203125 0.09461426491994178
0.0 0.1279296875 0.2590975254730713 0.025390625 0.06695778748180495
0.0 0.185546875 0.3435225618631732 0.05859375 0.1222707423580786
0.0 0.3818359375 0.14119359534206696 0.03515625 0.06986899563318777
0.0 0.498046875 0.14264919941775836 0.03125 0.06550218340611354
0.0 0.578125 0.19068413391557495 0.0234375 0.06404657933042213
0.0 0.4267578125 0.31877729257641924 0.0634765625 0.18340611353711792
0.0 0.4765625 0.3435225618631732 0.068359375 0.13828238719068414
0.0 0.53125 0.42066957787481807 0.0361328125 0.07569141193595343
0.0 0.6484375 0.38719068413391555 0.0771484375 0.1615720524017467
0.0 0.744140625 0.44250363901018924 0.0517578125 0.10480349344978165
0.0 0.677734375 0.2576419213973799 0.0224609375 0.053857350800582245
0.0 0.74609375 0.2183406113537118 0.0283203125 0.06550218340611354
0.0 0.8642578125 0.264919941775837 0.0263671875 0.053857350800582245
0.0 0.6669921875 0.42358078602620086 0.064453125 0.1324599708879185
