0.0 0.7060546875 0.14055636896046853 0.0390625 0.06734992679355783
0.0 0.73046875 0.06149341142020498 0.033203125 0.06442166910688141
0.0 0.7548828125 0.0849194729136164 0.029296875 0.0629575402635432
0.0 0.802734375 0.020497803806734993 0.029296875 0.0424597364568082
0.0 0.4951171875 0.08345534407027819 0.0341796875 0.06734992679355783
0.0 0.421875 0.04685212298682284 0.0361328125 0.0849194729136164
0.0 0.28125 0.08931185944363104 0.0341796875 0.06734992679355783
0.0 0.1884765625 0.12884333821376281 0.041015625 0.07174231332357248
0.0 0.30078125 0.01903367496339678 0.029296875 0.06588579795021962
0.0 0.939453125 0.06734992679355783 0.0341796875 0.06442166910688141
0.0 0.3193359375 0.005856515373352855 0.0224609375 0.04538799414348463
