0.0 0.037109375 0.41890166028097064 0.0458984375 0.08684546615581099
0.0 0.12890625 0.25287356321839083 0.046875 0.09067688378033206
0.0 0.19140625 0.29118773946360155 0.04296875 0.07790549169859515
0.0 0.576171875 0.21966794380587484 0.0341796875 0.07279693486590039
0.0 0.9091796875 0.19157088122605365 0.044921875 0.08173690932311622
0.0 0.9375 0.25798212005108556 0.0419921875 0.08812260536398467
0.0 0.716796875 0.4086845466155811 0.025390625 0.08045977011494253
0.0 0.4267578125 0.24521072796934865 0.0341796875 0.09195402298850575
0.0 0.501953125 0.4086845466155811 0.04296875 0.08939974457215837
0.0 0.5341796875 0.334610472541507 0.029296875 0.06768837803320563
