0.0 0.021484375 0.5198821796759941 0.0380859375 0.054491899852724596
0.0 0.068359375 0.4521354933726068 0.0283203125 0.07069219440353461
0.0 0.1826171875 0.36082474226804123 0.0380859375 0.0898379970544919
0.0 0.26171875 0.3490427098674521 0.048828125 0.10014727540500737
0.0 0.40234375 0.5228276877761414 0.02734375 0.05891016200294551
0.0 0.4521484375 0.5213549337260678 0.03515625 0.07511045655375552
0.0 0.4482421875 0.7790868924889544 0.0498046875 0.09720176730486009
0.0 0.5556640625 0.3961708394698085 0.0400390625 0.08394698085419734
0.0 0.716796875 0.3431516936671576 0.0537109375 0.11929307805596466
0.0 0.845703125 0.31516936671575846 0.0634765625 0.10898379970544919
