0.0 0.8388671875 0.01953125 0.0908203125 0.072265625
0.0 0.7275390625 0.080078125 0.09375 0.072265625
0.0 0.486328125 0.0703125 0.0849609375 0.080078125
0.0 0.205078125 0.03515625 0.099609375 0.111328125
0.0 0.2255859375 0.5358072916666666 0.10546875 0.1171875
0.0 0.41015625 0.5865885416666666 0.0908203125 0.08984375
0.0 0.7451171875 0.5748697916666666 0.087890625 0.080078125
0.0 0.912109375 0.6354166666666666 0.087890625 0.0625
0.0 0.392578125 0.21875 0.099609375 0.08984375
0.0 0.0703125 0.0078125 0.0908203125 0.080078125
0.0 0.076171875 0.044921875 0.0703125 0.1015625
0.0 0.3310546875 0.6197916666666666 0.08203125 0.076171875
