0.0 0.0078125 0.5274584929757343 0.037109375 0.06002554278416347
0.0 0.01171875 0.611749680715198 0.0400390625 0.06385696040868455
0.0 0.388671875 0.3128991060025543 0.033203125 0.06513409961685823
0.0 0.42578125 0.27586206896551724 0.0439453125 0.07407407407407407
0.0 0.5380859375 0.5862068965517241 0.0341796875 0.06513409961685823
0.0 0.59765625 0.33205619412515963 0.037109375 0.06257982120051085
0.0 0.71875 0.2988505747126437 0.0380859375 0.07790549169859515
0.0 0.744140625 0.558109833971903 0.044921875 0.07151979565772669
0.0 0.9326171875 0.5670498084291188 0.041015625 0.07279693486590039
0.0 0.7763671875 0.31928480204342274 0.0322265625 0.070242656449553
