0.0 0.01611328125 0.8333333333333334 0.0107421875 0.020833333333333332
0.0 0.04638671875 0.8294270833333334 0.0087890625 0.015625
0.0 0.0546875 0.8294270833333334 0.009765625 0.015625
0.0 0.123046875 0.8098958333333334 0.0078125 0.015625
0.0 0.15869140625 0.8229166666666666 0.0087890625 0.013020833333333334
0.0 0.19921875 0.79296875 0.009765625 0.013020833333333334
0.0 0.2353515625 0.7955729166666666 0.0078125 0.010416666666666666
0.0 0.33447265625 0.751953125 0.0087890625 0.014322916666666666
0.0 0.42529296875 0.8196614583333334 0.0087890625 0.01953125
0.0 0.44140625 0.8365885416666666 0.013671875 0.022135416666666668
0.0 0.48486328125 0.8177083333333334 0.0126953125 0.0234375
0.0 0.4697265625 0.8040364583333334 0.009765625 0.016927083333333332
0.0 0.55615234375 0.8157552083333334 0.0087890625 0.01953125
0.0 0.55224609375 0.8151041666666666 0.0087890625 0.020833333333333332
0.0 0.6044921875 0.7630208333333334 0.0078125 0.013020833333333334
0.0 0.59814453125 0.7643229166666666 0.0048828125 0.010416666666666666
0.0 0.62353515625 0.771484375 0.0068359375 0.01171875
0.0 0.642578125 0.7578125 0.0078125 0.013020833333333334
0.0 0.642578125 0.7389322916666666 0.005859375 0.01171875
0.0 0.6572265625 0.73046875 0.0078125 0.015625
0.0 0.67529296875 0.693359375 0.0068359375 0.009114583333333334
0.0 0.69482421875 0.6783854166666666 0.0068359375 0.010416666666666666
0.0 0.71630859375 0.705078125 0.0048828125 0.01171875
0.0 0.7353515625 0.7076822916666666 0.005859375 0.009114583333333334
0.0 0.72998046875 0.7024739583333334 0.0068359375 0.01171875
0.0 0.724609375 0.740234375 0.0078125 0.009114583333333334
0.0 0.7470703125 0.703125 0.005859375 0.013020833333333334
0.0 0.46435546875 0.7161458333333334 0.0048828125 0.010416666666666666
0.0 0.453125 0.7252604166666666 0.00390625 0.0078125
0.0 0.48583984375 0.7233072916666666 0.0048828125 0.01171875
0.0 0.4892578125 0.71875 0.00390625 0.0078125
0.0 0.509765625 0.71875 0.005859375 0.0078125
0.0 0.521484375 0.71875 0.00390625 0.0078125
0.0 0.52587890625 0.712890625 0.0048828125 0.01171875
0.0 0.43994140625 0.7389322916666666 0.0048828125 0.009114583333333334
0.0 0.43212890625 0.71484375 0.0048828125 0.013020833333333334
0.0 0.44091796875 0.7141927083333334 0.0068359375 0.01171875
0.0 0.43701171875 0.7005208333333334 0.0048828125 0.010416666666666666
0.0 0.453125 0.6959635416666666 0.00390625 0.006510416666666667
0.0 0.4599609375 0.6966145833333334 0.00390625 0.0078125
0.0 0.47021484375 0.755859375 0.0048828125 0.009114583333333334
0.0 0.9189453125 0.810546875 0.009765625 0.016927083333333332
0.0 0.8701171875 0.419921875 0.0078125 0.014322916666666666
0.0 0.82958984375 0.40625 0.0068359375 0.013020833333333334
0.0 0.81787109375 0.4029947916666667 0.0068359375 0.01171875
0.0 0.82763671875 0.5423177083333334 0.0068359375 0.01171875
0.0 0.81884765625 0.54296875 0.0068359375 0.013020833333333334
0.0 0.390625 0.8157552083333334 0.013671875 0.022135416666666668
0.0 0.31103515625 0.8098958333333334 0.0107421875 0.018229166666666668
0.0 0.35205078125 0.7408854166666666 0.0068359375 0.013020833333333334
0.0 0.59326171875 0.7916666666666666 0.0107421875 0.018229166666666668
0.0 0.5966796875 0.73046875 0.0078125 0.013020833333333334
0.0 0.63232421875 0.75390625 0.0068359375 0.010416666666666666
