0.0 0.5224609375 0.41142020497803805 0.0166015625 0.032210834553440704
0.0 0.5537109375 0.3762811127379209 0.013671875 0.027818448023426062
0.0 0.6787109375 0.41874084919472915 0.015625 0.032210834553440704
0.0 0.8251953125 0.4143484626647145 0.0185546875 0.024890190336749635
0.0 0.7333984375 0.42020497803806733 0.015625 0.024890190336749635
0.0 0.7744140625 0.4158125915080527 0.017578125 0.027818448023426062
0.0 0.2001953125 0.3967789165446559 0.0126953125 0.029282576866764276
0.0 0.2568359375 0.4260614934114202 0.0126953125 0.027818448023426062
0.0 0.357421875 0.4172767203513909 0.015625 0.027818448023426062
0.0 0.3125 0.4333821376281113 0.0146484375 0.03074670571010249
0.0 0.482421875 0.4128843338213763 0.0166015625 0.036603221083455345
