0.0 0.58349609375 0.37973760932944606 0.0146484375 0.027696793002915453
0.0 0.59228515625 0.3943148688046647 0.0087890625 0.030612244897959183
0.0 0.66943359375 0.39723032069970843 0.0107421875 0.02478134110787172
0.0 0.74462890625 0.39868804664723034 0.0087890625 0.027696793002915453
0.0 0.7861328125 0.37900874635568516 0.01171875 0.029154518950437316
0.0 0.81689453125 0.41909620991253643 0.0107421875 0.027696793002915453
0.0 0.85693359375 0.4067055393586006 0.0107421875 0.026239067055393587
0.0 0.89208984375 0.413265306122449 0.0068359375 0.033527696793002916
0.0 0.8994140625 0.4161807580174927 0.005859375 0.030612244897959183
0.0 0.443359375 0.40233236151603496 0.01171875 0.023323615160349854
0.0 0.40576171875 0.4037900874635568 0.0087890625 0.023323615160349854
0.0 0.35400390625 0.39941690962099125 0.0087890625 0.023323615160349854
0.0 0.2939453125 0.3979591836734694 0.013671875 0.026239067055393587
0.0 0.24560546875 0.37317784256559766 0.0107421875 0.029154518950437316
0.0 0.19921875 0.38848396501457727 0.0078125 0.02478134110787172
0.0 0.15869140625 0.39868804664723034 0.0107421875 0.027696793002915453
