0.0 0.14453125 0.17595307917888564 0.078125 0.15835777126099707
0.0 0.2978515625 0.19501466275659823 0.0703125 0.13196480938416422
0.0 0.3505859375 0.16715542521994134 0.05078125 0.093841642228739
0.0 0.3896484375 0.2602639296187683 0.072265625 0.13636363636363635
0.0 0.240234375 0.45234604105571846 0.091796875 0.18328445747800587
0.0 0.5927734375 0.4780058651026393 0.09375 0.19648093841642228
0.0 0.68115234375 0.3592375366568915 0.0712890625 0.15249266862170088
0.0 0.5537109375 0.1810850439882698 0.068359375 0.13343108504398826
0.0 0.5009765625 0.21114369501466276 0.05078125 0.10263929618768329
0.0 0.6015625 0.0593841642228739 0.04296875 0.08357771260997067
0.0 0.634765625 0.13343108504398826 0.041015625 0.08211143695014662
0.0 0.73779296875 0.17375366568914957 0.0517578125 0.09824046920821114
0.0 0.88330078125 0.501466275659824 0.0888671875 0.18181818181818182
0.0 0.8056640625 0.04985337243401759 0.041015625 0.08211143695014662
0.0 0.72314453125 0.051319648093841645 0.0244140625 0.05278592375366569
0.0 0.89404296875 0.024926686217008796 0.0283203125 0.0469208211143695
0.0 0.943359375 0.14516129032258066 0.0546875 0.10263929618768329
0.0 0.9521484375 0.2536656891495601 0.076171875 0.1436950146627566
