0.0 0.08203125 0.07082748948106592 0.01171875 0.021037868162692847
0.0 0.0576171875 0.05539971949509116 0.005859375 0.009817671809256662
0.0 0.10400390625 0.05750350631136045 0.0087890625 0.014025245441795231
0.0 0.1162109375 0.056802244039270686 0.0078125 0.015427769985974754
0.0 0.126953125 0.05960729312762973 0.0078125 0.015427769985974754
0.0 0.14697265625 0.0638148667601683 0.0107421875 0.0182328190743338
0.0 0.1689453125 0.07784011220196353 0.009765625 0.015427769985974754
0.0 0.16748046875 0.052594670406732116 0.0068359375 0.015427769985974754
0.0 0.197265625 0.056802244039270686 0.009765625 0.0182328190743338
0.0 0.22265625 0.06661991584852735 0.01171875 0.021037868162692847
0.0 0.23828125 0.024544179523141654 0.009765625 0.015427769985974754
0.0 0.24609375 0.025946704067321177 0.0078125 0.012622720897615708
0.0 0.1240234375 0.02664796633941094 0.005859375 0.008415147265077139
0.0 0.078125 0.043478260869565216 0.00390625 0.008415147265077139
0.0 0.06884765625 0.05329593267882188 0.0068359375 0.011220196353436185
0.0 0.02197265625 0.22931276297335204 0.0087890625 0.015427769985974754
0.0 0.05126953125 0.22370266479663395 0.0068359375 0.012622720897615708
0.0 0.0595703125 0.22159887798036465 0.005859375 0.011220196353436185
0.0 0.07275390625 0.21809256661991586 0.0068359375 0.009817671809256662
0.0 0.08154296875 0.22720897615708274 0.0068359375 0.011220196353436185
0.0 0.09375 0.21949509116409538 0.005859375 0.009817671809256662
0.0 0.11083984375 0.22230014025245443 0.0068359375 0.009817671809256662
0.0 0.12841796875 0.21949509116409538 0.0068359375 0.012622720897615708
0.0 0.14453125 0.22580645161290322 0.005859375 0.011220196353436185
0.0 0.1572265625 0.22510518934081347 0.005859375 0.009817671809256662
0.0 0.19091796875 0.23071528751753156 0.0087890625 0.015427769985974754
0.0 0.2158203125 0.23983169705469845 0.0078125 0.011220196353436185
0.0 0.3115234375 0.08625525946704067 0.0234375 0.04908835904628331
0.0 0.35302734375 0.07012622720897616 0.0185546875 0.02244039270687237
0.0 0.38525390625 0.07503506311360449 0.0224609375 0.04908835904628331
0.0 0.3759765625 0.08274894810659186 0.015625 0.030855539971949508
0.0 0.4404296875 0.09747545582047686 0.009765625 0.021037868162692847
0.0 0.60595703125 0.11079943899018233 0.0146484375 0.030855539971949508
0.0 0.642578125 0.105890603085554 0.009765625 0.021037868162692847
0.0 0.646484375 0.11430575035063113 0.013671875 0.023842917251051893
0.0 0.5478515625 0.1297335203366059 0.0078125 0.012622720897615708
0.0 0.5595703125 0.12342215988779803 0.005859375 0.011220196353436185
0.0 0.5869140625 0.10308555399719495 0.009765625 0.0182328190743338
0.0 0.890625 0.02314165497896213 0.01171875 0.012622720897615708
0.0 0.8701171875 0.04488078541374474 0.0078125 0.014025245441795231
0.0 0.8203125 0.13113604488078542 0.013671875 0.015427769985974754
0.0 0.86865234375 0.17040673211781207 0.0087890625 0.012622720897615708
0.0 0.89013671875 0.1479663394109397 0.0107421875 0.021037868162692847
0.0 0.92919921875 0.1584852734922861 0.0126953125 0.025245441795231416
0.0 0.9814453125 0.17251051893408134 0.00390625 0.008415147265077139
0.0 0.9814453125 0.15217391304347827 0.00390625 0.0070126227208976155
0.0 0.96484375 0.15427769985974754 0.00390625 0.008415147265077139
0.0 0.95068359375 0.1514726507713885 0.0048828125 0.008415147265077139
0.0 0.9599609375 0.16690042075736325 0.005859375 0.008415147265077139
0.0 0.947265625 0.1661991584852735 0.00390625 0.0070126227208976155
0.0 0.91015625 0.16830294530154277 0.005859375 0.011220196353436185
0.0 0.78662109375 0.26858345021037866 0.0107421875 0.0182328190743338
0.0 0.85400390625 0.2805049088359046 0.0146484375 0.025245441795231416
0.0 0.88671875 0.42566619915848525 0.013671875 0.02664796633941094
0.0 0.8818359375 0.41304347826086957 0.009765625 0.0182328190743338
0.0 0.806640625 0.40392706872370265 0.01171875 0.019635343618513323
0.0 0.78173828125 0.41374474053295934 0.0068359375 0.014025245441795231
0.0 0.74951171875 0.42496493688639553 0.0048828125 0.011220196353436185
0.0 0.84228515625 0.42005610098176716 0.0048828125 0.009817671809256662
0.0 0.91357421875 0.426367461430575 0.0048828125 0.008415147265077139
0.0 0.859375 0.42987377279102384 0.00390625 0.009817671809256662
0.0 0.8388671875 0.40883590462833097 0.005859375 0.009817671809256662
0.0 0.7890625 0.4067321178120617 0.00390625 0.008415147265077139
0.0 0.98095703125 0.29943899018232817 0.0048828125 0.009817671809256662
0.0 0.96826171875 0.2952314165497896 0.0048828125 0.009817671809256662
0.0 0.96044921875 0.2903225806451613 0.0048828125 0.008415147265077139
0.0 0.927734375 0.29102384291725103 0.00390625 0.0070126227208976155
0.0 0.9423828125 0.2903225806451613 0.00390625 0.008415147265077139
0.0 0.9501953125 0.29873772791023845 0.00390625 0.008415147265077139
0.0 0.9052734375 0.2952314165497896 0.00390625 0.0070126227208976155
0.0 0.8984375 0.288218793828892 0.00390625 0.0070126227208976155
0.0 0.7548828125 0.2959326788218794 0.005859375 0.008415147265077139
0.0 0.7685546875 0.29312762973352036 0.00390625 0.008415147265077139
0.0 0.28076171875 0.49298737727910236 0.0107421875 0.0182328190743338
0.0 0.3125 0.4901823281907433 0.009765625 0.0182328190743338
0.0 0.3232421875 0.44530154277699857 0.0078125 0.015427769985974754
0.0 0.33837890625 0.4326788218793829 0.0068359375 0.012622720897615708
0.0 0.3466796875 0.45021037868162694 0.0078125 0.014025245441795231
0.0 0.36376953125 0.4361851332398317 0.0087890625 0.014025245441795231
0.0 0.3701171875 0.4481065918653576 0.0078125 0.015427769985974754
0.0 0.34375 0.4957924263674614 0.0078125 0.015427769985974754
0.0 0.33349609375 0.5462833099579243 0.0107421875 0.0182328190743338
0.0 0.37353515625 0.4950911640953717 0.0087890625 0.016830294530154277
0.0 0.37451171875 0.5455820476858345 0.0087890625 0.016830294530154277
0.0 0.40869140625 0.5357643758765779 0.0107421875 0.019635343618513323
0.0 0.40087890625 0.4957924263674614 0.0087890625 0.0182328190743338
0.0 0.3974609375 0.44460028050490885 0.009765625 0.016830294530154277
0.0 0.38623046875 0.4326788218793829 0.0087890625 0.0182328190743338
0.0 0.4072265625 0.438288920056101 0.0078125 0.012622720897615708
0.0 0.4365234375 0.4326788218793829 0.0078125 0.015427769985974754
0.0 0.42724609375 0.4488078541374474 0.0087890625 0.016830294530154277
0.0 0.4287109375 0.49789621318373073 0.0078125 0.014025245441795231
0.0 0.44873046875 0.5420757363253857 0.0107421875 0.021037868162692847
0.0 0.458984375 0.49719495091164095 0.009765625 0.0182328190743338
0.0 0.45166015625 0.4438990182328191 0.0068359375 0.0182328190743338
0.0 0.45751953125 0.4284712482468443 0.0087890625 0.0182328190743338
0.0 0.4833984375 0.43338008415147267 0.0078125 0.016830294530154277
0.0 0.4775390625 0.45511921458625526 0.009765625 0.0182328190743338
0.0 0.509765625 0.44460028050490885 0.0078125 0.014025245441795231
0.0 0.5068359375 0.4628330995792426 0.0078125 0.016830294530154277
0.0 0.48876953125 0.5 0.0087890625 0.0182328190743338
0.0 0.51904296875 0.49859747545582045 0.0087890625 0.0182328190743338
0.0 0.51806640625 0.5399719495091164 0.0107421875 0.016830294530154277
0.0 0.529296875 0.4635343618513324 0.0078125 0.015427769985974754
0.0 0.55078125 0.4474053295932679 0.0078125 0.016830294530154277
0.0 0.55615234375 0.4593267882187938 0.0087890625 0.015427769985974754
0.0 0.572265625 0.4523141654978962 0.0078125 0.015427769985974754
0.0 0.59228515625 0.4544179523141655 0.0087890625 0.016830294530154277
0.0 0.61376953125 0.4579242636746143 0.0087890625 0.015427769985974754
0.0 0.63623046875 0.45511921458625526 0.0087890625 0.015427769985974754
0.0 0.6015625 0.46774193548387094 0.0078125 0.015427769985974754
0.0 0.62109375 0.47054698457223 0.0078125 0.015427769985974754
0.0 0.64111328125 0.4761570827489481 0.0087890625 0.015427769985974754
0.0 0.57958984375 0.47545582047685836 0.0087890625 0.016830294530154277
0.0 0.5498046875 0.5 0.009765625 0.0182328190743338
0.0 0.5771484375 0.5 0.009765625 0.0182328190743338
0.0 0.607421875 0.5056100981767181 0.009765625 0.015427769985974754
0.0 0.64111328125 0.5014025245441796 0.0087890625 0.015427769985974754
0.0 0.6728515625 0.4992987377279102 0.009765625 0.016830294530154277
0.0 0.68701171875 0.47124824684431976 0.0087890625 0.016830294530154277
0.0 0.7099609375 0.5007012622720898 0.009765625 0.016830294530154277
0.0 0.55126953125 0.5539971949509116 0.0107421875 0.016830294530154277
0.0 0.58154296875 0.5455820476858345 0.0087890625 0.019635343618513323
0.0 0.60986328125 0.5518934081346424 0.0087890625 0.0182328190743338
0.0 0.63720703125 0.5546984572230014 0.0087890625 0.015427769985974754
0.0 0.66162109375 0.5694249649368864 0.0107421875 0.016830294530154277
0.0 0.775390625 0.5624123422159888 0.01171875 0.025245441795231416
0.0 0.89501953125 0.5098176718092566 0.0146484375 0.02664796633941094
0.0 0.91552734375 0.6423562412342216 0.0341796875 0.05890603085553997
0.0 0.09423828125 0.3814866760168303 0.0166015625 0.033660589060308554
0.0 0.1328125 0.41304347826086957 0.009765625 0.015427769985974754
0.0 0.18994140625 0.4165497896213184 0.0087890625 0.016830294530154277
0.0 0.20361328125 0.42426367461430575 0.0068359375 0.012622720897615708
0.0 0.21044921875 0.4284712482468443 0.0068359375 0.012622720897615708
0.0 0.23681640625 0.4270687237026648 0.0068359375 0.015427769985974754
0.0 0.2451171875 0.423562412342216 0.005859375 0.011220196353436185
0.0 0.06396484375 0.5343618513323983 0.0048828125 0.008415147265077139
0.0 0.10205078125 0.532258064516129 0.0048828125 0.009817671809256662
0.0 0.14111328125 0.5364656381486677 0.0048828125 0.009817671809256662
0.0 0.17626953125 0.5329593267882188 0.0048828125 0.008415147265077139
0.0 0.24267578125 0.5308555399719496 0.0087890625 0.015427769985974754
0.0 0.20263671875 0.5329593267882188 0.0048828125 0.011220196353436185
0.0 0.916015625 0.5518934081346424 0.009765625 0.015427769985974754
0.0 0.26220703125 0.8450210378681627 0.0087890625 0.012622720897615708
0.0 0.27978515625 0.8450210378681627 0.0068359375 0.012622720897615708
0.0 0.2548828125 0.8078541374474053 0.005859375 0.014025245441795231
0.0 0.291015625 0.8211781206171108 0.005859375 0.009817671809256662
0.0 0.27783203125 0.8162692847124825 0.0029296875 0.008415147265077139
0.0 0.3203125 0.8134642356241234 0.015625 0.028050490883590462
0.0 0.39111328125 0.8036465638148668 0.0107421875 0.025245441795231416
0.0 0.38720703125 0.8155680224403927 0.0107421875 0.021037868162692847
0.0 0.39990234375 0.8821879382889201 0.0244140625 0.030855539971949508
0.0 0.4306640625 0.8807854137447405 0.01953125 0.0364656381486676
0.0 0.416015625 0.8071528751753155 0.005859375 0.009817671809256662
0.0 0.3369140625 0.8394109396914446 0.005859375 0.009817671809256662
0.0 0.330078125 0.8106591865357644 0.00390625 0.008415147265077139
0.0 0.4072265625 0.8127629733520336 0.00390625 0.0070126227208976155
0.0 0.44140625 0.8176718092566619 0.00390625 0.008415147265077139
0.0 0.451171875 0.820476858345021 0.00390625 0.008415147265077139
0.0 0.4931640625 0.8197755960729313 0.005859375 0.009817671809256662
0.0 0.5078125 0.7833099579242637 0.013671875 0.02664796633941094
0.0 0.54931640625 0.7854137447405329 0.0166015625 0.033660589060308554
0.0 0.5244140625 0.7938288920056101 0.009765625 0.011220196353436185
0.0 0.57080078125 0.8176718092566619 0.0068359375 0.014025245441795231
0.0 0.56689453125 0.7791023842917251 0.0087890625 0.015427769985974754
0.0 0.6552734375 0.8863955119214586 0.03515625 0.03927068723702665
0.0 0.677734375 0.7769985974754559 0.0078125 0.016830294530154277
0.0 0.6650390625 0.7847124824684432 0.005859375 0.009817671809256662
0.0 0.71044921875 0.7896213183730715 0.0048828125 0.011220196353436185
0.0 0.72509765625 0.7945301542776999 0.0068359375 0.012622720897615708
0.0 0.68212890625 0.9144460028050491 0.0283203125 0.0364656381486676
0.0 0.6328125 0.7755960729312763 0.015625 0.014025245441795231
0.0 0.75634765625 0.9137447405329593 0.0185546875 0.03506311360448808
0.0 0.826171875 0.8534361851332398 0.013671875 0.0182328190743338
0.0 0.8486328125 0.8008415147265077 0.009765625 0.016830294530154277
0.0 0.90087890625 0.8050490883590463 0.0087890625 0.014025245441795231
0.0 0.96728515625 0.9123422159887798 0.0205078125 0.037868162692847124
0.0 0.9287109375 0.761570827489481 0.01171875 0.016830294530154277
0.0 0.9755859375 0.770687237026648 0.0078125 0.012622720897615708
0.0 0.07958984375 0.9277699859747546 0.0126953125 0.02664796633941094
0.0 0.15673828125 0.9284712482468443 0.0126953125 0.025245441795231416
0.0 0.01171875 0.9046283309957924 0.005859375 0.019635343618513323
0.0 0.021484375 0.8920056100981767 0.0078125 0.014025245441795231
0.0 0.03857421875 0.9053295932678822 0.0087890625 0.015427769985974754
0.0 0.04736328125 0.8948106591865358 0.0068359375 0.014025245441795231
0.0 0.0341796875 0.8835904628330996 0.0078125 0.011220196353436185
0.0 0.01806640625 0.8744740532959326 0.0068359375 0.012622720897615708
0.0 0.013671875 0.8660589060308556 0.005859375 0.009817671809256662
0.0 0.04638671875 0.8730715287517532 0.0068359375 0.012622720897615708
0.0 0.0517578125 0.8660589060308556 0.005859375 0.012622720897615708
0.0 0.06884765625 0.8681626928471248 0.0068359375 0.011220196353436185
0.0 0.0595703125 0.8835904628330996 0.005859375 0.011220196353436185
0.0 0.0703125 0.8835904628330996 0.005859375 0.008415147265077139
0.0 0.08349609375 0.8737727910238429 0.0068359375 0.014025245441795231
0.0 0.08837890625 0.861851332398317 0.0048828125 0.009817671809256662
0.0 0.10595703125 0.8660589060308556 0.0048828125 0.0070126227208976155
0.0 0.09326171875 0.8983169705469846 0.0068359375 0.012622720897615708
0.0 0.07470703125 0.9053295932678822 0.0087890625 0.009817671809256662
0.0 0.1025390625 0.8856942496493688 0.005859375 0.009817671809256662
0.0 0.12255859375 0.8688639551192145 0.0068359375 0.009817671809256662
0.0 0.12353515625 0.894109396914446 0.0068359375 0.012622720897615708
0.0 0.14404296875 0.9032258064516129 0.0087890625 0.016830294530154277
0.0 0.13916015625 0.879382889200561 0.0068359375 0.011220196353436185
0.0 0.1396484375 0.864656381486676 0.00390625 0.0070126227208976155
0.0 0.0859375 0.7244039270687237 0.01171875 0.03225806451612903
0.0 0.11572265625 0.7012622720897616 0.0107421875 0.019635343618513323
0.0 0.1298828125 0.7005610098176718 0.013671875 0.02664796633941094
0.0 0.2060546875 0.7426367461430575 0.021484375 0.04067321178120617
0.0 0.2421875 0.7187938288920056 0.00390625 0.0070126227208976155
0.0 0.01708984375 0.532258064516129 0.0048828125 0.009817671809256662
0.0 0.16748046875 0.8884992987377279 0.0068359375 0.009817671809256662
0.0 0.2197265625 0.8906030855539971 0.005859375 0.008415147265077139
0.0 0.23486328125 0.8814866760168303 0.0048828125 0.0070126227208976155
0.0 0.0849609375 0.9046283309957924 0.0078125 0.014025245441795231
