0.0 0.98193359375 0.2760416666666667 0.0166015625 0.026041666666666668
0.0 0.93017578125 0.267578125 0.0146484375 0.029947916666666668
0.0 0.9306640625 0.236328125 0.013671875 0.024739583333333332
0.0 0.935546875 0.216796875 0.015625 0.01953125
0.0 0.873046875 0.23828125 0.013671875 0.020833333333333332
0.0 0.8671875 0.2610677083333333 0.015625 0.024739583333333332
0.0 0.8671875 0.30078125 0.015625 0.03125
0.0 0.8349609375 0.3984375 0.0234375 0.036458333333333336
0.0 0.802734375 0.25 0.017578125 0.0234375
0.0 0.71923828125 0.4029947916666667 0.0166015625 0.032552083333333336
0.0 0.74365234375 0.416015625 0.0205078125 0.037760416666666664
0.0 0.7197265625 0.23763020833333334 0.013671875 0.024739583333333332
0.0 0.697265625 0.21809895833333334 0.013671875 0.024739583333333332
0.0 0.6728515625 0.17708333333333334 0.013671875 0.020833333333333332
0.0 0.65673828125 0.2506510416666667 0.0126953125 0.024739583333333332
0.0 0.619140625 0.18033854166666666 0.013671875 0.024739583333333332
0.0 0.6044921875 0.23111979166666666 0.015625 0.024739583333333332
0.0 0.6064453125 0.3815104166666667 0.01953125 0.033854166666666664
0.0 0.61328125 0.4361979166666667 0.0234375 0.033854166666666664
0.0 0.5234375 0.4420572916666667 0.017578125 0.029947916666666668
0.0 0.55615234375 0.375 0.0205078125 0.033854166666666664
0.0 0.572265625 0.2265625 0.01171875 0.0234375
0.0 0.58056640625 0.203125 0.0126953125 0.020833333333333332
0.0 0.56982421875 0.18098958333333334 0.0126953125 0.0234375
0.0 0.52392578125 0.18489583333333334 0.0146484375 0.020833333333333332
0.0 0.50927734375 0.21940104166666666 0.0146484375 0.024739583333333332
0.0 0.47705078125 0.17057291666666666 0.0146484375 0.0234375
0.0 0.48046875 0.21158854166666666 0.013671875 0.022135416666666668
0.0 0.45654296875 0.21158854166666666 0.0126953125 0.01953125
0.0 0.43701171875 0.19140625 0.0126953125 0.020833333333333332
0.0 0.4287109375 0.166015625 0.013671875 0.022135416666666668
0.0 0.51220703125 0.3932291666666667 0.0185546875 0.036458333333333336
0.0 0.49169921875 0.35546875 0.0205078125 0.03125
0.0 0.490234375 0.3235677083333333 0.017578125 0.016927083333333332
0.0 0.4248046875 0.3203125 0.01953125 0.028645833333333332
0.0 0.4541015625 0.3684895833333333 0.01953125 0.028645833333333332
0.0 0.46142578125 0.4225260416666667 0.0205078125 0.032552083333333336
0.0 0.40966796875 0.4166666666666667 0.0205078125 0.033854166666666664
0.0 0.392578125 0.3522135416666667 0.017578125 0.032552083333333336
0.0 0.3720703125 0.3131510416666667 0.01953125 0.03515625
0.0 0.33544921875 0.3756510416666667 0.0205078125 0.03515625
0.0 0.32080078125 0.328125 0.0166015625 0.033854166666666664
0.0 0.40625 0.205078125 0.013671875 0.024739583333333332
0.0 0.3984375 0.185546875 0.009765625 0.014322916666666666
0.0 0.38037109375 0.15950520833333334 0.0126953125 0.022135416666666668
0.0 0.765625 0.263671875 0.01171875 0.02734375
0.0 0.36572265625 0.23567708333333334 0.0146484375 0.020833333333333332
0.0 0.3623046875 0.18033854166666666 0.013671875 0.022135416666666668
0.0 0.31689453125 0.17708333333333334 0.0126953125 0.020833333333333332
0.0 0.3134765625 0.20182291666666666 0.01171875 0.020833333333333332
0.0 0.2861328125 0.158203125 0.013671875 0.01953125
0.0 0.279296875 0.19140625 0.013671875 0.020833333333333332
0.0 0.2373046875 0.19270833333333334 0.01171875 0.020833333333333332
0.0 0.2255859375 0.20638020833333334 0.013671875 0.01953125
0.0 0.22412109375 0.15494791666666666 0.0107421875 0.0234375
0.0 0.21435546875 0.16927083333333334 0.0126953125 0.020833333333333332
0.0 0.16748046875 0.15104166666666666 0.0126953125 0.018229166666666668
0.0 0.18359375 0.1328125 0.01171875 0.020833333333333332
0.0 0.1474609375 0.13541666666666666 0.013671875 0.0234375
0.0 0.1318359375 0.15364583333333334 0.01171875 0.018229166666666668
0.0 0.1259765625 0.17447916666666666 0.013671875 0.0234375
0.0 0.27197265625 0.3046875 0.0166015625 0.028645833333333332
0.0 0.26220703125 0.3255208333333333 0.0166015625 0.03125
0.0 0.27978515625 0.3697916666666667 0.0185546875 0.03125
0.0 0.22509765625 0.2994791666666667 0.0166015625 0.03125
0.0 0.20361328125 0.3151041666666667 0.0185546875 0.033854166666666664
0.0 0.212890625 0.3606770833333333 0.017578125 0.033854166666666664
0.0 0.15869140625 0.30078125 0.0185546875 0.03125
0.0 0.16455078125 0.34765625 0.0205078125 0.03125
0.0 0.0986328125 0.2994791666666667 0.017578125 0.03125
0.0 0.10888671875 0.3235677083333333 0.0205078125 0.032552083333333336
0.0 0.1044921875 0.1328125 0.009765625 0.020833333333333332
0.0 0.09033203125 0.14127604166666666 0.0107421875 0.01953125
0.0 0.076171875 0.13671875 0.01171875 0.015625
0.0 0.07666015625 0.158203125 0.0126953125 0.01953125
0.0 0.03955078125 0.1640625 0.0126953125 0.020833333333333332
0.0 0.044921875 0.13997395833333334 0.01171875 0.016927083333333332
0.0 0.08251953125 0.3684895833333333 0.0205078125 0.028645833333333332
0.0 0.05615234375 0.3053385416666667 0.0185546875 0.032552083333333336
0.0 0.01513671875 0.3671875 0.0205078125 0.033854166666666664
0.0 0.00634765625 0.25390625 0.0126953125 0.026041666666666668
0.0 0.0107421875 0.138671875 0.01171875 0.01953125
0.0 0.353515625 0.20572916666666666 0.013671875 0.0234375
