0.0 0.72119140625 0.5352422907488987 0.0263671875 0.04552129221732746
0.0 0.75244140625 0.4977973568281938 0.0224609375 0.04405286343612335
0.0 0.53369140625 0.49706314243759175 0.0166015625 0.04552129221732746
0.0 0.50927734375 0.49632892804698975 0.0166015625 0.032305433186490456
0.0 0.45849609375 0.5190895741556535 0.0166015625 0.03671071953010279
0.0 0.41064453125 0.4933920704845815 0.0205078125 0.049926578560939794
0.0 0.279296875 0.5 0.0234375 0.04552129221732746
0.0 0.08203125 0.5124816446402349 0.02734375 0.049926578560939794
0.0 0.2548828125 0.4977973568281938 0.01953125 0.0381791483113069
0.0 0.3916015625 0.48164464023494863 0.013671875 0.02936857562408223
0.0 0.3251953125 0.5249632892804699 0.00390625 0.007342143906020558
