0.0 0.48828125 0.42212518195050946 0.04296875 0.0858806404657933
0.0 0.3544921875 0.4556040756914119 0.03515625 0.06841339155749636
0.0 0.3720703125 0.33770014556040756 0.0400390625 0.0858806404657933
0.0 0.4140625 0.3129548762736536 0.017578125 0.0611353711790393
0.0 0.4404296875 0.2954876273653566 0.0263671875 0.0611353711790393
0.0 0.4619140625 0.28093158660844253 0.0166015625 0.040756914119359534
0.0 0.482421875 0.2663755458515284 0.013671875 0.040756914119359534
0.0 0.03515625 0.43085880640465796 0.0439453125 0.08005822416302766
0.0 0.078125 0.3304221251819505 0.0419921875 0.07860262008733625
0.0 0.125 0.32751091703056767 0.033203125 0.06404657933042213
0.0 0.1494140625 0.32168850072780203 0.02734375 0.056768558951965066
0.0 0.197265625 0.2940320232896652 0.037109375 0.0611353711790393
0.0 0.2265625 0.2823871906841339 0.0205078125 0.043668122270742356
0.0 0.2490234375 0.2678311499272198 0.025390625 0.05240174672489083
0.0 0.2783203125 0.24745269286754004 0.0263671875 0.048034934497816595
0.0 0.306640625 0.22998544395924309 0.025390625 0.046579330422125184
0.0 0.337890625 0.22125181950509462 0.0205078125 0.046579330422125184
0.0 0.359375 0.20087336244541484 0.0126953125 0.02911208151382824
0.0 0.369140625 0.1703056768558952 0.0146484375 0.03056768558951965
0.0 0.251953125 0.15574963609898107 0.021484375 0.026200873362445413
0.0 0.1904296875 0.19068413391557495 0.0185546875 0.040756914119359534
0.0 0.4990234375 0.16011644832605532 0.015625 0.03056768558951965
0.0 0.5400390625 0.14264919941775836 0.021484375 0.03784570596797671
0.0 0.5078125 0.23726346433770015 0.0107421875 0.03202328966521106
0.0 0.3837890625 0.0611353711790393 0.015625 0.026200873362445413
0.0 0.2880859375 0.13828238719068414 0.015625 0.027656477438136828
0.0 0.0 0.25036390101892286 0.029296875 0.0611353711790393
0.0 0.0751953125 0.26055312954876275 0.021484375 0.040756914119359534
0.0 0.109375 0.22852983988355166 0.0283203125 0.05240174672489083
0.0 0.1318359375 0.23435225618631733 0.015625 0.036390101892285295
0.0 0.1640625 0.1965065502183406 0.0224609375 0.04512372634643377
0.0 0.041015625 0.14556040756914118 0.0205078125 0.036390101892285295
0.0 0.306640625 0.13973799126637554 0.013671875 0.026200873362445413
0.0 0.318359375 0.13537117903930132 0.013671875 0.027656477438136828
0.0 0.3359375 0.12954876273653565 0.0126953125 0.024745269286754003
0.0 0.3486328125 0.12372634643377002 0.0107421875 0.026200873362445413
0.0 0.451171875 0.07714701601164484 0.0146484375 0.027656477438136828
0.0 0.439453125 0.1324599708879185 0.009765625 0.021834061135371178
0.0 0.4248046875 0.13828238719068414 0.009765625 0.017467248908296942
0.0 0.3935546875 0.0611353711790393 0.009765625 0.027656477438136828
0.0 0.412109375 0.06841339155749636 0.009765625 0.023289665211062592
0.0 0.0302734375 0.06841339155749636 0.0107421875 0.017467248908296942
0.0 0.0400390625 0.07714701601164484 0.01171875 0.020378457059679767
0.0 0.0576171875 0.07132459970887918 0.009765625 0.017467248908296942
0.0 0.095703125 0.07278020378457059 0.009765625 0.01601164483260553
0.0 0.111328125 0.06986899563318777 0.0078125 0.01455604075691412
0.0 0.1259765625 0.06404657933042213 0.0107421875 0.018922852983988356
0.0 0.3154296875 0.07714701601164484 0.0078125 0.011644832605531296
0.0 0.2431640625 0.03784570596797671 0.009765625 0.011644832605531296
0.0 0.2685546875 0.046579330422125184 0.0068359375 0.018922852983988356
0.0 0.2294921875 0.05240174672489083 0.0078125 0.013100436681222707
0.0 0.220703125 0.049490538573508006 0.0068359375 0.013100436681222707
0.0 0.2138671875 0.050946142649199416 0.0068359375 0.013100436681222707
0.0 0.1728515625 0.05967976710334789 0.0087890625 0.01455604075691412
0.0 0.154296875 0.06695778748180495 0.005859375 0.01455604075691412
0.0 0.1845703125 0.049490538573508006 0.005859375 0.01601164483260553
0.0 0.3408203125 0.06841339155749636 0.0087890625 0.018922852983988356
0.0 0.423828125 0.04512372634643377 0.009765625 0.01601164483260553
0.0 0.4345703125 0.046579330422125184 0.009765625 0.01455604075691412
0.0 0.46875 0.07860262008733625 0.0078125 0.01601164483260553
0.0 0.4765625 0.06986899563318777 0.0087890625 0.020378457059679767
0.0 0.4921875 0.05822416302765648 0.0068359375 0.010189228529839884
0.0 0.5185546875 0.15574963609898107 0.0087890625 0.01601164483260553
0.0 0.5810546875 0.1848617176128093 0.0166015625 0.023289665211062592
0.0 0.5341796875 0.08733624454148471 0.009765625 0.018922852983988356
0.0 0.716796875 0.17467248908296942 0.0166015625 0.027656477438136828
0.0 0.6689453125 0.08879184861717612 0.0107421875 0.027656477438136828
0.0 0.7529296875 0.056768558951965066 0.009765625 0.017467248908296942
0.0 0.9345703125 0.3551673944687045 0.033203125 0.06695778748180495
