0.0 0.05615234375 0.4 0.0087890625 0.038356164383561646
0.0 0.14794921875 0.3698630136986301 0.0087890625 0.03287671232876712
0.0 0.17333984375 0.3917808219178082 0.0087890625 0.0273972602739726
0.0 0.19921875 0.39452054794520547 0.0078125 0.03287671232876712
0.0 0.23193359375 0.38767123287671235 0.0087890625 0.030136986301369864
0.0 0.13232421875 0.5219178082191781 0.0126953125 0.06301369863013699
0.0 0.2587890625 0.3972602739726027 0.0078125 0.03287671232876712
0.0 0.2890625 0.39863013698630134 0.0078125 0.030136986301369864
0.0 0.314453125 0.40684931506849314 0.005859375 0.030136986301369864
0.0 0.33642578125 0.40684931506849314 0.0068359375 0.03561643835616438
0.0 0.3671875 0.3958904109589041 0.0078125 0.030136986301369864
0.0 0.3525390625 0.4410958904109589 0.005859375 0.0273972602739726
0.0 0.47216796875 0.38767123287671235 0.0087890625 0.030136986301369864
0.0 0.48876953125 0.38767123287671235 0.0087890625 0.03561643835616438
0.0 0.50146484375 0.3821917808219178 0.0068359375 0.03561643835616438
0.0 0.5712890625 0.3726027397260274 0.009765625 0.038356164383561646
0.0 0.60693359375 0.37945205479452054 0.0087890625 0.030136986301369864
0.0 0.6484375 0.3917808219178082 0.0078125 0.03287671232876712
0.0 0.685546875 0.37945205479452054 0.009765625 0.030136986301369864
0.0 0.716796875 0.3767123287671233 0.009765625 0.03561643835616438
0.0 0.7587890625 0.3561643835616438 0.009765625 0.038356164383561646
0.0 0.79541015625 0.37123287671232874 0.0087890625 0.03561643835616438
0.0 0.82470703125 0.3767123287671233 0.0087890625 0.03561643835616438
0.0 0.857421875 0.37534246575342467 0.0078125 0.038356164383561646
0.0 0.85546875 0.5136986301369864 0.013671875 0.052054794520547946
0.0 0.888671875 0.5328767123287671 0.015625 0.06301369863013699
0.0 0.9755859375 0.4849315068493151 0.015625 0.0547945205479452
