0.0 0.6162109375 0.1625659050966608 0.04296875 0.06678383128295255
0.0 0.72216796875 0.15729349736379614 0.0595703125 0.07557117750439367
0.0 0.83642578125 0.10061511423550087 0.0478515625 0.07469244288224956
0.0 0.66162109375 0.406414762741652 0.0576171875 0.07469244288224956
0.0 0.859375 0.46089630931458697 0.04296875 0.06942003514938488
0.0 0.3203125 0.37653778558875217 0.009765625 0.013181019332161687
0.0 0.3662109375 0.36467486818980666 0.01171875 0.015817223198594025
0.0 0.42138671875 0.37873462214411246 0.0107421875 0.014059753954305799
0.0 0.19482421875 0.37697715289982425 0.0107421875 0.012302284710017574
0.0 0.46630859375 0.48154657293497366 0.0380859375 0.07381370826010544
0.0 0.54345703125 0.5909490333919156 0.0498046875 0.05711775043936731
0.0 0.572265625 0.6019332161687171 0.025390625 0.03866432337434095
0.0 0.7568359375 0.5672231985940246 0.029296875 0.03602811950790861
0.0 0.8193359375 0.5834797891036907 0.048828125 0.050966608084358524
0.0 0.8125 0.5347100175746925 0.029296875 0.027240773286467488
0.0 0.615234375 0.7930579964850615 0.0625 0.07293497363796134
0.0 0.76220703125 0.7324253075571178 0.0654296875 0.07820738137082602
0.0 0.9013671875 0.7952548330404218 0.044921875 0.050966608084358524
0.0 0.21435546875 0.6744288224956063 0.0224609375 0.027240773286467488
0.0 0.2109375 0.6814586994727593 0.01171875 0.020210896309314587
0.0 0.4052734375 0.6818980667838312 0.017578125 0.0210896309314587
0.0 0.9931640625 0.8383128295254832 0.013671875 0.0421792618629174
0.0 0.83837890625 0.5434973637961336 0.0185546875 0.025483304042179262
