0.0 0.0458984375 0.2225475841874085 0.0244140625 0.07320644216691069
0.0 0.103515625 0.3103953147877013 0.0166015625 0.03953147877013177
0.0 0.1630859375 0.27232796486090777 0.0146484375 0.0424597364568082
0.0 0.2119140625 0.26939970717423134 0.015625 0.040995607613469986
0.0 0.279296875 0.24743777452415813 0.009765625 0.03513909224011713
0.0 0.2900390625 0.2445095168374817 0.0087890625 0.032210834553440704
0.0 0.212890625 0.2445095168374817 0.01171875 0.029282576866764276
0.0 0.1611328125 0.24158125915080528 0.0166015625 0.03367496339677892
0.0 0.4765625 0.29428989751098095 0.0107421875 0.017569546120058566
0.0 0.5185546875 0.2664714494875549 0.0126953125 0.020497803806734993
0.0 0.60546875 0.22986822840409957 0.0146484375 0.03513909224011713
0.0 0.6591796875 0.2225475841874085 0.0107421875 0.029282576866764276
0.0 0.7177734375 0.2108345534407028 0.0126953125 0.03367496339677892
0.0 0.7646484375 0.2679355783308931 0.0107421875 0.04685212298682284
0.0 0.7880859375 0.232796486090776 0.0126953125 0.029282576866764276
0.0 0.8291015625 0.28989751098096633 0.0146484375 0.0424597364568082
0.0 0.9072265625 0.18594436310395315 0.0205078125 0.08199121522693997
