0.0 0.0029296875 0.39453125 0.0185546875 0.02734375
0.0 0.0048828125 0.41796875 0.021484375 0.033854166666666664
0.0 0.1494140625 0.3723958333333333 0.01953125 0.03125
0.0 0.216796875 0.3880208333333333 0.017578125 0.032552083333333336
0.0 0.236328125 0.3802083333333333 0.025390625 0.036458333333333336
0.0 0.2421875 0.4127604166666667 0.0205078125 0.040364583333333336
0.0 0.505859375 0.3815104166666667 0.0224609375 0.040364583333333336
0.0 0.5810546875 0.3723958333333333 0.025390625 0.037760416666666664
0.0 0.419921875 0.4622395833333333 0.0234375 0.0390625
0.0 0.4384765625 0.3841145833333333 0.0234375 0.045572916666666664
0.0 0.6123046875 0.3932291666666667 0.021484375 0.032552083333333336
0.0 0.677734375 0.3606770833333333 0.01953125 0.033854166666666664
0.0 0.7587890625 0.37109375 0.0224609375 0.036458333333333336
0.0 0.81640625 0.4270833333333333 0.0107421875 0.029947916666666668
0.0 0.8984375 0.3385416666666667 0.0244140625 0.044270833333333336
0.0 0.9931640625 0.3776041666666667 0.0068359375 0.040364583333333336
0.0 0.9755859375 0.34375 0.01953125 0.033854166666666664
0.0 0.2490234375 0.5885416666666666 0.0205078125 0.028645833333333332
0.0 0.3359375 0.6028645833333334 0.015625 0.033854166666666664
0.0 0.8544921875 0.6705729166666666 0.025390625 0.052083333333333336
0.0 0.8720703125 0.7278645833333334 0.025390625 0.05078125
0.0 0.876953125 0.7682291666666666 0.015625 0.049479166666666664
0.0 0.986328125 0.7057291666666666 0.013671875 0.05078125
0.0 0.814453125 0.83203125 0.021484375 0.0546875
