0.0 0.73583984375 0.48445273631840796 0.0400390625 0.05845771144278607
0.0 0.5498046875 0.5783582089552238 0.03515625 0.0472636815920398
0.0 0.76025390625 0.41044776119402987 0.0244140625 0.03980099502487562
0.0 0.64697265625 0.4172885572139303 0.0205078125 0.033582089552238806
0.0 0.9296875 0.39241293532338306 0.021484375 0.036069651741293535
0.0 0.966796875 0.4216417910447761 0.017578125 0.029850746268656716
0.0 0.8505859375 0.4216417910447761 0.015625 0.02736318407960199
0.0 0.7919921875 0.4141791044776119 0.017578125 0.03233830845771144
0.0 0.869140625 0.43843283582089554 0.015625 0.026119402985074626
0.0 0.8076171875 0.4197761194029851 0.013671875 0.028606965174129355
0.0 0.6875 0.43283582089552236 0.021484375 0.022388059701492536
0.0 0.703125 0.42723880597014924 0.013671875 0.01616915422885572
0.0 0.6220703125 0.4060945273631841 0.021484375 0.036069651741293535
0.0 0.57373046875 0.3849502487562189 0.0322265625 0.033582089552238806
0.0 0.52978515625 0.3327114427860697 0.0361328125 0.06592039800995025
0.0 0.3583984375 0.4129353233830846 0.03515625 0.0472636815920398
0.0 0.46435546875 0.3656716417910448 0.0341796875 0.04477611940298507
0.0 0.2509765625 0.36691542288557216 0.03515625 0.05223880597014925
0.0 0.48486328125 0.36629353233830847 0.0146484375 0.036069651741293535
0.0 0.1669921875 0.40111940298507465 0.017578125 0.03109452736318408
0.0 0.1025390625 0.4098258706467662 0.01953125 0.041044776119402986
0.0 0.05517578125 0.44402985074626866 0.0166015625 0.03233830845771144
0.0 0.05810546875 0.4123134328358209 0.0166015625 0.018656716417910446
0.0 0.076171875 0.44340796019900497 0.017578125 0.0236318407960199
