0.0 0.20361328125 0.37757731958762886 0.1044921875 0.17525773195876287
0.0 0.43212890625 0.6134020618556701 0.0693359375 0.11855670103092783
0.0 0.27880859375 0.5173969072164949 0.0810546875 0.12757731958762886
0.0 0.67578125 0.3009020618556701 0.048828125 0.08891752577319588
0.0 0.8212890625 0.3125 0.04296875 0.08376288659793814
0.0 0.54638671875 0.3228092783505155 0.0302734375 0.05283505154639175
0.0 0.6064453125 0.29961340206185566 0.0234375 0.045103092783505154
0.0 0.63134765625 0.31572164948453607 0.0224609375 0.05154639175257732
0.0 0.912109375 0.31378865979381443 0.01171875 0.024484536082474227
0.0 0.89599609375 0.28994845360824745 0.0107421875 0.01804123711340206
