0.0 0.36669921875 0.2964860907759883 0.0654296875 0.14202049780380674
0.0 0.50048828125 0.3308931185944363 0.0498046875 0.09077598828696926
0.0 0.7919921875 0.18521229868228403 0.080078125 0.17423133235724744
0.0 0.04248046875 0.5863836017569546 0.0341796875 0.060029282576866766
0.0 0.05517578125 0.5483162518301611 0.0126953125 0.024890190336749635
0.0 0.02197265625 0.5497803806734992 0.0126953125 0.024890190336749635
0.0 0.0146484375 0.49267935578330896 0.009765625 0.01903367496339678
0.0 0.0654296875 0.4773060029282577 0.009765625 0.017569546120058566
0.0 0.08935546875 0.4633967789165447 0.0107421875 0.01903367496339678
0.0 0.111328125 0.47144948755490484 0.009765625 0.017569546120058566
0.0 0.1318359375 0.46486090775988287 0.0078125 0.016105417276720352
0.0 0.16162109375 0.44363103953147875 0.0087890625 0.017569546120058566
0.0 0.19189453125 0.44143484626647145 0.0087890625 0.01903367496339678
0.0 0.24365234375 0.42752562225475843 0.0107421875 0.017569546120058566
0.0 0.17138671875 0.48096632503660325 0.0107421875 0.016105417276720352
0.0 0.18359375 0.4773060029282577 0.009765625 0.017569546120058566
0.0 0.2041015625 0.4699853587115666 0.009765625 0.017569546120058566
0.0 0.19775390625 0.49194729136163984 0.0087890625 0.017569546120058566
0.0 0.20947265625 0.4890190336749634 0.0107421875 0.017569546120058566
0.0 0.2216796875 0.4780380673499268 0.009765625 0.01903367496339678
0.0 0.00634765625 0.5329428989751098 0.0126953125 0.02342606149341142
0.0 0.4013671875 0.37701317715959004 0.0078125 0.016105417276720352
0.0 0.61328125 0.3923865300146413 0.015625 0.032210834553440704
0.0 0.634765625 0.438506588579795 0.025390625 0.048316251830161056
0.0 0.64990234375 0.39824304538799415 0.0146484375 0.03806734992679356
0.0 0.6806640625 0.38945827232796487 0.021484375 0.040995607613469986
0.0 0.7265625 0.3821376281112738 0.025390625 0.04978038067349927
0.0 0.7529296875 0.36383601756954614 0.025390625 0.0424597364568082
0.0 0.9599609375 0.1925329428989751 0.03125 0.04538799414348463
0.0 0.04150390625 0.5497803806734992 0.0205078125 0.03367496339677892
0.0 0.1845703125 0.49267935578330896 0.009765625 0.016105417276720352
