0.0 0.0263671875 0.169921875 0.0078125 0.01171875
0.0 0.0546875 0.171875 0.0078125 0.013020833333333334
0.0 0.015625 0.20638020833333334 0.005859375 0.01171875
0.0 0.02294921875 0.24283854166666666 0.0087890625 0.014322916666666666
0.0 0.0712890625 0.2421875 0.0078125 0.013020833333333334
0.0 0.107421875 0.24544270833333334 0.0078125 0.014322916666666666
0.0 0.1259765625 0.24479166666666666 0.009765625 0.015625
0.0 0.05908203125 0.2825520833333333 0.0087890625 0.013020833333333334
0.0 0.06298828125 0.3190104166666667 0.0087890625 0.015625
0.0 0.041015625 0.3209635416666667 0.009765625 0.014322916666666666
0.0 0.02099609375 0.3216145833333333 0.0087890625 0.015625
0.0 0.173828125 0.11393229166666667 0.009765625 0.01171875
0.0 0.2919921875 0.14388020833333334 0.0078125 0.01171875
0.0 0.2724609375 0.13802083333333334 0.0078125 0.013020833333333334
0.0 0.248046875 0.14322916666666666 0.0078125 0.010416666666666666
0.0 0.189453125 0.18098958333333334 0.0078125 0.013020833333333334
0.0 0.21337890625 0.17513020833333334 0.0087890625 0.014322916666666666
0.0 0.23974609375 0.17513020833333334 0.0068359375 0.014322916666666666
0.0 0.26025390625 0.177734375 0.0068359375 0.01171875
0.0 0.2822265625 0.17903645833333334 0.0078125 0.01171875
0.0 0.341796875 0.20833333333333334 0.009765625 0.013020833333333334
0.0 0.31640625 0.21419270833333334 0.009765625 0.01171875
0.0 0.37548828125 0.2747395833333333 0.0087890625 0.013020833333333334
0.0 0.34716796875 0.28515625 0.0087890625 0.013020833333333334
0.0 0.25537109375 0.2838541666666667 0.0068359375 0.013020833333333334
0.0 0.232421875 0.2734375 0.009765625 0.013020833333333334
0.0 0.25 0.3157552083333333 0.009765625 0.01171875
0.0 0.27587890625 0.3229166666666667 0.0087890625 0.013020833333333334
0.0 0.29541015625 0.3216145833333333 0.0068359375 0.013020833333333334
0.0 0.3232421875 0.318359375 0.009765625 0.016927083333333332
0.0 0.345703125 0.32421875 0.009765625 0.013020833333333334
0.0 0.3662109375 0.3287760416666667 0.009765625 0.014322916666666666
0.0 0.46044921875 0.3203125 0.0087890625 0.015625
0.0 0.40380859375 0.109375 0.0068359375 0.013020833333333334
0.0 0.42333984375 0.11197916666666667 0.0087890625 0.013020833333333334
0.0 0.400390625 0.142578125 0.0078125 0.014322916666666666
0.0 0.4208984375 0.13802083333333334 0.0078125 0.013020833333333334
0.0 0.44482421875 0.14518229166666666 0.0068359375 0.01171875
0.0 0.4658203125 0.13802083333333334 0.0078125 0.013020833333333334
0.0 0.51025390625 0.17903645833333334 0.0087890625 0.01171875
0.0 0.43359375 0.21549479166666666 0.0078125 0.01171875
0.0 0.4560546875 0.20833333333333334 0.0078125 0.015625
0.0 0.478515625 0.21419270833333334 0.0078125 0.014322916666666666
0.0 0.5009765625 0.21354166666666666 0.0078125 0.013020833333333334
0.0 0.572265625 0.21354166666666666 0.0078125 0.013020833333333334
0.0 0.474609375 0.24609375 0.009765625 0.013020833333333334
0.0 0.50439453125 0.25 0.0087890625 0.015625
0.0 0.525390625 0.24934895833333334 0.0078125 0.01171875
0.0 0.5517578125 0.24479166666666666 0.0078125 0.013020833333333334
0.0 0.4833984375 0.2779947916666667 0.0078125 0.014322916666666666
0.0 0.5078125 0.2825520833333333 0.0078125 0.013020833333333334
0.0 0.5361328125 0.2760416666666667 0.0078125 0.015625
0.0 0.57958984375 0.2760416666666667 0.0087890625 0.013020833333333334
0.0 0.599609375 0.28125 0.0078125 0.013020833333333334
0.0 0.48779296875 0.3170572916666667 0.0107421875 0.016927083333333332
0.0 0.51171875 0.3203125 0.009765625 0.015625
0.0 0.5341796875 0.3196614583333333 0.0078125 0.014322916666666666
0.0 0.55859375 0.3170572916666667 0.0078125 0.01171875
0.0 0.58642578125 0.3248697916666667 0.0068359375 0.014322916666666666
0.0 0.611328125 0.3209635416666667 0.0078125 0.01171875
0.0 0.63525390625 0.3196614583333333 0.0087890625 0.01171875
0.0 0.626953125 0.2838541666666667 0.0078125 0.010416666666666666
0.0 0.6435546875 0.14388020833333334 0.0078125 0.014322916666666666
0.0 0.68798828125 0.142578125 0.0087890625 0.01171875
0.0 0.6796875 0.11263020833333333 0.0078125 0.01171875
0.0 0.71044921875 0.14973958333333334 0.0068359375 0.010416666666666666
0.0 0.64453125 0.24934895833333334 0.005859375 0.01171875
0.0 0.67236328125 0.2649739583333333 0.0087890625 0.01171875
0.0 0.79248046875 0.19010416666666666 0.0068359375 0.013020833333333334
0.0 0.818359375 0.18815104166666666 0.0078125 0.014322916666666666
0.0 0.9677734375 0.2421875 0.0078125 0.013020833333333334
0.0 0.98583984375 0.24283854166666666 0.0087890625 0.014322916666666666
0.0 0.99169921875 0.2825520833333333 0.0087890625 0.013020833333333334
0.0 0.76318359375 0.2845052083333333 0.0068359375 0.014322916666666666
0.0 0.81201171875 0.3203125 0.0087890625 0.013020833333333334
0.0 0.0029296875 0.5729166666666666 0.005859375 0.013020833333333334
0.0 0.0341796875 0.552734375 0.009765625 0.014322916666666666
0.0 0.052734375 0.5703125 0.0078125 0.013020833333333334
0.0 0.09130859375 0.525390625 0.0068359375 0.01171875
0.0 0.15576171875 0.546875 0.0087890625 0.013020833333333334
0.0 0.14306640625 0.5182291666666666 0.0087890625 0.013020833333333334
0.0 0.2138671875 0.5071614583333334 0.0078125 0.014322916666666666
0.0 0.22900390625 0.5397135416666666 0.0087890625 0.01171875
0.0 0.33349609375 0.5716145833333334 0.0126953125 0.015625
0.0 0.349609375 0.5110677083333334 0.0078125 0.014322916666666666
0.0 0.45263671875 0.51953125 0.0087890625 0.013020833333333334
0.0 0.4833984375 0.546875 0.0078125 0.013020833333333334
0.0 0.4853515625 0.51171875 0.0078125 0.010416666666666666
0.0 0.515625 0.5423177083333334 0.0078125 0.014322916666666666
0.0 0.52734375 0.5735677083333334 0.009765625 0.016927083333333332
0.0 0.5439453125 0.544921875 0.0078125 0.01171875
0.0 0.57666015625 0.5475260416666666 0.0107421875 0.014322916666666666
0.0 0.80810546875 0.52734375 0.0087890625 0.013020833333333334
0.0 0.8349609375 0.537109375 0.0078125 0.01171875
0.0 0.84033203125 0.572265625 0.0107421875 0.016927083333333332
0.0 0.923828125 0.5859375 0.01171875 0.020833333333333332
0.0 0.318359375 0.908203125 0.009765625 0.02734375
0.0 0.951171875 0.767578125 0.0078125 0.016927083333333332
0.0 0.619140625 0.24609375 0.005859375 0.010416666666666666
0.0 0.65234375 0.2825520833333333 0.005859375 0.010416666666666666
0.0 0.68505859375 0.21419270833333334 0.0068359375 0.014322916666666666
0.0 0.693359375 0.1796875 0.005859375 0.013020833333333334
0.0 0.66943359375 0.17643229166666666 0.0068359375 0.01171875
0.0 0.64892578125 0.17513020833333334 0.0068359375 0.01171875
0.0 0.62158203125 0.17903645833333334 0.0068359375 0.01171875
0.0 0.580078125 0.17513020833333334 0.005859375 0.01171875
0.0 0.6630859375 0.146484375 0.005859375 0.01171875
0.0 0.74462890625 0.10546875 0.0068359375 0.010416666666666666
0.0 0.697265625 0.11263020833333333 0.005859375 0.01171875
0.0 0.61669921875 0.10807291666666667 0.0068359375 0.013020833333333334
0.0 0.65576171875 0.10872395833333333 0.0068359375 0.01171875
0.0 0.591796875 0.109375 0.0078125 0.013020833333333334
0.0 0.57275390625 0.11263020833333333 0.0068359375 0.01171875
0.0 0.57763671875 0.146484375 0.0068359375 0.01171875
0.0 0.59619140625 0.14518229166666666 0.0068359375 0.01171875
0.0 0.60107421875 0.18033854166666666 0.0068359375 0.01171875
0.0 0.5341796875 0.181640625 0.0078125 0.01171875
0.0 0.55224609375 0.208984375 0.0068359375 0.01171875
0.0 0.576171875 0.244140625 0.0078125 0.014322916666666666
0.0 0.60009765625 0.244140625 0.0068359375 0.01171875
0.0 0.52490234375 0.21028645833333334 0.0068359375 0.01171875
0.0 0.59423828125 0.21028645833333334 0.0068359375 0.01171875
0.0 0.61767578125 0.21158854166666666 0.0068359375 0.01171875
0.0 0.45947265625 0.279296875 0.0068359375 0.01171875
0.0 0.32666015625 0.2805989583333333 0.0068359375 0.01171875
0.0 0.3359375 0.24348958333333334 0.0078125 0.010416666666666666
0.0 0.36376953125 0.24674479166666666 0.0068359375 0.01171875
0.0 0.39208984375 0.2513020833333333 0.0068359375 0.013020833333333334
0.0 0.2939453125 0.24348958333333334 0.005859375 0.010416666666666666
0.0 0.26806640625 0.2506510416666667 0.0068359375 0.01171875
0.0 0.2451171875 0.24479166666666666 0.0078125 0.013020833333333334
0.0 0.21875 0.244140625 0.0078125 0.01171875
0.0 0.28076171875 0.2799479166666667 0.0068359375 0.013020833333333334
0.0 0.30322265625 0.279296875 0.0068359375 0.01171875
0.0 0.224609375 0.216796875 0.005859375 0.01171875
0.0 0.205078125 0.212890625 0.005859375 0.01171875
0.0 0.24609375 0.20703125 0.0078125 0.013020833333333334
0.0 0.27197265625 0.2109375 0.0068359375 0.013020833333333334
0.0 0.29296875 0.2109375 0.005859375 0.010416666666666666
0.0 0.36669921875 0.20638020833333334 0.0068359375 0.01171875
0.0 0.3896484375 0.21158854166666666 0.0078125 0.01171875
0.0 0.41259765625 0.20963541666666666 0.0068359375 0.013020833333333334
0.0 0.39111328125 0.3209635416666667 0.0068359375 0.014322916666666666
0.0 0.41943359375 0.322265625 0.0068359375 0.01171875
0.0 0.43994140625 0.3177083333333333 0.0068359375 0.013020833333333334
0.0 0.30322265625 0.16927083333333334 0.0068359375 0.013020833333333334
0.0 0.3291015625 0.17447916666666666 0.005859375 0.010416666666666666
0.0 0.349609375 0.17578125 0.005859375 0.010416666666666666
0.0 0.37060546875 0.17578125 0.0068359375 0.013020833333333334
0.0 0.37646484375 0.13671875 0.0068359375 0.013020833333333334
0.0 0.22998046875 0.138671875 0.0068359375 0.01171875
0.0 0.20654296875 0.138671875 0.0068359375 0.01171875
0.0 0.18017578125 0.13606770833333334 0.0068359375 0.01171875
0.0 0.19775390625 0.11393229166666667 0.0068359375 0.01171875
0.0 0.21435546875 0.10872395833333333 0.0068359375 0.01171875
0.0 0.2333984375 0.10872395833333333 0.0078125 0.01171875
0.0 0.255859375 0.10611979166666667 0.005859375 0.01171875
0.0 0.27880859375 0.10807291666666667 0.0068359375 0.010416666666666666
0.0 0.298828125 0.109375 0.005859375 0.010416666666666666
0.0 0.3173828125 0.10807291666666667 0.005859375 0.013020833333333334
0.0 0.33984375 0.10677083333333333 0.005859375 0.010416666666666666
0.0 0.3583984375 0.11067708333333333 0.005859375 0.013020833333333334
0.0 0.38037109375 0.11002604166666667 0.0068359375 0.01171875
0.0 0.35693359375 0.14192708333333334 0.0068359375 0.013020833333333334
0.0 0.33544921875 0.13932291666666666 0.0068359375 0.013020833333333334
0.0 0.3134765625 0.14127604166666666 0.005859375 0.01171875
0.0 0.44873046875 0.10677083333333333 0.0048828125 0.010416666666666666
0.0 0.46923828125 0.11002604166666667 0.0068359375 0.01171875
0.0 0.4873046875 0.11263020833333333 0.005859375 0.01171875
0.0 0.5126953125 0.11067708333333333 0.005859375 0.010416666666666666
0.0 0.52685546875 0.10872395833333333 0.0068359375 0.01171875
0.0 0.54833984375 0.111328125 0.0068359375 0.01171875
0.0 0.556640625 0.14322916666666666 0.005859375 0.010416666666666666
0.0 0.51416015625 0.14388020833333334 0.0068359375 0.01171875
0.0 0.48779296875 0.140625 0.0068359375 0.013020833333333334
0.0 0.46630859375 0.173828125 0.0068359375 0.01171875
0.0 0.44140625 0.17643229166666666 0.0078125 0.01171875
0.0 0.42138671875 0.17578125 0.0068359375 0.010416666666666666
0.0 0.39599609375 0.17578125 0.0068359375 0.010416666666666666
0.0 0.90576171875 0.3359375 0.0068359375 0.010416666666666666
0.0 0.9150390625 0.322265625 0.0078125 0.014322916666666666
0.0 0.93798828125 0.3313802083333333 0.0068359375 0.01171875
0.0 0.90576171875 0.2877604166666667 0.0068359375 0.013020833333333334
0.0 0.880859375 0.2858072916666667 0.0078125 0.01171875
0.0 0.84912109375 0.2858072916666667 0.0068359375 0.01171875
0.0 0.80419921875 0.2786458333333333 0.0068359375 0.013020833333333334
0.0 0.75146484375 0.2779947916666667 0.0087890625 0.01171875
0.0 0.8623046875 0.24609375 0.0078125 0.013020833333333334
0.0 0.880859375 0.24479166666666666 0.0078125 0.013020833333333334
0.0 0.90087890625 0.24609375 0.0087890625 0.013020833333333334
0.0 0.923828125 0.236328125 0.0078125 0.014322916666666666
0.0 0.9501953125 0.23893229166666666 0.009765625 0.014322916666666666
0.0 0.9248046875 0.2864583333333333 0.0078125 0.013020833333333334
0.0 0.9609375 0.283203125 0.0078125 0.014322916666666666
0.0 0.81689453125 0.24283854166666666 0.0068359375 0.01171875
0.0 0.7822265625 0.244140625 0.005859375 0.01171875
0.0 0.7529296875 0.24348958333333334 0.0078125 0.013020833333333334
0.0 0.78173828125 0.529296875 0.0087890625 0.014322916666666666
0.0 0.755859375 0.5201822916666666 0.0078125 0.01171875
0.0 0.73095703125 0.5247395833333334 0.0068359375 0.013020833333333334
0.0 0.736328125 0.5494791666666666 0.009765625 0.015625
0.0 0.716796875 0.5397135416666666 0.009765625 0.014322916666666666
0.0 0.70751953125 0.5091145833333334 0.0087890625 0.013020833333333334
0.0 0.6748046875 0.5390625 0.0078125 0.013020833333333334
0.0 0.6640625 0.5123697916666666 0.0078125 0.01171875
0.0 0.638671875 0.5403645833333334 0.0078125 0.013020833333333334
0.0 0.6279296875 0.5169270833333334 0.0078125 0.013020833333333334
0.0 0.60595703125 0.5403645833333334 0.0087890625 0.013020833333333334
0.0 0.4150390625 0.5182291666666666 0.0078125 0.013020833333333334
0.0 0.517578125 0.5143229166666666 0.0078125 0.013020833333333334
0.0 0.552734375 0.51953125 0.0078125 0.013020833333333334
0.0 0.58837890625 0.5071614583333334 0.0087890625 0.01171875
0.0 0.44775390625 0.5416666666666666 0.0087890625 0.015625
0.0 0.3505859375 0.54296875 0.0078125 0.013020833333333334
0.0 0.4072265625 0.568359375 0.0078125 0.014322916666666666
0.0 0.41552734375 0.546875 0.0087890625 0.013020833333333334
0.0 0.38525390625 0.5084635416666666 0.0087890625 0.014322916666666666
0.0 0.314453125 0.5130208333333334 0.0078125 0.010416666666666666
0.0 0.28173828125 0.513671875 0.0087890625 0.01171875
0.0 0.25 0.5123697916666666 0.0078125 0.014322916666666666
0.0 0.26123046875 0.5436197916666666 0.0087890625 0.01171875
0.0 0.314453125 0.544921875 0.0078125 0.01171875
0.0 0.29296875 0.54296875 0.0078125 0.010416666666666666
0.0 0.38232421875 0.5390625 0.0087890625 0.013020833333333334
0.0 0.1162109375 0.52734375 0.0078125 0.010416666666666666
0.0 0.177734375 0.51171875 0.0078125 0.013020833333333334
0.0 0.18115234375 0.5436197916666666 0.0068359375 0.014322916666666666
0.0 0.14208984375 0.28125 0.0087890625 0.010416666666666666
0.0 0.15087890625 0.3151041666666667 0.0068359375 0.013020833333333334
0.0 0.12353515625 0.314453125 0.0068359375 0.01171875
0.0 0.1044921875 0.322265625 0.0078125 0.01171875
0.0 0.08837890625 0.3190104166666667 0.0068359375 0.013020833333333334
0.0 0.10107421875 0.27734375 0.0087890625 0.013020833333333334
0.0 0.078125 0.279296875 0.0078125 0.01171875
0.0 0.03759765625 0.2805989583333333 0.0087890625 0.014322916666666666
0.0 0.0146484375 0.279296875 0.0078125 0.014322916666666666
0.0 0.0478515625 0.23893229166666666 0.0078125 0.014322916666666666
0.0 0.0390625 0.20703125 0.0078125 0.013020833333333334
0.0 0.06103515625 0.201171875 0.0068359375 0.01171875
0.0 0.06884765625 0.17252604166666666 0.0068359375 0.01171875
0.0 0.091796875 0.17252604166666666 0.005859375 0.01171875
0.0 0.83642578125 0.2825520833333333 0.0068359375 0.013020833333333334
0.0 0.7626953125 0.318359375 0.0078125 0.01171875
0.0 0.7958984375 0.3287760416666667 0.009765625 0.016927083333333332
0.0 0.82958984375 0.3203125 0.0068359375 0.013020833333333334
0.0 0.85498046875 0.32421875 0.0068359375 0.013020833333333334
0.0 0.873046875 0.3313802083333333 0.0078125 0.01171875
0.0 0.89453125 0.3255208333333333 0.0078125 0.015625
0.0 0.74658203125 0.3209635416666667 0.0068359375 0.01171875
0.0 0.73193359375 0.3229166666666667 0.0068359375 0.010416666666666666
0.0 0.80126953125 0.24088541666666666 0.0068359375 0.010416666666666666
0.0 0.84130859375 0.24739583333333334 0.0068359375 0.010416666666666666
0.0 0.90673828125 0.7532552083333334 0.0126953125 0.022135416666666668
0.0 0.96826171875 0.783203125 0.0126953125 0.02734375
0.0 0.88330078125 0.5911458333333334 0.0107421875 0.013020833333333334
