0.0 0.01171875 0.10322108345534407 0.037109375 0.043923865300146414
0.0 0.0615234375 0.14641288433382138 0.0419921875 0.03953147877013177
0.0 0.0556640625 0.2430453879941435 0.0693359375 0.06442166910688141
0.0 0.4912109375 0.25109809663250365 0.068359375 0.06222547584187409
0.0 0.40625 0.05929721815519766 0.04296875 0.0629575402635432
0.0 0.451171875 0.07906295754026355 0.0478515625 0.046120058565153735
0.0 0.5048828125 0.03074670571010249 0.0556640625 0.06734992679355783
0.0 0.6298828125 0.02855051244509517 0.0556640625 0.06076134699853587
0.0 0.7568359375 0.07247437774524158 0.0517578125 0.05856515373352855
0.0 0.8388671875 0.06588579795021962 0.0595703125 0.06588579795021962
0.0 0.8876953125 0.1281112737920937 0.0546875 0.050512445095168376
0.0 0.94921875 0.06661786237188873 0.05078125 0.06808199121522694
0.0 0.0087890625 0.1698389458272328 0.033203125 0.036603221083455345
