0.0 0.93603515625 0.30234260614934116 0.0302734375 0.05124450951683748
0.0 0.8359375 0.2686676427525622 0.03515625 0.06588579795021962
0.0 0.66357421875 0.22181551976573938 0.0283203125 0.07174231332357248
0.0 0.74072265625 0.28111273792093705 0.0283203125 0.05856515373352855
0.0 0.6298828125 0.30380673499267935 0.02734375 0.05124450951683748
0.0 0.44580078125 0.30307467057101023 0.0224609375 0.04685212298682284
0.0 0.51953125 0.27891654465592974 0.033203125 0.0629575402635432
0.0 0.36083984375 0.22108345534407028 0.0263671875 0.08199121522693997
0.0 0.20556640625 0.2840409956076135 0.0224609375 0.0527086383601757
0.0 0.13671875 0.2664714494875549 0.025390625 0.055636896046852125
0.0 0.1865234375 0.41654465592972184 0.0234375 0.05124450951683748
0.0 0.0322265625 0.246705710102489 0.03125 0.0629575402635432
