0.0 0.04541015625 0.31666666666666665 0.0244140625 0.09333333333333334
0.0 0.24560546875 0.2866666666666667 0.0380859375 0.09333333333333334
0.0 0.09423828125 0.43166666666666664 0.0380859375 0.10333333333333333
0.0 0.326171875 0.37916666666666665 0.033203125 0.09833333333333333
0.0 0.12060546875 0.6958333333333333 0.0419921875 0.09166666666666666
0.0 0.34375 0.15416666666666667 0.033203125 0.06833333333333333
0.0 0.43701171875 0.22833333333333333 0.0380859375 0.09333333333333334
0.0 0.46875 0.3075 0.0390625 0.09166666666666666
0.0 0.4775390625 0.15333333333333332 0.041015625 0.08333333333333333
0.0 0.4921875 0.27416666666666667 0.03515625 0.09166666666666666
0.0 0.7119140625 0.18666666666666668 0.037109375 0.08666666666666667
0.0 0.72900390625 0.23833333333333334 0.0361328125 0.08666666666666667
0.0 0.75732421875 0.235 0.0322265625 0.08333333333333333
0.0 0.81982421875 0.08666666666666667 0.0341796875 0.08
0.0 0.81787109375 0.0375 0.0322265625 0.065
0.0 0.90478515625 0.10833333333333334 0.0322265625 0.08666666666666667
0.0 0.93603515625 0.3233333333333333 0.0400390625 0.09666666666666666
0.0 0.59130859375 0.3425 0.0419921875 0.07833333333333334
0.0 0.56640625 0.4 0.0390625 0.08666666666666667
0.0 0.43017578125 0.5483333333333333 0.0419921875 0.09666666666666666
0.0 0.61328125 0.43666666666666665 0.0390625 0.09
0.0 0.7568359375 0.43083333333333335 0.04296875 0.095
0.0 0.72412109375 0.63 0.0439453125 0.10333333333333333
0.0 0.75244140625 0.30833333333333335 0.0361328125 0.08333333333333333
0.0 0.68115234375 0.7783333333333333 0.0126953125 0.03333333333333333
0.0 0.6982421875 0.805 0.015625 0.04
0.0 0.7060546875 0.8566666666666667 0.015625 0.04666666666666667
0.0 0.7275390625 0.8233333333333334 0.017578125 0.04666666666666667
0.0 0.71875 0.7866666666666666 0.013671875 0.03
0.0 0.70947265625 0.7708333333333334 0.0146484375 0.028333333333333332
0.0 0.75341796875 0.8158333333333333 0.0146484375 0.045
0.0 0.7431640625 0.7525 0.01171875 0.028333333333333332
0.0 0.751953125 0.7783333333333333 0.013671875 0.02666666666666667
0.0 0.7666015625 0.7875 0.01171875 0.03833333333333333
0.0 0.76611328125 0.7558333333333334 0.0126953125 0.03166666666666667
0.0 0.70751953125 0.7466666666666667 0.0146484375 0.02666666666666667
0.0 0.681640625 0.8791666666666667 0.015625 0.041666666666666664
0.0 0.69091796875 0.9208333333333333 0.0166015625 0.055
0.0 0.6650390625 0.9383333333333334 0.021484375 0.06
0.0 0.70654296875 0.9375 0.0205078125 0.055
0.0 0.73291015625 0.8941666666666667 0.0205078125 0.055
0.0 0.759765625 0.9 0.01953125 0.056666666666666664
0.0 0.716796875 0.985 0.01953125 0.03
0.0 0.74560546875 0.9716666666666667 0.0166015625 0.043333333333333335
0.0 0.68115234375 0.7283333333333334 0.0107421875 0.023333333333333334
