0.0 0.9736328125 0.4021304926764314 0.0146484375 0.023968042609853527
0.0 0.9599609375 0.40745672436750996 0.0107421875 0.015978695073235686
0.0 0.9521484375 0.4047936085219707 0.009765625 0.018641810918774968
0.0 0.337890625 0.40878828229027964 0.03125 0.0692410119840213
0.0 0.4580078125 0.41011984021304926 0.0263671875 0.06258322237017311
0.0 0.6123046875 0.33688415446071907 0.0263671875 0.047936085219707054
0.0 0.6533203125 0.4181091877496671 0.03125 0.05992010652463382
0.0 0.822265625 0.45272969374167776 0.0244140625 0.0492676431424767
0.0 0.7431640625 0.3981358189081225 0.0283203125 0.05992010652463382
0.0 0.9169921875 0.40346205059920104 0.01171875 0.018641810918774968
0.0 0.486328125 0.3422103861517976 0.0302734375 0.06125166444740346
0.0 0.5283203125 0.3595206391478029 0.0263671875 0.047936085219707054
0.0 0.5615234375 0.4207723035952064 0.029296875 0.05725699067909454
0.0 0.884765625 0.4380825565912117 0.02734375 0.0492676431424767
