0.0 0.134765625 0.28152492668621704 0.017578125 0.03812316715542522
0.0 0.1962890625 0.30058651026392963 0.0166015625 0.02932551319648094
0.0 0.224609375 0.29472140762463345 0.0146484375 0.036656891495601175
0.0 0.29296875 0.25806451612903225 0.013671875 0.02932551319648094
0.0 0.32421875 0.2565982404692082 0.013671875 0.030791788856304986
0.0 0.3681640625 0.26392961876832843 0.0126953125 0.026392961876832845
0.0 0.369140625 0.33724340175953077 0.0185546875 0.03372434017595308
0.0 0.2978515625 0.3592375366568915 0.0263671875 0.05865102639296188
0.0 0.2412109375 0.3973607038123167 0.0224609375 0.04398826979472141
0.0 0.1748046875 0.46480938416422285 0.0322265625 0.06158357771260997
0.0 0.39453125 0.37683284457478006 0.025390625 0.04398826979472141
0.0 0.3388671875 0.44868035190615835 0.0302734375 0.06158357771260997
0.0 0.255859375 0.4736070381231672 0.02734375 0.0469208211143695
0.0 0.4130859375 0.2565982404692082 0.0146484375 0.024926686217008796
0.0 0.443359375 0.25513196480938416 0.015625 0.026392961876832845
0.0 0.5 0.2375366568914956 0.0146484375 0.02785923753665689
0.0 0.5361328125 0.24780058651026393 0.013671875 0.02932551319648094
0.0 0.56640625 0.23900293255131966 0.013671875 0.026392961876832845
0.0 0.6357421875 0.2375366568914956 0.0146484375 0.02932551319648094
0.0 0.5830078125 0.3621700879765396 0.0244140625 0.04985337243401759
0.0 0.5693359375 0.32991202346041054 0.021484375 0.036656891495601175
0.0 0.619140625 0.3519061583577713 0.01953125 0.036656891495601175
0.0 0.625 0.39882697947214074 0.0322265625 0.0747800586510264
0.0 0.662109375 0.35777126099706746 0.0224609375 0.04838709677419355
0.0 0.6865234375 0.34017595307917886 0.013671875 0.03519061583577713
0.0 0.7275390625 0.26392961876832843 0.017578125 0.04105571847507331
0.0 0.744140625 0.2903225806451613 0.009765625 0.02932551319648094
0.0 0.7900390625 0.26832844574780057 0.0224609375 0.04838709677419355
0.0 0.7314453125 0.38269794721407624 0.017578125 0.039589442815249266
0.0 0.796875 0.5234604105571847 0.041015625 0.0718475073313783
0.0 0.734375 0.4560117302052786 0.0234375 0.04105571847507331
0.0 0.78125 0.4530791788856305 0.0263671875 0.0469208211143695
0.0 0.9033203125 0.5043988269794721 0.02734375 0.05571847507331378
0.0 0.1259765625 0.5806451612903226 0.037109375 0.07624633431085044
0.0 0.2333984375 0.533724340175953 0.0380859375 0.10703812316715543
0.0 0.841796875 0.21114369501466276 0.0107421875 0.020527859237536656
0.0 0.86328125 0.2155425219941349 0.009765625 0.020527859237536656
0.0 0.8759765625 0.21114369501466276 0.009765625 0.016129032258064516
