0.0 0.55615234375 0.7263469119579501 0.0224609375 0.021681997371879105
0.0 0.58447265625 0.7217477003942181 0.0166015625 0.021681997371879105
0.0 0.75537109375 0.7263469119579501 0.0185546875 0.020367936925098553
0.0 0.873046875 0.7296320630749015 0.01953125 0.017739816031537452
0.0 0.9912109375 0.7187910643889619 0.015625 0.02102496714848883
0.0 0.34912109375 0.7276609724047306 0.0185546875 0.020367936925098553
0.0 0.24951171875 0.7417871222076216 0.0166015625 0.01445466491458607
0.0 0.17919921875 0.7388304862023654 0.0205078125 0.020367936925098553
0.0 0.115234375 0.7552562417871223 0.017578125 0.019053876478318004
0.0 0.04931640625 0.7279894875164258 0.0205078125 0.01971090670170828
0.0 0.041015625 0.8252299605781866 0.0234375 0.02759526938239159
0.0 0.5078125 0.7421156373193167 0.01171875 0.0164257555847569
