0.0 0.9365234375 0.6527303754266212 0.013671875 0.02901023890784983
0.0 0.89306640625 0.6220136518771331 0.0126953125 0.02901023890784983
0.0 0.86962890625 0.613481228668942 0.0146484375 0.025597269624573378
0.0 0.82861328125 0.6092150170648464 0.0166015625 0.030716723549488054
0.0 0.81005859375 0.5537542662116041 0.0126953125 0.032423208191126277
0.0 0.80126953125 0.514505119453925 0.0126953125 0.02901023890784983
0.0 0.78759765625 0.4854948805460751 0.0087890625 0.015358361774744027
0.0 0.7734375 0.49402730375426623 0.013671875 0.02901023890784983
0.0 0.76416015625 0.454778156996587 0.0107421875 0.02901023890784983
0.0 0.75390625 0.5255972696245734 0.01171875 0.027303754266211604
0.0 0.7490234375 0.5622866894197952 0.009765625 0.02901023890784983
0.0 0.7080078125 0.5324232081911263 0.01171875 0.027303754266211604
0.0 0.68798828125 0.5486348122866894 0.0107421875 0.02901023890784983
0.0 0.693359375 0.4854948805460751 0.01171875 0.025597269624573378
0.0 0.71142578125 0.45563139931740615 0.0107421875 0.023890784982935155
0.0 0.66552734375 0.5307167235494881 0.0107421875 0.023890784982935155
0.0 0.7216796875 0.5443686006825939 0.01171875 0.020477815699658702
0.0 0.73974609375 0.5366894197952219 0.0087890625 0.02218430034129693
0.0 0.78759765625 0.7448805460750854 0.0126953125 0.02901023890784983
0.0 0.7392578125 0.6399317406143344 0.01171875 0.027303754266211604
0.0 0.6953125 0.636518771331058 0.01171875 0.027303754266211604
0.0 0.6982421875 0.6902730375426621 0.013671875 0.032423208191126277
0.0 0.71337890625 0.7372013651877133 0.0126953125 0.030716723549488054
0.0 0.75244140625 0.7517064846416383 0.0126953125 0.02901023890784983
0.0 0.68212890625 0.7397610921501706 0.0126953125 0.02901023890784983
0.0 0.6611328125 0.7465870307167235 0.009765625 0.02901023890784983
0.0 0.61865234375 0.7482935153583617 0.0126953125 0.025597269624573378
0.0 0.61767578125 0.7005119453924915 0.0126953125 0.02901023890784983
0.0 0.64404296875 0.6399317406143344 0.0107421875 0.027303754266211604
0.0 0.79345703125 0.6424914675767918 0.0126953125 0.025597269624573378
0.0 0.6279296875 0.5452218430034129 0.01171875 0.025597269624573378
0.0 0.611328125 0.5332764505119454 0.009765625 0.01877133105802048
0.0 0.546875 0.6151877133105802 0.013671875 0.02218430034129693
0.0 0.57177734375 0.5051194539249146 0.0107421875 0.020477815699658702
0.0 0.63720703125 0.4539249146757679 0.0107421875 0.027303754266211604
0.0 0.6337890625 0.514505119453925 0.01171875 0.025597269624573378
0.0 0.5595703125 0.46331058020477817 0.01171875 0.02901023890784983
0.0 0.5390625 0.5307167235494881 0.01171875 0.027303754266211604
0.0 0.5263671875 0.5614334470989761 0.01171875 0.030716723549488054
0.0 0.58935546875 0.6339590443686007 0.0126953125 0.032423208191126277
0.0 0.51708984375 0.6151877133105802 0.0126953125 0.02901023890784983
0.0 0.4599609375 0.5964163822525598 0.015625 0.03583617747440273
0.0 0.57861328125 0.5435153583617748 0.0126953125 0.02901023890784983
0.0 0.6513671875 0.5537542662116041 0.009765625 0.01877133105802048
0.0 0.50927734375 0.5281569965870307 0.0107421875 0.025597269624573378
0.0 0.49072265625 0.5418088737201365 0.0087890625 0.02218430034129693
0.0 0.50390625 0.4590443686006826 0.01171875 0.030716723549488054
0.0 0.46240234375 0.5110921501706485 0.0107421875 0.02218430034129693
0.0 0.44189453125 0.5025597269624573 0.0126953125 0.01877133105802048
0.0 0.43896484375 0.4513651877133106 0.0126953125 0.02901023890784983
0.0 0.392578125 0.4598976109215017 0.013671875 0.025597269624573378
0.0 0.39501953125 0.5051194539249146 0.0107421875 0.023890784982935155
0.0 0.40283203125 0.5341296928327645 0.0107421875 0.030716723549488054
0.0 0.4443359375 0.552901023890785 0.01171875 0.020477815699658702
0.0 0.4833984375 0.48378839590443684 0.01171875 0.02218430034129693
0.0 0.52294921875 0.48208191126279865 0.0126953125 0.02218430034129693
0.0 0.4990234375 0.7005119453924915 0.013671875 0.02901023890784983
0.0 0.40380859375 0.6851535836177475 0.0126953125 0.032423208191126277
0.0 0.40966796875 0.6305460750853242 0.0126953125 0.02901023890784983
0.0 0.35498046875 0.6313993174061433 0.0126953125 0.027303754266211604
0.0 0.36376953125 0.6723549488054608 0.0126953125 0.023890784982935155
0.0 0.365234375 0.515358361774744 0.01171875 0.027303754266211604
0.0 0.3427734375 0.4616040955631399 0.013671875 0.025597269624573378
0.0 0.35498046875 0.5255972696245734 0.0126953125 0.023890784982935155
0.0 0.32568359375 0.5426621160409556 0.0126953125 0.023890784982935155
0.0 0.30859375 0.5255972696245734 0.01171875 0.027303754266211604
0.0 0.302734375 0.6348122866894198 0.01171875 0.030716723549488054
0.0 0.28662109375 0.6928327645051194 0.0126953125 0.023890784982935155
0.0 0.24560546875 0.6331058020477816 0.0146484375 0.027303754266211604
0.0 0.2802734375 0.5332764505119454 0.013671875 0.032423208191126277
0.0 0.265625 0.5127986348122867 0.013671875 0.02901023890784983
0.0 0.298828125 0.4564846416382253 0.01171875 0.032423208191126277
0.0 0.23974609375 0.4590443686006826 0.0126953125 0.027303754266211604
0.0 0.2294921875 0.5196245733788396 0.01171875 0.02901023890784983
0.0 0.21533203125 0.5136518771331058 0.0126953125 0.027303754266211604
0.0 0.181640625 0.5332764505119454 0.01171875 0.02218430034129693
0.0 0.19873046875 0.6407849829351536 0.0126953125 0.02901023890784983
0.0 0.23095703125 0.6851535836177475 0.0126953125 0.02901023890784983
0.0 0.1943359375 0.7005119453924915 0.01171875 0.032423208191126277
0.0 0.421875 0.7406143344709898 0.01171875 0.027303754266211604
0.0 0.38427734375 0.7320819112627986 0.0126953125 0.030716723549488054
0.0 0.35205078125 0.7474402730375427 0.0107421875 0.023890784982935155
0.0 0.3193359375 0.7226962457337884 0.01171875 0.02901023890784983
0.0 0.28515625 0.734641638225256 0.01171875 0.02901023890784983
0.0 0.25048828125 0.7252559726962458 0.0126953125 0.030716723549488054
0.0 0.21728515625 0.7320819112627986 0.0126953125 0.030716723549488054
0.0 0.15478515625 0.5656996587030717 0.0146484375 0.032423208191126277
0.0 0.10546875 0.6109215017064846 0.013671875 0.023890784982935155
0.0 0.0869140625 0.64419795221843 0.013671875 0.025597269624573378
0.0 0.0693359375 0.6646757679180887 0.015625 0.032423208191126277
0.0 0.2626953125 0.6877133105802048 0.013671875 0.030716723549488054
0.0 0.580078125 0.49573378839590443 0.0078125 0.01877133105802048
