0.0 0.4296875 0.5027472527472527 0.01953125 0.03159340659340659
0.0 0.232421875 0.4519230769230769 0.02734375 0.04807692307692308
0.0 0.10546875 0.46153846153846156 0.0185546875 0.042582417582417584
0.0 0.0078125 0.4010989010989011 0.0048828125 0.024725274725274724
0.0 0.5712890625 0.41620879120879123 0.0087890625 0.012362637362637362
0.0 0.5791015625 0.3983516483516483 0.0078125 0.013736263736263736
0.0 0.5966796875 0.3173076923076923 0.005859375 0.009615384615384616
0.0 0.373046875 0.3791208791208791 0.0078125 0.01098901098901099
0.0 0.3896484375 0.36675824175824173 0.0078125 0.009615384615384616
0.0 0.408203125 0.3228021978021978 0.005859375 0.008241758241758242
0.0 0.552734375 0.41483516483516486 0.0087890625 0.012362637362637362
0.0 0.4716796875 0.37774725274725274 0.0087890625 0.016483516483516484
0.0 0.7197265625 0.40384615384615385 0.0078125 0.016483516483516484
0.0 0.6025390625 0.3708791208791209 0.0068359375 0.013736263736263736
0.0 0.763671875 0.4217032967032967 0.0087890625 0.017857142857142856
0.0 0.7880859375 0.43131868131868134 0.0078125 0.017857142857142856
0.0 0.748046875 0.3228021978021978 0.0068359375 0.01098901098901099
0.0 0.66796875 0.31868131868131866 0.00390625 0.008241758241758242
