0.0 0.619140625 0.40689149560117305 0.02734375 0.039589442815249266
0.0 0.5068359375 0.3489736070381232 0.029296875 0.04985337243401759
0.0 0.36181640625 0.42668621700879766 0.0244140625 0.0469208211143695
0.0 0.14013671875 0.8819648093841642 0.0146484375 0.021994134897360705
0.0 0.05029296875 0.8966275659824047 0.0205078125 0.030791788856304986
0.0 0.15576171875 0.8533724340175953 0.0126953125 0.017595307917888565
0.0 0.64404296875 0.7631964809384164 0.0048828125 0.013196480938416423
0.0 0.64208984375 0.7521994134897361 0.0048828125 0.008797653958944282
0.0 0.66064453125 0.75 0.0048828125 0.010263929618768328
0.0 0.84521484375 0.8489736070381232 0.0087890625 0.017595307917888565
0.0 0.86767578125 0.8577712609970675 0.0087890625 0.01466275659824047
0.0 0.75048828125 0.8629032258064516 0.0107421875 0.021994134897360705
0.0 0.17919921875 0.7895894428152492 0.0068359375 0.013196480938416423
0.0 0.7138671875 0.7580645161290323 0.005859375 0.01466275659824047
