0.0 0.5263671875 0.3513909224011713 0.0283203125 0.0424597364568082
0.0 0.0703125 0.6017569546120058 0.0166015625 0.043923865300146414
0.0 0.697265625 0.6603221083455344 0.0107421875 0.017569546120058566
0.0 0.671875 0.6530014641288433 0.0087890625 0.01903367496339678
0.0 0.6796875 0.6310395314787701 0.009765625 0.017569546120058566
0.0 0.693359375 0.6061493411420205 0.009765625 0.020497803806734993
0.0 0.7177734375 0.616398243045388 0.0078125 0.017569546120058566
0.0 0.6923828125 0.575402635431918 0.0068359375 0.013177159590043924
0.0 0.724609375 0.5812591508052709 0.0078125 0.013177159590043924
0.0 0.7197265625 0.5446559297218155 0.0078125 0.014641288433382138
0.0 0.74609375 0.5475841874084919 0.009765625 0.017569546120058566
0.0 0.7666015625 0.6032210834553441 0.009765625 0.020497803806734993
0.0 0.7880859375 0.5475841874084919 0.0078125 0.014641288433382138
0.0 0.796875 0.5856515373352855 0.0078125 0.020497803806734993
0.0 0.78125 0.6178623718887262 0.0087890625 0.013177159590043924
0.0 0.7822265625 0.6354319180087847 0.0087890625 0.013177159590043924
0.0 0.76171875 0.6632503660322109 0.0107421875 0.01903367496339678
0.0 0.7373046875 0.6442166910688141 0.0107421875 0.021961932650073207
0.0 0.744140625 0.6149341142020498 0.0087890625 0.016105417276720352
0.0 0.775390625 0.6852122986822841 0.009765625 0.020497803806734993
0.0 0.6044921875 0.6002928257686676 0.0068359375 0.013177159590043924
0.0 0.5869140625 0.6149341142020498 0.0078125 0.014641288433382138
0.0 0.609375 0.5651537335285505 0.009765625 0.013177159590043924
0.0 0.6357421875 0.5534407027818448 0.005859375 0.013177159590043924
0.0 0.5771484375 0.6456808199121523 0.009765625 0.01903367496339678
0.0 0.568359375 0.6266471449487555 0.0087890625 0.013177159590043924
0.0 0.58203125 0.5622254758418741 0.0087890625 0.014641288433382138
0.0 0.97265625 0.5797950219619327 0.025390625 0.060029282576866766
0.0 0.845703125 0.5578330893118595 0.0078125 0.013177159590043924
0.0 0.8720703125 0.5915080527086384 0.0087890625 0.014641288433382138
0.0 0.8759765625 0.6120058565153733 0.0087890625 0.017569546120058566
0.0 0.869140625 0.6530014641288433 0.0087890625 0.017569546120058566
0.0 0.828125 0.6427525622254758 0.0107421875 0.020497803806734993
0.0 0.919921875 0.5226939970717424 0.0078125 0.016105417276720352
0.0 0.962890625 0.5461200585651538 0.0107421875 0.01903367496339678
0.0 0.9814453125 0.5592972181551976 0.009765625 0.014641288433382138
0.0 0.9375 0.5373352855051244 0.0087890625 0.016105417276720352
0.0 0.9619140625 0.5124450951683748 0.0078125 0.014641288433382138
0.0 0.85546875 0.5636896046852123 0.0087890625 0.013177159590043924
0.0 0.87890625 0.5622254758418741 0.01171875 0.017569546120058566
0.0 0.09765625 0.5490483162518301 0.0263671875 0.0424597364568082
0.0 0.1923828125 0.5402635431918009 0.0068359375 0.01171303074670571
0.0 0.1748046875 0.5241581259150805 0.0068359375 0.01171303074670571
0.0 0.1533203125 0.5226939970717424 0.0068359375 0.01171303074670571
0.0 0.197265625 0.527086383601757 0.0068359375 0.013177159590043924
0.0 0.1201171875 0.5065885797950219 0.009765625 0.021961932650073207
0.0 0.1484375 0.4890190336749634 0.0078125 0.014641288433382138
0.0 0.08203125 0.4992679355783309 0.0078125 0.013177159590043924
