0.0 0.748046875 0.7602339181286549 0.01171875 0.01608187134502924
0.0 0.763671875 0.7470760233918129 0.0126953125 0.01608187134502924
0.0 0.7939453125 0.7017543859649122 0.01171875 0.021929824561403508
0.0 0.7138671875 0.7441520467836257 0.0087890625 0.019005847953216373
0.0 0.66796875 0.8347953216374269 0.009765625 0.019005847953216373
0.0 0.841796875 0.6447368421052632 0.0126953125 0.021929824561403508
0.0 0.814453125 0.7134502923976608 0.013671875 0.027777777777777776
0.0 0.6015625 0.7982456140350878 0.0166015625 0.02631578947368421
0.0 0.6904296875 0.6154970760233918 0.0107421875 0.019005847953216373
0.0 0.5263671875 0.618421052631579 0.01171875 0.019005847953216373
0.0 0.5654296875 0.8581871345029239 0.0166015625 0.021929824561403508
0.0 0.9580078125 0.8084795321637427 0.0068359375 0.011695906432748537
0.0 0.96875 0.7850877192982456 0.0068359375 0.01023391812865497
0.0 0.697265625 0.6842105263157895 0.01171875 0.02046783625730994
0.0 0.3798828125 0.6812865497076024 0.01171875 0.017543859649122806
0.0 0.390625 0.8523391812865497 0.01171875 0.021929824561403508
0.0 0.287109375 0.7894736842105263 0.01171875 0.023391812865497075
0.0 0.3154296875 0.7280701754385965 0.0107421875 0.01608187134502924
0.0 0.1865234375 0.7865497076023392 0.01171875 0.02046783625730994
0.0 0.15625 0.6988304093567251 0.01171875 0.02046783625730994
0.0 0.1142578125 0.7076023391812866 0.009765625 0.02046783625730994
0.0 0.203125 0.6535087719298246 0.009765625 0.02046783625730994
0.0 0.458984375 0.8377192982456141 0.0107421875 0.02046783625730994
0.0 0.044921875 0.6769005847953217 0.0126953125 0.019005847953216373
0.0 0.025390625 0.7090643274853801 0.013671875 0.02046783625730994
0.0 0.0654296875 0.6842105263157895 0.01171875 0.017543859649122806
0.0 0.4775390625 0.77046783625731 0.01171875 0.023391812865497075
0.0 0.5048828125 0.8070175438596491 0.0126953125 0.023391812865497075
0.0 0.234375 0.7763157894736842 0.0126953125 0.02046783625730994
0.0 0.462890625 0.6388888888888888 0.0107421875 0.017543859649122806
