0.0 0.9775390625 0.21932299012693934 0.02734375 0.0465444287729196
0.0 0.96484375 0.1918194640338505 0.025390625 0.039492242595204514
0.0 0.93408203125 0.18194640338504936 0.0146484375 0.028208744710860368
0.0 0.8896484375 0.20803949224259521 0.01953125 0.03526093088857546
0.0 0.91259765625 0.25811001410437234 0.0302734375 0.05077574047954866
0.0 0.9150390625 0.32722143864598024 0.05078125 0.09026798307475317
0.0 0.83642578125 0.3314527503526093 0.0498046875 0.09590973201692525
0.0 0.83642578125 0.20239774330042312 0.0185546875 0.03244005641748942
0.0 0.7998046875 0.21086036671368125 0.021484375 0.0380818053596615
0.0 0.7900390625 0.25881523272214385 0.0234375 0.0465444287729196
0.0 0.765625 0.4090267983074753 0.078125 0.13540197461212977
0.0 0.71875 0.24188998589562766 0.025390625 0.03526093088857546
0.0 0.7001953125 0.22143864598025387 0.01171875 0.02538787023977433
0.0 0.74560546875 0.2447108603667137 0.0087890625 0.012693935119887164
0.0 0.84716796875 0.2059238363892807 0.0107421875 0.02538787023977433
0.0 0.5751953125 0.3638928067700987 0.189453125 0.39774330042313116
0.0 0.4140625 0.23554301833568406 0.029296875 0.0535966149506347
0.0 0.3818359375 0.383638928067701 0.041015625 0.05923836389280677
0.0 0.3623046875 0.5289139633286318 0.0859375 0.15796897038081806
0.0 0.38671875 0.31170662905500707 0.037109375 0.0535966149506347
0.0 0.33447265625 0.28702397743300423 0.0244140625 0.0465444287729196
0.0 0.2998046875 0.3152327221438646 0.029296875 0.05500705218617771
0.0 0.2841796875 0.2566995768688293 0.013671875 0.022566995768688293
0.0 0.25341796875 0.2954866008462623 0.0224609375 0.03526093088857546
0.0 0.25927734375 0.2397743300423131 0.0107421875 0.01692524682651622
0.0 0.3740234375 0.22002820874471085 0.01171875 0.028208744710860368
0.0 0.3955078125 0.23272214386459802 0.009765625 0.02538787023977433
0.0 0.33349609375 0.2390691114245416 0.0107421875 0.018335684062059238
0.0 0.2861328125 0.23413258110014104 0.009765625 0.01692524682651622
0.0 0.2353515625 0.268688293370945 0.017578125 0.02679830747531735
0.0 0.22607421875 0.23765867418899858 0.0107421875 0.015514809590973202
0.0 0.185546875 0.3385049365303244 0.056640625 0.08744710860366714
0.0 0.17333984375 0.27080394922425954 0.0224609375 0.031029619181946404
0.0 0.1416015625 0.23342736248236953 0.015625 0.023977433004231313
0.0 0.1240234375 0.3688293370944993 0.048828125 0.08885754583921016
0.0 0.08251953125 0.383638928067701 0.0361328125 0.05923836389280677
0.0 0.09033203125 0.5987306064880112 0.1044921875 0.153737658674189
0.0 0.04296875 0.3928067700987306 0.017578125 0.02679830747531735
0.0 0.0361328125 0.2764456981664316 0.013671875 0.02538787023977433
0.0 0.05859375 0.2566995768688293 0.013671875 0.02538787023977433
0.0 0.009765625 0.2778561354019746 0.015625 0.022566995768688293
0.0 0.119140625 0.30888575458392104 0.025390625 0.03385049365303244
0.0 0.2021484375 0.2447108603667137 0.009765625 0.018335684062059238
0.0 0.21044921875 0.24118476727785615 0.0087890625 0.01692524682651622
