0.0 0.67041015625 0.21428571428571427 0.0673828125 0.13702623906705538
0.0 0.55517578125 0.29081632653061223 0.0751953125 0.15597667638483964
0.0 0.474609375 0.21428571428571427 0.05859375 0.1282798833819242
0.0 0.25439453125 0.4708454810495627 0.0244140625 0.04664723032069971
0.0 0.111328125 0.39723032069970843 0.0390625 0.06559766763848396
0.0 0.17041015625 0.8090379008746356 0.0380859375 0.05830903790087463
0.0 0.10205078125 0.48177842565597667 0.0185546875 0.04518950437317784
0.0 0.0341796875 0.4934402332361516 0.029296875 0.05393586005830904
0.0 0.74658203125 0.6720116618075802 0.0087890625 0.011661807580174927
0.0 0.73291015625 0.6676384839650146 0.0068359375 0.014577259475218658
0.0 0.72021484375 0.6639941690962099 0.0068359375 0.013119533527696793
0.0 0.7060546875 0.6516034985422741 0.009765625 0.014577259475218658
0.0 0.6943359375 0.6428571428571429 0.009765625 0.014577259475218658
0.0 0.72021484375 0.7383381924198251 0.0087890625 0.016034985422740525
0.0 0.7119140625 0.7733236151603499 0.009765625 0.016034985422740525
0.0 0.70703125 0.7310495626822158 0.0078125 0.013119533527696793
0.0 0.68896484375 0.7274052478134111 0.0087890625 0.014577259475218658
0.0 0.67041015625 0.7091836734693877 0.0087890625 0.016034985422740525
0.0 0.64892578125 0.6873177842565598 0.0107421875 0.021865889212827987
0.0 0.6123046875 0.8782798833819242 0.0078125 0.01020408163265306
0.0 0.578125 0.4555393586005831 0.0078125 0.01020408163265306
0.0 0.55810546875 0.4555393586005831 0.0068359375 0.013119533527696793
0.0 0.5341796875 0.4518950437317784 0.0078125 0.011661807580174927
0.0 0.51123046875 0.44752186588921283 0.0068359375 0.011661807580174927
0.0 0.49169921875 0.44314868804664725 0.0068359375 0.011661807580174927
0.0 0.42431640625 0.41909620991253643 0.0244140625 0.05393586005830904
0.0 0.43994140625 0.24854227405247814 0.0166015625 0.021865889212827987
0.0 0.3359375 0.3520408163265306 0.01953125 0.02478134110787172
0.0 0.26953125 0.12755102040816327 0.01171875 0.02478134110787172
0.0 0.62109375 0.9817784256559767 0.005859375 0.013119533527696793
0.0 0.625 0.8965014577259475 0.0078125 0.011661807580174927
0.0 0.5791015625 0.9008746355685131 0.009765625 0.014577259475218658
0.0 0.5751953125 0.922740524781341 0.0078125 0.014577259475218658
0.0 0.64013671875 0.9336734693877551 0.0087890625 0.013119533527696793
0.0 0.6435546875 0.9759475218658892 0.005859375 0.01020408163265306
0.0 0.64990234375 0.9584548104956269 0.0048828125 0.007288629737609329
0.0 0.63720703125 0.9956268221574344 0.0068359375 0.008746355685131196
0.0 0.65966796875 0.9365889212827988 0.0048828125 0.007288629737609329
