0.0 0.9580078125 0.5695121951219512 0.03515625 0.04878048780487805
0.0 0.8203125 0.599390243902439 0.037109375 0.05975609756097561
0.0 0.70947265625 0.5823170731707317 0.0361328125 0.05
0.0 0.61181640625 0.5884146341463414 0.0341796875 0.06707317073170732
0.0 0.4404296875 0.7201219512195122 0.033203125 0.054878048780487805
0.0 0.7431640625 0.17560975609756097 0.021484375 0.036585365853658534
0.0 0.47900390625 0.14268292682926828 0.0244140625 0.05365853658536585
0.0 0.36376953125 0.7579268292682927 0.0322265625 0.042682926829268296
0.0 0.29638671875 0.7640243902439025 0.0263671875 0.0475609756097561
0.0 0.23876953125 0.7981707317073171 0.0283203125 0.0524390243902439
0.0 0.2041015625 0.7524390243902439 0.0234375 0.03170731707317073
0.0 0.166015625 0.7560975609756098 0.029296875 0.05365853658536585
0.0 0.09912109375 0.7664634146341464 0.0263671875 0.042682926829268296
0.0 0.0478515625 0.7652439024390244 0.03125 0.045121951219512194
0.0 0.17919921875 0.0951219512195122 0.0380859375 0.07317073170731707
