0.0 0.95654296875 0.8610436893203883 0.0322265625 0.05218446601941747
0.0 0.86962890625 0.8434466019417476 0.0322265625 0.03640776699029126
0.0 0.87548828125 0.7942961165048543 0.0283203125 0.03762135922330097
0.0 0.87939453125 0.725121359223301 0.0283203125 0.04975728155339806
0.0 0.92626953125 0.6887135922330098 0.0302734375 0.04733009708737864
0.0 0.98095703125 0.8197815533980582 0.0205078125 0.044902912621359224
0.0 0.83203125 0.6753640776699029 0.02734375 0.044902912621359224
0.0 0.78173828125 0.6383495145631068 0.0302734375 0.04854368932038835
0.0 0.7333984375 0.6893203883495146 0.02734375 0.0412621359223301
0.0 0.7080078125 0.7396844660194175 0.02734375 0.03762135922330097
0.0 0.67236328125 0.7924757281553398 0.0302734375 0.04854368932038835
0.0 0.65771484375 0.7032766990291263 0.0263671875 0.04004854368932039
0.0 0.6708984375 0.6316747572815534 0.025390625 0.04004854368932039
0.0 0.93798828125 0.6316747572815534 0.0185546875 0.03762135922330097
0.0 0.80322265625 0.7117718446601942 0.0263671875 0.04004854368932039
0.0 0.701171875 0.6007281553398058 0.02734375 0.03155339805825243
0.0 0.87939453125 0.5825242718446602 0.0244140625 0.038834951456310676
0.0 0.91015625 0.5345873786407767 0.02734375 0.04733009708737864
0.0 0.9541015625 0.5855582524271845 0.02734375 0.03033980582524272
0.0 0.98291015625 0.5394417475728155 0.0146484375 0.03762135922330097
0.0 0.9833984375 0.4987864077669903 0.015625 0.03398058252427184
0.0 0.94384765625 0.42597087378640774 0.0224609375 0.02912621359223301
0.0 0.962890625 0.3774271844660194 0.021484375 0.03640776699029126
0.0 0.9775390625 0.34769417475728154 0.01953125 0.025485436893203883
0.0 0.92236328125 0.4720873786407767 0.0224609375 0.03155339805825243
0.0 0.88623046875 0.41019417475728154 0.0224609375 0.03640776699029126
0.0 0.875 0.3780339805825243 0.021484375 0.03033980582524272
0.0 0.8427734375 0.46116504854368934 0.021484375 0.03155339805825243
0.0 0.80615234375 0.5194174757281553 0.0263671875 0.0412621359223301
0.0 0.77001953125 0.5776699029126213 0.0224609375 0.038834951456310676
0.0 0.751953125 0.4854368932038835 0.025390625 0.038834951456310676
0.0 0.78759765625 0.42475728155339804 0.0185546875 0.02669902912621359
0.0 0.76220703125 0.4563106796116505 0.0205078125 0.02669902912621359
0.0 0.837890625 0.345873786407767 0.0234375 0.03155339805825243
0.0 0.90673828125 0.3452669902912621 0.0224609375 0.03033980582524272
0.0 0.7236328125 0.5279126213592233 0.025390625 0.04611650485436893
0.0 0.68994140625 0.4678398058252427 0.0244140625 0.03762135922330097
0.0 0.7197265625 0.41019417475728154 0.025390625 0.04611650485436893
0.0 0.70703125 0.3786407766990291 0.021484375 0.03640776699029126
0.0 0.8017578125 0.3762135922330097 0.021484375 0.021844660194174758
0.0 0.65185546875 0.5467233009708737 0.0244140625 0.03033980582524272
0.0 0.65869140625 0.3859223300970874 0.0224609375 0.03398058252427184
0.0 0.958984375 0.2421116504854369 0.021484375 0.032766990291262135
0.0 0.9365234375 0.28398058252427183 0.021484375 0.03398058252427184
0.0 0.9130859375 0.20449029126213591 0.021484375 0.03033980582524272
0.0 0.9453125 0.14381067961165048 0.017578125 0.02063106796116505
0.0 0.87109375 0.31978155339805825 0.015625 0.027912621359223302
0.0 0.8486328125 0.2967233009708738 0.021484375 0.03519417475728155
0.0 0.82666015625 0.25 0.0205078125 0.03398058252427184
0.0 0.8876953125 0.23361650485436894 0.01953125 0.027912621359223302
0.0 0.982421875 0.18992718446601942 0.013671875 0.03033980582524272
0.0 0.98486328125 0.15655339805825244 0.0126953125 0.02912621359223301
0.0 0.90771484375 0.1783980582524272 0.0205078125 0.02669902912621359
0.0 0.85791015625 0.19053398058252427 0.0166015625 0.02669902912621359
0.0 0.890625 0.19356796116504854 0.017578125 0.02063106796116505
0.0 0.8291015625 0.22026699029126215 0.015625 0.023058252427184466
0.0 0.79150390625 0.28762135922330095 0.0205078125 0.02669902912621359
0.0 0.79638671875 0.18143203883495146 0.0185546875 0.025485436893203883
0.0 0.78466796875 0.2366504854368932 0.0185546875 0.02669902912621359
0.0 0.62890625 0.8537621359223301 0.03125 0.05218446601941747
0.0 0.58935546875 0.7924757281553398 0.0263671875 0.0412621359223301
0.0 0.61669921875 0.7226941747572816 0.0302734375 0.04004854368932039
0.0 0.43896484375 0.7233009708737864 0.0322265625 0.043689320388349516
0.0 0.45556640625 0.6862864077669902 0.0263671875 0.03762135922330097
0.0 0.4443359375 0.8549757281553398 0.03125 0.04733009708737864
0.0 0.9638671875 0.1304611650485437 0.017578125 0.027912621359223302
0.0 0.97705078125 0.08555825242718447 0.0185546875 0.032766990291262135
0.0 0.9375 0.07160194174757281 0.017578125 0.024271844660194174
0.0 0.91064453125 0.12075242718446602 0.0166015625 0.025485436893203883
0.0 0.9140625 0.07766990291262135 0.01953125 0.02669902912621359
0.0 0.8720703125 0.13531553398058252 0.01953125 0.025485436893203883
0.0 0.83740234375 0.1171116504854369 0.0166015625 0.025485436893203883
0.0 0.81591796875 0.10558252427184465 0.0185546875 0.024271844660194174
0.0 0.80224609375 0.07160194174757281 0.0146484375 0.024271844660194174
0.0 0.89404296875 0.050970873786407765 0.0146484375 0.019417475728155338
0.0 0.86083984375 0.04550970873786408 0.0146484375 0.02063106796116505
0.0 0.93896484375 0.04733009708737864 0.0166015625 0.01699029126213592
0.0 0.82763671875 0.16565533980582525 0.0185546875 0.02063106796116505
0.0 0.837890625 0.06492718446601942 0.017578125 0.02063106796116505
0.0 0.85595703125 0.07160194174757281 0.0146484375 0.021844660194174758
0.0 0.87158203125 0.09890776699029126 0.0166015625 0.023058252427184466
0.0 0.78564453125 0.11650485436893204 0.0185546875 0.02669902912621359
0.0 0.751953125 0.10133495145631068 0.017578125 0.02063106796116505
0.0 0.7685546875 0.06978155339805825 0.015625 0.023058252427184466
0.0 0.75048828125 0.047936893203883495 0.0166015625 0.023058252427184466
0.0 0.79931640625 0.0491504854368932 0.0166015625 0.01820388349514563
0.0 0.76123046875 0.15776699029126215 0.0185546875 0.02669902912621359
0.0 0.771484375 0.20631067961165048 0.017578125 0.024271844660194174
0.0 0.72705078125 0.2196601941747573 0.0205078125 0.02669902912621359
0.0 0.69091796875 0.19478155339805825 0.0205078125 0.03033980582524272
0.0 0.7177734375 0.15655339805825244 0.015625 0.024271844660194174
0.0 0.7255859375 0.05825242718446602 0.015625 0.02669902912621359
0.0 0.66162109375 0.21359223300970873 0.0185546875 0.03155339805825243
0.0 0.6162109375 0.1328883495145631 0.017578125 0.027912621359223302
0.0 0.63916015625 0.09648058252427184 0.0166015625 0.023058252427184466
0.0 0.685546875 0.08495145631067962 0.015625 0.024271844660194174
0.0 0.66650390625 0.12439320388349515 0.0126953125 0.02063106796116505
0.0 0.66259765625 0.158373786407767 0.0146484375 0.02063106796116505
0.0 0.63623046875 0.1741504854368932 0.0146484375 0.023058252427184466
0.0 0.6083984375 0.19478155339805825 0.015625 0.023058252427184466
0.0 0.74169921875 0.19174757281553398 0.0146484375 0.019417475728155338
0.0 0.6669921875 0.06614077669902912 0.015625 0.025485436893203883
0.0 0.78466796875 0.3234223300970874 0.0185546875 0.032766990291262135
0.0 0.755859375 0.33495145631067963 0.01953125 0.0412621359223301
0.0 0.82470703125 0.3780339805825243 0.0185546875 0.03519417475728155
0.0 0.7236328125 0.3143203883495146 0.021484375 0.03398058252427184
0.0 0.7177734375 0.27851941747572817 0.021484375 0.032766990291262135
0.0 0.69287109375 0.24150485436893204 0.0205078125 0.03398058252427184
0.0 0.67138671875 0.29308252427184467 0.0224609375 0.03033980582524272
0.0 0.68310546875 0.3440533980582524 0.0205078125 0.03762135922330097
0.0 0.64404296875 0.33313106796116504 0.0166015625 0.02063106796116505
0.0 0.6220703125 0.35436893203883496 0.01953125 0.03398058252427184
0.0 0.6015625 0.29004854368932037 0.021484375 0.03398058252427184
0.0 0.63037109375 0.23968446601941748 0.0185546875 0.025485436893203883
0.0 0.5947265625 0.22390776699029127 0.017578125 0.027912621359223302
0.0 0.55810546875 0.19053398058252427 0.0166015625 0.02912621359223301
0.0 0.56298828125 0.2433252427184466 0.0185546875 0.027912621359223302
0.0 0.5361328125 0.21359223300970873 0.021484375 0.03398058252427184
0.0 0.5751953125 0.3112864077669903 0.0234375 0.027912621359223302
0.0 0.5439453125 0.34648058252427183 0.021484375 0.04247572815533981
0.0 0.583984375 0.3804611650485437 0.0234375 0.03519417475728155
0.0 0.6328125 0.4205097087378641 0.0234375 0.03762135922330097
0.0 0.56640625 0.41808252427184467 0.0234375 0.04247572815533981
0.0 0.59423828125 0.5139563106796117 0.0224609375 0.03519417475728155
0.0 0.6064453125 0.5734223300970874 0.0234375 0.04004854368932039
0.0 0.61474609375 0.4557038834951456 0.0224609375 0.03519417475728155
0.0 0.65234375 0.4878640776699029 0.021484375 0.02912621359223301
0.0 0.544921875 0.46055825242718446 0.01953125 0.032766990291262135
0.0 0.50927734375 0.4678398058252427 0.0400390625 0.06432038834951456
0.0 0.5146484375 0.375 0.0234375 0.038834951456310676
0.0 0.48583984375 0.4186893203883495 0.0205078125 0.038834951456310676
0.0 0.46533203125 0.4696601941747573 0.0205078125 0.038834951456310676
0.0 0.41650390625 0.42475728155339804 0.0224609375 0.03155339805825243
0.0 0.4287109375 0.38652912621359226 0.021484375 0.03033980582524272
0.0 0.3759765625 0.38288834951456313 0.01953125 0.03033980582524272
0.0 0.3857421875 0.45934466019417475 0.0234375 0.032766990291262135
0.0 0.34326171875 0.4205097087378641 0.0224609375 0.03762135922330097
0.0 0.35302734375 0.4963592233009709 0.0244140625 0.03640776699029126
0.0 0.39453125 0.537621359223301 0.02734375 0.03398058252427184
0.0 0.4248046875 0.5109223300970874 0.021484375 0.038834951456310676
0.0 0.37353515625 0.5758495145631068 0.0283203125 0.03762135922330097
0.0 0.3876953125 0.629247572815534 0.0234375 0.044902912621359224
0.0 0.392578125 0.7766990291262136 0.03125 0.050970873786407765
0.0 0.35400390625 0.8258495145631068 0.0322265625 0.05461165048543689
0.0 0.267578125 0.7760922330097088 0.03515625 0.05218446601941747
0.0 0.3349609375 0.6523058252427184 0.025390625 0.04733009708737864
0.0 0.31396484375 0.616504854368932 0.0263671875 0.0412621359223301
0.0 0.236328125 0.6438106796116505 0.02734375 0.04247572815533981
0.0 0.2685546875 0.6947815533980582 0.029296875 0.04247572815533981
0.0 0.18017578125 0.6862864077669902 0.0283203125 0.032766990291262135
0.0 0.1611328125 0.7281553398058253 0.0234375 0.0412621359223301
0.0 0.19140625 0.7894417475728155 0.03125 0.04004854368932039
0.0 0.2548828125 0.5782766990291263 0.025390625 0.04247572815533981
0.0 0.18310546875 0.6608009708737864 0.0244140625 0.03033980582524272
0.0 0.28955078125 0.5358009708737864 0.0244140625 0.04247572815533981
0.0 0.27783203125 0.4854368932038835 0.0244140625 0.02912621359223301
0.0 0.31005859375 0.45813106796116504 0.0224609375 0.03519417475728155
0.0 0.251953125 0.529126213592233 0.025390625 0.03640776699029126
0.0 0.2275390625 0.5879854368932039 0.021484375 0.04004854368932039
0.0 0.52587890625 0.2858009708737864 0.0205078125 0.03519417475728155
0.0 0.51171875 0.2487864077669903 0.01953125 0.02912621359223301
0.0 0.505859375 0.32402912621359226 0.01953125 0.02912621359223301
0.0 0.4599609375 0.29186893203883496 0.01953125 0.03519417475728155
0.0 0.478515625 0.34951456310679613 0.017578125 0.03640776699029126
0.0 0.43408203125 0.3258495145631068 0.0185546875 0.03033980582524272
0.0 0.58740234375 0.16322815533980584 0.0166015625 0.027912621359223302
0.0 0.599609375 0.125 0.013671875 0.019417475728155338
0.0 0.521484375 0.10800970873786407 0.013671875 0.021844660194174758
0.0 0.701171875 0.10922330097087378 0.021484375 0.02669902912621359
0.0 0.130859375 0.841626213592233 0.02734375 0.05218446601941747
0.0 0.08740234375 0.8009708737864077 0.0263671875 0.03155339805825243
0.0 0.0439453125 0.8592233009708737 0.02734375 0.043689320388349516
0.0 0.02587890625 0.7305825242718447 0.0263671875 0.0412621359223301
0.0 0.10009765625 0.725121359223301 0.0224609375 0.032766990291262135
0.0 0.125 0.6328883495145631 0.02734375 0.04247572815533981
0.0 0.09765625 0.6844660194174758 0.021484375 0.038834951456310676
0.0 0.1669921875 0.5813106796116505 0.01953125 0.0412621359223301
0.0 0.55322265625 0.05825242718446602 0.0126953125 0.01699029126213592
0.0 0.40185546875 0.12257281553398058 0.0126953125 0.02669902912621359
0.0 0.421875 0.09466019417475728 0.013671875 0.024271844660194174
0.0 0.447265625 0.0691747572815534 0.017578125 0.02912621359223301
0.0 0.39697265625 0.07402912621359223 0.0146484375 0.02669902912621359
0.0 0.3740234375 0.08313106796116505 0.015625 0.023058252427184466
0.0 0.369140625 0.12924757281553398 0.017578125 0.03033980582524272
0.0 0.31298828125 0.1638349514563107 0.0185546875 0.024271844660194174
0.0 0.3271484375 0.11953883495145631 0.017578125 0.025485436893203883
0.0 0.345703125 0.07766990291262135 0.01953125 0.02669902912621359
0.0 0.37939453125 0.030946601941747573 0.0146484375 0.02063106796116505
0.0 0.279296875 0.1862864077669903 0.01953125 0.03033980582524272
0.0 0.2783203125 0.14381067961165048 0.017578125 0.027912621359223302
0.0 0.27685546875 0.10679611650485436 0.0166015625 0.021844660194174758
0.0 0.3095703125 0.08616504854368932 0.015625 0.021844660194174758
0.0 0.28125 0.06614077669902912 0.01953125 0.023058252427184466
0.0 0.3232421875 0.03216019417475728 0.015625 0.023058252427184466
0.0 0.28125 0.03398058252427184 0.017578125 0.024271844660194174
0.0 0.2646484375 0.23786407766990292 0.015625 0.02669902912621359
0.0 0.36376953125 0.19356796116504854 0.0166015625 0.023058252427184466
0.0 0.34716796875 0.18810679611650485 0.0146484375 0.024271844660194174
0.0 0.35888671875 0.04004854368932039 0.0166015625 0.021844660194174758
0.0 0.34423828125 0.027912621359223302 0.0146484375 0.01699029126213592
0.0 0.21826171875 0.23786407766990292 0.0146484375 0.02669902912621359
0.0 0.25634765625 0.1741504854368932 0.0166015625 0.025485436893203883
0.0 0.23291015625 0.20266990291262135 0.0166015625 0.024271844660194174
0.0 0.20166015625 0.21844660194174756 0.0185546875 0.03155339805825243
0.0 0.19287109375 0.16990291262135923 0.0185546875 0.02912621359223301
0.0 0.2275390625 0.14927184466019416 0.017578125 0.021844660194174758
0.0 0.2275390625 0.11347087378640777 0.015625 0.023058252427184466
0.0 0.19970703125 0.12560679611650485 0.0185546875 0.025485436893203883
0.0 0.169921875 0.1104368932038835 0.017578125 0.024271844660194174
0.0 0.1962890625 0.08191747572815535 0.015625 0.023058252427184466
0.0 0.20947265625 0.060072815533980584 0.0166015625 0.025485436893203883
0.0 0.2529296875 0.026092233009708737 0.015625 0.015776699029126214
0.0 0.22314453125 0.03762135922330097 0.0146484375 0.021844660194174758
0.0 0.1884765625 0.03640776699029126 0.0234375 0.02912621359223301
0.0 0.16845703125 0.0691747572815534 0.0146484375 0.021844660194174758
0.0 0.17041015625 0.24939320388349515 0.0185546875 0.025485436893203883
0.0 0.17529296875 0.30400485436893204 0.0205078125 0.025485436893203883
0.0 0.16357421875 0.21844660194174756 0.0126953125 0.019417475728155338
0.0 0.14990234375 0.047936893203883495 0.0087890625 0.027912621359223302
0.0 0.15087890625 0.09344660194174757 0.0107421875 0.02912621359223301
0.0 0.13623046875 0.1717233009708738 0.0205078125 0.03033980582524272
0.0 0.08349609375 0.17718446601941748 0.0166015625 0.03155339805825243
0.0 0.04443359375 0.19174757281553398 0.0166015625 0.02669902912621359
0.0 0.02783203125 0.1553398058252427 0.0185546875 0.024271844660194174
0.0 0.08056640625 0.13592233009708737 0.0166015625 0.02669902912621359
0.0 0.0634765625 0.14441747572815533 0.017578125 0.02669902912621359
0.0 0.10400390625 0.14684466019417475 0.0166015625 0.024271844660194174
0.0 0.08740234375 0.09466019417475728 0.0166015625 0.021844660194174758
0.0 0.06640625 0.06492718446601942 0.013671875 0.023058252427184466
0.0 0.041015625 0.10315533980582524 0.017578125 0.019417475728155338
0.0 0.125 0.03519417475728155 0.015625 0.02912621359223301
0.0 0.109375 0.06492718446601942 0.015625 0.023058252427184466
0.0 0.15869140625 0.028519417475728157 0.0146484375 0.015776699029126214
0.0 0.1376953125 0.216626213592233 0.015625 0.025485436893203883
0.0 0.0703125 0.21177184466019416 0.017578125 0.03033980582524272
0.0 0.1435546875 0.3288834951456311 0.01953125 0.03640776699029126
0.0 0.09033203125 0.24393203883495146 0.0205078125 0.02912621359223301
0.0 0.0458984375 0.24271844660194175 0.01953125 0.02669902912621359
0.0 0.052734375 0.32038834951456313 0.025390625 0.038834951456310676
0.0 0.09326171875 0.3337378640776699 0.0244140625 0.0412621359223301
0.0 0.021484375 0.3070388349514563 0.021484375 0.024271844660194174
0.0 0.0166015625 0.20752427184466019 0.015625 0.03398058252427184
0.0 0.03955078125 0.3901699029126214 0.0205078125 0.027912621359223302
0.0 0.01953125 0.35315533980582525 0.021484375 0.03155339805825243
0.0 0.01904296875 0.43264563106796117 0.0205078125 0.032766990291262135
0.0 0.107421875 0.10800970873786407 0.017578125 0.02669902912621359
0.0 0.251953125 0.08434466019417476 0.015625 0.023058252427184466
0.0 0.3115234375 0.05521844660194175 0.015625 0.025485436893203883
0.0 0.07666015625 0.0412621359223301 0.0146484375 0.019417475728155338
0.0 0.01513671875 0.03519417475728155 0.0126953125 0.019417475728155338
0.0 0.03857421875 0.13470873786407767 0.0146484375 0.021844660194174758
0.0 0.15625 0.1966019417475728 0.015625 0.021844660194174758
