0.0 0.8583984375 0.5473372781065089 0.03515625 0.04881656804733728
0.0 0.7158203125 0.36538461538461536 0.03125 0.060650887573964495
0.0 0.52734375 0.6020710059171598 0.1220703125 0.19674556213017752
0.0 0.1884765625 0.4718934911242604 0.0361328125 0.08579881656804733
0.0 0.0341796875 0.4807692307692308 0.0322265625 0.06360946745562131
0.0 0.3935546875 0.8313609467455622 0.0166015625 0.026627218934911243
0.0 0.3330078125 0.8431952662721893 0.009765625 0.01775147928994083
0.0 0.638671875 0.8446745562130178 0.0185546875 0.026627218934911243
0.0 0.5126953125 0.8372781065088757 0.017578125 0.023668639053254437
0.0 0.5732421875 0.8372781065088757 0.0185546875 0.028106508875739646
0.0 0.4501953125 0.8298816568047337 0.017578125 0.022189349112426034
