0.0 0.4091796875 0.8684895833333334 0.01171875 0.040364583333333336
0.0 0.033203125 0.5755208333333334 0.005859375 0.020833333333333332
0.0 0.70703125 0.4908854166666667 0.0048828125 0.013020833333333334
0.0 0.6962890625 0.48046875 0.0078125 0.016927083333333332
0.0 0.654296875 0.48046875 0.0078125 0.014322916666666666
0.0 0.6240234375 0.48046875 0.005859375 0.015625
0.0 0.5703125 0.4778645833333333 0.0068359375 0.014322916666666666
0.0 0.494140625 0.4778645833333333 0.0068359375 0.01171875
0.0 0.4482421875 0.4713541666666667 0.0078125 0.013020833333333334
0.0 0.40625 0.453125 0.0068359375 0.014322916666666666
0.0 0.361328125 0.4609375 0.0078125 0.01171875
0.0 0.2841796875 0.4505208333333333 0.0068359375 0.01171875
0.0 0.3330078125 0.4583333333333333 0.0068359375 0.014322916666666666
0.0 0.255859375 0.4440104166666667 0.0068359375 0.014322916666666666
0.0 0.419921875 0.4778645833333333 0.005859375 0.015625
