0.0 0.4365234375 0.5928677563150074 0.0322265625 0.08915304606240713
0.0 0.2216796875 0.5141158989598811 0.0361328125 0.09212481426448738
0.0 0.0615234375 0.6077265973254086 0.041015625 0.0861812778603269
0.0 0.2548828125 0.4338781575037147 0.03125 0.08320950965824665
0.0 0.3671875 0.37147102526002973 0.0263671875 0.08766716196136701
0.0 0.1904296875 0.3491827637444279 0.037109375 0.06983655274888559
0.0 0.0625 0.4026745913818722 0.041015625 0.0787518573551263
0.0 0.3740234375 0.24219910846953938 0.0322265625 0.08320950965824665
0.0 0.408203125 0.1723625557206538 0.0263671875 0.06686478454680535
0.0 0.3935546875 0.0950965824665676 0.033203125 0.06686478454680535
0.0 0.263671875 0.08469539375928678 0.0263671875 0.06537890044576523
0.0 0.2109375 0.12184249628528974 0.0361328125 0.0787518573551263
0.0 0.0673828125 0.2526002971768202 0.0380859375 0.0787518573551263
0.0 0.0419921875 0.13818722139673106 0.0361328125 0.0638930163447251
0.0 0.1171875 0.04457652303120357 0.033203125 0.0713224368499257
0.0 0.2939453125 0.007429420505200594 0.0224609375 0.05052005943536404
0.0 0.16015625 0.01337295690936107 0.029296875 0.020802377414561663
0.0 0.046875 0.0 0.0302734375 0.020802377414561663
0.0 0.9013671875 0.6062407132243685 0.033203125 0.08469539375928678
0.0 0.765625 0.5468053491827637 0.0419921875 0.08469539375928678
0.0 0.55859375 0.5973254086181278 0.0244140625 0.08172362555720654
0.0 0.8798828125 0.3967310549777117 0.0419921875 0.08023774145616643
0.0 0.7353515625 0.3922734026745914 0.037109375 0.06983655274888559
0.0 0.5517578125 0.4234769687964339 0.03515625 0.07280832095096583
0.0 0.5712890625 0.26151560178306094 0.0322265625 0.0713224368499257
0.0 0.7548828125 0.2912332838038633 0.03125 0.05943536404160475
0.0 0.736328125 0.2585438335809807 0.0322265625 0.05943536404160475
0.0 0.89453125 0.2362555720653789 0.037109375 0.07578008915304606
0.0 0.8779296875 0.27934621099554235 0.0244140625 0.05943536404160475
0.0 0.9130859375 0.1411589895988113 0.025390625 0.05794947994056464
0.0 0.806640625 0.150074294205052 0.029296875 0.0549777117384844
0.0 0.708984375 0.06835066864784546 0.03125 0.06983655274888559
0.0 0.5947265625 0.0861812778603269 0.0283203125 0.05943536404160475
0.0 0.5361328125 0.0950965824665676 0.0205078125 0.06240713224368499
0.0 0.748046875 0.019316493313521546 0.029296875 0.06092124814264487
0.0 0.65625 0.0 0.0234375 0.05646359583952452
0.0 0.5556640625 0.20802377414561665 0.0322265625 0.06835066864784546
