0.0 0.3818359375 0.08707865168539326 0.11328125 0.15168539325842698
0.0 0.89453125 0.38108614232209737 0.08984375 0.06741573033707865
0.0 0.86328125 0.24250936329588016 0.060546875 0.06554307116104868
0.0 0.9736328125 0.26591760299625467 0.0263671875 0.031835205992509365
0.0 0.8212890625 0.32865168539325845 0.01953125 0.023408239700374533
0.0 0.791015625 0.2846441947565543 0.0263671875 0.02902621722846442
0.0 0.8564453125 0.2940074906367041 0.0234375 0.035580524344569285
0.0 0.740234375 0.300561797752809 0.0224609375 0.026217228464419477
0.0 0.6982421875 0.36235955056179775 0.0185546875 0.02247191011235955
0.0 0.681640625 0.31179775280898875 0.021484375 0.027153558052434457
0.0 0.6650390625 0.29213483146067415 0.021484375 0.023408239700374533
0.0 0.7197265625 0.3089887640449438 0.0166015625 0.020599250936329586
0.0 0.69921875 0.3061797752808989 0.017578125 0.02247191011235955
0.0 0.814453125 0.2818352059925094 0.017578125 0.02247191011235955
