0.0 0.923828125 0.3746397694524496 0.01953125 0.040345821325648415
0.0 0.880859375 0.3645533141210375 0.0126953125 0.04178674351585014
0.0 0.8232421875 0.39337175792507206 0.015625 0.03602305475504323
0.0 0.7314453125 0.35878962536023057 0.017578125 0.03602305475504323
0.0 0.646484375 0.3703170028818444 0.0107421875 0.0345821325648415
0.0 0.609375 0.3515850144092219 0.0107421875 0.0345821325648415
0.0 0.59375 0.34293948126801155 0.0166015625 0.03602305475504323
0.0 0.5537109375 0.36743515850144093 0.0107421875 0.03025936599423631
0.0 0.5107421875 0.3645533141210375 0.0107421875 0.0345821325648415
0.0 0.48046875 0.36023054755043227 0.0146484375 0.03314121037463977
0.0 0.400390625 0.3400576368876081 0.0107421875 0.03170028818443804
0.0 0.3701171875 0.3631123919308357 0.015625 0.03170028818443804
0.0 0.322265625 0.3573487031700288 0.015625 0.03170028818443804
0.0 0.267578125 0.3631123919308357 0.009765625 0.0345821325648415
0.0 0.234375 0.3818443804034582 0.015625 0.027377521613832854
0.0 0.1767578125 0.3559077809798271 0.0146484375 0.03170028818443804
0.0 0.1572265625 0.3703170028818444 0.0068359375 0.012968299711815562
0.0 0.1064453125 0.3703170028818444 0.01171875 0.024495677233429394
0.0 0.0380859375 0.3659942363112392 0.0166015625 0.027377521613832854
0.0 0.6982421875 0.38904899135446686 0.0146484375 0.02881844380403458
0.0 0.740234375 0.35446685878962536 0.0166015625 0.03890489913544669
