0.0 0.04296875 0.8038379530916845 0.021484375 0.06609808102345416
0.0 0.3056640625 0.7164179104477612 0.01953125 0.06183368869936034
0.0 0.314453125 0.908315565031983 0.017578125 0.06609808102345416
0.0 0.3701171875 0.8272921108742004 0.017578125 0.046908315565031986
0.0 0.2587890625 0.8486140724946695 0.0126953125 0.05543710021321962
0.0 0.3447265625 0.19829424307036247 0.0087890625 0.031982942430703626
0.0 0.38671875 0.19616204690831557 0.0078125 0.021321961620469083
0.0 0.408203125 0.19616204690831557 0.0078125 0.02771855010660981
0.0 0.4140625 0.27505330490405117 0.009765625 0.03624733475479744
0.0 0.466796875 0.3582089552238806 0.0107421875 0.02771855010660981
0.0 0.50390625 0.2046908315565032 0.0107421875 0.029850746268656716
0.0 0.5244140625 0.27292110874200426 0.0126953125 0.03837953091684435
0.0 0.560546875 0.36886993603411516 0.0126953125 0.04477611940298507
0.0 0.3232421875 0.40298507462686567 0.0126953125 0.03837953091684435
0.0 0.2880859375 0.43923240938166314 0.0146484375 0.04477611940298507
0.0 0.2587890625 0.43070362473347545 0.0078125 0.031982942430703626
0.0 0.4658203125 0.6375266524520256 0.0185546875 0.057569296375266525
0.0 0.5068359375 0.6311300639658849 0.017578125 0.05543710021321962
0.0 0.6630859375 0.22174840085287847 0.0087890625 0.03411513859275053
0.0 0.609375 0.34541577825159914 0.009765625 0.03624733475479744
0.0 0.740234375 0.3752665245202559 0.0107421875 0.03624733475479744
0.0 0.7705078125 0.2771855010660981 0.009765625 0.031982942430703626
0.0 0.904296875 0.11940298507462686 0.0126953125 0.03411513859275053
0.0 0.935546875 0.1044776119402985 0.0107421875 0.04051172707889126
0.0 0.85546875 0.5522388059701493 0.0146484375 0.042643923240938165
0.0 0.9404296875 0.8059701492537313 0.0205078125 0.06396588486140725
0.0 0.8046875 0.7100213219616205 0.0146484375 0.057569296375266525
0.0 0.646484375 0.7377398720682303 0.0185546875 0.06183368869936034
0.0 0.70703125 0.4584221748400853 0.0107421875 0.042643923240938165
0.0 0.9541015625 0.4072494669509595 0.0078125 0.02771855010660981
0.0 0.984375 0.7164179104477612 0.015625 0.053304904051172705
0.0 0.02734375 0.35181236673773986 0.013671875 0.04477611940298507
0.0 0.0556640625 0.31556503198294245 0.0126953125 0.03624733475479744
0.0 0.078125 0.2835820895522388 0.015625 0.03411513859275053
0.0 0.1943359375 0.18976545842217485 0.0078125 0.031982942430703626
0.0 0.1630859375 0.3816631130063966 0.0126953125 0.03624733475479744
0.0 0.09765625 0.5202558635394456 0.0126953125 0.046908315565031986
0.0 0.0458984375 0.6460554371002132 0.013671875 0.04051172707889126
0.0 0.5966796875 0.7590618336886994 0.009765625 0.04477611940298507
0.0 0.783203125 0.36673773987206826 0.0107421875 0.03411513859275053
0.0 0.3134765625 0.18763326226012794 0.005859375 0.029850746268656716
0.0 0.5361328125 0.2302771855010661 0.0068359375 0.02771855010660981
0.0 0.83984375 0.2025586353944563 0.0087890625 0.029850746268656716
0.0 0.81640625 0.44989339019189767 0.0126953125 0.03624733475479744
0.0 0.833984375 0.43070362473347545 0.0087890625 0.03411513859275053
0.0 0.7099609375 0.24733475479744135 0.0146484375 0.029850746268656716
0.0 0.6328125 0.24520255863539445 0.0126953125 0.02771855010660981
0.0 0.6337890625 0.2857142857142857 0.01171875 0.03411513859275053
0.0 0.287109375 0.7846481876332623 0.0205078125 0.03837953091684435
