0.0 0.09765625 0.27923976608187134 0.0439453125 0.06286549707602339
0.0 0.2099609375 0.25877192982456143 0.0498046875 0.0847953216374269
0.0 0.271484375 0.3347953216374269 0.0517578125 0.09502923976608187
0.0 0.3779296875 0.3216374269005848 0.0458984375 0.07309941520467836
0.0 0.498046875 0.32456140350877194 0.046875 0.0847953216374269
0.0 0.6103515625 0.260233918128655 0.046875 0.07456140350877193
0.0 0.6982421875 0.23538011695906433 0.0400390625 0.06286549707602339
0.0 0.703125 0.35233918128654973 0.0498046875 0.0804093567251462
0.0 0.4755859375 0.6067251461988304 0.044921875 0.06432748538011696
0.0 0.5849609375 0.4473684210526316 0.0498046875 0.07894736842105263
0.0 0.66796875 0.5526315789473685 0.0439453125 0.06871345029239766
0.0 0.748046875 0.5921052631578947 0.046875 0.07163742690058479
0.0 0.1953125 0.4327485380116959 0.0361328125 0.059941520467836254
0.0 0.29296875 0.5891812865497076 0.044921875 0.06871345029239766
