0.0 0.0224609375 0.3392857142857143 0.06640625 0.1510989010989011
0.0 0.3408203125 0.22664835164835165 0.0390625 0.10164835164835165
0.0 0.39453125 0.1620879120879121 0.056640625 0.12225274725274725
0.0 0.5146484375 0.1304945054945055 0.0400390625 0.09752747252747253
0.0 0.7578125 0.09065934065934066 0.0478515625 0.11126373626373626
0.0 0.79296875 0.41895604395604397 0.0869140625 0.22115384615384615
0.0 0.98828125 0.3516483516483517 0.01171875 0.13324175824175824
0.0 0.1982421875 0.1510989010989011 0.0166015625 0.03021978021978022
0.0 0.3662109375 0.8379120879120879 0.029296875 0.023351648351648352
0.0 0.7666015625 0.625 0.017578125 0.01510989010989011
0.0 0.7607421875 0.6428571428571429 0.0166015625 0.019230769230769232
