0.0 0.431640625 0.1149584487534626 0.0322265625 0.054016620498614956
0.0 0.361328125 0.13434903047091412 0.0302734375 0.04847645429362881
0.0 0.205078125 0.20083102493074792 0.0380859375 0.04847645429362881
0.0 0.1376953125 0.10249307479224377 0.0458984375 0.06786703601108034
0.0 0.0859375 0.09002770083102493 0.046875 0.07063711911357341
0.0 0.1064453125 0.4085872576177285 0.041015625 0.060941828254847646
0.0 0.8037109375 0.15373961218836565 0.099609375 0.16066481994459833
0.0 0.5986328125 0.11772853185595568 0.0302734375 0.05263157894736842
0.0 0.91015625 0.7174515235457064 0.013671875 0.02077562326869806
0.0 0.884765625 0.7022160664819944 0.0126953125 0.0221606648199446
0.0 0.8447265625 0.7105263157894737 0.01171875 0.0221606648199446
0.0 0.8818359375 0.7700831024930748 0.013671875 0.019390581717451522
0.0 0.8525390625 0.7465373961218836 0.0126953125 0.01662049861495845
0.0 0.794921875 0.7590027700831025 0.0126953125 0.02077562326869806
0.0 0.7880859375 0.7202216066481995 0.0087890625 0.0110803324099723
0.0 0.8056640625 0.6911357340720221 0.009765625 0.018005540166204988
0.0 0.771484375 0.7091412742382271 0.0126953125 0.019390581717451522
0.0 0.7373046875 0.7299168975069252 0.0107421875 0.01662049861495845
0.0 0.7685546875 0.7673130193905817 0.0107421875 0.018005540166204988
0.0 0.744140625 0.7991689750692521 0.0107421875 0.015235457063711912
0.0 0.6962890625 0.7271468144044322 0.0126953125 0.018005540166204988
0.0 0.5400390625 0.7617728531855956 0.0146484375 0.0221606648199446
0.0 0.5634765625 0.7465373961218836 0.0126953125 0.024930747922437674
0.0 0.5625 0.6869806094182825 0.0146484375 0.024930747922437674
0.0 0.5361328125 0.6897506925207756 0.0146484375 0.024930747922437674
0.0 0.3408203125 0.6481994459833795 0.0693359375 0.09556786703601108
0.0 0.2763671875 0.574792243767313 0.07421875 0.12188365650969529
0.0 0.064453125 0.6578947368421053 0.0224609375 0.038781163434903045
0.0 0.1142578125 0.7548476454293629 0.021484375 0.0332409972299169
0.0 0.1640625 0.7008310249307479 0.0234375 0.0332409972299169
0.0 0.1328125 0.5983379501385041 0.0283203125 0.05124653739612189
0.0 0.0791015625 0.5844875346260388 0.03125 0.04709141274238227
