0.0 0.1474609375 0.4216691068814056 0.0380859375 0.06442166910688141
0.0 0.2294921875 0.4143484626647145 0.0390625 0.0629575402635432
0.0 0.26953125 0.37481698389458273 0.03515625 0.05710102489019034
0.0 0.3017578125 0.44216691068814057 0.0400390625 0.0629575402635432
0.0 0.390625 0.4377745241581259 0.0390625 0.060029282576866766
0.0 0.353515625 0.38653001464128844 0.0380859375 0.05124450951683748
0.0 0.4375 0.32503660322108346 0.0380859375 0.06881405563689605
0.0 0.49609375 0.3850658857979502 0.0361328125 0.060029282576866766
0.0 0.548828125 0.33821376281112736 0.0322265625 0.04978038067349927
0.0 0.56640625 0.4172767203513909 0.0400390625 0.05710102489019034
0.0 0.640625 0.3967789165446559 0.03515625 0.05856515373352855
0.0 0.6748046875 0.4216691068814056 0.041015625 0.06588579795021962
0.0 0.759765625 0.38653001464128844 0.0390625 0.0746705710102489
