0.0 0.0859375 0.5542521994134897 0.01953125 0.030791788856304986
0.0 0.1064453125 0.5762463343108505 0.017578125 0.030791788856304986
0.0 0.11328125 0.4780058651026393 0.0166015625 0.030791788856304986
0.0 0.1484375 0.4941348973607038 0.015625 0.03225806451612903
0.0 0.1796875 0.49853372434017595 0.017578125 0.02785923753665689
0.0 0.2216796875 0.47947214076246336 0.0166015625 0.02932551319648094
0.0 0.19921875 0.5439882697947214 0.0166015625 0.03225806451612903
0.0 0.2314453125 0.5630498533724341 0.013671875 0.02785923753665689
0.0 0.2939453125 0.5527859237536656 0.017578125 0.030791788856304986
0.0 0.251953125 0.40762463343108507 0.01171875 0.020527859237536656
0.0 0.294921875 0.7052785923753666 0.013671875 0.026392961876832845
0.0 0.3583984375 0.6950146627565983 0.017578125 0.026392961876832845
0.0 0.4033203125 0.7008797653958945 0.017578125 0.024926686217008796
0.0 0.4716796875 0.6935483870967742 0.0146484375 0.026392961876832845
0.0 0.2685546875 0.3519061583577713 0.0087890625 0.021994134897360705
0.0 0.291015625 0.40615835777126097 0.0078125 0.01906158357771261
0.0 0.291015625 0.35043988269794724 0.0107421875 0.021994134897360705
0.0 0.322265625 0.4046920821114369 0.009765625 0.017595307917888565
0.0 0.3623046875 0.46187683284457476 0.015625 0.02785923753665689
0.0 0.3076171875 0.47947214076246336 0.0166015625 0.02932551319648094
0.0 0.4306640625 0.3460410557184751 0.01171875 0.021994134897360705
0.0 0.3759765625 0.40615835777126097 0.0087890625 0.01906158357771261
0.0 0.390625 0.41055718475073316 0.0107421875 0.01906158357771261
0.0 0.47265625 0.3914956011730205 0.0126953125 0.016129032258064516
0.0 0.4931640625 0.36950146627565983 0.01171875 0.020527859237536656
0.0 0.4716796875 0.34310850439882695 0.0107421875 0.01906158357771261
0.0 0.5087890625 0.3313782991202346 0.0107421875 0.020527859237536656
0.0 0.560546875 0.3387096774193548 0.0107421875 0.01906158357771261
0.0 0.6015625 0.33724340175953077 0.0107421875 0.01906158357771261
0.0 0.5439453125 0.38269794721407624 0.0126953125 0.020527859237536656
0.0 0.580078125 0.375366568914956 0.013671875 0.02346041055718475
0.0 0.5537109375 0.4472140762463343 0.0185546875 0.02932551319648094
0.0 0.5400390625 0.46480938416422285 0.0146484375 0.02932551319648094
0.0 0.4423828125 0.44281524926686217 0.021484375 0.03225806451612903
0.0 0.466796875 0.4706744868035191 0.0107421875 0.021994134897360705
0.0 0.345703125 0.532258064516129 0.0166015625 0.03372434017595308
0.0 0.4033203125 0.5586510263929618 0.0166015625 0.02932551319648094
0.0 0.4521484375 0.5615835777126099 0.015625 0.026392961876832845
0.0 0.8046875 0.4604105571847507 0.0146484375 0.02932551319648094
0.0 0.7529296875 0.45161290322580644 0.0126953125 0.024926686217008796
0.0 0.8486328125 0.4530791788856305 0.015625 0.030791788856304986
0.0 0.8798828125 0.43548387096774194 0.0185546875 0.03519061583577713
0.0 0.9033203125 0.5102639296187683 0.017578125 0.036656891495601175
0.0 0.83984375 0.5513196480938416 0.0166015625 0.030791788856304986
0.0 0.3193359375 0.3519061583577713 0.0078125 0.017595307917888565
0.0 0.3837890625 0.34017595307917886 0.01171875 0.020527859237536656
0.0 0.5166015625 0.6906158357771262 0.015625 0.02785923753665689
0.0 0.5625 0.5205278592375366 0.0126953125 0.03519061583577713
0.0 0.5673828125 0.5381231671554252 0.0107421875 0.02346041055718475
0.0 0.6357421875 0.533724340175953 0.0166015625 0.026392961876832845
0.0 0.654296875 0.532258064516129 0.017578125 0.030791788856304986
0.0 0.7509765625 0.533724340175953 0.0166015625 0.026392961876832845
0.0 0.7861328125 0.5205278592375366 0.0166015625 0.03372434017595308
0.0 0.5947265625 0.7052785923753666 0.0166015625 0.024926686217008796
0.0 0.634765625 0.7023460410557185 0.0166015625 0.02785923753665689
0.0 0.673828125 0.7111436950146628 0.013671875 0.020527859237536656
0.0 0.71484375 0.7096774193548387 0.0146484375 0.01906158357771261
0.0 0.7626953125 0.6686217008797654 0.015625 0.02932551319648094
0.0 0.833984375 0.6994134897360704 0.017578125 0.026392961876832845
0.0 0.6650390625 0.3460410557184751 0.009765625 0.021994134897360705
0.0 0.6865234375 0.3460410557184751 0.0107421875 0.01906158357771261
0.0 0.68359375 0.3973607038123167 0.01171875 0.020527859237536656
0.0 0.625 0.4574780058651026 0.0107421875 0.017595307917888565
0.0 0.6630859375 0.46187683284457476 0.0166015625 0.02785923753665689
0.0 0.6884765625 0.46480938416422285 0.015625 0.026392961876832845
0.0 0.7421875 0.45161290322580644 0.0126953125 0.024926686217008796
