0.0 0.08984375 0.5658914728682171 0.015625 0.018826135105204873
0.0 0.1357421875 0.6256921373200443 0.0205078125 0.03433001107419712
0.0 0.3154296875 0.689922480620155 0.013671875 0.029900332225913623
0.0 0.359375 0.6976744186046512 0.015625 0.021040974529346623
0.0 0.453125 0.5293466223698782 0.025390625 0.03322259136212625
0.0 0.47265625 0.4717607973421927 0.015625 0.019933554817275746
0.0 0.404296875 0.47729789590254706 0.013671875 0.019933554817275746
0.0 0.287109375 0.4806201550387597 0.013671875 0.018826135105204873
0.0 0.544921875 0.46179401993355484 0.0146484375 0.019933554817275746
0.0 0.732421875 0.4695459579180509 0.029296875 0.036544850498338874
0.0 0.9814453125 0.5537098560354374 0.0185546875 0.031007751937984496
0.0 0.9814453125 0.4573643410852713 0.0146484375 0.018826135105204873
0.0 0.248046875 0.5625692137320044 0.0107421875 0.0221483942414175
0.0 0.158203125 0.5703211517165006 0.009765625 0.0221483942414175
0.0 0.068359375 0.5570321151716501 0.0146484375 0.023255813953488372
