0.0 0.1865234375 0.20875912408759123 0.044921875 0.072992700729927
0.0 0.26220703125 0.22992700729927007 0.0341796875 0.05693430656934306
0.0 0.31787109375 0.24087591240875914 0.0380859375 0.06423357664233577
0.0 0.38232421875 0.2927007299270073 0.0400390625 0.07153284671532846
0.0 0.41259765625 0.1948905109489051 0.0322265625 0.059854014598540145
0.0 0.49951171875 0.17372262773722627 0.0263671875 0.058394160583941604
0.0 0.552734375 0.22262773722627738 0.02734375 0.05401459854014599
0.0 0.52490234375 0.2678832116788321 0.0283203125 0.051094890510948905
0.0 0.625 0.1927007299270073 0.033203125 0.052554744525547446
0.0 0.669921875 0.20875912408759123 0.037109375 0.072992700729927
0.0 0.5009765625 0.35912408759124087 0.0390625 0.07007299270072993
0.0 0.47509765625 0.4481751824817518 0.0400390625 0.07007299270072993
0.0 0.591796875 0.4708029197080292 0.04296875 0.059854014598540145
0.0 0.7080078125 0.4664233576642336 0.044921875 0.07153284671532846
0.0 0.7177734375 0.15255474452554746 0.025390625 0.05401459854014599
0.0 0.7646484375 0.22116788321167882 0.03515625 0.06277372262773723
0.0 0.82421875 0.25547445255474455 0.033203125 0.06423357664233577
0.0 0.904296875 0.2613138686131387 0.033203125 0.052554744525547446
