0.0 0.09423828125 0.268018018018018 0.0263671875 0.07657657657657657
0.0 0.14501953125 0.14527027027027026 0.0205078125 0.06531531531531531
0.0 0.1875 0.14752252252252251 0.0234375 0.060810810810810814
0.0 0.2607421875 0.19481981981981983 0.021484375 0.05630630630630631
0.0 0.302734375 0.1036036036036036 0.025390625 0.07207207207207207
0.0 0.376953125 0.1204954954954955 0.0234375 0.060810810810810814
0.0 0.4287109375 0.18018018018018017 0.025390625 0.06306306306306306
0.0 0.49853515625 0.17454954954954954 0.0224609375 0.05630630630630631
0.0 0.55859375 0.13175675675675674 0.025390625 0.06531531531531531
0.0 0.52294921875 0.46283783783783783 0.0263671875 0.06531531531531531
0.0 0.43994140625 0.47184684684684686 0.0244140625 0.06531531531531531
0.0 0.31103515625 0.3096846846846847 0.0283203125 0.07432432432432433
0.0 0.1806640625 0.3783783783783784 0.02734375 0.06756756756756757
0.0 0.2333984375 0.6126126126126126 0.025390625 0.05855855855855856
0.0 0.533203125 0.6824324324324325 0.025390625 0.07207207207207207
0.0 0.625 0.16891891891891891 0.0234375 0.05855855855855856
0.0 0.69921875 0.17229729729729729 0.0234375 0.05630630630630631
0.0 0.78173828125 0.16328828828828829 0.0263671875 0.06981981981981981
0.0 0.8349609375 0.28040540540540543 0.02734375 0.07882882882882883
0.0 0.8974609375 0.22072072072072071 0.025390625 0.06306306306306306
0.0 0.76123046875 0.41103603603603606 0.0263671875 0.06981981981981981
0.0 0.78564453125 0.5045045045045045 0.0205078125 0.04954954954954955
0.0 0.81396484375 0.6587837837837838 0.0263671875 0.06981981981981981
0.0 0.607421875 0.44707207207207206 0.025390625 0.060810810810810814
0.0 0.66259765625 0.6891891891891891 0.0244140625 0.05405405405405406
0.0 0.71435546875 0.6756756756756757 0.0244140625 0.06756756756756757
0.0 0.64697265625 0.26463963963963966 0.0244140625 0.060810810810810814
