0.0 0.76806640625 0.5944010416666666 0.0283203125 0.045572916666666664
0.0 0.11865234375 0.7734375 0.0244140625 0.057291666666666664
0.0 0.2060546875 0.6686197916666666 0.044921875 0.055989583333333336
0.0 0.185546875 0.5709635416666666 0.03515625 0.055989583333333336
0.0 0.0888671875 0.654296875 0.033203125 0.05859375
0.0 0.05712890625 0.5872395833333334 0.0380859375 0.052083333333333336
0.0 0.3623046875 0.6197916666666666 0.037109375 0.052083333333333336
0.0 0.32470703125 0.5807291666666666 0.0361328125 0.057291666666666664
0.0 0.431640625 0.60546875 0.0390625 0.057291666666666664
0.0 0.5703125 0.5071614583333334 0.140625 0.19921875
0.0 0.95947265625 0.6158854166666666 0.0341796875 0.049479166666666664
0.0 0.8818359375 0.556640625 0.03515625 0.055989583333333336
0.0 0.79833984375 0.6165364583333334 0.0361328125 0.048177083333333336
