0.0 0.10400390625 0.2409972299168975 0.0478515625 0.06925207756232687
0.0 0.2333984375 0.2693905817174515 0.046875 0.07063711911357341
0.0 0.3564453125 0.28116343490304707 0.044921875 0.0664819944598338
0.0 0.458984375 0.2146814404432133 0.046875 0.06925207756232687
0.0 0.5966796875 0.23060941828254847 0.046875 0.07340720221606649
0.0 0.6591796875 0.26662049861495846 0.044921875 0.07063711911357341
0.0 0.63818359375 0.47368421052631576 0.0458984375 0.07756232686980609
0.0 0.5205078125 0.3296398891966759 0.044921875 0.06925207756232687
0.0 0.42138671875 0.44598337950138506 0.0498046875 0.08033240997229917
0.0 0.24560546875 0.45637119113573404 0.0478515625 0.07340720221606649
0.0 0.80419921875 0.23822714681440443 0.0458984375 0.060941828254847646
0.0 0.80859375 0.4425207756232687 0.046875 0.07340720221606649
0.0 0.853515625 0.5346260387811634 0.033203125 0.04155124653739612
0.0 0.90966796875 0.41897506925207756 0.0380859375 0.05678670360110803
