0.0 0.17431640625 0.2774524158125915 0.0341796875 0.0629575402635432
0.0 0.2470703125 0.27013177159590046 0.033203125 0.05710102489019034
0.0 0.33447265625 0.27159590043923865 0.0341796875 0.060029282576866766
0.0 0.39453125 0.17276720351390923 0.037109375 0.06149341142020498
0.0 0.4423828125 0.2349926793557833 0.03515625 0.060029282576866766
0.0 0.5205078125 0.23206442166910687 0.03515625 0.0629575402635432
0.0 0.59033203125 0.19985358711566617 0.0380859375 0.06588579795021962
0.0 0.66015625 0.14275256222547583 0.044921875 0.06881405563689605
0.0 0.77490234375 0.21888726207906295 0.0419921875 0.06881405563689605
0.0 0.701171875 0.2591508052708638 0.0390625 0.06734992679355783
0.0 0.6494140625 0.3191800878477306 0.0390625 0.05856515373352855
0.0 0.52392578125 0.4260614934114202 0.0419921875 0.06149341142020498
0.0 0.42529296875 0.4538799414348463 0.0380859375 0.06149341142020498
0.0 0.4326171875 0.5527086383601757 0.029296875 0.04538799414348463
0.0 0.30419921875 0.5161054172767203 0.0400390625 0.06881405563689605
