0.0 0.11083984375 0.4105691056910569 0.0556640625 0.11219512195121951
0.0 0.21630859375 0.1040650406504065 0.0517578125 0.0975609756097561
0.0 0.31005859375 0.13577235772357724 0.0458984375 0.08617886178861789
0.0 0.365234375 0.1772357723577236 0.04296875 0.0943089430894309
0.0 0.43896484375 0.14065040650406505 0.0341796875 0.07642276422764227
0.0 0.51171875 0.11463414634146342 0.044921875 0.08292682926829269
0.0 0.36865234375 0.5365853658536586 0.0615234375 0.11382113821138211
0.0 0.64892578125 0.13739837398373983 0.0439453125 0.07967479674796749
0.0 0.7685546875 0.15040650406504066 0.04296875 0.08943089430894309
0.0 0.86767578125 0.23170731707317074 0.0419921875 0.08617886178861789
0.0 0.91015625 0.24390243902439024 0.0390625 0.08455284552845528
0.0 0.7265625 0.5333333333333333 0.05078125 0.08455284552845528
0.0 0.58056640625 0.6048780487804878 0.0498046875 0.1008130081300813
0.0 0.779296875 0.47560975609756095 0.052734375 0.08943089430894309
