0.0 0.22119140625 0.39794419970631423 0.0380859375 0.06167400881057269
0.0 0.263671875 0.3751835535976505 0.03515625 0.06020558002936858
0.0 0.3095703125 0.25624082232011747 0.041015625 0.07782672540381791
0.0 0.37060546875 0.3208516886930984 0.0322265625 0.06607929515418502
0.0 0.42578125 0.3311306901615272 0.037109375 0.06901615271659324
0.0 0.46728515625 0.29148311306901614 0.0400390625 0.06901615271659324
0.0 0.50341796875 0.35315712187958886 0.0341796875 0.06607929515418502
0.0 0.5576171875 0.33186490455212925 0.037109375 0.06461086637298091
0.0 0.37548828125 0.5572687224669604 0.0341796875 0.05726872246696035
0.0 0.41943359375 0.49045521292217326 0.0341796875 0.06167400881057269
0.0 0.4921875 0.48164464023494863 0.033203125 0.06461086637298091
0.0 0.5478515625 0.42143906020558003 0.03515625 0.06461086637298091
