0.0 0.150390625 0.12719298245614036 0.05859375 0.10526315789473684
0.0 0.26123046875 0.17324561403508773 0.0400390625 0.06871345029239766
0.0 0.38818359375 0.14327485380116958 0.0556640625 0.1023391812865497
0.0 0.537109375 0.15862573099415206 0.0546875 0.097953216374269
0.0 0.671875 0.22441520467836257 0.05859375 0.09502923976608187
0.0 0.79638671875 0.24049707602339182 0.0517578125 0.0891812865497076
0.0 0.705078125 0.36915204678362573 0.05078125 0.08333333333333333
0.0 0.279296875 0.5716374269005848 0.0703125 0.11988304093567251
0.0 0.36376953125 0.5190058479532164 0.0478515625 0.08187134502923976
0.0 0.43505859375 0.527046783625731 0.0576171875 0.09210526315789473
0.0 0.64306640625 0.7404970760233918 0.0556640625 0.09502923976608187
0.0 0.77294921875 0.5650584795321637 0.0712890625 0.12134502923976608
0.0 0.76171875 0.9057017543859649 0.0546875 0.1067251461988304
