0.0 0.3603515625 0.21114369501466276 0.021484375 0.07038123167155426
0.0 0.3857421875 0.15249266862170088 0.0185546875 0.07038123167155426
0.0 0.4189453125 0.2375366568914956 0.017578125 0.07331378299120235
0.0 0.453125 0.23460410557184752 0.0166015625 0.04985337243401759
0.0 0.494140625 0.1906158357771261 0.01953125 0.06744868035190615
0.0 0.4716796875 0.5073313782991202 0.0166015625 0.06158357771260997
0.0 0.4677734375 0.41935483870967744 0.0185546875 0.06158357771260997
0.0 0.548828125 0.5102639296187683 0.015625 0.04398826979472141
0.0 0.572265625 0.45161290322580644 0.01953125 0.06158357771260997
0.0 0.5986328125 0.31378299120234604 0.0185546875 0.05278592375366569
0.0 0.560546875 0.24633431085043989 0.0185546875 0.05571847507331378
0.0 0.625 0.21114369501466276 0.021484375 0.06451612903225806
0.0 0.6904296875 0.2932551319648094 0.0185546875 0.06158357771260997
0.0 0.736328125 0.21114369501466276 0.0205078125 0.05865102639296188
0.0 0.791015625 0.2434017595307918 0.021484375 0.07038123167155426
0.0 0.8466796875 0.3313782991202346 0.021484375 0.07038123167155426
0.0 0.203125 0.20234604105571846 0.021484375 0.06744868035190615
0.0 0.2587890625 0.18475073313782991 0.0205078125 0.06744868035190615
0.0 0.3193359375 0.16422287390029325 0.0205078125 0.06451612903225806
