0.0 0.07861328125 0.4535073409461664 0.0244140625 0.04241435562805873
0.0 0.134765625 0.41517128874388254 0.021484375 0.04404567699836868
0.0 0.1513671875 0.3548123980424144 0.025390625 0.04730831973898858
0.0 0.208984375 0.38499184339314846 0.0234375 0.048939641109298535
0.0 0.279296875 0.39477977161500816 0.025390625 0.04567699836867863
0.0 0.25732421875 0.3270799347471452 0.0244140625 0.040783034257748776
0.0 0.33837890625 0.3523654159869494 0.0205078125 0.04241435562805873
0.0 0.3564453125 0.3164763458401305 0.021484375 0.03915171288743882
0.0 0.3876953125 0.31484502446982054 0.021484375 0.03915171288743882
0.0 0.45703125 0.27814029363784665 0.021484375 0.04404567699836868
0.0 0.396484375 0.4730831973898858 0.021484375 0.03915171288743882
0.0 0.3486328125 0.4796084828711256 0.01953125 0.03915171288743882
0.0 0.30615234375 0.466557911908646 0.0205078125 0.03915171288743882
0.0 0.44970703125 0.5685154975530179 0.0244140625 0.04730831973898858
0.0 0.29150390625 0.6631321370309952 0.0283203125 0.05057096247960848
0.0 0.4990234375 0.33442088091353994 0.021484375 0.03915171288743882
0.0 0.51123046875 0.29445350734094616 0.0166015625 0.037520391517128875
0.0 0.5537109375 0.28711256117455136 0.021484375 0.03915171288743882
0.0 0.576171875 0.29526916802610115 0.01953125 0.03262642740619902
0.0 0.607421875 0.27569331158238175 0.01953125 0.04241435562805873
0.0 0.642578125 0.2699836867862969 0.021484375 0.04404567699836868
0.0 0.7080078125 0.2830342577487765 0.01953125 0.037520391517128875
0.0 0.69189453125 0.2601957585644372 0.0224609375 0.037520391517128875
0.0 0.7373046875 0.24388254486133767 0.01953125 0.03425774877650897
0.0 0.75830078125 0.2969004893964111 0.0185546875 0.03915171288743882
0.0 0.80419921875 0.25203915171288743 0.0166015625 0.03099510603588907
0.0 0.85986328125 0.2838499184339315 0.0185546875 0.03915171288743882
0.0 0.91015625 0.21451876019575855 0.021484375 0.04404567699836868
0.0 0.89111328125 0.4233278955954323 0.0302734375 0.05057096247960848
0.0 0.96435546875 0.400489396411093 0.0302734375 0.053833605220228384
0.0 0.75927734375 0.49510603588907015 0.0224609375 0.04730831973898858
0.0 0.6806640625 0.5040783034257749 0.021484375 0.04241435562805873
0.0 0.59716796875 0.5301794453507341 0.0224609375 0.04241435562805873
0.0 0.54150390625 0.5505709624796085 0.0244140625 0.04730831973898858
0.0 0.82958984375 0.3825448613376835 0.0224609375 0.04404567699836868
