0.0 0.09619140625 0.06478770131771595 0.0556640625 0.05197657393850659
0.0 0.1875 0.08272327964860908 0.048828125 0.04538799414348463
0.0 0.37744140625 0.10797950219619326 0.0654296875 0.05636896046852123
0.0 0.5146484375 0.07906295754026355 0.087890625 0.06442166910688141
0.0 0.7392578125 0.07430453879941434 0.076171875 0.06515373352855051
0.0 0.88427734375 0.05380673499267936 0.0810546875 0.06954612005856516
0.0 0.91162109375 0.2529282576866764 0.0947265625 0.07101024890190337
0.0 0.73828125 0.195095168374817 0.068359375 0.05636896046852123
0.0 0.568359375 0.20717423133235724 0.083984375 0.07174231332357248
0.0 0.40185546875 0.24011713030746706 0.0712890625 0.05856515373352855
0.0 0.27001953125 0.17642752562225475 0.0556640625 0.05124450951683748
0.0 0.0927734375 0.23096632503660322 0.056640625 0.05197657393850659
0.0 0.3115234375 0.36676427525622257 0.06640625 0.05124450951683748
0.0 0.46630859375 0.35431918008784774 0.0361328125 0.027818448023426062
0.0 0.5830078125 0.33857979502196195 0.033203125 0.030014641288433383
0.0 0.8759765625 0.47620790629575405 0.095703125 0.08711566617862372
0.0 0.75244140625 0.4527818448023426 0.0966796875 0.08857979502196194
0.0 0.6337890625 0.43228404099560763 0.041015625 0.03733528550512445
0.0 0.51171875 0.4172767203513909 0.037109375 0.03367496339677892
0.0 0.392578125 0.42496339677891654 0.037109375 0.03294289897510981
0.0 0.24755859375 0.49267935578330896 0.0712890625 0.06734992679355783
0.0 0.13525390625 0.5087847730600292 0.0634765625 0.05710102489019034
0.0 0.26806640625 0.6332357247437774 0.0888671875 0.06588579795021962
0.0 0.4609375 0.6182284040995608 0.078125 0.06515373352855051
0.0 0.64111328125 0.6057833089311859 0.0732421875 0.06515373352855051
0.0 0.810546875 0.6526354319180088 0.0546875 0.04904831625183016
0.0 0.9287109375 0.6416544655929722 0.056640625 0.050512445095168376
0.0 0.09375 0.6387262079062958 0.087890625 0.07833089311859444
0.0 0.82470703125 0.7690336749633968 0.0478515625 0.04319180087847731
0.0 0.9521484375 0.8671303074670571 0.052734375 0.04758418740849195
0.0 0.78125 0.8788433382137628 0.052734375 0.050512445095168376
0.0 0.60107421875 0.9015373352855052 0.0712890625 0.04904831625183016
0.0 0.4462890625 0.8905563689604685 0.064453125 0.05197657393850659
0.0 0.283203125 0.8821376281112738 0.076171875 0.06149341142020498
0.0 0.07763671875 0.9260614934114202 0.0693359375 0.06442166910688141
0.0 0.10009765625 0.8001464128843339 0.0576171875 0.048316251830161056
0.0 0.25439453125 0.7664714494875549 0.0556640625 0.04685212298682284
0.0 0.10888671875 0.36566617862371886 0.0654296875 0.053440702781844804
0.0 0.4580078125 0.7298682284040996 0.083984375 0.06588579795021962
0.0 0.70263671875 0.8063689604685212 0.0419921875 0.04026354319180088
