0.0 0.1337890625 0.3757309941520468 0.087890625 0.11988304093567251
0.0 0.0458984375 0.6301169590643275 0.080078125 0.09649122807017543
0.0 0.390625 0.08771929824561403 0.078125 0.1286549707602339
0.0 0.2890625 0.05701754385964912 0.0546875 0.0847953216374269
0.0 0.68359375 0.0847953216374269 0.0546875 0.1111111111111111
0.0 0.740234375 0.4415204678362573 0.1015625 0.17543859649122806
0.0 0.4140625 0.4166666666666667 0.078125 0.11988304093567251
0.0 0.5966796875 0.7821637426900585 0.099609375 0.13742690058479531
0.0 0.291015625 0.6257309941520468 0.09375 0.14619883040935672
0.0 0.15625 0.7514619883040936 0.0625 0.07602339181286549
