0.0 0.1474609375 0.3876177658142665 0.015625 0.024226110363391656
0.0 0.20166015625 0.3977119784656797 0.0146484375 0.02288021534320323
0.0 0.216796875 0.3351278600269179 0.01171875 0.018842530282637954
0.0 0.25537109375 0.38896366083445494 0.0126953125 0.021534320323014805
0.0 0.28076171875 0.3835800807537012 0.0146484375 0.024226110363391656
0.0 0.32421875 0.39300134589502017 0.013671875 0.018842530282637954
0.0 0.318359375 0.32705248990578734 0.009765625 0.016150740242261104
0.0 0.37060546875 0.382907133243607 0.0126953125 0.020188425302826378
0.0 0.41015625 0.3977119784656797 0.013671875 0.020188425302826378
0.0 0.4404296875 0.3755047106325707 0.01171875 0.018842530282637954
0.0 0.48095703125 0.3882907133243607 0.0126953125 0.02288021534320323
0.0 0.43408203125 0.4266487213997308 0.0126953125 0.018842530282637954
0.0 0.4306640625 0.4717362045760431 0.013671875 0.02288021534320323
0.0 0.40380859375 0.46500672947510097 0.0146484375 0.02557200538358008
0.0 0.38671875 0.458950201884253 0.013671875 0.021534320323014805
0.0 0.3271484375 0.4690444145356662 0.013671875 0.020188425302826378
0.0 0.45556640625 0.4468371467025572 0.0087890625 0.016150740242261104
0.0 0.4638671875 0.4266487213997308 0.009765625 0.016150740242261104
0.0 0.533203125 0.4226110363391655 0.01171875 0.018842530282637954
0.0 0.89111328125 0.4253028263795424 0.0185546875 0.029609690444145357
0.0 0.8427734375 0.38492597577388965 0.017578125 0.024226110363391656
0.0 0.529296875 0.35935397039030953 0.015625 0.026917900403768506
0.0 0.57763671875 0.36473755047106327 0.0146484375 0.021534320323014805
0.0 0.60888671875 0.37079407806191117 0.0107421875 0.017496635262449527
0.0 0.65625 0.3835800807537012 0.015625 0.021534320323014805
0.0 0.6875 0.38088829071332436 0.01171875 0.016150740242261104
0.0 0.7314453125 0.3667563930013459 0.01171875 0.020188425302826378
0.0 0.751953125 0.37617765814266485 0.01171875 0.014804845222072678
0.0 0.78369140625 0.3721399730820996 0.0146484375 0.020188425302826378
0.0 0.53759765625 0.5215343203230148 0.0146484375 0.02288021534320323
0.0 0.580078125 0.46433378196500674 0.013671875 0.021534320323014805
0.0 0.623046875 0.4993270524899058 0.013671875 0.021534320323014805
0.0 0.65771484375 0.44952893674293404 0.0166015625 0.021534320323014805
0.0 0.6865234375 0.4892328398384926 0.017578125 0.03095558546433378
0.0 0.76025390625 0.4979811574697174 0.0146484375 0.021534320323014805
0.0 0.75146484375 0.4488559892328398 0.0107421875 0.017496635262449527
0.0 0.794921875 0.41184387617765816 0.013671875 0.018842530282637954
0.0 0.8095703125 0.4791386271870794 0.017578125 0.024226110363391656
0.0 0.478515625 0.44818304172274565 0.015625 0.024226110363391656
0.0 0.5029296875 0.4353970390309556 0.01171875 0.020188425302826378
0.0 0.19775390625 0.5302826379542396 0.0205078125 0.029609690444145357
0.0 0.23046875 0.5168236877523553 0.017578125 0.021534320323014805
0.0 0.25341796875 0.5269179004037685 0.0185546875 0.02557200538358008
0.0 0.2802734375 0.5114401076716016 0.015625 0.021534320323014805
0.0 0.33251953125 0.5302826379542396 0.0185546875 0.029609690444145357
0.0 0.3486328125 0.5188425302826379 0.013671875 0.020188425302826378
0.0 0.3896484375 0.5242261103633916 0.015625 0.02288021534320323
0.0 0.4609375 0.5154777927321669 0.017578125 0.026917900403768506
0.0 0.5244140625 0.4549125168236878 0.013671875 0.021534320323014805
0.0 0.0625 0.5457604306864065 0.015625 0.02557200538358008
