0.0 0.5068359375 0.2877030162412993 0.01953125 0.04640371229698376
0.0 0.458984375 0.3642691415313225 0.0234375 0.060324825986078884
0.0 0.42578125 0.2923433874709977 0.021484375 0.05104408352668213
0.0 0.40380859375 0.25406032482598606 0.0185546875 0.05336426914153132
0.0 0.46240234375 0.1554524361948956 0.0146484375 0.04176334106728538
0.0 0.49072265625 0.1751740139211137 0.0087890625 0.030162412993039442
0.0 0.4208984375 0.12412993039443156 0.01953125 0.058004640371229696
0.0 0.39404296875 0.382830626450116 0.0224609375 0.05568445475638051
0.0 0.85693359375 0.49071925754060325 0.0283203125 0.06728538283062645
0.0 0.85595703125 0.5881670533642691 0.0224609375 0.05336426914153132
0.0 0.86669921875 0.9037122969837587 0.0400390625 0.0951276102088167
0.0 0.8681640625 0.7900232018561485 0.03125 0.0765661252900232
0.0 0.7763671875 0.7505800464037123 0.025390625 0.06728538283062645
0.0 0.744140625 0.6647331786542924 0.0234375 0.06728538283062645
0.0 0.72998046875 0.740139211136891 0.0244140625 0.05568445475638051
0.0 0.76953125 0.5046403712296984 0.025390625 0.0765661252900232
0.0 0.80517578125 0.35498839907192575 0.0244140625 0.06496519721577726
0.0 0.80859375 0.228538283062645 0.01953125 0.05336426914153132
0.0 0.771484375 0.2273781902552204 0.01953125 0.05568445475638051
0.0 0.76513671875 0.154292343387471 0.0205078125 0.048723897911832945
0.0 0.7353515625 0.27842227378190254 0.017578125 0.05568445475638051
0.0 0.73828125 0.39675174013921116 0.01953125 0.05568445475638051
0.0 0.70751953125 0.191415313225058 0.0146484375 0.04408352668213457
0.0 0.67333984375 0.154292343387471 0.0166015625 0.04408352668213457
0.0 0.63525390625 0.15777262180974477 0.0166015625 0.04640371229698376
0.0 0.59130859375 0.12529002320185614 0.0185546875 0.05104408352668213
0.0 0.53466796875 0.12412993039443156 0.0166015625 0.03944315545243619
0.0 0.7041015625 0.2679814385150812 0.015625 0.04408352668213457
0.0 0.6640625 0.29582366589327147 0.01953125 0.05336426914153132
0.0 0.62841796875 0.302784222737819 0.0166015625 0.03944315545243619
0.0 0.62548828125 0.35846867749419953 0.0205078125 0.058004640371229696
0.0 0.58740234375 0.2900232018561485 0.0146484375 0.04176334106728538
0.0 0.56982421875 0.28306264501160094 0.0224609375 0.05568445475638051
0.0 0.58935546875 0.39559164733178653 0.0166015625 0.05336426914153132
0.0 0.63427734375 0.5452436194895591 0.0244140625 0.06496519721577726
0.0 0.67724609375 0.46867749419953597 0.0224609375 0.060324825986078884
0.0 0.44189453125 0.5394431554524362 0.0302734375 0.0765661252900232
0.0 0.50634765625 0.5522041763341067 0.0244140625 0.07424593967517401
0.0 0.5234375 0.8654292343387471 0.03125 0.09744779582366589
0.0 0.474609375 0.7888631090487239 0.033203125 0.08352668213457076
0.0 0.40576171875 0.8607888631090487 0.0341796875 0.08816705336426914
0.0 0.3720703125 0.12761020881670534 0.01953125 0.05568445475638051
0.0 0.34619140625 0.191415313225058 0.0185546875 0.048723897911832945
0.0 0.337890625 0.271461716937355 0.015625 0.04176334106728538
0.0 0.31787109375 0.2668213457076566 0.0224609375 0.060324825986078884
0.0 0.35302734375 0.3851508120649652 0.0185546875 0.060324825986078884
0.0 0.3720703125 0.3190255220417633 0.015625 0.048723897911832945
0.0 0.36376953125 0.5568445475638051 0.0302734375 0.07888631090487239
0.0 0.333984375 0.8491879350348028 0.033203125 0.07888631090487239
0.0 0.35595703125 0.9698375870069605 0.0439453125 0.05568445475638051
0.0 0.3017578125 0.6218097447795824 0.03515625 0.09280742459396751
0.0 0.29931640625 0.3700696055684455 0.0244140625 0.06728538283062645
0.0 0.267578125 0.1728538283062645 0.017578125 0.048723897911832945
0.0 0.27197265625 0.27726218097447797 0.0185546875 0.05336426914153132
0.0 0.265625 0.3167053364269142 0.021484375 0.06264501160092807
0.0 0.255859375 0.3805104408352668 0.0234375 0.06960556844547564
0.0 0.2099609375 0.3271461716937355 0.021484375 0.05568445475638051
0.0 0.22119140625 0.3213457076566125 0.0166015625 0.058004640371229696
0.0 0.18994140625 0.4037122969837587 0.0263671875 0.07424593967517401
0.0 0.18115234375 0.314385150812065 0.0244140625 0.058004640371229696
0.0 0.185546875 0.154292343387471 0.01953125 0.058004640371229696
0.0 0.2275390625 0.1334106728538283 0.01953125 0.05336426914153132
0.0 0.1259765625 0.09860788863109049 0.0234375 0.06264501160092807
0.0 0.1171875 0.2819025522041763 0.0234375 0.058004640371229696
0.0 0.107421875 0.3851508120649652 0.03125 0.08816705336426914
0.0 0.12158203125 0.7006960556844548 0.0556640625 0.14385150812064965
0.0 0.16845703125 0.6763341067285383 0.0458984375 0.13225058004640372
0.0 0.22412109375 0.6867749419953596 0.0400390625 0.09744779582366589
0.0 0.255859375 0.6368909512761021 0.029296875 0.09048723897911833
0.0 0.0595703125 0.43271461716937354 0.021484375 0.07192575406032482
0.0 0.0732421875 0.16241299303944315 0.01953125 0.05568445475638051
0.0 0.02099609375 0.09396751740139211 0.0244140625 0.07192575406032482
0.0 0.0322265625 0.32018561484918795 0.03515625 0.09280742459396751
0.0 0.06640625 0.2470997679814385 0.017578125 0.048723897911832945
0.0 0.01171875 0.22621809744779584 0.0234375 0.07192575406032482
0.0 0.9931640625 0.17749419953596288 0.013671875 0.048723897911832945
0.0 0.99560546875 0.2923433874709977 0.0087890625 0.06496519721577726
0.0 0.943359375 0.5765661252900232 0.02734375 0.06728538283062645
0.0 0.9375 0.5139211136890951 0.029296875 0.08120649651972157
0.0 0.921875 0.4593967517401392 0.021484375 0.05568445475638051
0.0 0.99462890625 0.765661252900232 0.0107421875 0.08816705336426914
0.0 0.9619140625 0.8213457076566125 0.041015625 0.11600928074245939
0.0 0.9140625 0.9037122969837587 0.037109375 0.0951276102088167
0.0 0.93701171875 0.1728538283062645 0.0244140625 0.06264501160092807
0.0 0.8994140625 0.22041763341067286 0.01953125 0.037122969837587005
0.0 0.8642578125 0.18445475638051045 0.021484375 0.05336426914153132
0.0 0.8837890625 0.37354988399071926 0.015625 0.05104408352668213
0.0 0.7001953125 0.525522041763341 0.0234375 0.06264501160092807
0.0 0.57275390625 0.7215777262180975 0.0263671875 0.07424593967517401
0.0 0.71923828125 0.9640371229698376 0.0341796875 0.07192575406032482
0.0 0.56689453125 0.525522041763341 0.0205078125 0.06264501160092807
0.0 0.53125 0.3213457076566125 0.01953125 0.06264501160092807
0.0 0.52099609375 0.3805104408352668 0.0185546875 0.060324825986078884
0.0 0.54931640625 0.2888631090487239 0.0146484375 0.03944315545243619
0.0 0.09521484375 0.30974477958236657 0.0244140625 0.0765661252900232
