0.0 0.09130859375 0.3294289897510981 0.0419921875 0.06734992679355783
0.0 0.1982421875 0.246705710102489 0.03515625 0.0629575402635432
0.0 0.263671875 0.31112737920937045 0.037109375 0.060029282576866766
0.0 0.35107421875 0.28989751098096633 0.0400390625 0.05856515373352855
0.0 0.4541015625 0.3089311859443631 0.041015625 0.06442166910688141
0.0 0.54296875 0.25841874084919475 0.037109375 0.06588579795021962
0.0 0.736328125 0.3528550512445095 0.041015625 0.07906295754026355
0.0 0.7587890625 0.2884333821376281 0.033203125 0.0527086383601757
0.0 0.87744140625 0.2767203513909224 0.0478515625 0.07613469985358712
0.0 0.83544921875 0.23938506588579794 0.0400390625 0.0629575402635432
0.0 0.47119140625 0.48096632503660325 0.0439453125 0.0746705710102489
0.0 0.35205078125 0.575402635431918 0.0400390625 0.07027818448023426
0.0 0.26318359375 0.5871156661786238 0.0458984375 0.07906295754026355
