0.0 0.4091796875 0.6166253101736973 0.015625 0.019851116625310174
0.0 0.46240234375 0.6104218362282878 0.0146484375 0.017369727047146403
0.0 0.51318359375 0.6153846153846154 0.0126953125 0.019851116625310174
0.0 0.60009765625 0.6203473945409429 0.0107421875 0.01488833746898263
0.0 0.640625 0.5955334987593052 0.013671875 0.017369727047146403
0.0 0.67578125 0.6098014888337469 0.01171875 0.016129032258064516
0.0 0.70361328125 0.5570719602977667 0.0087890625 0.01488833746898263
0.0 0.671875 0.5558312655086849 0.01171875 0.01488833746898263
0.0 0.64306640625 0.5446650124069479 0.0107421875 0.01488833746898263
0.0 0.607421875 0.5502481389578163 0.01171875 0.016129032258064516
0.0 0.53759765625 0.5384615384615384 0.0107421875 0.01488833746898263
0.0 0.5048828125 0.5210918114143921 0.01171875 0.01488833746898263
0.0 0.48095703125 0.5279156327543424 0.0126953125 0.016129032258064516
0.0 0.4384765625 0.5415632754342432 0.009765625 0.016129032258064516
0.0 0.40234375 0.5483870967741935 0.009765625 0.01488833746898263
0.0 0.404296875 0.5229528535980149 0.009765625 0.013647642679900745
0.0 0.3740234375 0.5235732009925558 0.01171875 0.017369727047146403
0.0 0.3359375 0.5384615384615384 0.01171875 0.01488833746898263
0.0 0.29736328125 0.5347394540942928 0.0107421875 0.01488833746898263
0.0 0.2607421875 0.532258064516129 0.013671875 0.017369727047146403
0.0 0.533203125 0.510545905707196 0.013671875 0.013647642679900745
0.0 0.595703125 0.521712158808933 0.01171875 0.016129032258064516
0.0 0.77685546875 0.4323821339950372 0.0087890625 0.011166253101736972
0.0 0.7529296875 0.43424317617866004 0.0078125 0.009925558312655087
0.0 0.732421875 0.4267990074441687 0.005859375 0.009925558312655087
0.0 0.70068359375 0.423697270471464 0.0068359375 0.008684863523573201
0.0 0.603515625 0.4261786600496278 0.005859375 0.008684863523573201
0.0 0.626953125 0.42245657568238215 0.005859375 0.008684863523573201
0.0 0.82275390625 0.38957816377171217 0.0068359375 0.009925558312655087
0.0 0.65869140625 0.41997518610421836 0.0068359375 0.011166253101736972
0.0 0.68212890625 0.4174937965260546 0.0068359375 0.008684863523573201
0.0 0.55615234375 0.4795285359801489 0.0087890625 0.013647642679900745
0.0 0.15625 0.4596774193548387 0.01171875 0.013647642679900745
0.0 0.55712890625 0.446029776674938 0.0087890625 0.013647642679900745
0.0 0.57373046875 0.446029776674938 0.0087890625 0.011166253101736972
0.0 0.60693359375 0.4801488833746898 0.0087890625 0.009925558312655087
0.0 0.60205078125 0.4491315136476427 0.0087890625 0.009925558312655087
0.0 0.5654296875 0.41935483870967744 0.0078125 0.009925558312655087
0.0 0.54541015625 0.4150124069478908 0.0048828125 0.008684863523573201
0.0 0.509765625 0.41563275434243174 0.005859375 0.007444168734491315
0.0 0.25439453125 0.4150124069478908 0.0068359375 0.011166253101736972
0.0 0.212890625 0.41873449131513646 0.0078125 0.011166253101736972
0.0 0.1953125 0.4032258064516129 0.005859375 0.009925558312655087
0.0 0.22265625 0.3951612903225806 0.0078125 0.008684863523573201
0.0 0.248046875 0.3920595533498759 0.0078125 0.009925558312655087
0.0 0.27734375 0.3870967741935484 0.005859375 0.009925558312655087
0.0 0.3046875 0.3926799007444169 0.005859375 0.011166253101736972
0.0 0.33349609375 0.41873449131513646 0.0068359375 0.008684863523573201
0.0 0.361328125 0.413151364764268 0.0078125 0.009925558312655087
0.0 0.38427734375 0.4106699751861042 0.0068359375 0.01240694789081886
0.0 0.8251953125 0.4317617866004963 0.009765625 0.01240694789081886
0.0 0.8330078125 0.4063275434243176 0.0078125 0.011166253101736972
0.0 0.33740234375 0.45843672456575685 0.0087890625 0.008684863523573201
0.0 0.33056640625 0.445409429280397 0.0087890625 0.009925558312655087
0.0 0.36376953125 0.445409429280397 0.0068359375 0.01240694789081886
0.0 0.38916015625 0.4472704714640198 0.0087890625 0.011166253101736972
0.0 0.4140625 0.4423076923076923 0.0078125 0.011166253101736972
0.0 0.43408203125 0.43734491315136476 0.0087890625 0.011166253101736972
0.0 0.45947265625 0.44106699751861045 0.0087890625 0.013647642679900745
0.0 0.47607421875 0.45161290322580644 0.0068359375 0.009925558312655087
0.0 0.52490234375 0.4807692307692308 0.0107421875 0.016129032258064516
0.0 0.47998046875 0.4956575682382134 0.0068359375 0.013647642679900745
0.0 0.45068359375 0.47642679900744417 0.0087890625 0.01240694789081886
0.0 0.4228515625 0.47890818858560796 0.009765625 0.01488833746898263
0.0 0.39892578125 0.500620347394541 0.0107421875 0.013647642679900745
0.0 0.357421875 0.4801488833746898 0.009765625 0.01488833746898263
0.0 0.3291015625 0.47766749379652607 0.009765625 0.01488833746898263
0.0 0.29052734375 0.4820099255583127 0.0107421875 0.013647642679900745
0.0 0.92578125 0.5477667493796526 0.015625 0.02109181141439206
0.0 0.9208984375 0.5055831265508685 0.013671875 0.018610421836228287
0.0 0.8671875 0.5725806451612904 0.013671875 0.016129032258064516
0.0 0.123046875 0.44168734491315137 0.013671875 0.01488833746898263
0.0 0.16943359375 0.4292803970223325 0.0087890625 0.009925558312655087
0.0 0.22998046875 0.446029776674938 0.0087890625 0.013647642679900745
0.0 0.26318359375 0.445409429280397 0.0087890625 0.01240694789081886
0.0 0.2919921875 0.46029776674937967 0.0078125 0.009925558312655087
0.0 0.27294921875 0.46153846153846156 0.0068359375 0.009925558312655087
0.0 0.3154296875 0.4472704714640198 0.0078125 0.011166253101736972
0.0 0.1484375 0.5620347394540943 0.015625 0.01488833746898263
0.0 0.169921875 0.542803970223325 0.015625 0.02109181141439206
0.0 0.2099609375 0.5279156327543424 0.017578125 0.02109181141439206
0.0 0.23974609375 0.5539702233250621 0.0146484375 0.018610421836228287
0.0 0.1240234375 0.48759305210918114 0.015625 0.017369727047146403
0.0 0.17333984375 0.4826302729528536 0.0126953125 0.01488833746898263
0.0 0.21142578125 0.48945409429280395 0.0126953125 0.016129032258064516
0.0 0.25537109375 0.4857320099255583 0.0107421875 0.016129032258064516
0.0 0.19287109375 0.4497518610421836 0.0107421875 0.013647642679900745
0.0 0.50439453125 0.45471464019851116 0.0068359375 0.011166253101736972
0.0 0.53271484375 0.4423076923076923 0.0087890625 0.011166253101736972
0.0 0.802734375 0.5607940446650124 0.013671875 0.017369727047146403
0.0 0.74462890625 0.5477667493796526 0.0126953125 0.016129032258064516
0.0 0.875 0.5068238213399504 0.013671875 0.016129032258064516
0.0 0.84423828125 0.5080645161290323 0.0107421875 0.013647642679900745
0.0 0.8095703125 0.5080645161290323 0.009765625 0.013647642679900745
0.0 0.763671875 0.49317617866004965 0.009765625 0.016129032258064516
0.0 0.86572265625 0.47766749379652607 0.0087890625 0.009925558312655087
0.0 0.857421875 0.45843672456575685 0.009765625 0.013647642679900745
0.0 0.8056640625 0.4627791563275434 0.009765625 0.01488833746898263
0.0 0.82177734375 0.45471464019851116 0.0107421875 0.013647642679900745
0.0 0.78857421875 0.47084367245657566 0.0087890625 0.011166253101736972
0.0 0.7646484375 0.45533498759305213 0.009765625 0.01240694789081886
0.0 0.73486328125 0.45409429280397023 0.0087890625 0.01240694789081886
0.0 0.7099609375 0.45409429280397023 0.0078125 0.009925558312655087
0.0 0.689453125 0.45037220843672454 0.0078125 0.01240694789081886
0.0 0.6455078125 0.49193548387096775 0.009765625 0.013647642679900745
0.0 0.064453125 0.5459057071960298 0.0234375 0.022332506203473945
0.0 0.10595703125 0.5471464019851117 0.0185546875 0.019851116625310174
0.0 0.32421875 0.3920595533498759 0.005859375 0.009925558312655087
0.0 0.3544921875 0.39081885856079407 0.005859375 0.009925558312655087
0.0 0.37451171875 0.38461538461538464 0.0048828125 0.007444168734491315
0.0 0.39013671875 0.3926799007444169 0.0048828125 0.011166253101736972
0.0 0.40869140625 0.3957816377171216 0.0068359375 0.009925558312655087
0.0 0.42041015625 0.40508684863523575 0.0068359375 0.011166253101736972
0.0 0.42578125 0.3889578163771712 0.005859375 0.011166253101736972
0.0 0.44580078125 0.3920595533498759 0.0068359375 0.01240694789081886
0.0 0.46142578125 0.391439205955335 0.0068359375 0.011166253101736972
0.0 0.44091796875 0.41811414392059554 0.0068359375 0.009925558312655087
0.0 0.4599609375 0.4088089330024814 0.005859375 0.011166253101736972
0.0 0.349609375 0.3529776674937965 0.005859375 0.008684863523573201
0.0 0.38720703125 0.3579404466501241 0.0048828125 0.008684863523573201
0.0 0.32568359375 0.3436724565756824 0.0068359375 0.009925558312655087
0.0 0.2939453125 0.3442928039702233 0.0078125 0.011166253101736972
0.0 0.26611328125 0.34987593052109184 0.0068359375 0.009925558312655087
0.0 0.2509765625 0.3349875930521092 0.005859375 0.009925558312655087
0.0 0.2451171875 0.34863523573200994 0.005859375 0.009925558312655087
0.0 0.2265625 0.34801488833746896 0.005859375 0.008684863523573201
0.0 0.2880859375 0.3709677419354839 0.005859375 0.009925558312655087
0.0 0.2763671875 0.413151364764268 0.0078125 0.009925558312655087
0.0 0.42822265625 0.3076923076923077 0.0048828125 0.009925558312655087
0.0 0.45361328125 0.3163771712158809 0.0048828125 0.007444168734491315
0.0 0.36865234375 0.3356079404466501 0.0068359375 0.011166253101736972
0.0 0.49853515625 0.391439205955335 0.0068359375 0.011166253101736972
0.0 0.51611328125 0.39081885856079407 0.0068359375 0.01240694789081886
0.0 0.48388671875 0.3889578163771712 0.0068359375 0.008684863523573201
0.0 0.521484375 0.358560794044665 0.005859375 0.007444168734491315
0.0 0.546875 0.3560794044665012 0.00390625 0.009925558312655087
0.0 0.53857421875 0.3920595533498759 0.0068359375 0.009925558312655087
0.0 0.5732421875 0.38647642679900746 0.005859375 0.008684863523573201
0.0 0.55810546875 0.33002481389578164 0.0048828125 0.007444168734491315
0.0 0.5732421875 0.32878411910669975 0.005859375 0.009925558312655087
0.0 0.5263671875 0.3337468982630273 0.005859375 0.009925558312655087
0.0 0.7744140625 0.3976426799007444 0.005859375 0.008684863523573201
0.0 0.77392578125 0.38089330024813894 0.0048828125 0.009925558312655087
0.0 0.79736328125 0.391439205955335 0.0068359375 0.011166253101736972
0.0 0.75146484375 0.38771712158808935 0.0068359375 0.008684863523573201
0.0 0.7314453125 0.40384615384615385 0.005859375 0.011166253101736972
0.0 0.71484375 0.38461538461538464 0.005859375 0.009925558312655087
0.0 0.7421875 0.36724565756823824 0.005859375 0.009925558312655087
0.0 0.72998046875 0.3455334987593052 0.0048828125 0.008684863523573201
0.0 0.6201171875 0.40136476426799006 0.005859375 0.008684863523573201
0.0 0.62646484375 0.3939205955334988 0.0048828125 0.008684863523573201
0.0 0.6748046875 0.3988833746898263 0.005859375 0.011166253101736972
0.0 0.58984375 0.36600496277915634 0.005859375 0.007444168734491315
0.0 0.6025390625 0.3753101736972705 0.005859375 0.008684863523573201
0.0 0.63916015625 0.3784119106699752 0.0048828125 0.007444168734491315
0.0 0.66552734375 0.36538461538461536 0.0048828125 0.008684863523573201
0.0 0.69189453125 0.3629032258064516 0.0048828125 0.008684863523573201
0.0 0.611328125 0.3598014888337469 0.00390625 0.007444168734491315
0.0 0.609375 0.34615384615384615 0.00390625 0.007444168734491315
0.0 0.625 0.34615384615384615 0.00390625 0.007444168734491315
0.0 0.6533203125 0.3566997518610422 0.00390625 0.00620347394540943
0.0 0.6669921875 0.34987593052109184 0.00390625 0.007444168734491315
0.0 0.68408203125 0.34925558312655086 0.0048828125 0.008684863523573201
0.0 0.666015625 0.38461538461538464 0.005859375 0.007444168734491315
0.0 0.81103515625 0.4088089330024814 0.0068359375 0.011166253101736972
0.0 0.748046875 0.4119106699751861 0.005859375 0.007444168734491315
0.0 0.689453125 0.38337468982630274 0.005859375 0.007444168734491315
0.0 0.69189453125 0.3988833746898263 0.0048828125 0.008684863523573201
0.0 0.705078125 0.3566997518610422 0.005859375 0.008684863523573201
0.0 0.47998046875 0.31141439205955335 0.0048828125 0.007444168734491315
0.0 0.6044921875 0.3176178660049628 0.00390625 0.007444168734491315
0.0 0.5947265625 0.3163771712158809 0.00390625 0.007444168734491315
0.0 0.44384765625 0.5179900744416873 0.0146484375 0.018610421836228287
0.0 0.79833984375 0.4063275434243176 0.0087890625 0.011166253101736972
0.0 0.52783203125 0.4205955334987593 0.0068359375 0.009925558312655087
0.0 0.49072265625 0.4174937965260546 0.0087890625 0.011166253101736972
