0.0 0.0400390625 0.892578125 0.021484375 0.040364583333333336
0.0 0.08544921875 0.8268229166666666 0.0185546875 0.03125
0.0 0.0556640625 0.80078125 0.017578125 0.028645833333333332
0.0 0.03759765625 0.7734375 0.0146484375 0.026041666666666668
0.0 0.0576171875 0.7649739583333334 0.021484375 0.029947916666666668
0.0 0.06640625 0.73828125 0.015625 0.0234375
0.0 0.05126953125 0.7115885416666666 0.0166015625 0.02734375
0.0 0.048828125 0.6783854166666666 0.013671875 0.020833333333333332
0.0 0.04833984375 0.65234375 0.0126953125 0.018229166666666668
0.0 0.07275390625 0.6399739583333334 0.0126953125 0.01953125
0.0 0.08642578125 0.6608072916666666 0.0126953125 0.01953125
0.0 0.09033203125 0.6783854166666666 0.0146484375 0.018229166666666668
0.0 0.09716796875 0.703125 0.0146484375 0.0234375
0.0 0.09130859375 0.7291666666666666 0.0146484375 0.0234375
0.0 0.10986328125 0.8020833333333334 0.0126953125 0.026041666666666668
0.0 0.13037109375 0.8548177083333334 0.0224609375 0.040364583333333336
0.0 0.15380859375 0.8522135416666666 0.0205078125 0.04296875
0.0 0.13232421875 0.794921875 0.0185546875 0.03515625
0.0 0.1279296875 0.6705729166666666 0.01171875 0.018229166666666668
0.0 0.1240234375 0.6100260416666666 0.013671875 0.022135416666666668
0.0 0.14453125 0.61328125 0.013671875 0.018229166666666668
0.0 0.1552734375 0.6731770833333334 0.009765625 0.015625
0.0 0.14599609375 0.7063802083333334 0.0126953125 0.02734375
0.0 0.15869140625 0.7265625 0.0126953125 0.018229166666666668
0.0 0.185546875 0.7845052083333334 0.017578125 0.029947916666666668
0.0 0.19970703125 0.8196614583333334 0.0205078125 0.032552083333333336
0.0 0.2021484375 0.8502604166666666 0.0234375 0.028645833333333332
0.0 0.25830078125 0.8841145833333334 0.0224609375 0.03125
0.0 0.240234375 0.814453125 0.021484375 0.040364583333333336
0.0 0.22216796875 0.787109375 0.0166015625 0.02734375
0.0 0.205078125 0.7369791666666666 0.015625 0.028645833333333332
0.0 0.19189453125 0.697265625 0.0126953125 0.024739583333333332
0.0 0.17626953125 0.6848958333333334 0.0107421875 0.020833333333333332
0.0 0.17431640625 0.6490885416666666 0.0107421875 0.01953125
0.0 0.16650390625 0.6223958333333334 0.0087890625 0.018229166666666668
0.0 0.16015625 0.5983072916666666 0.0078125 0.016927083333333332
0.0 0.18212890625 0.5865885416666666 0.0087890625 0.016927083333333332
0.0 0.171875 0.5970052083333334 0.009765625 0.014322916666666666
0.0 0.1982421875 0.6002604166666666 0.009765625 0.015625
0.0 0.189453125 0.6217447916666666 0.009765625 0.014322916666666666
0.0 0.1962890625 0.6536458333333334 0.01171875 0.018229166666666668
0.0 0.21240234375 0.630859375 0.0126953125 0.01953125
0.0 0.21630859375 0.6888020833333334 0.0126953125 0.020833333333333332
0.0 0.23095703125 0.7141927083333334 0.0146484375 0.02734375
0.0 0.2470703125 0.7330729166666666 0.017578125 0.0234375
0.0 0.26416015625 0.794921875 0.0185546875 0.02734375
0.0 0.10693359375 0.6829427083333334 0.0107421875 0.016927083333333332
0.0 0.02685546875 0.6881510416666666 0.0087890625 0.022135416666666668
0.0 0.0712890625 0.6829427083333334 0.01171875 0.016927083333333332
0.0 0.0341796875 0.626953125 0.009765625 0.014322916666666666
0.0 0.0537109375 0.6197916666666666 0.009765625 0.015625
0.0 0.07275390625 0.61328125 0.0087890625 0.015625
0.0 0.09130859375 0.6243489583333334 0.0126953125 0.016927083333333332
0.0 0.09033203125 0.6015625 0.0087890625 0.013020833333333334
0.0 0.0263671875 0.5807291666666666 0.009765625 0.015625
0.0 0.01953125 0.6171875 0.009765625 0.018229166666666668
0.0 0.05517578125 0.5859375 0.0107421875 0.015625
0.0 0.06640625 0.5748697916666666 0.0078125 0.014322916666666666
0.0 0.05126953125 0.5670572916666666 0.0087890625 0.01171875
0.0 0.06689453125 0.5540364583333334 0.0068359375 0.01171875
0.0 0.05029296875 0.5533854166666666 0.0087890625 0.0078125
0.0 0.091796875 0.5716145833333334 0.0078125 0.013020833333333334
0.0 0.12890625 0.5592447916666666 0.0078125 0.014322916666666666
0.0 0.1171875 0.59375 0.009765625 0.013020833333333334
0.0 0.134765625 0.5989583333333334 0.01171875 0.015625
0.0 0.111328125 0.5833333333333334 0.005859375 0.010416666666666666
0.0 0.12255859375 0.5416666666666666 0.0068359375 0.010416666666666666
0.0 0.1552734375 0.5403645833333334 0.0078125 0.010416666666666666
0.0 0.13720703125 0.5338541666666666 0.0068359375 0.013020833333333334
0.0 0.1552734375 0.57421875 0.009765625 0.013020833333333334
0.0 0.15869140625 0.5872395833333334 0.0087890625 0.013020833333333334
0.0 0.220703125 0.6067708333333334 0.009765625 0.015625
0.0 0.19091796875 0.5755208333333334 0.0087890625 0.015625
0.0 0.193359375 0.5533854166666666 0.005859375 0.013020833333333334
0.0 0.1767578125 0.546875 0.005859375 0.010416666666666666
0.0 0.171875 0.5638020833333334 0.0078125 0.010416666666666666
0.0 0.19873046875 0.5227864583333334 0.0087890625 0.01171875
0.0 0.1787109375 0.52734375 0.005859375 0.010416666666666666
0.0 0.21240234375 0.5364583333333334 0.0087890625 0.010416666666666666
0.0 0.212890625 0.580078125 0.009765625 0.016927083333333332
0.0 0.22314453125 0.5833333333333334 0.0087890625 0.013020833333333334
0.0 0.2392578125 0.6028645833333334 0.009765625 0.015625
0.0 0.23291015625 0.6536458333333334 0.0126953125 0.0234375
0.0 0.23828125 0.6842447916666666 0.013671875 0.022135416666666668
0.0 0.2568359375 0.7044270833333334 0.013671875 0.015625
0.0 0.25830078125 0.6640625 0.0087890625 0.020833333333333332
0.0 0.26123046875 0.6217447916666666 0.0087890625 0.016927083333333332
0.0 0.26220703125 0.5813802083333334 0.0068359375 0.014322916666666666
0.0 0.2353515625 0.5520833333333334 0.0078125 0.013020833333333334
0.0 0.23681640625 0.5338541666666666 0.0068359375 0.0078125
0.0 0.25439453125 0.5403645833333334 0.0068359375 0.013020833333333334
0.0 0.2509765625 0.5794270833333334 0.0078125 0.010416666666666666
0.0 0.25341796875 0.5963541666666666 0.0087890625 0.015625
0.0 0.11181640625 0.521484375 0.0087890625 0.014322916666666666
0.0 0.271484375 0.7447916666666666 0.015625 0.03125
0.0 0.27490234375 0.7005208333333334 0.0126953125 0.018229166666666668
0.0 0.2890625 0.6901041666666666 0.01171875 0.020833333333333332
0.0 0.29248046875 0.666015625 0.0126953125 0.024739583333333332
0.0 0.3125 0.8118489583333334 0.01953125 0.04296875
0.0 0.31640625 0.7799479166666666 0.01953125 0.03125
0.0 0.318359375 0.7506510416666666 0.017578125 0.029947916666666668
0.0 0.32373046875 0.7252604166666666 0.0166015625 0.03125
0.0 0.306640625 0.7044270833333334 0.013671875 0.020833333333333332
0.0 0.32470703125 0.6985677083333334 0.0107421875 0.022135416666666668
0.0 0.3134765625 0.666015625 0.01171875 0.022135416666666668
0.0 0.33544921875 0.6640625 0.0126953125 0.020833333333333332
0.0 0.33642578125 0.6393229166666666 0.0126953125 0.015625
0.0 0.3369140625 0.6197916666666666 0.009765625 0.020833333333333332
0.0 0.294921875 0.6158854166666666 0.01171875 0.015625
0.0 0.30810546875 0.5846354166666666 0.0087890625 0.013020833333333334
0.0 0.3310546875 0.56640625 0.009765625 0.015625
0.0 0.3564453125 0.58203125 0.009765625 0.013020833333333334
0.0 0.3583984375 0.62109375 0.009765625 0.013020833333333334
0.0 0.36181640625 0.6341145833333334 0.0087890625 0.013020833333333334
0.0 0.3720703125 0.6328125 0.01171875 0.020833333333333332
0.0 0.3837890625 0.6471354166666666 0.01171875 0.020833333333333332
0.0 0.3623046875 0.6569010416666666 0.01171875 0.022135416666666668
0.0 0.35498046875 0.7076822916666666 0.0146484375 0.024739583333333332
0.0 0.369140625 0.724609375 0.017578125 0.024739583333333332
0.0 0.37109375 0.7571614583333334 0.015625 0.032552083333333336
0.0 0.3837890625 0.744140625 0.015625 0.029947916666666668
0.0 0.3515625 0.8151041666666666 0.017578125 0.03125
0.0 0.3115234375 0.8756510416666666 0.017578125 0.037760416666666664
0.0 0.3583984375 0.8671875 0.02734375 0.044270833333333336
0.0 0.39794921875 0.8684895833333334 0.0185546875 0.033854166666666664
0.0 0.40478515625 0.8359375 0.0146484375 0.028645833333333332
0.0 0.43017578125 0.8092447916666666 0.0185546875 0.02734375
0.0 0.4248046875 0.7884114583333334 0.017578125 0.02734375
0.0 0.42529296875 0.7584635416666666 0.0205078125 0.024739583333333332
0.0 0.404296875 0.697265625 0.013671875 0.024739583333333332
0.0 0.42333984375 0.6608072916666666 0.0126953125 0.02734375
0.0 0.42529296875 0.6393229166666666 0.0087890625 0.018229166666666668
0.0 0.40576171875 0.5885416666666666 0.0087890625 0.015625
0.0 0.2900390625 0.724609375 0.015625 0.02734375
0.0 0.38623046875 0.6490885416666666 0.0126953125 0.024739583333333332
0.0 0.49365234375 0.8001302083333334 0.0224609375 0.029947916666666668
0.0 0.3525390625 0.669921875 0.01171875 0.014322916666666666
0.0 0.42431640625 0.56640625 0.0068359375 0.013020833333333334
0.0 0.4482421875 0.5859375 0.009765625 0.020833333333333332
0.0 0.45556640625 0.63671875 0.0107421875 0.020833333333333332
0.0 0.47119140625 0.6139322916666666 0.0126953125 0.022135416666666668
0.0 0.466796875 0.66796875 0.013671875 0.020833333333333332
0.0 0.47021484375 0.640625 0.0107421875 0.018229166666666668
0.0 0.45556640625 0.7141927083333334 0.0126953125 0.022135416666666668
0.0 0.4375 0.705078125 0.015625 0.02734375
0.0 0.47412109375 0.7799479166666666 0.0166015625 0.033854166666666664
0.0 0.486328125 0.748046875 0.013671875 0.01953125
0.0 0.48486328125 0.7109375 0.0126953125 0.020833333333333332
0.0 0.4521484375 0.8522135416666666 0.01953125 0.032552083333333336
0.0 0.421875 0.8990885416666666 0.025390625 0.045572916666666664
0.0 0.4775390625 0.849609375 0.01953125 0.03515625
0.0 0.5126953125 0.8606770833333334 0.0234375 0.044270833333333336
0.0 0.521484375 0.8971354166666666 0.021484375 0.049479166666666664
0.0 0.52783203125 0.9427083333333334 0.0263671875 0.044270833333333336
0.0 0.55615234375 0.9446614583333334 0.0263671875 0.05078125
0.0 0.5537109375 0.8522135416666666 0.0234375 0.045572916666666664
0.0 0.5556640625 0.7955729166666666 0.01953125 0.033854166666666664
0.0 0.517578125 0.7037760416666666 0.015625 0.024739583333333332
0.0 0.52197265625 0.744140625 0.0146484375 0.024739583333333332
0.0 0.39404296875 0.95703125 0.0263671875 0.044270833333333336
0.0 0.421875 0.9837239583333334 0.02734375 0.032552083333333336
0.0 0.4658203125 0.9440104166666666 0.01953125 0.036458333333333336
0.0 0.48486328125 0.91796875 0.0205078125 0.028645833333333332
0.0 0.4853515625 0.974609375 0.025390625 0.045572916666666664
0.0 0.57177734375 0.8385416666666666 0.0185546875 0.0390625
0.0 0.61328125 0.8502604166666666 0.01953125 0.028645833333333332
0.0 0.4765625 0.5865885416666666 0.009765625 0.01953125
0.0 0.494140625 0.5813802083333334 0.009765625 0.016927083333333332
0.0 0.5 0.5989583333333334 0.01171875 0.020833333333333332
0.0 0.5146484375 0.587890625 0.009765625 0.014322916666666666
0.0 0.50390625 0.6334635416666666 0.01171875 0.01953125
0.0 0.5166015625 0.6360677083333334 0.013671875 0.01953125
0.0 0.54248046875 0.6569010416666666 0.0146484375 0.01953125
0.0 0.55224609375 0.630859375 0.0126953125 0.022135416666666668
0.0 0.55859375 0.611328125 0.01171875 0.022135416666666668
0.0 0.544921875 0.6087239583333334 0.01171875 0.01953125
0.0 0.56201171875 0.6751302083333334 0.0146484375 0.01953125
0.0 0.576171875 0.7037760416666666 0.017578125 0.01953125
0.0 0.58447265625 0.6217447916666666 0.0107421875 0.01953125
0.0 0.59619140625 0.619140625 0.0126953125 0.01953125
0.0 0.5947265625 0.5748697916666666 0.009765625 0.014322916666666666
0.0 0.60791015625 0.5924479166666666 0.0087890625 0.018229166666666668
0.0 0.6259765625 0.5944010416666666 0.009765625 0.014322916666666666
0.0 0.6328125 0.6145833333333334 0.01171875 0.020833333333333332
0.0 0.6240234375 0.6471354166666666 0.01171875 0.020833333333333332
0.0 0.63818359375 0.640625 0.0087890625 0.015625
0.0 0.609375 0.6764322916666666 0.01171875 0.01953125
0.0 0.599609375 0.7037760416666666 0.013671875 0.022135416666666668
0.0 0.63671875 0.6927083333333334 0.01953125 0.028645833333333332
0.0 0.548828125 0.5670572916666666 0.01171875 0.014322916666666666
0.0 0.58349609375 0.7376302083333334 0.0146484375 0.029947916666666668
0.0 0.6142578125 0.7376302083333334 0.017578125 0.03515625
0.0 0.64404296875 0.740234375 0.0166015625 0.02734375
0.0 0.61572265625 0.7890625 0.0185546875 0.026041666666666668
0.0 0.65478515625 0.796875 0.0185546875 0.028645833333333332
0.0 0.658203125 0.82421875 0.017578125 0.03125
0.0 0.67431640625 0.880859375 0.0244140625 0.04296875
0.0 0.6845703125 0.8248697916666666 0.021484375 0.04296875
0.0 0.6171875 0.9375 0.01953125 0.0390625
0.0 0.6943359375 0.9212239583333334 0.021484375 0.032552083333333336
0.0 0.68310546875 0.97265625 0.0263671875 0.0390625
0.0 0.654296875 0.572265625 0.009765625 0.016927083333333332
0.0 0.67236328125 0.6048177083333334 0.0126953125 0.016927083333333332
0.0 0.6875 0.6263020833333334 0.01171875 0.018229166666666668
0.0 0.69482421875 0.6028645833333334 0.0107421875 0.018229166666666668
0.0 0.6884765625 0.5625 0.009765625 0.015625
0.0 0.71484375 0.5807291666666666 0.01171875 0.015625
0.0 0.7177734375 0.6263020833333334 0.01171875 0.0234375
0.0 0.72998046875 0.6145833333333334 0.0107421875 0.020833333333333332
0.0 0.68310546875 0.662109375 0.0146484375 0.022135416666666668
0.0 0.6474609375 0.677734375 0.01171875 0.022135416666666668
0.0 0.6904296875 0.681640625 0.017578125 0.02734375
0.0 0.70751953125 0.6497395833333334 0.0146484375 0.0234375
0.0 0.7255859375 0.6588541666666666 0.01171875 0.026041666666666668
0.0 0.74169921875 0.6399739583333334 0.0107421875 0.01953125
0.0 0.748046875 0.6569010416666666 0.013671875 0.022135416666666668
0.0 0.7451171875 0.6842447916666666 0.013671875 0.029947916666666668
0.0 0.6650390625 0.7265625 0.017578125 0.03125
0.0 0.70166015625 0.7233072916666666 0.0146484375 0.029947916666666668
0.0 0.73486328125 0.7180989583333334 0.0166015625 0.022135416666666668
0.0 0.7626953125 0.7278645833333334 0.017578125 0.026041666666666668
0.0 0.71240234375 0.7936197916666666 0.0166015625 0.029947916666666668
0.0 0.77587890625 0.767578125 0.0205078125 0.037760416666666664
0.0 0.75439453125 0.8151041666666666 0.0205078125 0.044270833333333336
0.0 0.72607421875 0.8567708333333334 0.0244140625 0.0390625
0.0 0.66748046875 0.5553385416666666 0.0068359375 0.01171875
0.0 0.6455078125 0.544921875 0.0078125 0.01171875
0.0 0.8251953125 0.5032552083333334 0.0078125 0.01171875
0.0 0.83984375 0.5071614583333334 0.005859375 0.01171875
0.0 0.85888671875 0.51171875 0.0068359375 0.013020833333333334
0.0 0.767578125 0.5540364583333334 0.0078125 0.014322916666666666
0.0 0.759765625 0.5924479166666666 0.01171875 0.018229166666666668
0.0 0.77392578125 0.5442708333333334 0.0087890625 0.013020833333333334
0.0 0.796875 0.533203125 0.0078125 0.01171875
0.0 0.78125 0.59765625 0.009765625 0.015625
0.0 0.8037109375 0.5911458333333334 0.01171875 0.018229166666666668
0.0 0.75732421875 0.64453125 0.0126953125 0.020833333333333332
0.0 0.77490234375 0.64453125 0.0126953125 0.0234375
0.0 0.82666015625 0.578125 0.0107421875 0.020833333333333332
0.0 0.853515625 0.5852864583333334 0.013671875 0.022135416666666668
0.0 0.80859375 0.6536458333333334 0.01171875 0.0234375
0.0 0.857421875 0.65625 0.015625 0.026041666666666668
0.0 0.88623046875 0.6341145833333334 0.0126953125 0.020833333333333332
0.0 0.8232421875 0.6907552083333334 0.015625 0.024739583333333332
0.0 0.8662109375 0.6998697916666666 0.013671875 0.024739583333333332
0.0 0.81689453125 0.73046875 0.0224609375 0.033854166666666664
0.0 0.80322265625 0.8177083333333334 0.0185546875 0.03125
0.0 0.81103515625 0.8561197916666666 0.0244140625 0.037760416666666664
0.0 0.85205078125 0.8294270833333334 0.0205078125 0.0390625
0.0 0.90234375 0.8528645833333334 0.0234375 0.044270833333333336
0.0 0.8681640625 0.8893229166666666 0.029296875 0.033854166666666664
0.0 0.80126953125 0.8815104166666666 0.0244140625 0.0390625
0.0 0.82568359375 0.9817708333333334 0.0361328125 0.036458333333333336
0.0 0.74853515625 0.978515625 0.0283203125 0.040364583333333336
0.0 0.759765625 0.9388020833333334 0.0234375 0.052083333333333336
0.0 0.8251953125 0.931640625 0.02734375 0.040364583333333336
0.0 0.86181640625 0.9524739583333334 0.0263671875 0.04296875
0.0 0.845703125 0.5598958333333334 0.0078125 0.018229166666666668
0.0 0.869140625 0.5514322916666666 0.0078125 0.016927083333333332
0.0 0.890625 0.5208333333333334 0.005859375 0.013020833333333334
0.0 0.9013671875 0.5397135416666666 0.0078125 0.014322916666666666
0.0 0.919921875 0.5358072916666666 0.0078125 0.01171875
0.0 0.923828125 0.623046875 0.013671875 0.02734375
0.0 0.9443359375 0.634765625 0.015625 0.022135416666666668
0.0 0.95751953125 0.625 0.0107421875 0.0234375
0.0 0.9384765625 0.5631510416666666 0.0078125 0.014322916666666666
0.0 0.95166015625 0.5377604166666666 0.0087890625 0.013020833333333334
0.0 0.95849609375 0.5299479166666666 0.0087890625 0.018229166666666668
0.0 0.95458984375 0.6764322916666666 0.0126953125 0.022135416666666668
0.0 0.94189453125 0.701171875 0.0166015625 0.029947916666666668
0.0 0.91943359375 0.6953125 0.0146484375 0.026041666666666668
0.0 0.92041015625 0.7447916666666666 0.0185546875 0.028645833333333332
0.0 0.9228515625 0.7975260416666666 0.01953125 0.037760416666666664
0.0 0.9345703125 0.9075520833333334 0.03125 0.052083333333333336
0.0 0.9599609375 0.8821614583333334 0.02734375 0.048177083333333336
0.0 0.912109375 0.5826822916666666 0.013671875 0.022135416666666668
0.0 0.91357421875 0.603515625 0.0126953125 0.022135416666666668
0.0 0.97802734375 0.9752604166666666 0.0322265625 0.049479166666666664
0.0 0.9248046875 0.9720052083333334 0.033203125 0.045572916666666664
0.0 0.873046875 0.771484375 0.01953125 0.032552083333333336
0.0 0.88671875 0.6588541666666666 0.015625 0.028645833333333332
0.0 0.5693359375 0.7734375 0.009765625 0.026041666666666668
0.0 0.6845703125 0.7721354166666666 0.01953125 0.026041666666666668
0.0 0.29150390625 0.5729166666666666 0.0068359375 0.010416666666666666
0.0 0.16015625 0.798828125 0.017578125 0.029947916666666668
0.0 0.16943359375 0.861328125 0.0146484375 0.022135416666666668
0.0 0.275390625 0.6002604166666666 0.013671875 0.018229166666666668
0.0 0.986328125 0.58203125 0.013671875 0.0234375
0.0 0.01123046875 0.6549479166666666 0.0107421875 0.020833333333333332
0.0 0.00927734375 0.5930989583333334 0.0087890625 0.014322916666666666
