0.0 0.50927734375 0.18323586744639375 0.1083984375 0.08706952566601689
0.0 0.30615234375 0.1341780376868096 0.0986328125 0.08512020792722547
0.0 0.5693359375 0.21767381416504222 0.04296875 0.036387264457439894
0.0 0.5927734375 0.11176088369070825 0.029296875 0.028589993502274202
0.0 0.6962890625 0.14457439896036386 0.041015625 0.037037037037037035
0.0 0.75146484375 0.195906432748538 0.0478515625 0.037037037037037035
0.0 0.7607421875 0.12345679012345678 0.021484375 0.02599090318388564
0.0 0.439453125 0.1364522417153996 0.025390625 0.01949317738791423
0.0 0.36083984375 0.15009746588693956 0.0263671875 0.02599090318388564
0.0 0.376953125 0.11825860948667966 0.02734375 0.023391812865497075
0.0 0.212890625 0.24366471734892786 0.03515625 0.03508771929824561
0.0 0.19384765625 0.16569200779727095 0.0380859375 0.02729044834307992
0.0 0.23876953125 0.20500324886289797 0.0361328125 0.022742040285899934
0.0 0.13134765625 0.2378167641325536 0.0400390625 0.036387264457439894
0.0 0.251953125 0.13807667316439245 0.0234375 0.021442495126705652
0.0 0.1171875 0.13677712800519817 0.025390625 0.022742040285899934
0.0 0.17578125 0.10071474983755685 0.0078125 0.007797270955165692
0.0 0.19384765625 0.10721247563352826 0.0087890625 0.005198180636777128
0.0 0.119140625 0.09161793372319688 0.0078125 0.00649772579597141
0.0 0.04931640625 0.15886939571150097 0.0166015625 0.01364522417153996
0.0 0.80029296875 0.21734892787524365 0.0380859375 0.03313840155945419
0.0 0.919921875 0.2147498375568551 0.05078125 0.04483430799220273
0.0 0.98486328125 0.1903833658219623 0.0283203125 0.03898635477582846
0.0 0.9931640625 0.10883690708252111 0.01171875 0.030539311241065625
0.0 0.93994140625 0.10591293047433398 0.0185546875 0.015594541910331383
0.0 0.82958984375 0.1276803118908382 0.0361328125 0.03183885640025991
0.0 0.0263671875 0.10168940870695256 0.009765625 0.008447043534762833
