0.0 0.31298828125 0.6080729166666666 0.0283203125 0.044270833333333336
0.0 0.4150390625 0.580078125 0.02734375 0.04296875
0.0 0.44580078125 0.6139322916666666 0.0341796875 0.055989583333333336
0.0 0.5146484375 0.537109375 0.037109375 0.055989583333333336
0.0 0.58642578125 0.546875 0.0361328125 0.0625
0.0 0.69970703125 0.353515625 0.0478515625 0.08723958333333333
0.0 0.86328125 0.490234375 0.044921875 0.07161458333333333
0.0 0.97998046875 0.3522135416666667 0.0400390625 0.09244791666666667
0.0 0.986328125 0.3118489583333333 0.02734375 0.11588541666666667
0.0 0.630859375 0.546875 0.029296875 0.0625
