0.0 0.6572265625 0.8463541666666666 0.044921875 0.08203125
0.0 0.7099609375 0.78125 0.0341796875 0.05078125
0.0 0.7568359375 0.7434895833333334 0.0263671875 0.0390625
0.0 0.82421875 0.8294270833333334 0.033203125 0.052083333333333336
0.0 0.90625 0.7369791666666666 0.0224609375 0.032552083333333336
0.0 0.7919921875 0.7135416666666666 0.0087890625 0.015625
0.0 0.8876953125 0.7408854166666666 0.017578125 0.032552083333333336
0.0 0.837890625 0.765625 0.0166015625 0.028645833333333332
0.0 0.9521484375 0.7252604166666666 0.017578125 0.024739583333333332
0.0 0.966796875 0.6901041666666666 0.017578125 0.033854166666666664
0.0 0.826171875 0.74609375 0.015625 0.0234375
0.0 0.8154296875 0.6966145833333334 0.0146484375 0.020833333333333332
0.0 0.7734375 0.6979166666666666 0.013671875 0.016927083333333332
0.0 0.5908203125 0.71875 0.013671875 0.018229166666666668
0.0 0.4921875 0.7356770833333334 0.015625 0.022135416666666668
0.0 0.5390625 0.7174479166666666 0.0126953125 0.01953125
0.0 0.478515625 0.8098958333333334 0.0224609375 0.040364583333333336
0.0 0.4453125 0.7565104166666666 0.01953125 0.03125
0.0 0.3935546875 0.8255208333333334 0.03125 0.048177083333333336
0.0 0.2509765625 0.765625 0.0185546875 0.03125
0.0 0.24609375 0.8268229166666666 0.033203125 0.046875
0.0 0.15625 0.8684895833333334 0.025390625 0.049479166666666664
0.0 0.421875 0.75390625 0.0166015625 0.024739583333333332
0.0 0.103515625 0.765625 0.0185546875 0.02734375
0.0 0.15234375 0.8346354166666666 0.021484375 0.03125
0.0 0.3759765625 0.7552083333333334 0.017578125 0.0234375
0.0 0.296875 0.7174479166666666 0.0166015625 0.024739583333333332
0.0 0.2548828125 0.703125 0.0107421875 0.014322916666666666
0.0 0.2470703125 0.72265625 0.0107421875 0.014322916666666666
0.0 0.3466796875 0.73046875 0.013671875 0.0234375
0.0 0.326171875 0.6953125 0.0107421875 0.018229166666666668
0.0 0.5546875 0.75 0.0166015625 0.024739583333333332
0.0 0.14453125 0.7434895833333334 0.01953125 0.032552083333333336
0.0 0.9052734375 0.6783854166666666 0.015625 0.024739583333333332
0.0 0.8515625 0.69140625 0.0107421875 0.022135416666666668
0.0 0.5927734375 0.67578125 0.009765625 0.016927083333333332
0.0 0.2958984375 0.7552083333333334 0.02734375 0.041666666666666664
0.0 0.369140625 0.7291666666666666 0.0107421875 0.01953125
0.0 0.427734375 0.68359375 0.0087890625 0.018229166666666668
0.0 0.0771484375 0.7291666666666666 0.0205078125 0.032552083333333336
