0.0 0.423828125 0.8194842406876791 0.0068359375 0.012893982808022923
0.0 0.4873046875 0.826647564469914 0.0048828125 0.01002865329512894
0.0 0.5087890625 0.8123209169054442 0.0087890625 0.017191977077363897
0.0 0.810546875 0.8194842406876791 0.0068359375 0.014326647564469915
0.0 0.8544921875 0.8094555873925502 0.0078125 0.014326647564469915
0.0 0.9580078125 0.833810888252149 0.0087890625 0.015759312320916905
0.0 0.50390625 0.8137535816618912 0.0068359375 0.012893982808022923
0.0 0.5029296875 0.832378223495702 0.0048828125 0.008595988538681949
0.0 0.4990234375 0.829512893982808 0.0048828125 0.011461318051575931
0.0 0.6591796875 0.832378223495702 0.0048828125 0.01002865329512894
0.0 0.21875 0.8137535816618912 0.00390625 0.0071633237822349575
