0.0 0.095703125 0.9048316251830161 0.083984375 0.1815519765739385
0.0 0.34375 0.9326500732064422 0.087890625 0.13469985358711567
0.0 0.32568359375 0.6874084919472914 0.0419921875 0.10980966325036604
0.0 0.25146484375 0.6339677891654466 0.0400390625 0.06442166910688141
0.0 0.4072265625 0.5505124450951684 0.033203125 0.0527086383601757
0.0 0.54638671875 0.5710102489019033 0.0400390625 0.08199121522693997
0.0 0.525390625 0.5431918008784773 0.03125 0.07027818448023426
0.0 0.5927734375 0.4707174231332357 0.025390625 0.048316251830161056
0.0 0.6318359375 0.5124450951683748 0.01953125 0.040995607613469986
0.0 0.6669921875 0.5885797950219619 0.03515625 0.055636896046852125
0.0 0.69140625 0.6764275256222547 0.04296875 0.06442166910688141
0.0 0.69091796875 0.7847730600292826 0.0439453125 0.09077598828696926
0.0 0.63232421875 0.8338213762811127 0.0517578125 0.12445095168374817
0.0 0.79345703125 0.9062957540263543 0.0634765625 0.12005856515373353
0.0 0.78564453125 0.5651537335285505 0.0341796875 0.0527086383601757
0.0 0.7373046875 0.5395314787701317 0.021484375 0.05710102489019034
0.0 0.3173828125 0.5512445095168375 0.025390625 0.05710102489019034
0.0 0.15087890625 0.5336749633967789 0.0322265625 0.05124450951683748
0.0 0.2099609375 0.39824304538799415 0.015625 0.029282576866764276
0.0 0.23291015625 0.34773060029282576 0.0146484375 0.027818448023426062
0.0 0.3251953125 0.383601756954612 0.01953125 0.029282576866764276
0.0 0.36181640625 0.42093704245973645 0.0224609375 0.03953147877013177
0.0 0.458984375 0.4128843338213763 0.013671875 0.02342606149341142
0.0 0.5107421875 0.37994143484626647 0.017578125 0.03367496339677892
0.0 0.27783203125 0.4802342606149341 0.0244140625 0.032210834553440704
0.0 0.4287109375 0.3506588579795022 0.015625 0.024890190336749635
0.0 0.5 0.3528550512445095 0.01171875 0.020497803806734993
0.0 0.4765625 0.6756954612005857 0.046875 0.09224011713030747
0.0 0.416015625 0.637628111273792 0.0390625 0.07174231332357248
0.0 0.8759765625 0.6610541727672035 0.0546875 0.10688140556368961
0.0 0.93408203125 0.568081991215227 0.0439453125 0.07613469985358712
0.0 0.81884765625 0.438506588579795 0.0244140625 0.0424597364568082
0.0 0.8525390625 0.4136163982430454 0.025390625 0.03953147877013177
0.0 0.876953125 0.39751098096632503 0.021484375 0.03367496339677892
0.0 0.93017578125 0.38433382137628114 0.0224609375 0.03367496339677892
0.0 0.92578125 0.43265007320644217 0.025390625 0.04538799414348463
0.0 0.8095703125 0.38945827232796487 0.01953125 0.03513909224011713
0.0 0.787109375 0.3784773060029283 0.017578125 0.03074670571010249
0.0 0.8349609375 0.3294289897510981 0.009765625 0.017569546120058566
0.0 0.8515625 0.34260614934114203 0.013671875 0.02342606149341142
0.0 0.95751953125 0.3389458272327965 0.0146484375 0.01903367496339678
0.0 0.9873046875 0.3389458272327965 0.015625 0.024890190336749635
0.0 0.77880859375 0.3206442166910688 0.0126953125 0.020497803806734993
0.0 0.66845703125 0.4224011713030747 0.0205078125 0.03367496339677892
0.0 0.72802734375 0.42093704245973645 0.0146484375 0.024890190336749635
0.0 0.7255859375 0.3528550512445095 0.01171875 0.02342606149341142
0.0 0.763671875 0.41800878477306 0.01953125 0.03074670571010249
0.0 0.74462890625 0.4582723279648609 0.0205078125 0.029282576866764276
0.0 0.72265625 0.3213762811127379 0.01171875 0.016105417276720352
0.0 0.65966796875 0.3506588579795022 0.0166015625 0.027818448023426062
0.0 0.64208984375 0.3389458272327965 0.0126953125 0.01903367496339678
0.0 0.58154296875 0.39751098096632503 0.0185546875 0.027818448023426062
0.0 0.572265625 0.38872620790629575 0.017578125 0.03953147877013177
0.0 0.6005859375 0.3389458272327965 0.013671875 0.027818448023426062
0.0 0.61962890625 0.32503660322108346 0.0087890625 0.014641288433382138
0.0 0.9306640625 0.34480234260614934 0.01171875 0.01903367496339678
0.0 0.30712890625 0.3689604685212299 0.0126953125 0.020497803806734993
0.0 0.5078125 0.424597364568082 0.015625 0.032210834553440704
0.0 0.47998046875 0.41215226939970717 0.0126953125 0.024890190336749635
0.0 0.15625 0.4238653001464129 0.015625 0.027818448023426062
0.0 0.142578125 0.349194729136164 0.013671875 0.01903367496339678
0.0 0.16748046875 0.3645680819912152 0.0126953125 0.02635431918008785
