0.0 0.15576171875 0.4029947916666667 0.0107421875 0.01171875
0.0 0.17529296875 0.4205729166666667 0.0087890625 0.013020833333333334
0.0 0.23681640625 0.423828125 0.0107421875 0.014322916666666666
0.0 0.24951171875 0.4029947916666667 0.0087890625 0.014322916666666666
0.0 0.255859375 0.42578125 0.01171875 0.0234375
0.0 0.3740234375 0.408203125 0.009765625 0.014322916666666666
0.0 0.41015625 0.4524739583333333 0.009765625 0.01171875
0.0 0.4775390625 0.4557291666666667 0.0078125 0.013020833333333334
0.0 0.52001953125 0.431640625 0.0087890625 0.014322916666666666
0.0 0.5654296875 0.486328125 0.0078125 0.009114583333333334
0.0 0.60693359375 0.4811197916666667 0.0068359375 0.014322916666666666
0.0 0.6328125 0.4791666666666667 0.0078125 0.013020833333333334
0.0 0.71826171875 0.439453125 0.0068359375 0.009114583333333334
0.0 0.84326171875 0.4602864583333333 0.0087890625 0.01171875
0.0 0.900390625 0.5208333333333334 0.005859375 0.0078125
0.0 0.91650390625 0.5221354166666666 0.0048828125 0.010416666666666666
0.0 0.93359375 0.525390625 0.005859375 0.009114583333333334
0.0 0.63037109375 0.6354166666666666 0.0126953125 0.028645833333333332
0.0 0.6875 0.6588541666666666 0.017578125 0.033854166666666664
0.0 0.72509765625 0.6380208333333334 0.0126953125 0.033854166666666664
0.0 0.7412109375 0.6380208333333334 0.01171875 0.028645833333333332
0.0 0.748046875 0.6223958333333334 0.01171875 0.020833333333333332
0.0 0.81689453125 0.62109375 0.0087890625 0.015625
0.0 0.85498046875 0.6100260416666666 0.0087890625 0.016927083333333332
0.0 0.86279296875 0.6087239583333334 0.0068359375 0.01171875
0.0 0.0185546875 0.6236979166666666 0.017578125 0.0390625
0.0 0.08056640625 0.6907552083333334 0.0166015625 0.045572916666666664
0.0 0.09228515625 0.6295572916666666 0.0166015625 0.029947916666666668
0.0 0.103515625 0.6295572916666666 0.009765625 0.024739583333333332
0.0 0.2138671875 0.669921875 0.0234375 0.053385416666666664
0.0 0.279296875 0.6588541666666666 0.015625 0.03125
0.0 0.421875 0.6419270833333334 0.013671875 0.03125
0.0 0.49755859375 0.638671875 0.0146484375 0.02734375
0.0 0.5263671875 0.623046875 0.015625 0.032552083333333336
0.0 0.1474609375 0.6282552083333334 0.01171875 0.022135416666666668
0.0 0.44580078125 0.62890625 0.0107421875 0.026041666666666668
0.0 0.244140625 0.626953125 0.013671875 0.03515625
0.0 0.046875 0.583984375 0.005859375 0.009114583333333334
0.0 0.06298828125 0.5872395833333334 0.0048828125 0.0078125
0.0 0.07421875 0.580078125 0.005859375 0.009114583333333334
0.0 0.04052734375 0.595703125 0.0048828125 0.009114583333333334
0.0 0.04541015625 0.595703125 0.0068359375 0.009114583333333334
0.0 0.9921875 0.607421875 0.0078125 0.016927083333333332
