0.0 0.14990234375 0.6654465592972182 0.0068359375 0.016105417276720352
0.0 0.12890625 0.6764275256222547 0.009765625 0.017569546120058566
0.0 0.10302734375 0.691800878477306 0.0107421875 0.01903367496339678
0.0 0.0751953125 0.6756954612005857 0.01171875 0.021961932650073207
0.0 0.06787109375 0.6764275256222547 0.0068359375 0.014641288433382138
0.0 0.029296875 0.6808199121522694 0.01171875 0.017569546120058566
0.0 0.00732421875 0.6522693997071742 0.0126953125 0.021961932650073207
0.0 0.05615234375 0.6617862371888726 0.0068359375 0.01171303074670571
0.0 0.1181640625 0.6822840409956076 0.005859375 0.01171303074670571
0.0 0.40576171875 0.6442166910688141 0.0029296875 0.005856515373352855
0.0 0.41552734375 0.6493411420204978 0.0029296875 0.007320644216691069
0.0 0.4462890625 0.6405563689604685 0.00390625 0.007320644216691069
0.0 0.4697265625 0.6332357247437774 0.001953125 0.007320644216691069
0.0 0.48095703125 0.636896046852123 0.0029296875 0.008784773060029283
