0.0 0.0546875 0.31629392971246006 0.021484375 0.04472843450479233
0.0 0.109375 0.3801916932907348 0.01171875 0.022364217252396165
0.0 0.125 0.38817891373801916 0.01953125 0.02875399361022364
0.0 0.14013671875 0.3330670926517572 0.0146484375 0.023961661341853034
0.0 0.18603515625 0.1413738019169329 0.0400390625 0.08146964856230032
0.0 0.25 0.4049520766773163 0.01953125 0.04313099041533546
0.0 0.22900390625 0.32028753993610226 0.0185546875 0.039936102236421724
0.0 0.2724609375 0.36022364217252395 0.0234375 0.039936102236421724
0.0 0.30615234375 0.2971246006389776 0.0126953125 0.038338658146964855
0.0 0.33203125 0.32987220447284343 0.025390625 0.04313099041533546
0.0 0.36767578125 0.28753993610223644 0.0224609375 0.051118210862619806
0.0 0.37939453125 0.2547923322683706 0.0126953125 0.036741214057507986
0.0 0.38720703125 0.3258785942492013 0.0205078125 0.051118210862619806
0.0 0.4306640625 0.2819488817891374 0.0234375 0.05591054313099041
0.0 0.4599609375 0.26996805111821087 0.01171875 0.022364217252396165
0.0 0.51123046875 0.2507987220447284 0.0126953125 0.03514376996805112
0.0 0.4990234375 0.3258785942492013 0.021484375 0.04472843450479233
0.0 0.52490234375 0.28753993610223644 0.0224609375 0.04792332268370607
0.0 0.537109375 0.3522364217252396 0.017578125 0.04952076677316294
0.0 0.59130859375 0.30670926517571884 0.0283203125 0.05750798722044728
0.0 0.5830078125 0.2707667731629393 0.0234375 0.04313099041533546
0.0 0.61474609375 0.26118210862619806 0.0224609375 0.04313099041533546
0.0 0.5341796875 0.22284345047923323 0.013671875 0.023961661341853034
0.0 0.5859375 0.1964856230031949 0.013671875 0.03514376996805112
0.0 0.63427734375 0.17971246006389777 0.0185546875 0.03354632587859425
0.0 0.705078125 0.17012779552715654 0.015625 0.023961661341853034
0.0 0.716796875 0.2563897763578275 0.02734375 0.04952076677316294
0.0 0.7373046875 0.2939297124600639 0.029296875 0.054313099041533544
0.0 0.7958984375 0.2787539936102236 0.02734375 0.052715654952076675
0.0 0.75341796875 0.2515974440894569 0.0224609375 0.036741214057507986
0.0 0.76513671875 0.21405750798722045 0.0185546875 0.03514376996805112
0.0 0.78466796875 0.10782747603833866 0.0185546875 0.04313099041533546
0.0 0.83544921875 0.18130990415335463 0.0224609375 0.04313099041533546
0.0 0.86962890625 0.13338658146964857 0.0185546875 0.03354632587859425
0.0 0.85986328125 0.2563897763578275 0.0283203125 0.06230031948881789
0.0 0.96923828125 0.23003194888178913 0.0283203125 0.07028753993610223
0.0 0.92822265625 0.15814696485623003 0.0244140625 0.054313099041533544
0.0 0.95703125 0.10063897763578275 0.021484375 0.04153354632587859
