0.0 0.1181640625 0.5161764705882353 0.0322265625 0.054411764705882354
0.0 0.1708984375 0.5338235294117647 0.0302734375 0.04852941176470588
0.0 0.2548828125 0.5029411764705882 0.0205078125 0.03823529411764706
0.0 0.341796875 0.49558823529411766 0.03125 0.054411764705882354
0.0 0.111328125 0.7205882352941176 0.0400390625 0.09705882352941177
0.0 0.04296875 0.7455882352941177 0.0625 0.11470588235294117
0.0 0.41015625 0.6073529411764705 0.0244140625 0.04411764705882353
0.0 0.44921875 0.6088235294117647 0.0244140625 0.04264705882352941
0.0 0.458984375 0.7264705882352941 0.0361328125 0.09852941176470588
0.0 0.5546875 0.5617647058823529 0.0390625 0.061764705882352944
0.0 0.5224609375 0.6470588235294118 0.08203125 0.14558823529411766
0.0 0.517578125 0.6191176470588236 0.013671875 0.027941176470588237
0.0 0.611328125 0.6264705882352941 0.01953125 0.041176470588235294
0.0 0.6337890625 0.6485294117647059 0.0263671875 0.04411764705882353
0.0 0.6455078125 0.6102941176470589 0.021484375 0.03676470588235294
0.0 0.669921875 0.5632352941176471 0.0234375 0.052941176470588235
0.0 0.71875 0.5779411764705882 0.0126953125 0.022058823529411766
0.0 0.669921875 0.6352941176470588 0.060546875 0.10735294117647058
0.0 0.837890625 0.575 0.0478515625 0.07941176470588235
0.0 0.173828125 0.6735294117647059 0.025390625 0.045588235294117645
0.0 0.2177734375 0.6838235294117647 0.09765625 0.17647058823529413
0.0 0.669921875 0.7852941176470588 0.111328125 0.21470588235294116
0.0 0.69140625 0.3397058823529412 0.044921875 0.058823529411764705
0.0 0.822265625 0.2514705882352941 0.0400390625 0.06470588235294118
0.0 0.931640625 0.43529411764705883 0.029296875 0.08823529411764706
