0.0 0.876953125 0.7516778523489933 0.0078125 0.007457121551081283
0.0 0.7587890625 0.7546607009694258 0.0068359375 0.006711409395973154
0.0 0.6142578125 0.7591349739000746 0.0126953125 0.020879940343027592
0.0 0.4482421875 0.7643549589858315 0.0166015625 0.01715137956748695
0.0 0.5712890625 0.7494407158836689 0.00390625 0.0044742729306487695
0.0 0.2333984375 0.7419835943325876 0.0068359375 0.011931394481730051
0.0 0.13671875 0.7524235645041014 0.01171875 0.013422818791946308
0.0 0.1708984375 0.7449664429530202 0.0078125 0.006711409395973154
0.0 0.322265625 0.7472035794183445 0.0048828125 0.006711409395973154
0.0 0.318359375 0.7464578672632364 0.005859375 0.007457121551081283
0.0 0.73828125 0.750186428038777 0.005859375 0.007457121551081283
0.0 0.6357421875 0.7486950037285608 0.0048828125 0.005219985085756898
0.0 0.375 0.756152125279642 0.0048828125 0.00820283370618941
