0.0 0.18359375 0.6215139442231076 0.017578125 0.03054448871181939
0.0 0.2275390625 0.648074369189907 0.0205078125 0.03187250996015936
0.0 0.2431640625 0.6347941567065073 0.017578125 0.025232403718459494
0.0 0.2880859375 0.6108897742363878 0.0087890625 0.01593625498007968
0.0 0.3046875 0.6334661354581673 0.01171875 0.021248339973439574
0.0 0.3154296875 0.6586985391766268 0.0166015625 0.03054448871181939
0.0 0.3720703125 0.598937583001328 0.0087890625 0.01593625498007968
0.0 0.4384765625 0.6268260292164675 0.01171875 0.021248339973439574
0.0 0.4599609375 0.6308100929614874 0.017578125 0.027888446215139442
0.0 0.8623046875 0.6786188579017264 0.021484375 0.034528552456839307
0.0 0.8515625 0.6733067729083665 0.017578125 0.02257636122177955
0.0 0.6455078125 0.6401062416998672 0.015625 0.025232403718459494
0.0 0.654296875 0.6055776892430279 0.009765625 0.017264276228419653
0.0 0.6015625 0.6719787516600265 0.01953125 0.03851261620185923
0.0 0.4833984375 0.6069057104913679 0.0068359375 0.01195219123505976
0.0 0.455078125 0.600265604249668 0.005859375 0.01195219123505976
0.0 0.556640625 0.6427622841965471 0.0078125 0.017264276228419653
0.0 0.5947265625 0.6162018592297477 0.0087890625 0.017264276228419653
0.0 0.580078125 0.5936254980079682 0.005859375 0.013280212483399735
0.0 0.572265625 0.5922974767596282 0.0087890625 0.013280212483399735
0.0 0.5576171875 0.6148738379814077 0.0078125 0.013280212483399735
0.0 0.0380859375 0.8432934926958832 0.029296875 0.04780876494023904
