0.0 0.4208984375 0.8316251830161054 0.0146484375 0.027818448023426062
0.0 0.396484375 0.8301610541727672 0.017578125 0.03074670571010249
0.0 0.3642578125 0.8565153733528551 0.0166015625 0.03806734992679356
0.0 0.3916015625 0.8169838945827232 0.01171875 0.017569546120058566
0.0 0.349609375 0.862371888726208 0.0146484375 0.027818448023426062
0.0 0.31640625 0.9019033674963397 0.0185546875 0.036603221083455345
0.0 0.3369140625 0.8345534407027818 0.01171875 0.02342606149341142
0.0 0.3427734375 0.7818448023426061 0.0126953125 0.020497803806734993
0.0 0.296875 0.7935578330893118 0.01171875 0.024890190336749635
0.0 0.3173828125 0.7891654465592972 0.0107421875 0.02342606149341142
0.0 0.3037109375 0.7833089311859444 0.0087890625 0.016105417276720352
0.0 0.0185546875 0.6720351390922401 0.0048828125 0.007320644216691069
0.0 0.044921875 0.6734992679355783 0.005859375 0.007320644216691069
0.0 0.029296875 0.6866764275256223 0.0068359375 0.010248901903367497
0.0 0.0185546875 0.6881405563689604 0.005859375 0.008784773060029283
0.0 0.0537109375 0.6632503660322109 0.005859375 0.010248901903367497
0.0 0.072265625 0.6617862371888726 0.005859375 0.010248901903367497
0.0 0.0859375 0.6603221083455344 0.0068359375 0.008784773060029283
0.0 0.0947265625 0.6734992679355783 0.005859375 0.007320644216691069
0.0 0.1171875 0.6676427525622255 0.005859375 0.010248901903367497
0.0 0.11328125 0.6822840409956076 0.005859375 0.007320644216691069
0.0 0.1376953125 0.6734992679355783 0.0078125 0.010248901903367497
0.0 0.0712890625 0.705710102489019 0.0068359375 0.010248901903367497
0.0 0.0419921875 0.7086383601756955 0.0068359375 0.013177159590043924
0.0 0.0556640625 0.7247437774524158 0.0087890625 0.014641288433382138
0.0 0.05078125 0.7364568081991215 0.009765625 0.016105417276720352
0.0 0.0146484375 0.7540263543191801 0.009765625 0.017569546120058566
0.0 0.0107421875 0.7364568081991215 0.0068359375 0.014641288433382138
0.0 0.041015625 0.7642752562225475 0.0126953125 0.020497803806734993
0.0 0.056640625 0.767203513909224 0.0126953125 0.024890190336749635
0.0 0.07421875 0.7408491947291361 0.009765625 0.01171303074670571
0.0 0.080078125 0.7481698389458272 0.0087890625 0.014641288433382138
0.0 0.087890625 0.7584187408491947 0.0107421875 0.01903367496339678
0.0 0.09765625 0.7554904831625183 0.0087890625 0.016105417276720352
0.0 0.0205078125 0.8008784773060029 0.01171875 0.017569546120058566
0.0 0.0263671875 0.8023426061493412 0.013671875 0.01903367496339678
0.0 0.0234375 0.8228404099560761 0.0146484375 0.02635431918008785
0.0 0.0576171875 0.828696925329429 0.0166015625 0.02342606149341142
0.0 0.0859375 0.8199121522693997 0.013671875 0.02635431918008785
0.0 0.1005859375 0.8257686676427526 0.0185546875 0.024890190336749635
0.0 0.13671875 0.7584187408491947 0.0107421875 0.017569546120058566
0.0 0.13671875 0.7379209370424598 0.0107421875 0.016105417276720352
0.0 0.1416015625 0.7218155197657394 0.0107421875 0.017569546120058566
0.0 0.1513671875 0.7203513909224012 0.0078125 0.017569546120058566
0.0 0.142578125 0.6925329428989752 0.009765625 0.014641288433382138
0.0 0.1572265625 0.6954612005856515 0.0068359375 0.014641288433382138
0.0 0.1669921875 0.7027818448023426 0.0078125 0.013177159590043924
0.0 0.1865234375 0.7159590043923866 0.0078125 0.016105417276720352
0.0 0.1787109375 0.739385065885798 0.0126953125 0.020497803806734993
0.0 0.146484375 0.7920937042459737 0.0126953125 0.02342606149341142
0.0 0.1337890625 0.8140556368960469 0.01171875 0.02635431918008785
0.0 0.1826171875 0.8023426061493412 0.0166015625 0.029282576866764276
0.0 0.1982421875 0.7232796486090776 0.009765625 0.020497803806734993
0.0 0.1982421875 0.7701317715959004 0.009765625 0.017569546120058566
0.0 0.208984375 0.7115666178623719 0.0078125 0.013177159590043924
0.0 0.240234375 0.726207906295754 0.0107421875 0.017569546120058566
0.0 0.24609375 0.7423133235724744 0.0126953125 0.021961932650073207
0.0 0.2578125 0.7452415812591509 0.0087890625 0.014641288433382138
0.0 0.26953125 0.739385065885798 0.0107421875 0.024890190336749635
0.0 0.2607421875 0.7540263543191801 0.0126953125 0.021961932650073207
0.0 0.228515625 0.8023426061493412 0.015625 0.029282576866764276
0.0 0.2392578125 0.7964860907759883 0.0107421875 0.02342606149341142
0.0 0.2177734375 0.767203513909224 0.0126953125 0.020497803806734993
0.0 0.2158203125 0.7481698389458272 0.0107421875 0.014641288433382138
0.0 0.2861328125 0.7686676427525623 0.0087890625 0.016105417276720352
0.0 0.2939453125 0.7730600292825769 0.0107421875 0.01903367496339678
0.0 0.216796875 0.7979502196193266 0.009765625 0.01903367496339678
0.0 0.17578125 0.7774524158125915 0.009765625 0.021961932650073207
0.0 0.26953125 0.8565153733528551 0.0146484375 0.03074670571010249
0.0 0.279296875 0.862371888726208 0.0126953125 0.024890190336749635
0.0 0.2880859375 0.890190336749634 0.0166015625 0.027818448023426062
0.0 0.2607421875 0.9121522693997072 0.0185546875 0.03513909224011713
0.0 0.2216796875 0.9326500732064422 0.017578125 0.03367496339677892
0.0 0.22265625 0.9077598828696926 0.0185546875 0.027818448023426062
0.0 0.173828125 0.9341142020497804 0.0205078125 0.036603221083455345
0.0 0.173828125 0.8726207906295754 0.0185546875 0.036603221083455345
0.0 0.2099609375 0.862371888726208 0.01953125 0.03513909224011713
0.0 0.2265625 0.8448023426061494 0.0126953125 0.029282576866764276
0.0 0.162109375 0.8521229868228404 0.017578125 0.03074670571010249
0.0 0.2587890625 0.828696925329429 0.017578125 0.027818448023426062
0.0 0.1025390625 0.8521229868228404 0.0185546875 0.029282576866764276
0.0 0.0947265625 0.890190336749634 0.0185546875 0.03513909224011713
0.0 0.12109375 0.9619326500732065 0.0185546875 0.03074670571010249
0.0 0.048828125 0.9780380673499268 0.025390625 0.020497803806734993
0.0 0.0341796875 0.9370424597364568 0.017578125 0.03367496339677892
0.0 0.0517578125 0.8784773060029283 0.015625 0.03074670571010249
0.0 0.03515625 0.8711566617862372 0.013671875 0.02342606149341142
0.0 0.0322265625 0.9077598828696926 0.017578125 0.03074670571010249
0.0 0.1259765625 0.931185944363104 0.0146484375 0.02342606149341142
0.0 0.1416015625 0.6427525622254758 0.005859375 0.005856515373352855
0.0 0.1513671875 0.6412884333821376 0.0048828125 0.007320644216691069
0.0 0.1787109375 0.6310395314787701 0.00390625 0.007320644216691069
0.0 0.18359375 0.636896046852123 0.0048828125 0.007320644216691069
0.0 0.1630859375 0.6486090775988287 0.00390625 0.008784773060029283
0.0 0.197265625 0.6427525622254758 0.005859375 0.010248901903367497
0.0 0.1962890625 0.6588579795021962 0.0048828125 0.007320644216691069
0.0 0.2021484375 0.6661786237188873 0.005859375 0.010248901903367497
0.0 0.1865234375 0.6471449487554904 0.005859375 0.01171303074670571
0.0 0.2138671875 0.6603221083455344 0.0048828125 0.007320644216691069
0.0 0.2236328125 0.6588579795021962 0.0048828125 0.010248901903367497
0.0 0.208984375 0.6149341142020498 0.0048828125 0.008784773060029283
0.0 0.2021484375 0.6266471449487555 0.0048828125 0.007320644216691069
0.0 0.2236328125 0.6281112737920937 0.00390625 0.007320644216691069
0.0 0.2451171875 0.6178623718887262 0.0048828125 0.007320644216691069
0.0 0.2412109375 0.6222547584187409 0.00390625 0.005856515373352855
0.0 0.2587890625 0.6105417276720352 0.0029296875 0.005856515373352855
0.0 0.232421875 0.6676427525622255 0.0068359375 0.010248901903367497
0.0 0.236328125 0.6734992679355783 0.005859375 0.010248901903367497
0.0 0.2509765625 0.6837481698389458 0.005859375 0.008784773060029283
0.0 0.2431640625 0.6837481698389458 0.0068359375 0.010248901903367497
0.0 0.2646484375 0.6822840409956076 0.0078125 0.01171303074670571
0.0 0.27734375 0.6720351390922401 0.0068359375 0.010248901903367497
0.0 0.6435546875 0.7759882869692533 0.0087890625 0.02342606149341142
0.0 0.6640625 0.7818448023426061 0.009765625 0.02342606149341142
0.0 0.6552734375 0.7613469985358712 0.01171875 0.020497803806734993
0.0 0.689453125 0.7686676427525623 0.0078125 0.017569546120058566
0.0 0.697265625 0.7686676427525623 0.0078125 0.01903367496339678
0.0 0.7158203125 0.7569546120058566 0.0126953125 0.01903367496339678
0.0 0.7392578125 0.746705710102489 0.0126953125 0.020497803806734993
0.0 0.6005859375 0.7774524158125915 0.0126953125 0.024890190336749635
0.0 0.5771484375 0.7730600292825769 0.0126953125 0.021961932650073207
0.0 0.5517578125 0.7774524158125915 0.0107421875 0.02342606149341142
0.0 0.5302734375 0.7745241581259151 0.0107421875 0.021961932650073207
0.0 0.5703125 0.7540263543191801 0.0107421875 0.021961932650073207
0.0 0.5986328125 0.7598828696925329 0.0107421875 0.017569546120058566
0.0 0.6044921875 0.7525622254758418 0.009765625 0.01903367496339678
0.0 0.6396484375 0.746705710102489 0.009765625 0.017569546120058566
0.0 0.6689453125 0.739385065885798 0.0126953125 0.02635431918008785
0.0 0.6884765625 0.7379209370424598 0.009765625 0.021961932650073207
0.0 0.6279296875 0.7335285505124451 0.009765625 0.01903367496339678
0.0 0.654296875 0.7247437774524158 0.0107421875 0.017569546120058566
0.0 0.53515625 0.7437774524158126 0.0107421875 0.024890190336749635
0.0 0.5546875 0.746705710102489 0.0078125 0.014641288433382138
0.0 0.58203125 0.7349926793557833 0.0107421875 0.017569546120058566
0.0 0.599609375 0.7276720351390923 0.0078125 0.017569546120058566
0.0 0.6181640625 0.7174231332357247 0.0087890625 0.016105417276720352
0.0 0.5634765625 0.7203513909224012 0.0068359375 0.016105417276720352
0.0 0.576171875 0.7232796486090776 0.0068359375 0.01171303074670571
0.0 0.5244140625 0.7408491947291361 0.009765625 0.017569546120058566
0.0 0.5107421875 0.7554904831625183 0.0068359375 0.020497803806734993
0.0 0.5078125 0.7335285505124451 0.009765625 0.020497803806734993
0.0 0.482421875 0.7496339677891655 0.009765625 0.017569546120058566
0.0 0.4658203125 0.7408491947291361 0.0107421875 0.020497803806734993
0.0 0.48828125 0.7247437774524158 0.0087890625 0.020497803806734993
0.0 0.44921875 0.7335285505124451 0.009765625 0.020497803806734993
0.0 0.44921875 0.7159590043923866 0.009765625 0.017569546120058566
0.0 0.4580078125 0.7013177159590044 0.0087890625 0.017569546120058566
0.0 0.4951171875 0.7159590043923866 0.0068359375 0.014641288433382138
0.0 0.5146484375 0.718887262079063 0.0068359375 0.013177159590043924
0.0 0.5234375 0.7276720351390923 0.0078125 0.017569546120058566
0.0 0.54296875 0.7232796486090776 0.0078125 0.017569546120058566
0.0 0.552734375 0.718887262079063 0.0078125 0.013177159590043924
0.0 0.5546875 0.7013177159590044 0.0068359375 0.013177159590043924
0.0 0.556640625 0.6837481698389458 0.0078125 0.014641288433382138
0.0 0.5341796875 0.6969253294289898 0.0078125 0.014641288433382138
0.0 0.52734375 0.7027818448023426 0.0078125 0.016105417276720352
0.0 0.5146484375 0.6939970717423133 0.0068359375 0.013177159590043924
0.0 0.509765625 0.6925329428989752 0.0048828125 0.01171303074670571
0.0 0.509765625 0.7042459736456809 0.0068359375 0.014641288433382138
0.0 0.4833984375 0.698389458272328 0.0087890625 0.016105417276720352
0.0 0.4736328125 0.698389458272328 0.0068359375 0.014641288433382138
0.0 0.4453125 0.6793557833089312 0.0087890625 0.014641288433382138
0.0 0.4296875 0.7320644216691069 0.0078125 0.016105417276720352
0.0 0.427734375 0.7086383601756955 0.0078125 0.017569546120058566
0.0 0.4345703125 0.6925329428989752 0.0078125 0.014641288433382138
0.0 0.421875 0.7013177159590044 0.0078125 0.013177159590043924
0.0 0.4091796875 0.7042459736456809 0.0087890625 0.01903367496339678
0.0 0.3876953125 0.718887262079063 0.0087890625 0.017569546120058566
0.0 0.376953125 0.726207906295754 0.0078125 0.014641288433382138
0.0 0.3701171875 0.7115666178623719 0.0078125 0.017569546120058566
0.0 0.369140625 0.6896046852122987 0.005859375 0.013177159590043924
0.0 0.4189453125 0.677891654465593 0.005859375 0.010248901903367497
0.0 0.42578125 0.6764275256222547 0.0048828125 0.01171303074670571
0.0 0.458984375 0.6617862371888726 0.005859375 0.013177159590043924
0.0 0.466796875 0.6661786237188873 0.0048828125 0.010248901903367497
0.0 0.4775390625 0.6530014641288433 0.005859375 0.010248901903367497
0.0 0.4873046875 0.6793557833089312 0.005859375 0.01171303074670571
0.0 0.357421875 0.7071742313323572 0.0068359375 0.016105417276720352
0.0 0.337890625 0.7071742313323572 0.0068359375 0.01171303074670571
0.0 0.3212890625 0.7042459736456809 0.0087890625 0.016105417276720352
0.0 0.3154296875 0.6705710102489019 0.0068359375 0.013177159590043924
0.0 0.3330078125 0.6822840409956076 0.0068359375 0.013177159590043924
0.0 0.33984375 0.6764275256222547 0.0068359375 0.013177159590043924
0.0 0.3056640625 0.6939970717423133 0.0048828125 0.010248901903367497
0.0 0.3095703125 0.6866764275256223 0.0068359375 0.010248901903367497
0.0 0.3046875 0.6661786237188873 0.005859375 0.010248901903367497
0.0 0.2880859375 0.6530014641288433 0.0068359375 0.010248901903367497
0.0 0.29296875 0.6412884333821376 0.005859375 0.010248901903367497
0.0 0.3037109375 0.6515373352855052 0.0048828125 0.007320644216691069
0.0 0.30078125 0.6442166910688141 0.00390625 0.008784773060029283
0.0 0.3154296875 0.6442166910688141 0.005859375 0.010248901903367497
0.0 0.3125 0.6412884333821376 0.00390625 0.007320644216691069
0.0 0.31640625 0.636896046852123 0.0048828125 0.007320644216691069
0.0 0.337890625 0.6530014641288433 0.0048828125 0.007320644216691069
0.0 0.34765625 0.6412884333821376 0.005859375 0.008784773060029283
0.0 0.359375 0.6383601756954612 0.0048828125 0.008784773060029283
0.0 0.3603515625 0.6471449487554904 0.0048828125 0.010248901903367497
0.0 0.3837890625 0.6427525622254758 0.0048828125 0.008784773060029283
0.0 0.3642578125 0.6632503660322109 0.005859375 0.01171303074670571
0.0 0.4140625 0.6442166910688141 0.0048828125 0.010248901903367497
0.0 0.3720703125 0.6500732064421669 0.0068359375 0.010248901903367497
0.0 0.275390625 0.6061493411420205 0.005859375 0.007320644216691069
0.0 0.2939453125 0.6120058565153733 0.0048828125 0.007320644216691069
0.0 0.287109375 0.616398243045388 0.005859375 0.007320644216691069
0.0 0.318359375 0.6105417276720352 0.00390625 0.005856515373352855
0.0 0.357421875 0.6266471449487555 0.00390625 0.008784773060029283
0.0 0.375 0.6120058565153733 0.0048828125 0.007320644216691069
0.0 0.3662109375 0.6017569546120058 0.0048828125 0.007320644216691069
0.0 0.3505859375 0.6046852122986823 0.00390625 0.005856515373352855
0.0 0.7138671875 0.7306002928257687 0.009765625 0.01903367496339678
0.0 0.724609375 0.718887262079063 0.009765625 0.016105417276720352
0.0 0.7568359375 0.7349926793557833 0.009765625 0.014641288433382138
0.0 0.759765625 0.7174231332357247 0.009765625 0.017569546120058566
0.0 0.767578125 0.705710102489019 0.0078125 0.014641288433382138
0.0 0.748046875 0.7071742313323572 0.0107421875 0.017569546120058566
0.0 0.6689453125 0.7086383601756955 0.0107421875 0.017569546120058566
0.0 0.6435546875 0.7086383601756955 0.0087890625 0.017569546120058566
0.0 0.6513671875 0.7101024890190337 0.0078125 0.016105417276720352
0.0 0.6357421875 0.7027818448023426 0.0078125 0.013177159590043924
0.0 0.6376953125 0.6939970717423133 0.0087890625 0.016105417276720352
0.0 0.6669921875 0.6866764275256223 0.0087890625 0.016105417276720352
0.0 0.609375 0.6720351390922401 0.0087890625 0.016105417276720352
0.0 0.6181640625 0.6705710102489019 0.0078125 0.010248901903367497
0.0 0.6123046875 0.6559297218155198 0.0068359375 0.01171303074670571
0.0 0.5908203125 0.6588579795021962 0.0068359375 0.013177159590043924
0.0 0.5849609375 0.6837481698389458 0.0068359375 0.01171303074670571
0.0 0.6240234375 0.6530014641288433 0.005859375 0.01171303074670571
0.0 0.642578125 0.6632503660322109 0.0068359375 0.013177159590043924
0.0 0.7822265625 0.7335285505124451 0.0087890625 0.020497803806734993
0.0 0.796875 0.7423133235724744 0.0078125 0.014641288433382138
0.0 0.810546875 0.718887262079063 0.0087890625 0.01903367496339678
0.0 0.8310546875 0.7232796486090776 0.009765625 0.016105417276720352
0.0 0.8388671875 0.7218155197657394 0.0078125 0.016105417276720352
0.0 0.876953125 0.7276720351390923 0.0107421875 0.017569546120058566
0.0 0.873046875 0.7027818448023426 0.0078125 0.016105417276720352
0.0 0.8994140625 0.6720351390922401 0.0087890625 0.017569546120058566
0.0 0.9140625 0.6852122986822841 0.0078125 0.014641288433382138
0.0 0.884765625 0.6632503660322109 0.009765625 0.014641288433382138
0.0 0.865234375 0.6896046852122987 0.0087890625 0.016105417276720352
0.0 0.837890625 0.698389458272328 0.0087890625 0.017569546120058566
0.0 0.8251953125 0.6837481698389458 0.0087890625 0.013177159590043924
0.0 0.7998046875 0.7042459736456809 0.0087890625 0.017569546120058566
0.0 0.7763671875 0.7042459736456809 0.01171875 0.016105417276720352
0.0 0.779296875 0.6808199121522694 0.0068359375 0.01171303074670571
0.0 0.75390625 0.6822840409956076 0.0087890625 0.014641288433382138
0.0 0.76953125 0.6617862371888726 0.0068359375 0.013177159590043924
0.0 0.7763671875 0.6530014641288433 0.005859375 0.013177159590043924
0.0 0.798828125 0.6603221083455344 0.009765625 0.014641288433382138
0.0 0.8046875 0.6793557833089312 0.0068359375 0.014641288433382138
0.0 0.8603515625 0.6588579795021962 0.0068359375 0.013177159590043924
0.0 0.9111328125 0.6383601756954612 0.005859375 0.01171303074670571
0.0 0.8994140625 0.657393850658858 0.0078125 0.01171303074670571
0.0 0.9228515625 0.6808199121522694 0.0087890625 0.01171303074670571
0.0 0.9404296875 0.6310395314787701 0.0048828125 0.010248901903367497
0.0 0.884765625 0.636896046852123 0.0078125 0.01171303074670571
0.0 0.8056640625 0.6325036603221084 0.0048828125 0.010248901903367497
0.0 0.74609375 0.6559297218155198 0.0068359375 0.013177159590043924
0.0 0.8642578125 0.6266471449487555 0.005859375 0.010248901903367497
0.0 0.8515625 0.6266471449487555 0.005859375 0.01171303074670571
0.0 0.826171875 0.6090775988286969 0.0048828125 0.008784773060029283
0.0 0.77734375 0.6120058565153733 0.005859375 0.010248901903367497
0.0 0.7734375 0.6251830161054173 0.0078125 0.007320644216691069
0.0 0.791015625 0.6149341142020498 0.0068359375 0.01171303074670571
0.0 0.7578125 0.6046852122986823 0.0048828125 0.008784773060029283
0.0 0.75 0.6325036603221084 0.0048828125 0.008784773060029283
0.0 0.740234375 0.6427525622254758 0.0068359375 0.01171303074670571
0.0 0.7353515625 0.6500732064421669 0.005859375 0.007320644216691069
0.0 0.7294921875 0.6749633967789166 0.009765625 0.01903367496339678
0.0 0.71875 0.677891654465593 0.0078125 0.016105417276720352
0.0 0.7265625 0.6559297218155198 0.0048828125 0.008784773060029283
0.0 0.724609375 0.6456808199121523 0.0068359375 0.01171303074670571
0.0 0.7080078125 0.6530014641288433 0.0068359375 0.01171303074670571
0.0 0.703125 0.6691068814055637 0.005859375 0.010248901903367497
0.0 0.6884765625 0.6383601756954612 0.0068359375 0.008784773060029283
0.0 0.6728515625 0.6383601756954612 0.0048828125 0.01171303074670571
0.0 0.681640625 0.6471449487554904 0.0068359375 0.01171303074670571
0.0 0.7607421875 0.6354319180087847 0.0068359375 0.005856515373352855
0.0 0.70703125 0.6354319180087847 0.0068359375 0.010248901903367497
0.0 0.701171875 0.5973645680819912 0.00390625 0.007320644216691069
0.0 0.6865234375 0.616398243045388 0.0048828125 0.007320644216691069
0.0 0.6630859375 0.6427525622254758 0.005859375 0.01171303074670571
0.0 0.6591796875 0.6617862371888726 0.0078125 0.01171303074670571
0.0 0.6337890625 0.6837481698389458 0.0078125 0.013177159590043924
0.0 0.6005859375 0.6295754026354319 0.00390625 0.008784773060029283
0.0 0.580078125 0.6207906295754027 0.0048828125 0.008784773060029283
0.0 0.537109375 0.6486090775988287 0.005859375 0.008784773060029283
0.0 0.52734375 0.6588579795021962 0.005859375 0.008784773060029283
0.0 0.5380859375 0.6588579795021962 0.0048828125 0.007320644216691069
0.0 0.5966796875 0.6764275256222547 0.0068359375 0.010248901903367497
0.0 0.419921875 0.6442166910688141 0.0048828125 0.008784773060029283
0.0 0.443359375 0.6266471449487555 0.005859375 0.008784773060029283
0.0 0.4638671875 0.623718887262079 0.0048828125 0.007320644216691069
0.0 0.431640625 0.6354319180087847 0.00390625 0.005856515373352855
0.0 0.4091796875 0.6207906295754027 0.0048828125 0.007320644216691069
0.0 0.4150390625 0.6222547584187409 0.00390625 0.005856515373352855
0.0 0.3896484375 0.6281112737920937 0.0048828125 0.008784773060029283
0.0 0.435546875 0.6076134699853587 0.00390625 0.007320644216691069
0.0 0.5068359375 0.6676427525622255 0.0078125 0.014641288433382138
0.0 0.51953125 0.6676427525622255 0.0048828125 0.01171303074670571
0.0 0.48828125 0.6427525622254758 0.0048828125 0.008784773060029283
0.0 0.494140625 0.6354319180087847 0.00390625 0.008784773060029283
0.0 0.5224609375 0.6222547584187409 0.005859375 0.007320644216691069
0.0 0.53515625 0.616398243045388 0.00390625 0.008784773060029283
0.0 0.5390625 0.6222547584187409 0.005859375 0.007320644216691069
0.0 0.5166015625 0.6354319180087847 0.0048828125 0.008784773060029283
0.0 0.45703125 0.6456808199121523 0.005859375 0.01171303074670571
0.0 0.634765625 0.7247437774524158 0.009765625 0.014641288433382138
0.0 0.6728515625 0.6808199121522694 0.0087890625 0.017569546120058566
0.0 0.8837890625 0.7013177159590044 0.0126953125 0.020497803806734993
0.0 0.951171875 0.677891654465593 0.0068359375 0.013177159590043924
0.0 0.9736328125 0.6676427525622255 0.0078125 0.017569546120058566
0.0 0.8994140625 0.6076134699853587 0.00390625 0.008784773060029283
0.0 0.89453125 0.5973645680819912 0.00390625 0.007320644216691069
0.0 0.8857421875 0.5856515373352855 0.00390625 0.007320644216691069
0.0 0.8720703125 0.5915080527086384 0.0048828125 0.008784773060029283
0.0 0.87109375 0.6603221083455344 0.005859375 0.01171303074670571
0.0 0.830078125 0.6603221083455344 0.005859375 0.01171303074670571
0.0 0.8291015625 0.6222547584187409 0.0048828125 0.01171303074670571
0.0 0.8154296875 0.6281112737920937 0.005859375 0.010248901903367497
0.0 0.7353515625 0.6178623718887262 0.0078125 0.010248901903367497
0.0 0.6640625 0.6222547584187409 0.005859375 0.008784773060029283
0.0 0.669921875 0.6090775988286969 0.0048828125 0.008784773060029283
0.0 0.7392578125 0.6793557833089312 0.0078125 0.016105417276720352
0.0 0.6865234375 0.6896046852122987 0.009765625 0.016105417276720352
0.0 0.5029296875 0.7174231332357247 0.0068359375 0.016105417276720352
0.0 0.4384765625 0.6442166910688141 0.0048828125 0.008784773060029283
0.0 0.330078125 0.6998535871156661 0.005859375 0.01171303074670571
0.0 0.107421875 0.6661786237188873 0.0048828125 0.010248901903367497
0.0 0.173828125 0.7232796486090776 0.0048828125 0.014641288433382138
0.0 0.166015625 0.7379209370424598 0.005859375 0.01171303074670571
0.0 0.0009765625 0.7232796486090776 0.0068359375 0.013177159590043924
0.0 0.0009765625 0.7730600292825769 0.0078125 0.01903367496339678
0.0 0.0 0.9209370424597365 0.009765625 0.02635431918008785
0.0 0.2958984375 0.8228404099560761 0.0126953125 0.021961932650073207
0.0 0.318359375 0.8535871156661786 0.0126953125 0.024890190336749635
0.0 0.3779296875 0.8169838945827232 0.009765625 0.021961932650073207
0.0 0.001953125 0.6939970717423133 0.0087890625 0.016105417276720352
