0.0 0.7626953125 0.34375 0.009765625 0.018229166666666668
0.0 0.80078125 0.3177083333333333 0.0078125 0.018229166666666668
0.0 0.791015625 0.3385416666666667 0.0107421875 0.020833333333333332
0.0 0.7724609375 0.5950520833333334 0.01171875 0.020833333333333332
0.0 0.7421875 0.5950520833333334 0.0107421875 0.020833333333333332
0.0 0.927734375 0.4895833333333333 0.01171875 0.020833333333333332
0.0 0.9140625 0.484375 0.009765625 0.01953125
0.0 0.7109375 0.14713541666666666 0.0068359375 0.015625
0.0 0.6396484375 0.12630208333333334 0.0087890625 0.016927083333333332
0.0 0.7685546875 0.10286458333333333 0.0087890625 0.015625
0.0 0.818359375 0.0625 0.0078125 0.015625
0.0 0.9306640625 0.016927083333333332 0.0068359375 0.014322916666666666
0.0 0.1904296875 0.921875 0.01171875 0.022135416666666668
0.0 0.49609375 0.3333333333333333 0.0087890625 0.015625
0.0 0.4873046875 0.3098958333333333 0.015625 0.014322916666666666
0.0 0.935546875 0.41015625 0.0087890625 0.015625
0.0 0.900390625 0.3098958333333333 0.0087890625 0.015625
0.0 0.0947265625 0.40625 0.0126953125 0.01953125
0.0 0.3642578125 0.022135416666666668 0.0087890625 0.014322916666666666
0.0 0.390625 0.09244791666666667 0.0078125 0.013020833333333334
0.0 0.3720703125 0.1796875 0.005859375 0.01171875
0.0 0.4326171875 0.1640625 0.0087890625 0.014322916666666666
0.0 0.5 0.203125 0.0078125 0.013020833333333334
0.0 0.548828125 0.18359375 0.0087890625 0.015625
0.0 0.6064453125 0.16927083333333334 0.0078125 0.014322916666666666
0.0 0.681640625 0.09244791666666667 0.0087890625 0.014322916666666666
0.0 0.220703125 0.8046875 0.0087890625 0.018229166666666668
0.0 0.779296875 0.9140625 0.009765625 0.018229166666666668
0.0 0.705078125 0.6458333333333334 0.009765625 0.0234375
0.0 0.271484375 0.15755208333333334 0.0078125 0.015625
0.0 0.83203125 0.91015625 0.013671875 0.022135416666666668
0.0 0.8408203125 0.8919270833333334 0.01171875 0.022135416666666668
0.0 0.8779296875 0.79296875 0.01171875 0.0234375
0.0 0.9111328125 0.8125 0.0126953125 0.0234375
0.0 0.0146484375 0.9153645833333334 0.0087890625 0.020833333333333332
0.0 0.640625 0.30078125 0.0126953125 0.016927083333333332
0.0 0.6962890625 0.3489583333333333 0.01171875 0.015625
0.0 0.67578125 0.8111979166666666 0.0126953125 0.0234375
0.0 0.91015625 0.2643229166666667 0.0087890625 0.01171875
0.0 0.3974609375 0.7890625 0.0107421875 0.020833333333333332
0.0 0.3603515625 0.7447916666666666 0.0126953125 0.018229166666666668
0.0 0.3212890625 0.6315104166666666 0.01171875 0.018229166666666668
0.0 0.30859375 0.79296875 0.0126953125 0.020833333333333332
0.0 0.46484375 0.7786458333333334 0.01171875 0.016927083333333332
0.0 0.6708984375 0.9635416666666666 0.013671875 0.020833333333333332
0.0 0.4970703125 0.6536458333333334 0.009765625 0.015625
0.0 0.56640625 0.6705729166666666 0.0087890625 0.018229166666666668
0.0 0.529296875 0.640625 0.01171875 0.01171875
0.0 0.8125 0.22265625 0.0068359375 0.016927083333333332
0.0 0.921875 0.09765625 0.0087890625 0.014322916666666666
0.0 0.845703125 0.16015625 0.0078125 0.014322916666666666
0.0 0.3935546875 0.6145833333333334 0.0087890625 0.016927083333333332
0.0 0.2275390625 0.7760416666666666 0.01171875 0.020833333333333332
0.0 0.283203125 0.734375 0.009765625 0.014322916666666666
0.0 0.0634765625 0.4609375 0.0087890625 0.016927083333333332
0.0 0.03125 0.4973958333333333 0.0087890625 0.016927083333333332
0.0 0.080078125 0.6484375 0.005859375 0.015625
0.0 0.3076171875 0.32421875 0.005859375 0.009114583333333334
0.0 0.232421875 0.2864583333333333 0.0087890625 0.016927083333333332
0.0 0.1533203125 0.3020833333333333 0.009765625 0.015625
0.0 0.1435546875 0.3515625 0.009765625 0.015625
0.0 0.2861328125 0.5416666666666666 0.009765625 0.018229166666666668
0.0 0.041015625 0.14973958333333334 0.0078125 0.013020833333333334
0.0 0.1044921875 0.15885416666666666 0.0087890625 0.014322916666666666
0.0 0.0234375 0.08984375 0.0068359375 0.014322916666666666
0.0 0.009765625 0.09114583333333333 0.005859375 0.010416666666666666
0.0 0.2373046875 0.06380208333333333 0.0068359375 0.014322916666666666
0.0 0.2490234375 0.041666666666666664 0.0078125 0.013020833333333334
0.0 0.3134765625 0.029947916666666668 0.005859375 0.010416666666666666
0.0 0.1796875 0.08854166666666667 0.0068359375 0.0078125
0.0 0.134765625 0.028645833333333332 0.0078125 0.01171875
0.0 0.3271484375 0.14713541666666666 0.0078125 0.013020833333333334
0.0 0.8544921875 0.3020833333333333 0.0068359375 0.014322916666666666
