0.0 0.05224609375 0.38945827232796487 0.0419921875 0.06734992679355783
0.0 0.11181640625 0.40483162518301613 0.0263671875 0.0424597364568082
0.0 0.17236328125 0.42093704245973645 0.0166015625 0.0424597364568082
0.0 0.1884765625 0.36822840409956076 0.01171875 0.01903367496339678
0.0 0.25390625 0.4472913616398243 0.03515625 0.08345534407027819
0.0 0.349609375 0.44143484626647145 0.025390625 0.05124450951683748
0.0 0.353515625 0.3938506588579795 0.015625 0.020497803806734993
0.0 0.38623046875 0.39604685212298685 0.0087890625 0.024890190336749635
0.0 0.21875 0.3594436310395315 0.0078125 0.016105417276720352
0.0 0.49951171875 0.40043923865300146 0.0126953125 0.027818448023426062
0.0 0.5009765625 0.3726207906295754 0.009765625 0.01903367496339678
0.0 0.54443359375 0.34333821376281115 0.0068359375 0.013177159590043924
0.0 0.580078125 0.3535871156661786 0.0078125 0.013177159590043924
0.0 0.6083984375 0.39970717423133234 0.013671875 0.03513909224011713
0.0 0.6328125 0.38653001464128844 0.015625 0.029282576866764276
0.0 0.658203125 0.35724743777452417 0.009765625 0.017569546120058566
0.0 0.6513671875 0.3806734992679356 0.009765625 0.02342606149341142
0.0 0.77978515625 0.47291361639824303 0.0419921875 0.07613469985358712
0.0 0.70263671875 0.39751098096632503 0.0263671875 0.03953147877013177
0.0 0.69091796875 0.37920937042459735 0.0146484375 0.029282576866764276
0.0 0.79833984375 0.3689604685212299 0.0068359375 0.01171303074670571
0.0 0.84521484375 0.37920937042459735 0.0087890625 0.014641288433382138
0.0 0.88916015625 0.4407027818448023 0.0263671875 0.0527086383601757
0.0 0.91455078125 0.40263543191800877 0.0185546875 0.03513909224011713
0.0 0.90478515625 0.3689604685212299 0.0087890625 0.014641288433382138
0.0 0.955078125 0.4341142020497804 0.0234375 0.036603221083455345
0.0 0.9697265625 0.37920937042459735 0.0078125 0.02342606149341142
0.0 0.52783203125 0.3938506588579795 0.0068359375 0.020497803806734993
0.0 0.462890625 0.37920937042459735 0.0078125 0.017569546120058566
0.0 0.61279296875 0.3616398243045388 0.0087890625 0.017569546120058566
