0.0 0.3203125 0.6535947712418301 0.0126953125 0.018300653594771243
0.0 0.4619140625 0.6248366013071895 0.0107421875 0.02483660130718954
0.0 0.453125 0.6705882352941176 0.0146484375 0.02875816993464052
0.0 0.4794921875 0.6823529411764706 0.015625 0.030065359477124184
0.0 0.484375 0.6509803921568628 0.0126953125 0.02483660130718954
0.0 0.5263671875 0.6928104575163399 0.013671875 0.023529411764705882
0.0 0.5693359375 0.6627450980392157 0.015625 0.032679738562091505
0.0 0.6123046875 0.7111111111111111 0.015625 0.02875816993464052
0.0 0.88671875 0.6901960784313725 0.015625 0.023529411764705882
0.0 0.916015625 0.6980392156862745 0.015625 0.02875816993464052
0.0 0.9404296875 0.7111111111111111 0.017578125 0.02875816993464052
0.0 0.5263671875 0.5803921568627451 0.0107421875 0.02091503267973856
0.0 0.576171875 0.5856209150326798 0.01171875 0.02091503267973856
0.0 0.58984375 0.5973856209150327 0.0107421875 0.027450980392156862
0.0 0.5009765625 0.6967320261437908 0.0166015625 0.02875816993464052
0.0 0.4404296875 0.6549019607843137 0.013671875 0.02483660130718954
0.0 0.2548828125 0.6444444444444445 0.0146484375 0.022222222222222223
0.0 0.328125 0.5908496732026144 0.01171875 0.022222222222222223
0.0 0.3447265625 0.6470588235294118 0.013671875 0.02483660130718954
0.0 0.22265625 0.6405228758169934 0.0107421875 0.0196078431372549
0.0 0.2900390625 0.5843137254901961 0.01171875 0.0196078431372549
0.0 0.3046875 0.5973856209150327 0.009765625 0.0196078431372549
0.0 0.158203125 0.6287581699346405 0.0107421875 0.027450980392156862
0.0 0.38671875 0.5803921568627451 0.0078125 0.01699346405228758
0.0 0.533203125 0.661437908496732 0.009765625 0.022222222222222223
0.0 0.8642578125 0.6 0.0146484375 0.023529411764705882
0.0 0.8115234375 0.6509803921568628 0.015625 0.030065359477124184
0.0 0.9423828125 0.6627450980392157 0.015625 0.030065359477124184
0.0 0.9306640625 0.5568627450980392 0.01171875 0.023529411764705882
0.0 0.9013671875 0.5882352941176471 0.013671875 0.023529411764705882
0.0 0.8720703125 0.5516339869281046 0.0146484375 0.022222222222222223
0.0 0.490234375 0.4954248366013072 0.0078125 0.01699346405228758
0.0 0.4609375 0.534640522875817 0.0087890625 0.023529411764705882
0.0 0.5400390625 0.5738562091503268 0.0146484375 0.023529411764705882
0.0 0.953125 0.7555555555555555 0.013671875 0.023529411764705882
0.0 0.064453125 0.6052287581699346 0.0078125 0.01699346405228758
0.0 0.0849609375 0.6196078431372549 0.0107421875 0.02091503267973856
0.0 0.169921875 0.6392156862745098 0.0126953125 0.022222222222222223
0.0 0.2197265625 0.6130718954248366 0.0126953125 0.0196078431372549
0.0 0.376953125 0.5986928104575163 0.0107421875 0.022222222222222223
0.0 0.41796875 0.6549019607843137 0.0126953125 0.023529411764705882
0.0 0.41015625 0.677124183006536 0.01171875 0.026143790849673203
0.0 0.390625 0.6784313725490196 0.0126953125 0.023529411764705882
0.0 0.3671875 0.657516339869281 0.015625 0.02875816993464052
0.0 0.306640625 0.6287581699346405 0.01171875 0.023529411764705882
0.0 0.818359375 0.6143790849673203 0.013671875 0.027450980392156862
0.0 0.5771484375 0.615686274509804 0.0087890625 0.01699346405228758
0.0 0.62890625 0.5816993464052288 0.009765625 0.022222222222222223
0.0 0.6259765625 0.5568627450980392 0.0107421875 0.0196078431372549
0.0 0.5126953125 0.592156862745098 0.009765625 0.018300653594771243
0.0 0.486328125 0.5777777777777777 0.01171875 0.0196078431372549
0.0 0.990234375 0.5673202614379085 0.0087890625 0.018300653594771243
