0.0 0.1015625 0.21875 0.009765625 0.016927083333333332
0.0 0.19921875 0.21484375 0.009765625 0.013020833333333334
0.0 0.2041015625 0.24479166666666666 0.0078125 0.01171875
0.0 0.2216796875 0.23177083333333334 0.0087890625 0.013020833333333334
0.0 0.3037109375 0.22265625 0.009765625 0.013020833333333334
0.0 0.3505859375 0.22786458333333334 0.0087890625 0.01171875
0.0 0.3828125 0.23307291666666666 0.0068359375 0.013020833333333334
0.0 0.41015625 0.22135416666666666 0.0087890625 0.01171875
0.0 0.41015625 0.24088541666666666 0.0087890625 0.01171875
0.0 0.265625 0.2578125 0.0166015625 0.022135416666666668
0.0 0.384765625 0.4140625 0.021484375 0.020833333333333332
0.0 0.46875 0.23828125 0.0078125 0.014322916666666666
0.0 0.4375 0.24088541666666666 0.005859375 0.010416666666666666
0.0 0.46484375 0.2421875 0.005859375 0.009114583333333334
0.0 0.4873046875 0.23567708333333334 0.0087890625 0.014322916666666666
0.0 0.5 0.23958333333333334 0.0078125 0.013020833333333334
0.0 0.5068359375 0.23046875 0.005859375 0.009114583333333334
0.0 0.5185546875 0.22786458333333334 0.009765625 0.01171875
0.0 0.5546875 0.22786458333333334 0.0087890625 0.013020833333333334
0.0 0.5927734375 0.23828125 0.0087890625 0.014322916666666666
0.0 0.5234375 0.27734375 0.0185546875 0.03515625
0.0 0.5126953125 0.5690104166666666 0.0244140625 0.044270833333333336
0.0 0.455078125 0.4856770833333333 0.0224609375 0.040364583333333336
0.0 0.623046875 0.4947916666666667 0.021484375 0.03125
0.0 0.654296875 0.4049479166666667 0.01953125 0.028645833333333332
0.0 0.533203125 0.390625 0.017578125 0.024739583333333332
0.0 0.7373046875 0.296875 0.0087890625 0.01171875
0.0 0.935546875 0.23307291666666666 0.0068359375 0.01171875
0.0 0.9619140625 0.24739583333333334 0.0068359375 0.010416666666666666
0.0 0.986328125 0.2747395833333333 0.0048828125 0.0078125
0.0 0.990234375 0.2747395833333333 0.005859375 0.009114583333333334
0.0 0.8623046875 0.2513020833333333 0.0048828125 0.0078125
0.0 0.818359375 0.23958333333333334 0.0048828125 0.006510416666666667
0.0 0.841796875 0.24088541666666666 0.005859375 0.006510416666666667
0.0 0.771484375 0.24479166666666666 0.00390625 0.006510416666666667
