0.0 0.68310546875 0.9348462664714495 0.0634765625 0.12445095168374817
0.0 0.5146484375 0.9114202049780381 0.046875 0.0951683748169839
0.0 0.0361328125 0.7686676427525623 0.04296875 0.07320644216691069
0.0 0.04443359375 0.6720351390922401 0.0283203125 0.05856515373352855
0.0 0.0673828125 0.6793557833089312 0.01953125 0.02635431918008785
0.0 0.07080078125 0.62298682284041 0.0166015625 0.03074670571010249
0.0 0.04248046875 0.62298682284041 0.0126953125 0.021961932650073207
0.0 0.0810546875 0.6178623718887262 0.009765625 0.017569546120058566
0.0 0.10595703125 0.6156661786237189 0.0087890625 0.013177159590043924
0.0 0.125 0.6544655929721815 0.013671875 0.02342606149341142
0.0 0.10693359375 0.6610541727672035 0.0107421875 0.024890190336749635
0.0 0.12841796875 0.7101024890190337 0.0302734375 0.055636896046852125
0.0 0.16259765625 0.6866764275256223 0.0400390625 0.06734992679355783
0.0 0.14697265625 0.6427525622254758 0.0205078125 0.029282576866764276
0.0 0.12744140625 0.6142020497803806 0.0087890625 0.013177159590043924
0.0 0.1484375 0.6207906295754027 0.0078125 0.01171303074670571
0.0 0.1689453125 0.6346998535871157 0.0078125 0.013177159590043924
0.0 0.203125 0.6925329428989752 0.021484375 0.03513909224011713
0.0 0.201171875 0.6530014641288433 0.015625 0.02635431918008785
0.0 0.21484375 0.8587115666178624 0.0546875 0.0951683748169839
0.0 0.32177734375 0.7898975109809663 0.0341796875 0.05710102489019034
0.0 0.2861328125 0.7137628111273792 0.03125 0.05417276720351391
0.0 0.34033203125 0.7108345534407028 0.0244140625 0.048316251830161056
0.0 0.30712890625 0.678623718887262 0.0166015625 0.027818448023426062
0.0 0.2705078125 0.6530014641288433 0.017578125 0.03513909224011713
0.0 0.294921875 0.6581259150805271 0.017578125 0.027818448023426062
0.0 0.37158203125 0.66398243045388 0.0166015625 0.036603221083455345
0.0 0.38525390625 0.6603221083455344 0.0126953125 0.02342606149341142
0.0 0.2724609375 0.6171303074670571 0.0078125 0.013177159590043924
0.0 0.29833984375 0.6142020497803806 0.0048828125 0.010248901903367497
0.0 0.44921875 0.7415812591508053 0.03515625 0.0746705710102489
0.0 0.41552734375 0.6720351390922401 0.0185546875 0.03806734992679356
0.0 0.3857421875 0.62298682284041 0.005859375 0.010248901903367497
0.0 0.33740234375 0.62298682284041 0.0087890625 0.013177159590043924
0.0 0.345703125 0.6185944363103953 0.005859375 0.010248901903367497
0.0 0.42919921875 0.8008784773060029 0.0166015625 0.04685212298682284
0.0 0.54052734375 0.7855051244509517 0.0341796875 0.048316251830161056
0.0 0.509765625 0.7408491947291361 0.03125 0.04978038067349927
0.0 0.52734375 0.7042459736456809 0.017578125 0.032210834553440704
0.0 0.55859375 0.7313323572474377 0.021484375 0.036603221083455345
0.0 0.5458984375 0.6530014641288433 0.009765625 0.020497803806734993
0.0 0.560546875 0.6317715959004392 0.0078125 0.013177159590043924
0.0 0.47412109375 0.6478770131771596 0.0107421875 0.021961932650073207
0.0 0.61181640625 0.6903367496339677 0.0166015625 0.036603221083455345
0.0 0.6357421875 0.7481698389458272 0.02734375 0.05856515373352855
0.0 0.59619140625 0.7518301610541728 0.0224609375 0.04538799414348463
0.0 0.6708984375 0.7510980966325037 0.017578125 0.04685212298682284
0.0 0.6806640625 0.677891654465593 0.01171875 0.029282576866764276
0.0 0.75 0.7891654465592972 0.0234375 0.043923865300146414
0.0 0.6953125 0.8601756954612005 0.025390625 0.04538799414348463
0.0 0.72607421875 0.719619326500732 0.0224609375 0.03367496339677892
0.0 0.79443359375 0.6683748169838946 0.0166015625 0.03953147877013177
0.0 0.75048828125 0.6932650073206442 0.0166015625 0.021961932650073207
0.0 0.7568359375 0.6442166910688141 0.009765625 0.017569546120058566
0.0 0.71923828125 0.6390922401171303 0.0087890625 0.016105417276720352
0.0 0.93212890625 0.8967789165446559 0.0654296875 0.08052708638360176
0.0 0.94482421875 0.6405563689604685 0.0068359375 0.010248901903367497
0.0 0.80322265625 0.7320644216691069 0.0224609375 0.040995607613469986
0.0 0.87109375 0.7620790629575402 0.021484375 0.03953147877013177
0.0 0.89501953125 0.7423133235724744 0.0224609375 0.03806734992679356
0.0 0.97900390625 0.7715959004392386 0.0244140625 0.0527086383601757
0.0 0.94921875 0.7218155197657394 0.021484375 0.03513909224011713
0.0 0.84228515625 0.7027818448023426 0.0185546875 0.03513909224011713
0.0 0.96630859375 0.6332357247437774 0.0068359375 0.010248901903367497
0.0 0.9765625 0.6288433382137628 0.005859375 0.010248901903367497
