0.0 0.005859375 0.5315712187958884 0.0205078125 0.0631424375917768
0.0 0.1044921875 0.540381791483113 0.0361328125 0.06901615271659324
0.0 0.08984375 0.723935389133627 0.0439453125 0.08223201174743025
0.0 0.3291015625 0.48604992657856094 0.0478515625 0.0631424375917768
0.0 0.4677734375 0.5447870778267254 0.0380859375 0.1013215859030837
0.0 0.5576171875 0.5139500734214391 0.037109375 0.06020558002936858
0.0 0.6005859375 0.5330396475770925 0.0439453125 0.06020558002936858
0.0 0.658203125 0.4845814977973568 0.033203125 0.08223201174743025
0.0 0.6845703125 0.45374449339207046 0.0078125 0.014684287812041116
0.0 0.5458984375 0.4581497797356828 0.0068359375 0.016152716593245228
0.0 0.5546875 0.48751835535976507 0.017578125 0.023494860499265784
0.0 0.5673828125 0.447870778267254 0.0068359375 0.014684287812041116
0.0 0.61328125 0.4889867841409692 0.01171875 0.01762114537444934
0.0 0.5390625 0.4654919236417034 0.0068359375 0.013215859030837005
0.0 0.1201171875 0.4831130690161527 0.0234375 0.049926578560939794
0.0 0.5869140625 0.44493392070484583 0.0078125 0.014684287812041116
0.0 0.7109375 0.4434654919236417 0.0078125 0.01762114537444934
0.0 0.560546875 0.46402349486049926 0.0068359375 0.014684287812041116
0.0 0.94140625 0.6666666666666666 0.044921875 0.13509544787077826
0.0 0.9638671875 0.5638766519823789 0.0283203125 0.07048458149779736
0.0 0.9453125 0.5022026431718062 0.02734375 0.05726872246696035
