0.0 0.04296875 0.7891654465592972 0.0126953125 0.02342606149341142
0.0 0.330078125 0.7657393850658858 0.0087890625 0.020497803806734993
0.0 0.4638671875 0.7349926793557833 0.0087890625 0.016105417276720352
0.0 0.7763671875 0.7408491947291361 0.01171875 0.021961932650073207
0.0 0.7431640625 0.7701317715959004 0.0166015625 0.02635431918008785
0.0 0.822265625 0.862371888726208 0.0234375 0.0629575402635432
0.0 0.9228515625 0.8184480234260615 0.0205078125 0.05124450951683748
0.0 0.9384765625 0.828696925329429 0.021484375 0.05710102489019034
0.0 0.9443359375 0.9399707174231332 0.0439453125 0.060029282576866766
0.0 0.89453125 0.7891654465592972 0.015625 0.036603221083455345
0.0 0.626953125 0.746705710102489 0.0087890625 0.016105417276720352
0.0 0.7109375 0.739385065885798 0.0146484375 0.020497803806734993
0.0 0.5302734375 0.7335285505124451 0.0078125 0.014641288433382138
0.0 0.55859375 0.7276720351390923 0.005859375 0.010248901903367497
0.0 0.8857421875 0.8125915080527086 0.0146484375 0.032210834553440704
0.0 0.451171875 0.7364568081991215 0.0068359375 0.013177159590043924
0.0 0.4013671875 0.739385065885798 0.0068359375 0.017569546120058566
0.0 0.40625 0.7232796486090776 0.005859375 0.01171303074670571
0.0 0.2236328125 0.7496339677891655 0.0087890625 0.016105417276720352
0.0 0.296875 0.7306002928257687 0.0107421875 0.017569546120058566
0.0 0.06640625 0.7833089311859444 0.0087890625 0.017569546120058566
0.0 0.083984375 0.7657393850658858 0.0087890625 0.017569546120058566
