0.0 0.0498046875 0.5153733528550513 0.017578125 0.027818448023426062
0.0 0.087890625 0.657393850658858 0.0087890625 0.020497803806734993
0.0 0.111328125 0.6398243045387995 0.0087890625 0.020497803806734993
0.0 0.126953125 0.5841874084919473 0.0068359375 0.013177159590043924
0.0 0.18359375 0.6603221083455344 0.017578125 0.040995607613469986
0.0 0.134765625 0.7276720351390923 0.0205078125 0.03367496339677892
0.0 0.3076171875 0.5387994143484627 0.0078125 0.014641288433382138
0.0 0.40234375 0.5329428989751098 0.009765625 0.01903367496339678
0.0 0.3828125 0.5314787701317716 0.005859375 0.010248901903367497
0.0 0.4130859375 0.527086383601757 0.00390625 0.010248901903367497
0.0 0.51953125 0.5358711566617862 0.00390625 0.01171303074670571
0.0 0.376953125 0.6383601756954612 0.009765625 0.017569546120058566
0.0 0.53125 0.6822840409956076 0.0107421875 0.014641288433382138
0.0 0.55859375 0.6617862371888726 0.0107421875 0.024890190336749635
0.0 0.53515625 0.5841874084919473 0.005859375 0.013177159590043924
0.0 0.529296875 0.5871156661786238 0.00390625 0.008784773060029283
0.0 0.537109375 0.5431918008784773 0.0048828125 0.01171303074670571
0.0 0.5712890625 0.5373352855051244 0.0068359375 0.013177159590043924
0.0 0.580078125 0.6120058565153733 0.0048828125 0.013177159590043924
0.0 0.5908203125 0.5900439238653001 0.0048828125 0.008784773060029283
0.0 0.6201171875 0.541727672035139 0.005859375 0.008784773060029283
0.0 0.646484375 0.746705710102489 0.01171875 0.029282576866764276
0.0 0.6982421875 0.6734992679355783 0.013671875 0.02635431918008785
0.0 0.740234375 0.6749633967789166 0.009765625 0.02342606149341142
0.0 0.720703125 0.623718887262079 0.0107421875 0.01903367496339678
0.0 0.69140625 0.6017569546120058 0.0078125 0.014641288433382138
0.0 0.73828125 0.6002928257686676 0.0078125 0.016105417276720352
0.0 0.708984375 0.5344070278184481 0.0048828125 0.01171303074670571
0.0 0.9150390625 0.5344070278184481 0.005859375 0.014641288433382138
0.0 0.7470703125 0.5387994143484627 0.005859375 0.013177159590043924
0.0 0.9658203125 0.595900439238653 0.0302734375 0.07759882869692533
