0.0 0.8125 0.10784313725490197 0.04296875 0.07107843137254902
0.0 0.96875 0.06495098039215687 0.015625 0.020833333333333332
0.0 0.966796875 0.18137254901960784 0.0185546875 0.031862745098039214
0.0 0.8828125 0.16176470588235295 0.021484375 0.03553921568627451
0.0 0.8583984375 0.23774509803921567 0.01953125 0.03676470588235294
0.0 0.9306640625 0.13357843137254902 0.009765625 0.020833333333333332
0.0 0.9111328125 0.06862745098039216 0.0146484375 0.013480392156862746
0.0 0.7587890625 0.08946078431372549 0.0107421875 0.0196078431372549
0.0 0.734375 0.13357843137254902 0.0224609375 0.04044117647058824
0.0 0.69921875 0.17647058823529413 0.02734375 0.04534313725490196
0.0 0.7119140625 0.03799019607843137 0.0126953125 0.025735294117647058
0.0 0.66796875 0.1090686274509804 0.0224609375 0.03553921568627451
0.0 0.6484375 0.16789215686274508 0.0263671875 0.03799019607843137
0.0 0.6259765625 0.20465686274509803 0.0263671875 0.04044117647058824
0.0 0.6259765625 0.08455882352941177 0.015625 0.023284313725490197
0.0 0.548828125 0.01715686274509804 0.01953125 0.030637254901960783
0.0 0.568359375 0.11764705882352941 0.021484375 0.03676470588235294
0.0 0.5234375 0.16544117647058823 0.0302734375 0.041666666666666664
0.0 0.5234375 0.1482843137254902 0.013671875 0.0196078431372549
0.0 0.5068359375 0.11397058823529412 0.02734375 0.04044117647058824
0.0 0.4833984375 0.19362745098039216 0.013671875 0.03431372549019608
0.0 0.4384765625 0.19117647058823528 0.017578125 0.029411764705882353
0.0 0.4228515625 0.15808823529411764 0.0205078125 0.030637254901960783
0.0 0.37890625 0.19240196078431374 0.021484375 0.03431372549019608
0.0 0.5732421875 0.4105392156862745 0.02734375 0.03308823529411765
0.0 0.4130859375 0.20710784313725492 0.0146484375 0.025735294117647058
0.0 0.4228515625 0.22058823529411764 0.015625 0.0196078431372549
0.0 0.3466796875 0.06985294117647059 0.021484375 0.02696078431372549
0.0 0.294921875 0.125 0.0546875 0.0784313725490196
0.0 0.2822265625 0.17524509803921567 0.0185546875 0.041666666666666664
0.0 0.23046875 0.1801470588235294 0.017578125 0.0392156862745098
0.0 0.1845703125 0.14460784313725492 0.046875 0.06985294117647059
0.0 0.2666015625 0.16053921568627452 0.0146484375 0.020833333333333332
0.0 0.1279296875 0.13970588235294118 0.017578125 0.02696078431372549
0.0 0.125 0.17647058823529413 0.0244140625 0.04534313725490196
0.0 0.056640625 0.15808823529411764 0.015625 0.024509803921568627
0.0 0.0087890625 0.13357843137254902 0.0166015625 0.025735294117647058
