0.0 0.1376953125 0.103125 0.046875 0.0921875
0.0 0.6259765625 0.10625 0.0146484375 0.0296875
0.0 0.32421875 0.109375 0.0185546875 0.0421875
0.0 0.0830078125 0.203125 0.01171875 0.03125
0.0 0.0966796875 0.1015625 0.017578125 0.0359375
0.0 0.109375 0.0859375 0.0146484375 0.0296875
0.0 0.0751953125 0.1359375 0.0107421875 0.021875
0.0 0.0380859375 0.0984375 0.017578125 0.0390625
0.0 0.0361328125 0.1140625 0.01171875 0.0375
0.0 0.0068359375 0.1265625 0.0244140625 0.0421875
0.0 0.52734375 0.1 0.017578125 0.0328125
