0.0 0.0732421875 0.7565104166666666 0.01953125 0.026041666666666668
0.0 0.07275390625 0.79296875 0.0205078125 0.0390625
0.0 0.0888671875 0.7591145833333334 0.013671875 0.0234375
0.0 0.29296875 0.7584635416666666 0.01171875 0.022135416666666668
0.0 0.7421875 0.7623697916666666 0.021484375 0.03515625
0.0 0.73876953125 0.6985677083333334 0.0146484375 0.022135416666666668
0.0 0.61865234375 0.8229166666666666 0.0224609375 0.049479166666666664
0.0 0.4404296875 0.4518229166666667 0.0234375 0.036458333333333336
0.0 0.42138671875 0.244140625 0.0224609375 0.04296875
0.0 0.09326171875 0.7317708333333334 0.0126953125 0.0234375
0.0 0.31005859375 0.7877604166666666 0.0146484375 0.03125
