0.0 0.17041015625 0.4654919236417034 0.0380859375 0.05873715124816446
0.0 0.240234375 0.4801762114537445 0.03515625 0.04698972099853157
0.0 0.36083984375 0.41923641703377384 0.0380859375 0.07782672540381791
0.0 0.4931640625 0.45374449339207046 0.04296875 0.04405286343612335
0.0 0.61767578125 0.4552129221732746 0.0283203125 0.055800293685756244
0.0 0.6591796875 0.4632892804698972 0.0390625 0.06607929515418502
0.0 0.79443359375 0.40381791483113066 0.0341796875 0.06167400881057269
0.0 0.82958984375 0.5154185022026432 0.0361328125 0.055800293685756244
0.0 0.92822265625 0.40969162995594716 0.0224609375 0.055800293685756244
0.0 0.95361328125 0.4720998531571219 0.0361328125 0.05433186490455213
0.0 0.05615234375 0.14317180616740088 0.0341796875 0.04552129221732746
0.0 0.1728515625 0.16005873715124816 0.025390625 0.03524229074889868
0.0 0.2734375 0.12481644640234948 0.025390625 0.041116005873715125
0.0 0.4208984375 0.1211453744493392 0.0234375 0.048458149779735685
0.0 0.5224609375 0.1328928046989721 0.021484375 0.030837004405286344
0.0 0.6259765625 0.1211453744493392 0.021484375 0.042584434654919234
0.0 0.73388671875 0.157856093979442 0.0224609375 0.04552129221732746
0.0 0.83154296875 0.16005873715124816 0.0205078125 0.020558002936857563
0.0 0.92626953125 0.15491923641703378 0.0205078125 0.03671071953010279
