0.0 0.8125 0.2240117130307467 0.01953125 0.03367496339677892
0.0 0.7451171875 0.48462664714494874 0.0244140625 0.03953147877013177
0.0 0.1328125 0.15519765739385066 0.01953125 0.03806734992679356
0.0 0.1826171875 0.19619326500732065 0.0185546875 0.032210834553440704
0.0 0.125 0.5080527086383602 0.0224609375 0.040995607613469986
0.0 0.3291015625 0.43484626647144947 0.017578125 0.036603221083455345
0.0 0.400390625 0.29428989751098095 0.0205078125 0.036603221083455345
0.0 0.4541015625 0.2708638360175695 0.0185546875 0.03953147877013177
0.0 0.634765625 0.30453879941434847 0.0205078125 0.043923865300146414
0.0 0.724609375 0.19912152269399708 0.0224609375 0.04538799414348463
0.0 0.7060546875 0.4802342606149341 0.0224609375 0.0424597364568082
