0.0 0.0009765625 0.2747395833333333 0.0146484375 0.014973958333333334
0.0 0.033203125 0.2819010416666667 0.013671875 0.01171875
0.0 0.0576171875 0.271484375 0.0234375 0.015625
0.0 0.0908203125 0.24153645833333334 0.0234375 0.017578125
0.0 0.0908203125 0.24153645833333334 0.0244140625 0.017578125
0.0 0.15234375 0.265625 0.0205078125 0.016276041666666668
0.0 0.2080078125 0.24739583333333334 0.0244140625 0.017578125
0.0 0.23828125 0.2552083333333333 0.0224609375 0.015625
0.0 0.2802734375 0.20182291666666666 0.029296875 0.021484375
0.0 0.3427734375 0.22265625 0.021484375 0.018229166666666668
0.0 0.3857421875 0.23697916666666666 0.0205078125 0.018229166666666668
0.0 0.4189453125 0.2591145833333333 0.021484375 0.01953125
0.0 0.462890625 0.244140625 0.01953125 0.016927083333333332
0.0 0.5029296875 0.267578125 0.0205078125 0.017578125
0.0 0.537109375 0.2643229166666667 0.01953125 0.014322916666666666
0.0 0.583984375 0.2630208333333333 0.021484375 0.015625
0.0 0.6171875 0.2747395833333333 0.0205078125 0.016276041666666668
0.0 0.681640625 0.251953125 0.0205078125 0.015625
0.0 0.203125 0.3033854166666667 0.025390625 0.017578125
0.0 0.095703125 0.3561197916666667 0.0322265625 0.0234375
0.0 0.142578125 0.3561197916666667 0.0341796875 0.029296875
0.0 0.1142578125 0.392578125 0.0498046875 0.036458333333333336
0.0 0.248046875 0.3567708333333333 0.0400390625 0.032552083333333336
0.0 0.259765625 0.3990885416666667 0.0302734375 0.021484375
0.0 0.3642578125 0.4036458333333333 0.169921875 0.15169270833333334
0.0 0.53515625 0.3606770833333333 0.2109375 0.16276041666666666
0.0 0.80859375 0.3528645833333333 0.0166015625 0.014973958333333334
0.0 0.8271484375 0.4147135416666667 0.025390625 0.01953125
0.0 0.8623046875 0.4173177083333333 0.029296875 0.021484375
0.0 0.908203125 0.4303385416666667 0.0400390625 0.026041666666666668
0.0 0.9599609375 0.38671875 0.0302734375 0.025390625
0.0 0.845703125 0.392578125 0.0263671875 0.021484375
0.0 0.8623046875 0.3502604166666667 0.0234375 0.01953125
0.0 0.935546875 0.3587239583333333 0.0234375 0.01953125
0.0 0.759765625 0.2526041666666667 0.0205078125 0.015625
0.0 0.7216796875 0.2825520833333333 0.015625 0.013671875
0.0 0.7978515625 0.2760416666666667 0.0185546875 0.015625
0.0 0.876953125 0.28125 0.0185546875 0.014973958333333334
0.0 0.9296875 0.2610677083333333 0.0234375 0.014973958333333334
