0.0 0.826171875 0.9297218155197657 0.0361328125 0.07027818448023426
0.0 0.9384765625 0.7715959004392386 0.01953125 0.05710102489019034
0.0 0.912109375 0.746705710102489 0.013671875 0.040995607613469986
0.0 0.927734375 0.6998535871156661 0.009765625 0.024890190336749635
0.0 0.93359375 0.6749633967789166 0.00390625 0.010248901903367497
0.0 0.8525390625 0.7320644216691069 0.0107421875 0.024890190336749635
0.0 0.8203125 0.7306002928257687 0.005859375 0.01171303074670571
0.0 0.9384765625 0.657393850658858 0.0068359375 0.01171303074670571
0.0 0.41015625 0.849194729136164 0.0107421875 0.029282576866764276
0.0 0.443359375 0.8506588579795022 0.0126953125 0.01903367496339678
0.0 0.4833984375 0.8330893118594437 0.015625 0.0424597364568082
0.0 0.6865234375 0.7818448023426061 0.0107421875 0.02342606149341142
0.0 0.783203125 0.8199121522693997 0.021484375 0.04538799414348463
0.0 0.759765625 0.7891654465592972 0.0166015625 0.03367496339677892
0.0 0.7490234375 0.7730600292825769 0.009765625 0.016105417276720352
0.0 0.80859375 0.7774524158125915 0.0126953125 0.024890190336749635
0.0 0.802734375 0.7569546120058566 0.009765625 0.017569546120058566
0.0 0.7529296875 0.9048316251830161 0.0146484375 0.05417276720351391
0.0 0.0458984375 0.7613469985358712 0.0166015625 0.043923865300146414
0.0 0.150390625 0.9238653001464129 0.0205078125 0.055636896046852125
0.0 0.2060546875 0.8418740849194729 0.015625 0.03367496339677892
0.0 0.2021484375 0.787701317715959 0.013671875 0.027818448023426062
0.0 0.1025390625 0.739385065885798 0.0107421875 0.021961932650073207
0.0 0.044921875 0.7364568081991215 0.0078125 0.020497803806734993
0.0 0.1201171875 0.7833089311859444 0.0166015625 0.03074670571010249
0.0 0.361328125 0.7950219619326501 0.0068359375 0.014641288433382138
0.0 0.2861328125 0.8316251830161054 0.017578125 0.04538799414348463
