0.0 0.89453125 0.0 0.0107421875 0.010852713178294573
0.0 0.7421875 0.3581395348837209 0.021484375 0.05271317829457364
0.0 0.8046875 0.41550387596899224 0.029296875 0.06046511627906977
0.0 0.45703125 0.007751937984496124 0.0078125 0.013953488372093023
0.0 0.595703125 0.006201550387596899 0.0078125 0.013953488372093023
0.0 0.16015625 0.012403100775193798 0.0068359375 0.012403100775193798
0.0 0.4208984375 0.006201550387596899 0.0078125 0.017054263565891473
0.0 0.6826171875 0.010852713178294573 0.0048828125 0.013953488372093023
0.0 0.9814453125 0.0 0.0107421875 0.027906976744186046
0.0 0.84375 0.0031007751937984496 0.0068359375 0.015503875968992248
