0.0 0.07470703125 0.4197127937336815 0.0244140625 0.02741514360313316
0.0 0.427734375 0.4745430809399478 0.03125 0.05352480417754569
0.0 0.42431640625 0.3674934725848564 0.0205078125 0.037859007832898174
0.0 0.3544921875 0.3720626631853786 0.01953125 0.0391644908616188
0.0 0.28564453125 0.3825065274151436 0.0263671875 0.033942558746736295
0.0 0.37744140625 0.46866840731070497 0.0205078125 0.031331592689295036
0.0 0.5322265625 0.4621409921671018 0.033203125 0.057441253263707574
0.0 0.64599609375 0.47780678851174935 0.0302734375 0.057441253263707574
0.0 0.1064453125 0.22780678851174935 0.005859375 0.009138381201044387
0.0 0.15576171875 0.2245430809399478 0.0068359375 0.013054830287206266
0.0 0.0869140625 0.23433420365535249 0.005859375 0.01174934725848564
0.0 0.3388671875 0.18733681462140991 0.01171875 0.0195822454308094
0.0 0.41650390625 0.21279373368146215 0.0068359375 0.007832898172323759
0.0 0.46875 0.20691906005221933 0.0078125 0.014360313315926894
0.0 0.498046875 0.19451697127937337 0.0078125 0.013054830287206266
0.0 0.5185546875 0.24804177545691905 0.0078125 0.020887728459530026
0.0 0.564453125 0.1768929503916449 0.01171875 0.0195822454308094
0.0 0.66650390625 0.1762402088772846 0.0146484375 0.028720626631853787
0.0 0.69921875 0.15926892950391644 0.0234375 0.04177545691906005
0.0 0.8896484375 0.46344647519582244 0.02734375 0.044386422976501305
0.0 0.921875 0.20365535248041775 0.01953125 0.04177545691906005
0.0 0.96435546875 0.17297650130548303 0.0244140625 0.04046997389033943
0.0 0.8486328125 0.18929503916449086 0.0234375 0.044386422976501305
0.0 0.73583984375 0.18472584856396868 0.0087890625 0.016971279373368148
0.0 0.8818359375 0.17950391644908617 0.029296875 0.0587467362924282
0.0 0.8232421875 0.1860313315926893 0.0078125 0.009138381201044387
0.0 0.8359375 0.17297650130548303 0.009765625 0.016971279373368148
0.0 0.79443359375 0.1906005221932115 0.0048828125 0.010443864229765013
0.0 0.7646484375 0.18472584856396868 0.005859375 0.009138381201044387
0.0 0.392578125 0.23237597911227154 0.005859375 0.007832898172323759
0.0 0.11572265625 0.49738903394255873 0.0263671875 0.05483028720626632
0.0 0.1748046875 0.4758485639686684 0.025390625 0.050913838120104436
0.0 0.14453125 0.3563968668407311 0.029296875 0.05483028720626632
0.0 0.05029296875 0.19712793733681463 0.0048828125 0.007832898172323759
0.0 0.13720703125 0.3962140992167102 0.0185546875 0.03263707571801567
0.0 0.07861328125 0.19516971279373369 0.0068359375 0.009138381201044387
0.0 0.0146484375 0.23563968668407312 0.01953125 0.037859007832898174
