0.0 0.0673828125 0.10853293413173652 0.0390625 0.09131736526946108
0.0 0.216796875 0.5583832335329342 0.056640625 0.11976047904191617
0.0 0.154296875 0.6467065868263473 0.046875 0.12275449101796407
0.0 0.19970703125 0.8390718562874252 0.0361328125 0.13023952095808383
0.0 0.52685546875 0.36976047904191617 0.0556640625 0.1317365269461078
0.0 0.67041015625 0.44461077844311375 0.0478515625 0.08083832335329341
0.0 0.86083984375 0.1377245508982036 0.0263671875 0.07784431137724551
0.0 0.728515625 0.6923652694610778 0.041015625 0.09131736526946108
0.0 0.3564453125 0.9161676646706587 0.025390625 0.1467065868263473
0.0 0.81298828125 0.6586826347305389 0.0556640625 0.10479041916167664
0.0 0.9599609375 0.7717065868263473 0.0546875 0.058383233532934134
0.0 0.9609375 0.14895209580838323 0.015625 0.03143712574850299
