0.0 0.01171875 0.3958333333333333 0.015625 0.052083333333333336
0.0 0.0322265625 0.4140625 0.03515625 0.048177083333333336
0.0 0.0966796875 0.42578125 0.021484375 0.036458333333333336
0.0 0.2060546875 0.4361979166666667 0.0283203125 0.041666666666666664
0.0 0.265625 0.43359375 0.0234375 0.037760416666666664
0.0 0.37890625 0.4518229166666667 0.025390625 0.053385416666666664
0.0 0.3271484375 0.4830729166666667 0.0068359375 0.01171875
0.0 0.4755859375 0.4244791666666667 0.009765625 0.015625
0.0 0.5244140625 0.4127604166666667 0.0087890625 0.014322916666666666
0.0 0.6865234375 0.4296875 0.015625 0.024739583333333332
0.0 0.7607421875 0.4479166666666667 0.0263671875 0.048177083333333336
0.0 0.8359375 0.4166666666666667 0.02734375 0.03515625
0.0 0.947265625 0.40625 0.03125 0.057291666666666664
0.0 0.7587890625 0.41796875 0.009765625 0.016927083333333332
0.0 0.1318359375 0.4127604166666667 0.0048828125 0.009114583333333334
0.0 0.1728515625 0.3984375 0.005859375 0.010416666666666666
0.0 0.19140625 0.40234375 0.0029296875 0.006510416666666667
0.0 0.7333984375 0.44140625 0.009765625 0.018229166666666668
0.0 0.3701171875 0.5065104166666666 0.0087890625 0.014322916666666666
0.0 0.505859375 0.4166666666666667 0.0068359375 0.009114583333333334
0.0 0.486328125 0.4114583333333333 0.0068359375 0.013020833333333334
0.0 0.5634765625 0.4231770833333333 0.0068359375 0.010416666666666666
