0.0 0.7109375 0.2921847246891652 0.009765625 0.023090586145648313
0.0 0.740234375 0.2877442273534636 0.009765625 0.02486678507992895
0.0 0.8154296875 0.2664298401420959 0.01171875 0.02486678507992895
0.0 0.8583984375 0.23801065719360567 0.013671875 0.028419182948490232
0.0 0.91650390625 0.39431616341030196 0.0224609375 0.0497335701598579
0.0 0.76123046875 0.3872113676731794 0.0107421875 0.03197158081705151
0.0 0.2255859375 0.6252220248667851 0.02734375 0.0674955595026643
0.0 0.42626953125 0.5950266429840142 0.0302734375 0.07815275310834814
0.0 0.5859375 0.4502664298401421 0.021484375 0.037300177619893425
0.0 0.80224609375 0.3969804618117229 0.0146484375 0.037300177619893425
0.0 0.14306640625 0.7539964476021315 0.0263671875 0.08348134991119005
0.0 0.0283203125 0.46536412078152756 0.0078125 0.017761989342806393
0.0 0.0712890625 0.3774422735346359 0.0078125 0.015985790408525755
0.0 0.04931640625 0.3872113676731794 0.0048828125 0.010657193605683837
0.0 0.302734375 0.45293072824156305 0.0078125 0.021314387211367674
0.0 0.376953125 0.4200710479573712 0.01171875 0.03019538188277087
0.0 0.4873046875 0.2699822380106572 0.009765625 0.02486678507992895
0.0 0.337890625 0.3623445825932504 0.009765625 0.017761989342806393
0.0 0.31591796875 0.36589698046181174 0.0087890625 0.017761989342806393
0.0 0.2802734375 0.3063943161634103 0.009765625 0.019538188277087035
0.0 0.3310546875 0.391651865008881 0.0078125 0.015985790408525755
0.0 0.22412109375 0.3978685612788632 0.0048828125 0.014209591474245116
0.0 0.0830078125 0.38987566607460034 0.005859375 0.012433392539964476
0.0 0.32080078125 0.5301953818827708 0.0087890625 0.015985790408525755
0.0 0.2783203125 0.5612788632326821 0.009765625 0.021314387211367674
0.0 0.23974609375 0.872113676731794 0.0205078125 0.07460035523978685
0.0 0.54150390625 0.35346358792184723 0.0087890625 0.021314387211367674
0.0 0.58447265625 0.33126110124333924 0.0068359375 0.012433392539964476
0.0 0.5654296875 0.28596802841918295 0.0078125 0.021314387211367674
0.0 0.66064453125 0.2477797513321492 0.0126953125 0.03374777975133215
0.0 0.65478515625 0.3836589698046181 0.0087890625 0.017761989342806393
0.0 0.18359375 0.2841918294849023 0.00390625 0.007104795737122558
0.0 0.19873046875 0.40852575488454707 0.0087890625 0.014209591474245116
