0.0 0.0908203125 0.3958333333333333 0.013671875 0.033854166666666664
0.0 0.1640625 0.4453125 0.017578125 0.02734375
0.0 0.3857421875 0.3984375 0.013671875 0.018229166666666668
0.0 0.458984375 0.3359375 0.0166015625 0.0234375
0.0 0.4638671875 0.3658854166666667 0.01171875 0.026041666666666668
0.0 0.40625 0.5729166666666666 0.0146484375 0.0234375
0.0 0.5185546875 0.4895833333333333 0.0205078125 0.037760416666666664
0.0 0.5654296875 0.390625 0.0185546875 0.028645833333333332
0.0 0.6513671875 0.4479166666666667 0.017578125 0.026041666666666668
0.0 0.6923828125 0.45703125 0.021484375 0.036458333333333336
0.0 0.6396484375 0.48828125 0.0224609375 0.03515625
0.0 0.8212890625 0.5559895833333334 0.0185546875 0.03125
0.0 0.921875 0.59765625 0.017578125 0.03125
0.0 0.84375 0.3307291666666667 0.015625 0.01171875
0.0 0.1064453125 0.4322916666666667 0.015625 0.029947916666666668
0.0 0.95703125 0.5260416666666666 0.01171875 0.015625
