0.0 0.1962890625 0.6588541666666666 0.021484375 0.078125
0.0 0.220703125 0.64453125 0.02734375 0.078125
0.0 0.2607421875 0.63671875 0.021484375 0.0390625
0.0 0.49267578125 0.5944010416666666 0.0322265625 0.045572916666666664
0.0 0.40771484375 0.5494791666666666 0.0107421875 0.018229166666666668
0.0 0.3408203125 0.544921875 0.009765625 0.016927083333333332
0.0 0.765625 0.78125 0.03515625 0.059895833333333336
0.0 0.68701171875 0.4654947916666667 0.0185546875 0.03515625
0.0 0.783203125 0.55859375 0.013671875 0.018229166666666668
0.0 0.86474609375 0.3828125 0.0068359375 0.010416666666666666
0.0 0.48974609375 0.4954427083333333 0.0166015625 0.022135416666666668
0.0 0.6201171875 0.5240885416666666 0.009765625 0.016927083333333332
0.0 0.47607421875 0.390625 0.0048828125 0.0078125
0.0 0.4970703125 0.4114583333333333 0.0078125 0.013020833333333334
0.0 0.556640625 0.3873697916666667 0.00390625 0.006510416666666667
0.0 0.53173828125 0.4420572916666667 0.0048828125 0.009114583333333334
0.0 0.53173828125 0.3860677083333333 0.0029296875 0.006510416666666667
0.0 0.56298828125 0.513671875 0.0068359375 0.014322916666666666
0.0 0.53466796875 0.4583333333333333 0.0048828125 0.0078125
0.0 0.48583984375 0.44921875 0.0087890625 0.013020833333333334
0.0 0.89990234375 0.3717447916666667 0.0068359375 0.009114583333333334
0.0 0.939453125 0.3828125 0.0078125 0.013020833333333334
0.0 0.412109375 0.4401041666666667 0.005859375 0.013020833333333334
0.0 0.33642578125 0.49609375 0.0048828125 0.0078125
0.0 0.91064453125 0.375 0.0068359375 0.0078125
0.0 0.49169921875 0.3919270833333333 0.0048828125 0.0078125
0.0 0.51318359375 0.3880208333333333 0.0048828125 0.0078125
