0.0 0.0625 0.2952167414050822 0.0078125 0.01046337817638266
0.0 0.140625 0.28101644245142005 0.005859375 0.01195814648729447
0.0 0.41748046875 0.4200298953662182 0.0068359375 0.014947683109118086
0.0 0.9033203125 0.40881913303437967 0.015625 0.03736920777279522
0.0 0.96875 0.41778774289985054 0.01953125 0.04035874439461883
0.0 0.8642578125 0.4940209267563528 0.009765625 0.01943198804185351
0.0 0.873046875 0.5171898355754858 0.009765625 0.014947683109118086
0.0 0.79833984375 0.4581464872944694 0.0068359375 0.013452914798206279
0.0 0.80078125 0.4857997010463378 0.0078125 0.017937219730941704
0.0 0.04052734375 0.28699551569506726 0.0068359375 0.01195814648729447
0.0 0.2353515625 0.3310911808669656 0.00390625 0.007473841554559043
0.0 0.22802734375 0.3325859491778774 0.0048828125 0.01046337817638266
0.0 0.31201171875 0.32062780269058294 0.0068359375 0.013452914798206279
0.0 0.80712890625 0.4125560538116592 0.0048828125 0.01195814648729447
0.0 0.814453125 0.47757847533632286 0.005859375 0.013452914798206279
0.0 0.76025390625 0.47757847533632286 0.0048828125 0.01046337817638266
0.0 0.77197265625 0.4872944693572496 0.0068359375 0.01195814648729447
0.0 0.79296875 0.4857997010463378 0.005859375 0.01195814648729447
0.0 0.86083984375 0.5112107623318386 0.0068359375 0.008968609865470852
0.0 0.865234375 0.5351270553064275 0.0078125 0.014947683109118086
0.0 0.87060546875 0.5530642750373692 0.0068359375 0.01195814648729447
0.0 0.85888671875 0.5284005979073244 0.0068359375 0.013452914798206279
0.0 0.82763671875 0.5052316890881914 0.0087890625 0.014947683109118086
