0.0 0.0234375 0.44640234948604995 0.0078125 0.041116005873715125
0.0 0.05712890625 0.4897209985315712 0.0068359375 0.024963289280469897
0.0 0.10302734375 0.473568281938326 0.0146484375 0.039647577092511016
0.0 0.04443359375 0.5117474302496329 0.0068359375 0.016152716593245228
0.0 0.1572265625 0.46255506607929514 0.017578125 0.041116005873715125
0.0 0.294921875 0.42584434654919234 0.02734375 0.049926578560939794
0.0 0.39599609375 0.49926578560939794 0.0205078125 0.041116005873715125
0.0 0.53369140625 0.36930983847283405 0.0322265625 0.06020558002936858
0.0 0.6484375 0.4882525697503671 0.0234375 0.042584434654919234
0.0 0.7265625 0.3604992657856094 0.03125 0.0631424375917768
0.0 0.865234375 0.38839941262848754 0.01953125 0.04552129221732746
0.0 0.96826171875 0.4654919236417034 0.0068359375 0.020558002936857563
