0.0 0.41650390625 0.5021929824561403 0.0068359375 0.013157894736842105
0.0 0.38671875 0.5051169590643275 0.0078125 0.01608187134502924
0.0 0.3828125 0.5263157894736842 0.009765625 0.014619883040935672
0.0 0.3388671875 0.5160818713450293 0.0078125 0.014619883040935672
0.0 0.314453125 0.49415204678362573 0.0078125 0.02046783625730994
0.0 0.4462890625 0.45248538011695905 0.0078125 0.019005847953216373
0.0 0.4931640625 0.6337719298245614 0.017578125 0.03654970760233918
0.0 0.1259765625 0.5584795321637427 0.013671875 0.029239766081871343
0.0 0.236328125 0.5102339181286549 0.0078125 0.017543859649122806
0.0 0.0439453125 0.5738304093567251 0.013671875 0.027777777777777776
0.0 0.03271484375 0.7010233918128655 0.0341796875 0.07456140350877193
0.0 0.55126953125 0.48026315789473684 0.0068359375 0.01023391812865497
0.0 0.54345703125 0.5343567251461988 0.0185546875 0.039473684210526314
0.0 0.57763671875 0.5292397660818714 0.0107421875 0.02046783625730994
0.0 0.58642578125 0.5935672514619883 0.0205078125 0.04093567251461988
0.0 0.7216796875 0.5263157894736842 0.01171875 0.02046783625730994
0.0 0.78369140625 0.5847953216374269 0.0107421875 0.02631578947368421
0.0 0.82568359375 0.5116959064327485 0.0087890625 0.017543859649122806
0.0 0.916015625 0.5548245614035088 0.01171875 0.024853801169590642
0.0 0.9736328125 0.5387426900584795 0.013671875 0.027777777777777776
0.0 0.986328125 0.5511695906432749 0.013671875 0.02631578947368421
