0.0 0.599609375 0.4138335287221571 0.005859375 0.009378663540445486
0.0 0.6181640625 0.41852286049237986 0.009765625 0.015240328253223915
0.0 0.61328125 0.40093786635404455 0.009765625 0.015240328253223915
0.0 0.7041015625 0.388042203985932 0.0126953125 0.022274325908558032
0.0 0.8359375 0.406799531066823 0.0205078125 0.032825322391559206
0.0 0.9169921875 0.41735052754982416 0.0458984375 0.06330597889800703
0.0 0.484375 0.39273153575615477 0.015625 0.02813599062133646
0.0 0.392578125 0.3622508792497069 0.0283203125 0.05041031652989449
0.0 0.2998046875 0.3094958968347011 0.05078125 0.07854630715123095
0.0 0.2724609375 0.388042203985932 0.02734375 0.05275498241500586
0.0 0.060546875 0.4114888628370457 0.0888671875 0.1254396248534584
0.0 0.587890625 0.4970691676436108 0.0166015625 0.03399765533411489
0.0 0.62109375 0.4794841735052755 0.0244140625 0.03751465416178194
0.0 0.73828125 0.5099648300117233 0.0302734375 0.05041031652989449
0.0 0.5537109375 0.3716295427901524 0.01953125 0.038686987104337635
0.0 0.53125 0.3810082063305979 0.0322265625 0.0492379835873388
