0.0 0.357421875 0.13177159590043924 0.0078125 0.017569546120058566
0.0 0.3759765625 0.14055636896046853 0.005859375 0.014641288433382138
0.0 0.42919921875 0.13616398243045388 0.0068359375 0.014641288433382138
0.0 0.4677734375 0.13543191800878476 0.005859375 0.016105417276720352
0.0 0.48974609375 0.13543191800878476 0.0068359375 0.01903367496339678
0.0 0.4462890625 0.13689604685212298 0.005859375 0.016105417276720352
0.0 0.5341796875 0.14568081991215226 0.0078125 0.016105417276720352
0.0 0.59912109375 0.13689604685212298 0.0087890625 0.016105417276720352
0.0 0.63720703125 0.15373352855051245 0.0087890625 0.017569546120058566
0.0 0.66259765625 0.1398243045387994 0.0048828125 0.013177159590043924
0.0 0.7041015625 0.14202049780380674 0.005859375 0.01171303074670571
0.0 0.73974609375 0.14055636896046853 0.0048828125 0.014641288433382138
0.0 0.78369140625 0.13177159590043924 0.0068359375 0.017569546120058566
0.0 0.87744140625 0.1500732064421669 0.0048828125 0.013177159590043924
0.0 0.90283203125 0.14348462664714495 0.0087890625 0.017569546120058566
0.0 0.0859375 0.15592972181551976 0.0078125 0.016105417276720352
0.0 0.03662109375 0.20863836017569545 0.0302734375 0.05124450951683748
0.0 0.0947265625 0.19985358711566617 0.01953125 0.036603221083455345
0.0 0.14990234375 0.2935578330893119 0.0283203125 0.0629575402635432
0.0 0.20458984375 0.28989751098096633 0.0146484375 0.03513909224011713
0.0 0.29345703125 0.41215226939970717 0.0166015625 0.048316251830161056
0.0 0.4287109375 0.45314787701317716 0.017578125 0.024890190336749635
0.0 0.5537109375 0.5263543191800878 0.0078125 0.016105417276720352
0.0 0.58251953125 0.513177159590044 0.0068359375 0.013177159590043924
0.0 0.5869140625 0.5497803806734992 0.005859375 0.010248901903367497
0.0 0.63818359375 0.5453879941434846 0.0048828125 0.013177159590043924
0.0 0.68505859375 0.5468521229868228 0.0048828125 0.013177159590043924
0.0 0.8076171875 0.7781844802342606 0.0078125 0.021961932650073207
0.0 0.79296875 0.8667642752562226 0.013671875 0.029282576866764276
0.0 0.89306640625 0.5190336749633968 0.0068359375 0.013177159590043924
0.0 0.8466796875 0.5153733528550513 0.005859375 0.01171303074670571
0.0 0.8515625 0.5592972181551976 0.0078125 0.014641288433382138
0.0 0.8603515625 0.5812591508052709 0.00390625 0.014641288433382138
0.0 0.88037109375 0.6427525622254758 0.0087890625 0.017569546120058566
0.0 0.97119140625 0.5673499267935578 0.0068359375 0.013177159590043924
0.0 0.984375 0.5856515373352855 0.0078125 0.014641288433382138
0.0 0.96923828125 0.6061493411420205 0.0068359375 0.014641288433382138
0.0 0.63623046875 0.6127379209370425 0.0185546875 0.03953147877013177
0.0 0.5693359375 0.6874084919472914 0.017578125 0.0424597364568082
0.0 0.78369140625 0.6815519765739385 0.0068359375 0.01903367496339678
0.0 0.7587890625 0.5929721815519766 0.005859375 0.01171303074670571
0.0 0.720703125 0.5878477306002928 0.005859375 0.013177159590043924
0.0 0.912109375 0.8140556368960469 0.01171875 0.02342606149341142
0.0 0.90869140625 0.8660322108345534 0.0166015625 0.03074670571010249
0.0 0.96142578125 0.1383601756954612 0.0087890625 0.013177159590043924
0.0 0.9912109375 0.14275256222547583 0.005859375 0.013177159590043924
0.0 0.5283203125 0.5219619326500732 0.00390625 0.010248901903367497
0.0 0.521484375 0.6317715959004392 0.01171875 0.03367496339677892
0.0 0.1884765625 0.13689604685212298 0.0078125 0.013177159590043924
0.0 0.2578125 0.12664714494875548 0.0078125 0.01903367496339678
0.0 0.607421875 0.14494875549048317 0.005859375 0.01171303074670571
0.0 0.76611328125 0.5395314787701317 0.0048828125 0.010248901903367497
0.0 0.7822265625 0.5600292825768668 0.00390625 0.010248901903367497
0.0 0.810546875 0.6134699853587116 0.005859375 0.01171303074670571
