0.0 0.125 0.19206549118387908 0.013671875 0.0163727959697733
0.0 0.20654296875 0.20277078085642317 0.0263671875 0.042821158690176324
0.0 0.22802734375 0.15428211586901763 0.0126953125 0.0163727959697733
0.0 0.294921875 0.14672544080604533 0.009765625 0.0163727959697733
0.0 0.2744140625 0.14609571788413098 0.009765625 0.012594458438287154
0.0 0.166015625 0.2531486146095718 0.025390625 0.04785894206549118
0.0 0.35693359375 0.21788413098236775 0.0361328125 0.08060453400503778
0.0 0.341796875 0.1385390428211587 0.009765625 0.017632241813602016
0.0 0.30859375 0.13602015113350127 0.0078125 0.012594458438287154
0.0 0.14306640625 0.3482367758186398 0.0478515625 0.07682619647355164
0.0 0.072265625 0.32808564231738035 0.052734375 0.07178841309823678
0.0 0.3125 0.30163727959697734 0.064453125 0.09445843828715365
0.0 0.0947265625 0.46032745591939545 0.083984375 0.09445843828715365
0.0 0.22119140625 0.40365239294710326 0.0576171875 0.05667506297229219
0.0 0.44189453125 0.13224181360201512 0.0244140625 0.037783375314861464
0.0 0.42529296875 0.18324937027707808 0.0224609375 0.03904282115869018
0.0 0.47607421875 0.17632241813602015 0.0244140625 0.04030226700251889
0.0 0.5498046875 0.15365239294710328 0.029296875 0.04785894206549118
0.0 0.53271484375 0.13161209068010077 0.0224609375 0.03400503778337532
0.0 0.6279296875 0.1190176322418136 0.025390625 0.041561712846347604
0.0 0.6044921875 0.1070528967254408 0.021484375 0.0327455919395466
0.0 0.5869140625 0.12594458438287154 0.01953125 0.022670025188916875
0.0 0.46435546875 0.15050377833753148 0.0224609375 0.03400503778337532
0.0 0.66015625 0.23110831234256926 0.029296875 0.05415617128463476
0.0 0.69189453125 0.190176322418136 0.0361328125 0.06297229219143577
0.0 0.71826171875 0.1026448362720403 0.0244140625 0.041561712846347604
0.0 0.677734375 0.36712846347607053 0.04296875 0.0743073047858942
0.0 0.4658203125 0.10327455919395466 0.01171875 0.015113350125944584
0.0 0.91357421875 0.12090680100755667 0.0380859375 0.05037783375314862
0.0 0.85595703125 0.22732997481108314 0.0712890625 0.10453400503778337
0.0 0.8720703125 0.04408060453400504 0.01171875 0.022670025188916875
0.0 0.943359375 0.01700251889168766 0.01953125 0.028967254408060455
0.0 0.96240234375 0.0163727959697733 0.0107421875 0.020151133501259445
0.0 0.87060546875 0.14798488664987405 0.0263671875 0.04408060453400504
0.0 0.90478515625 0.40554156171284633 0.0673828125 0.09319899244332494
0.0 0.88623046875 0.8942065491183879 0.1435546875 0.21158690176322417
0.0 0.8818359375 0.028337531486146095 0.015625 0.02644836272040302
0.0 0.89453125 0.025818639798488665 0.01171875 0.018891687657430732
