0.0 0.11083984375 0.11631944444444445 0.0322265625 0.05555555555555555
0.0 0.22705078125 0.2387152777777778 0.0595703125 0.13368055555555555
0.0 0.0927734375 0.3029513888888889 0.078125 0.1753472222222222
0.0 0.14013671875 0.8107638888888888 0.1025390625 0.19791666666666666
0.0 0.689453125 0.13020833333333334 0.048828125 0.09375
0.0 0.72412109375 0.3394097222222222 0.0595703125 0.19270833333333334
0.0 0.82861328125 0.3454861111111111 0.0341796875 0.13194444444444445
0.0 0.68017578125 0.296875 0.0458984375 0.1423611111111111
0.0 0.5908203125 0.15885416666666666 0.033203125 0.08854166666666667
0.0 0.087890625 0.5876736111111112 0.05078125 0.1857638888888889
0.0 0.146484375 0.09375 0.02734375 0.059027777777777776
0.0 0.53466796875 0.4852430555555556 0.0791015625 0.14756944444444445
0.0 0.80712890625 0.21614583333333334 0.0380859375 0.09895833333333333
0.0 0.939453125 0.1796875 0.025390625 0.07465277777777778
0.0 0.3466796875 0.06597222222222222 0.01953125 0.03819444444444445
0.0 0.21923828125 0.0625 0.0166015625 0.034722222222222224
0.0 0.18310546875 0.6189236111111112 0.0732421875 0.11631944444444445
0.0 0.85107421875 0.3880208333333333 0.0322265625 0.11284722222222222
0.0 0.24462890625 0.09288194444444445 0.0185546875 0.057291666666666664
0.0 0.5517578125 0.2821180555555556 0.048828125 0.14756944444444445
