0.0 0.12744140625 0.2890625 0.0205078125 0.05625
0.0 0.23193359375 0.28828125 0.0322265625 0.0640625
0.0 0.388671875 0.30546875 0.01171875 0.0265625
0.0 0.3974609375 0.23125 0.029296875 0.090625
0.0 0.7548828125 0.296875 0.009765625 0.01875
0.0 0.80322265625 0.28984375 0.0087890625 0.0203125
0.0 0.84375 0.29375 0.0078125 0.021875
0.0 0.845703125 0.50078125 0.01171875 0.0265625
0.0 0.82666015625 0.41796875 0.0126953125 0.0265625
0.0 0.77734375 0.41796875 0.013671875 0.0265625
0.0 0.80126953125 0.50234375 0.0126953125 0.0265625
0.0 0.767578125 0.49375 0.01171875 0.021875
