0.0 0.0361328125 0.7905317769130998 0.03515625 0.07392996108949416
0.0 0.0595703125 0.9105058365758755 0.064453125 0.11932555123216602
0.0 0.20556640625 0.7756160830090791 0.0126953125 0.038910505836575876
0.0 0.22216796875 0.7788586251621271 0.0146484375 0.0324254215304799
0.0 0.2685546875 0.7775616083009079 0.013671875 0.040207522697795074
0.0 0.091796875 0.771076523994812 0.009765625 0.014267185473411154
0.0 0.06787109375 0.7723735408560312 0.0068359375 0.011673151750972763
0.0 0.3759765625 0.7808041504539559 0.01171875 0.028534370946822308
0.0 0.45458984375 0.7983138780804151 0.0107421875 0.019455252918287938
0.0 0.51904296875 0.771076523994812 0.0107421875 0.02464332036316472
0.0 0.54248046875 0.7684824902723736 0.0126953125 0.02464332036316472
0.0 0.599609375 0.8022049286640727 0.01171875 0.03501945525291829
0.0 0.6474609375 0.7970168612191959 0.015625 0.0324254215304799
0.0 0.6220703125 0.7957198443579766 0.013671875 0.02204928664072633
0.0 0.78271484375 0.8670557717250325 0.0498046875 0.08171206225680934
0.0 0.6875 0.804798962386511 0.017578125 0.029831387808041506
0.0 0.720703125 0.8197146562905318 0.013671875 0.0311284046692607
0.0 0.82421875 0.7892347600518806 0.013671875 0.03761348897535668
0.0 0.8076171875 0.7983138780804151 0.01953125 0.0324254215304799
0.0 0.935546875 0.7730220492866408 0.017578125 0.03372243839169909
0.0 0.97412109375 0.7529182879377432 0.0146484375 0.03501945525291829
0.0 0.3369140625 0.7574578469520103 0.0078125 0.01297016861219196
0.0 0.35009765625 0.754863813229572 0.0087890625 0.018158236057068743
0.0 0.40380859375 0.7963683527885862 0.0126953125 0.04928664072632944
0.0 0.50341796875 0.7632944228274967 0.0107421875 0.019455252918287938
