0.0 0.54833984375 0.2628398791540785 0.0068359375 0.012084592145015106
0.0 0.56640625 0.24697885196374622 0.005859375 0.013595166163141994
0.0 0.4892578125 0.23867069486404835 0.00390625 0.012084592145015106
0.0 0.56640625 0.2311178247734139 0.005859375 0.00906344410876133
0.0 0.55712890625 0.2280966767371601 0.0048828125 0.006042296072507553
0.0 0.5537109375 0.2175226586102719 0.001953125 0.006042296072507553
0.0 0.54931640625 0.24244712990936557 0.0029296875 0.0075528700906344415
0.0 0.69775390625 0.277190332326284 0.0048828125 0.010574018126888218
0.0 0.6630859375 0.3942598187311178 0.013671875 0.030211480362537766
0.0 0.736328125 0.3768882175226586 0.01171875 0.028700906344410877
0.0 0.37646484375 0.34441087613293053 0.0087890625 0.01812688821752266
0.0 0.44384765625 0.3685800604229607 0.0087890625 0.02416918429003021
0.0 0.4423828125 0.4169184290030212 0.013671875 0.03625377643504532
0.0 0.28076171875 0.4773413897280967 0.0146484375 0.03323262839879154
0.0 0.32421875 0.6163141993957704 0.01953125 0.04229607250755287
0.0 0.212890625 0.7137462235649547 0.015625 0.03474320241691843
0.0 0.6123046875 0.4735649546827795 0.005859375 0.019637462235649546
0.0 0.93701171875 0.6382175226586103 0.0146484375 0.028700906344410877
0.0 0.287109375 0.3776435045317221 0.01171875 0.02416918429003021
0.0 0.748046875 0.42900302114803623 0.013671875 0.021148036253776436
0.0 0.74755859375 0.3821752265861027 0.0146484375 0.030211480362537766
0.0 0.94921875 0.5513595166163142 0.013671875 0.030211480362537766
