0.0 0.2236328125 0.15352697095435686 0.029296875 0.06224066390041494
0.0 0.203125 0.22130013831258644 0.0302734375 0.05532503457814661
0.0 0.2255859375 0.2517289073305671 0.0380859375 0.07745504840940526
0.0 0.25390625 0.2959889349930844 0.044921875 0.08022130013831259
0.0 0.2939453125 0.20470262793914246 0.0263671875 0.051175656984785614
0.0 0.32421875 0.20055325034578148 0.033203125 0.058091286307053944
0.0 0.3505859375 0.23236514522821577 0.037109375 0.058091286307053944
0.0 0.39453125 0.24066390041493776 0.02734375 0.06085753803596127
0.0 0.4296875 0.29737206085753803 0.037109375 0.07607192254495158
0.0 0.482421875 0.2641770401106501 0.0244140625 0.06500691562932227
0.0 0.47265625 0.23098201936376211 0.01953125 0.056708160442600276
0.0 0.4423828125 0.17842323651452283 0.013671875 0.024896265560165973
0.0 0.47265625 0.18533886583679116 0.01171875 0.022130013831258646
0.0 0.298828125 0.17842323651452283 0.0185546875 0.0318118948824343
0.0 0.24609375 0.22406639004149378 0.0244140625 0.04426002766251729
0.0 0.4287109375 0.19778699861687413 0.0107421875 0.02627939142461964
0.0 0.525390625 0.1908713692946058 0.017578125 0.03872752420470263
0.0 0.5234375 0.24481327800829875 0.0244140625 0.04149377593360996
0.0 0.556640625 0.24343015214384509 0.0419921875 0.08575380359612725
0.0 0.6875 0.24066390041493776 0.0224609375 0.0636237897648686
0.0 0.7255859375 0.2517289073305671 0.0205078125 0.048409405255878286
0.0 0.7041015625 0.3360995850622407 0.037109375 0.04979253112033195
0.0 0.669921875 0.37344398340248963 0.029296875 0.07053941908713693
0.0 0.8173828125 0.34716459197787 0.021484375 0.06500691562932227
0.0 0.845703125 0.3817427385892116 0.0615234375 0.1355463347164592
0.0 0.326171875 0.5255878284923928 0.056640625 0.04564315352697095
0.0 0.330078125 0.627939142461964 0.0556640625 0.1313969571230982
0.0 0.0009765625 0.6251728907330567 0.087890625 0.1037344398340249
0.0 0.369140625 0.1673582295988935 0.013671875 0.02074688796680498
0.0 0.8896484375 0.3499308437067773 0.025390625 0.05394190871369295
