0.0 0.51318359375 0.580078125 0.0048828125 0.01171875
0.0 0.52978515625 0.5774739583333334 0.0068359375 0.014322916666666666
0.0 0.556640625 0.5716145833333334 0.02734375 0.049479166666666664
0.0 0.62646484375 0.62890625 0.0361328125 0.0703125
0.0 0.412109375 0.611328125 0.009765625 0.03515625
0.0 0.712890625 0.59765625 0.029296875 0.049479166666666664
0.0 0.728515625 0.6588541666666666 0.033203125 0.0703125
0.0 0.705078125 0.703125 0.044921875 0.09375
0.0 0.83056640625 0.6536458333333334 0.0556640625 0.0859375
0.0 0.9287109375 0.6744791666666666 0.037109375 0.0703125
0.0 0.9404296875 0.6048177083333334 0.021484375 0.048177083333333336
0.0 0.25 0.6419270833333334 0.046875 0.09635416666666667
0.0 0.32568359375 0.7565104166666666 0.0439453125 0.09635416666666667
0.0 0.61181640625 0.5553385416666666 0.0087890625 0.032552083333333336
0.0 0.2353515625 0.6009114583333334 0.029296875 0.05078125
