0.0 0.10693359375 0.6199442119944212 0.0302734375 0.06555090655509066
0.0 0.10498046875 0.7391910739191074 0.0341796875 0.08368200836820083
0.0 0.18798828125 0.600418410041841 0.0126953125 0.05718270571827057
0.0 0.2041015625 0.604602510460251 0.013671875 0.040446304044630406
0.0 0.32080078125 0.6262203626220363 0.0146484375 0.03905160390516039
0.0 0.291015625 0.5801952580195258 0.015625 0.03905160390516039
0.0 0.3212890625 0.5808926080892608 0.013671875 0.026499302649930265
0.0 0.265625 0.7580195258019525 0.01953125 0.08507670850767085
0.0 0.0263671875 0.595536959553696 0.0234375 0.08926080892608089
0.0 0.4853515625 0.6324965132496513 0.01953125 0.03765690376569038
0.0 0.529296875 0.6178521617852162 0.013671875 0.030683403068340307
0.0 0.51611328125 0.7273361227336123 0.0224609375 0.07112970711297072
0.0 0.58740234375 0.7503486750348675 0.0419921875 0.09762900976290098
0.0 0.68115234375 0.600418410041841 0.0087890625 0.03765690376569038
0.0 0.7177734375 0.606694560669456 0.013671875 0.03347280334728033
0.0 0.6494140625 0.601115760111576 0.009765625 0.019525801952580194
0.0 0.73828125 0.6387726638772664 0.0390625 0.05578800557880056
0.0 0.84423828125 0.6610878661087866 0.0263671875 0.0502092050209205
0.0 0.8818359375 0.6143654114365411 0.033203125 0.05439330543933055
0.0 0.921875 0.600418410041841 0.0234375 0.03207810320781032
0.0 0.78759765625 0.7252440725244073 0.0302734375 0.07531380753138076
0.0 0.970703125 0.7454672245467224 0.05859375 0.09902370990237098
0.0 0.98193359375 0.5794979079497908 0.0302734375 0.043235704323570434
