0.0 0.1142578125 0.16796875 0.0126953125 0.020833333333333332
0.0 0.1982421875 0.18359375 0.017578125 0.029947916666666668
0.0 0.189453125 0.2109375 0.0234375 0.040364583333333336
0.0 0.265625 0.22526041666666666 0.015625 0.0546875
0.0 0.3310546875 0.19010416666666666 0.0234375 0.045572916666666664
0.0 0.4453125 0.21484375 0.0234375 0.041666666666666664
0.0 0.5615234375 0.16276041666666666 0.0205078125 0.033854166666666664
0.0 0.66015625 0.2552083333333333 0.0224609375 0.045572916666666664
0.0 0.72265625 0.234375 0.0224609375 0.053385416666666664
0.0 0.7490234375 0.3033854166666667 0.0205078125 0.046875
0.0 0.7587890625 0.2877604166666667 0.0234375 0.052083333333333336
0.0 0.8076171875 0.24739583333333334 0.029296875 0.09635416666666667
0.0 0.91015625 0.2760416666666667 0.029296875 0.06380208333333333
0.0 0.8134765625 0.4583333333333333 0.0400390625 0.11328125
