0.0 0.89990234375 0.3522135416666667 0.0458984375 0.06380208333333333
0.0 0.77099609375 0.326171875 0.0400390625 0.05859375
0.0 0.6962890625 0.3072916666666667 0.041015625 0.052083333333333336
0.0 0.59765625 0.3522135416666667 0.0390625 0.055989583333333336
0.0 0.6103515625 0.6393229166666666 0.044921875 0.0625
0.0 0.53076171875 0.3229166666666667 0.0380859375 0.0546875
0.0 0.36474609375 0.341796875 0.0458984375 0.06640625
0.0 0.46044921875 0.3209635416666667 0.0380859375 0.06380208333333333
0.0 0.2490234375 0.294921875 0.0390625 0.061197916666666664
0.0 0.1787109375 0.3216145833333333 0.046875 0.078125
0.0 0.060546875 0.3450520833333333 0.021484375 0.033854166666666664
0.0 0.41552734375 0.337890625 0.0166015625 0.024739583333333332
0.0 0.32177734375 0.3203125 0.0146484375 0.0234375
0.0 0.49169921875 0.328125 0.0146484375 0.018229166666666668
