0.0 0.8759765625 0.19813084112149532 0.0224609375 0.05794392523364486
0.0 0.8017578125 0.18504672897196262 0.02734375 0.05420560747663551
0.0 0.7734375 0.1588785046728972 0.0283203125 0.059813084112149535
0.0 0.763671875 0.1252336448598131 0.021484375 0.048598130841121495
0.0 0.6923828125 0.17757009345794392 0.0302734375 0.07289719626168224
0.0 0.5458984375 0.2205607476635514 0.0419921875 0.08411214953271028
0.0 0.2548828125 0.18130841121495328 0.03515625 0.06355140186915888
0.0 0.349609375 0.22429906542056074 0.0380859375 0.07102803738317758
0.0 0.1337890625 0.15514018691588785 0.0302734375 0.056074766355140186
0.0 0.0517578125 0.14579439252336449 0.0341796875 0.07102803738317758
0.0 0.0107421875 0.03925233644859813 0.009765625 0.022429906542056073
0.0 0.01171875 0.016822429906542057 0.009765625 0.020560747663551402
0.0 0.0244140625 0.005607476635514018 0.009765625 0.022429906542056073
0.0 0.052734375 0.001869158878504673 0.009765625 0.020560747663551402
0.0 0.072265625 0.0 0.0087890625 0.013084112149532711
0.0 0.0849609375 0.009345794392523364 0.009765625 0.022429906542056073
0.0 0.111328125 0.009345794392523364 0.0087890625 0.022429906542056073
0.0 0.126953125 0.0 0.009765625 0.020560747663551402
0.0 0.16796875 0.029906542056074768 0.0078125 0.018691588785046728
0.0 0.193359375 0.026168224299065422 0.0068359375 0.016822429906542057
0.0 0.203125 0.028037383177570093 0.0048828125 0.016822429906542057
0.0 0.2392578125 0.024299065420560748 0.0068359375 0.013084112149532711
0.0 0.2412109375 0.003738317757009346 0.005859375 0.014953271028037384
0.0 0.2783203125 0.014953271028037384 0.0087890625 0.014953271028037384
0.0 0.2998046875 0.003738317757009346 0.0078125 0.020560747663551402
0.0 0.1552734375 0.011214953271028037 0.0087890625 0.016822429906542057
0.0 0.62109375 0.044859813084112146 0.009765625 0.028037383177570093
0.0 0.6591796875 0.013084112149532711 0.0078125 0.020560747663551402
