0.0 0.35400390625 0.49163449163449163 0.0361328125 0.059202059202059204
0.0 0.19482421875 0.43114543114543114 0.0419921875 0.06692406692406692
0.0 0.126953125 0.323037323037323 0.033203125 0.05148005148005148
0.0 0.015625 0.3886743886743887 0.02734375 0.04118404118404118
0.0 0.20556640625 0.3487773487773488 0.0283203125 0.043758043758043756
0.0 0.3115234375 0.30952380952380953 0.025390625 0.047619047619047616
0.0 0.4521484375 0.3564993564993565 0.02734375 0.043758043758043756
0.0 0.34375 0.3552123552123552 0.029296875 0.0489060489060489
0.0 0.5126953125 0.5546975546975547 0.025390625 0.04633204633204633
0.0 0.548828125 0.5135135135135135 0.025390625 0.043758043758043756
0.0 0.63720703125 0.5115830115830116 0.0302734375 0.039897039897039896
0.0 0.513671875 0.37194337194337196 0.0234375 0.03346203346203346
0.0 0.55224609375 0.3835263835263835 0.0224609375 0.03346203346203346
0.0 0.60546875 0.3738738738738739 0.0234375 0.032175032175032175
0.0 0.63671875 0.3912483912483912 0.0234375 0.03346203346203346
0.0 0.703125 0.37194337194337196 0.021484375 0.03088803088803089
0.0 0.650390625 0.4009009009009009 0.017578125 0.032175032175032175
0.0 0.7958984375 0.5102960102960103 0.01953125 0.029601029601029602
0.0 0.85986328125 0.5038610038610039 0.0205078125 0.032175032175032175
0.0 0.8505859375 0.4337194337194337 0.01953125 0.03088803088803089
0.0 0.89697265625 0.4420849420849421 0.0224609375 0.032175032175032175
0.0 0.93603515625 0.4407979407979408 0.0224609375 0.03474903474903475
0.0 0.7783203125 0.4851994851994852 0.0234375 0.03346203346203346
0.0 0.79150390625 0.4510939510939511 0.0244140625 0.029601029601029602
0.0 0.7734375 0.45045045045045046 0.021484375 0.03088803088803089
0.0 0.7333984375 0.41505791505791506 0.01953125 0.032175032175032175
0.0 0.58447265625 0.3886743886743887 0.0166015625 0.028314028314028315
