0.0 0.888671875 0.0674931129476584 0.0478515625 0.07575757575757576
0.0 0.7783203125 0.09228650137741047 0.06640625 0.09917355371900827
0.0 0.7138671875 0.0440771349862259 0.0576171875 0.07713498622589532
0.0 0.6943359375 0.045454545454545456 0.0361328125 0.06473829201101929
0.0 0.98046875 0.08539944903581267 0.01953125 0.0881542699724518
0.0 0.400390625 0.1446280991735537 0.076171875 0.1046831955922865
0.0 0.5517578125 0.04132231404958678 0.0498046875 0.07851239669421488
0.0 0.5 0.04269972451790634 0.04296875 0.07713498622589532
0.0 0.3447265625 0.0027548209366391185 0.0458984375 0.05647382920110193
0.0 0.30859375 0.0027548209366391185 0.0380859375 0.046831955922865015
0.0 0.251953125 0.0440771349862259 0.05078125 0.08402203856749312
0.0 0.2705078125 0.2713498622589532 0.0556640625 0.10743801652892562
0.0 0.1103515625 0.005509641873278237 0.0458984375 0.081267217630854
0.0 0.1728515625 0.11432506887052342 0.0458984375 0.07713498622589532
0.0 0.197265625 0.0013774104683195593 0.0458984375 0.06887052341597796
0.0 0.0185546875 0.11707988980716254 0.044921875 0.07713498622589532
0.0 0.0390625 0.026170798898071626 0.0458984375 0.07851239669421488
0.0 0.6591796875 0.0 0.0419921875 0.04269972451790634
