0.0 0.0146484375 0.445750452079566 0.015625 0.0379746835443038
0.0 0.05419921875 0.43399638336347196 0.0205078125 0.054249547920433995
0.0 0.15771484375 0.5289330922242315 0.0166015625 0.0379746835443038
0.0 0.23291015625 0.4231464737793852 0.0302734375 0.0759493670886076
0.0 0.296875 0.391500904159132 0.02734375 0.0705244122965642
0.0 0.36181640625 0.39511754068716093 0.0263671875 0.081374321880651
0.0 0.61669921875 0.3833634719710669 0.0322265625 0.07956600361663653
0.0 0.50927734375 0.3037974683544304 0.0166015625 0.05063291139240506
0.0 0.73291015625 0.4104882459312839 0.0205078125 0.05786618444846293
0.0 0.787109375 0.42857142857142855 0.01171875 0.0325497287522604
0.0 0.8037109375 0.4240506329113924 0.009765625 0.0379746835443038
0.0 0.81103515625 0.42495479204339964 0.0166015625 0.039783001808318265
0.0 0.84375 0.41500904159132007 0.015625 0.0379746835443038
0.0 0.86328125 0.43399638336347196 0.0234375 0.0650994575045208
0.0 0.89453125 0.37341772151898733 0.02734375 0.06329113924050633
0.0 0.8369140625 0.2468354430379747 0.009765625 0.03074141048824593
0.0 0.83837890625 0.28933092224231466 0.0107421875 0.02531645569620253
0.0 0.861328125 0.29023508137432186 0.013671875 0.034358047016274866
0.0 0.87646484375 0.2640144665461121 0.0107421875 0.0325497287522604
0.0 0.853515625 0.31645569620253167 0.009765625 0.028933092224231464
0.0 0.8212890625 0.2766726943942134 0.009765625 0.028933092224231464
0.0 0.81689453125 0.31193490054249545 0.0068359375 0.019891500904159132
0.0 0.890625 0.2965641952983725 0.0078125 0.0216998191681736
0.0 0.9443359375 0.4177215189873418 0.015625 0.0433996383363472
0.0 0.970703125 0.4159132007233273 0.01953125 0.04701627486437613
0.0 0.6611328125 0.29294755877034356 0.013671875 0.0433996383363472
