0.0 0.6396484375 0.21844059405940594 0.009765625 0.018564356435643563
0.0 0.65478515625 0.19801980198019803 0.0087890625 0.017326732673267328
0.0 0.7080078125 0.20173267326732675 0.009765625 0.019801980198019802
0.0 0.72265625 0.2233910891089109 0.009765625 0.018564356435643563
0.0 0.7548828125 0.21596534653465346 0.01171875 0.018564356435643563
0.0 0.9560546875 0.2301980198019802 0.009765625 0.017326732673267328
0.0 0.82373046875 0.24195544554455445 0.0576171875 0.09282178217821782
0.0 0.4814453125 0.18007425742574257 0.013671875 0.023514851485148515
0.0 0.3818359375 0.2295792079207921 0.01953125 0.03341584158415842
0.0 0.33056640625 0.2004950495049505 0.0185546875 0.03217821782178218
0.0 0.28564453125 0.2332920792079208 0.0283203125 0.04579207920792079
0.0 0.34765625 0.34715346534653463 0.03125 0.04826732673267327
0.0 0.55029296875 0.2438118811881188 0.0439453125 0.06683168316831684
