0.0 0.1494140625 0.4505851755526658 0.03125 0.053315994798439535
0.0 0.24609375 0.4284785435630689 0.02734375 0.045513654096228866
0.0 0.35009765625 0.42197659297789336 0.0283203125 0.045513654096228866
0.0 0.39208984375 0.38686605981794536 0.0224609375 0.0377113133940182
0.0 0.4560546875 0.39011703511053314 0.02734375 0.04681404421326398
0.0 0.54736328125 0.4304291287386216 0.0283203125 0.0494148244473342
0.0 0.56640625 0.33224967490247076 0.0234375 0.045513654096228866
0.0 0.6474609375 0.3563068920676203 0.03125 0.04681404421326398
0.0 0.78173828125 0.31469440832249673 0.0263671875 0.05201560468140442
0.0 0.7822265625 0.38296488946684004 0.02734375 0.05071521456436931
