0.0 0.4111328125 0.27492447129909364 0.013671875 0.028700906344410877
0.0 0.4189453125 0.3021148036253776 0.01171875 0.02416918429003021
0.0 0.4384765625 0.2719033232628399 0.0126953125 0.03172205438066465
0.0 0.451171875 0.2809667673716012 0.01171875 0.03172205438066465
0.0 0.4609375 0.2794561933534743 0.013671875 0.03172205438066465
0.0 0.4814453125 0.27794561933534745 0.013671875 0.03323262839879154
0.0 0.5 0.2809667673716012 0.0146484375 0.03474320241691843
0.0 0.521484375 0.26132930513595165 0.017578125 0.03625377643504532
0.0 0.5400390625 0.27341389728096677 0.0146484375 0.03625377643504532
0.0 0.5517578125 0.2719033232628399 0.015625 0.03625377643504532
0.0 0.5712890625 0.2809667673716012 0.0185546875 0.04229607250755287
0.0 0.587890625 0.26586102719033233 0.0166015625 0.04229607250755287
0.0 0.6064453125 0.3066465256797583 0.013671875 0.03323262839879154
0.0 0.6298828125 0.28700906344410876 0.0185546875 0.0377643504531722
0.0 0.6640625 0.2688821752265861 0.0185546875 0.04229607250755287
0.0 0.6826171875 0.30362537764350456 0.0166015625 0.03625377643504532
0.0 0.705078125 0.297583081570997 0.0224609375 0.04380664652567976
0.0 0.7412109375 0.2809667673716012 0.0185546875 0.04229607250755287
0.0 0.7607421875 0.26586102719033233 0.0244140625 0.04833836858006042
0.0 0.7822265625 0.30362537764350456 0.021484375 0.045317220543806644
0.0 0.8056640625 0.2764350453172205 0.0234375 0.0513595166163142
0.0 0.8427734375 0.2688821752265861 0.0234375 0.052870090634441085
0.0 0.88671875 0.27794561933534745 0.0205078125 0.054380664652567974
0.0 0.912109375 0.3066465256797583 0.0166015625 0.04833836858006042
0.0 0.92578125 0.2990936555891239 0.0283203125 0.052870090634441085
0.0 0.9619140625 0.283987915407855 0.0224609375 0.054380664652567974
0.0 0.986328125 0.3021148036253776 0.013671875 0.055891238670694864
0.0 0.0849609375 0.2311178247734139 0.0361328125 0.0891238670694864
0.0 0.1064453125 0.26132930513595165 0.0361328125 0.08006042296072508
