0.0 0.029296875 0.21283255086071987 0.0322265625 0.056338028169014086
0.0 0.201171875 0.18935837245696402 0.0244140625 0.046948356807511735
0.0 0.4560546875 0.18466353677621283 0.0439453125 0.07355242566510173
0.0 0.6181640625 0.2112676056338028 0.03125 0.0594679186228482
0.0 0.693359375 0.20500782472613457 0.02734375 0.051643192488262914
0.0 0.76171875 0.20031298904538342 0.0205078125 0.04225352112676056
0.0 0.7509765625 0.21283255086071987 0.01171875 0.025039123630672927
0.0 0.8125 0.21283255086071987 0.0107421875 0.02190923317683881
0.0 0.8857421875 0.25821596244131456 0.0078125 0.014084507042253521
0.0 0.9404296875 0.2676056338028169 0.0068359375 0.014084507042253521
0.0 0.853515625 0.26604068857589985 0.0048828125 0.010954616588419406
0.0 0.8642578125 0.26134585289514867 0.0048828125 0.009389671361502348
