0.0 0.1796875 0.3087071240105541 0.037109375 0.06992084432717678
0.0 0.28125 0.370712401055409 0.0302734375 0.051451187335092345
0.0 0.34375 0.36675461741424803 0.0263671875 0.047493403693931395
0.0 0.4228515625 0.3469656992084433 0.0400390625 0.06068601583113457
0.0 0.5048828125 0.4050131926121372 0.0244140625 0.040897097625329816
0.0 0.5390625 0.420844327176781 0.017578125 0.032981530343007916
0.0 0.564453125 0.4366754617414248 0.0185546875 0.029023746701846966
0.0 0.59375 0.42216358839050133 0.0244140625 0.03825857519788918
0.0 0.63671875 0.43007915567282323 0.021484375 0.032981530343007916
0.0 0.6884765625 0.43271767810026385 0.0185546875 0.0316622691292876
0.0 0.7490234375 0.46437994722955145 0.017578125 0.029023746701846966
0.0 0.787109375 0.48021108179419525 0.0166015625 0.026385224274406333
0.0 0.8173828125 0.49340369393139843 0.0146484375 0.023746701846965697
0.0 0.859375 0.5013192612137203 0.0107421875 0.01978891820580475
0.0 0.884765625 0.5 0.009765625 0.021108179419525065
0.0 0.927734375 0.48548812664907653 0.017578125 0.029023746701846966
0.0 0.8056640625 0.4920844327176781 0.0107421875 0.01978891820580475
0.0 0.8427734375 0.5026385224274407 0.0107421875 0.022427440633245383
0.0 0.83203125 0.5026385224274407 0.0087890625 0.01978891820580475
0.0 0.5322265625 0.42480211081794195 0.0107421875 0.022427440633245383
0.0 0.7255859375 0.470976253298153 0.0107421875 0.0158311345646438
0.0 0.8759765625 0.5065963060686016 0.009765625 0.017150395778364115
0.0 0.7705078125 0.4841688654353562 0.0087890625 0.0158311345646438
