0.0 0.08349609375 0.330078125 0.0400390625 0.061197916666666664
0.0 0.26025390625 0.3111979166666667 0.0458984375 0.07291666666666667
0.0 0.3955078125 0.3391927083333333 0.03515625 0.055989583333333336
0.0 0.42431640625 0.3059895833333333 0.0107421875 0.018229166666666668
0.0 0.3076171875 0.3665364583333333 0.009765625 0.016927083333333332
0.0 0.32275390625 0.3951822916666667 0.0166015625 0.02734375
0.0 0.3583984375 0.3815104166666667 0.015625 0.028645833333333332
0.0 0.451171875 0.3522135416666667 0.029296875 0.048177083333333336
0.0 0.5185546875 0.2766927083333333 0.009765625 0.016927083333333332
0.0 0.46728515625 0.3470052083333333 0.0068359375 0.016927083333333332
0.0 0.55078125 0.365234375 0.009765625 0.016927083333333332
0.0 0.53466796875 0.36328125 0.0087890625 0.015625
0.0 0.521484375 0.3893229166666667 0.01953125 0.028645833333333332
0.0 0.5009765625 0.3359375 0.0078125 0.020833333333333332
0.0 0.52392578125 0.33984375 0.0087890625 0.018229166666666668
0.0 0.5693359375 0.3229166666666667 0.0078125 0.020833333333333332
0.0 0.62841796875 0.328125 0.0400390625 0.07291666666666667
0.0 0.66845703125 0.2936197916666667 0.0087890625 0.01953125
0.0 0.673828125 0.3157552083333333 0.009765625 0.022135416666666668
0.0 0.65380859375 0.3424479166666667 0.0087890625 0.020833333333333332
0.0 0.7021484375 0.3040364583333333 0.009765625 0.022135416666666668
0.0 0.708984375 0.318359375 0.01171875 0.022135416666666668
0.0 0.7490234375 0.2858072916666667 0.015625 0.02734375
0.0 0.74072265625 0.3333333333333333 0.0166015625 0.028645833333333332
0.0 0.76171875 0.3391927083333333 0.017578125 0.02734375
0.0 0.73876953125 0.3717447916666667 0.0146484375 0.022135416666666668
0.0 0.8154296875 0.330078125 0.037109375 0.05859375
0.0 0.8720703125 0.3313802083333333 0.013671875 0.029947916666666668
0.0 0.888671875 0.287109375 0.013671875 0.024739583333333332
0.0 0.90478515625 0.353515625 0.0244140625 0.040364583333333336
0.0 0.93896484375 0.359375 0.0244140625 0.044270833333333336
0.0 0.96044921875 0.3326822916666667 0.0126953125 0.024739583333333332
0.0 0.052734375 0.3873697916666667 0.013671875 0.022135416666666668
0.0 0.00732421875 0.375 0.0107421875 0.020833333333333332
0.0 0.0400390625 0.3743489583333333 0.01171875 0.014322916666666666
0.0 0.49658203125 0.3118489583333333 0.0107421875 0.01953125
0.0 0.470703125 0.3802083333333333 0.009765625 0.015625
0.0 0.50439453125 0.392578125 0.0087890625 0.016927083333333332
0.0 0.4833984375 0.3678385416666667 0.009765625 0.014322916666666666
0.0 0.21728515625 0.3463541666666667 0.0068359375 0.013020833333333334
0.0 0.19287109375 0.3528645833333333 0.0048828125 0.010416666666666666
