0.0 0.2509765625 0.38686605981794536 0.0234375 0.027308192457737322
0.0 0.29638671875 0.4135240572171652 0.0166015625 0.031209362808842653
0.0 0.32421875 0.40182054616384916 0.01171875 0.031209362808842653
0.0 0.35595703125 0.38881664499349805 0.0205078125 0.031209362808842653
0.0 0.41943359375 0.41807542262678804 0.0166015625 0.02990897269180754
0.0 0.46044921875 0.4096228868660598 0.0146484375 0.02600780234070221
0.0 0.517578125 0.4265279583875163 0.021484375 0.02860858257477243
0.0 0.5849609375 0.4057217165149545 0.015625 0.031209362808842653
0.0 0.611328125 0.4187256176853056 0.017578125 0.02600780234070221
0.0 0.67529296875 0.41092327698309494 0.0126953125 0.02860858257477243
0.0 0.68798828125 0.40377113133940185 0.0224609375 0.032509752925877766
0.0 0.76025390625 0.4544863459037711 0.0087890625 0.011703511053315995
0.0 0.01318359375 0.4057217165149545 0.0107421875 0.02080624187256177
0.0 0.72802734375 0.45318595578673604 0.0087890625 0.01950585175552666
0.0 0.8095703125 0.4596879063719116 0.009765625 0.014304291287386216
