0.0 0.08056640625 0.598250336473755 0.0302734375 0.047106325706594884
0.0 0.55322265625 0.5127860026917901 0.0283203125 0.06191117092866756
0.0 0.40673828125 0.4993270524899058 0.0302734375 0.05114401076716016
0.0 0.486328125 0.5410497981157469 0.033203125 0.04845222072678331
0.0 0.5625 0.7267833109017496 0.03515625 0.05383580080753701
0.0 0.49365234375 0.40309555854643336 0.0166015625 0.033647375504710635
0.0 0.6328125 0.5383580080753702 0.01953125 0.03230148048452221
0.0 0.88818359375 0.5370121130551817 0.0302734375 0.04845222072678331
0.0 0.078125 0.36002691790040375 0.009765625 0.02557200538358008
0.0 0.33544921875 0.3452220726783311 0.0126953125 0.02288021534320323
