0.0 0.49658203125 0.3321114369501466 0.0263671875 0.045454545454545456
0.0 0.8212890625 0.5219941348973607 0.0078125 0.01466275659824047
0.0 0.919921875 0.5219941348973607 0.005859375 0.011730205278592375
0.0 0.939453125 0.5205278592375366 0.005859375 0.011730205278592375
0.0 0.96630859375 0.5513196480938416 0.0048828125 0.011730205278592375
0.0 0.99169921875 0.5579178885630498 0.0068359375 0.013196480938416423
0.0 0.04248046875 0.5630498533724341 0.0087890625 0.02346041055718475
0.0 0.064453125 0.5637829912023461 0.009765625 0.01906158357771261
0.0 0.8974609375 0.5689149560117303 0.005859375 0.01466275659824047
0.0 0.91552734375 0.5769794721407625 0.0048828125 0.010263929618768328
0.0 0.85986328125 0.5168621700879765 0.0068359375 0.010263929618768328
0.0 0.8740234375 0.5652492668621701 0.005859375 0.010263929618768328
0.0 0.8779296875 0.5601173020527859 0.005859375 0.011730205278592375
0.0 0.984375 0.5139296187683284 0.005859375 0.010263929618768328
0.0 0.9853515625 0.5432551319648093 0.00390625 0.010263929618768328
0.0 0.90576171875 0.5190615835777126 0.0048828125 0.008797653958944282
