0.0 0.1396484375 0.40702781844802344 0.0087890625 0.014641288433382138
0.0 0.08203125 0.4011713030746706 0.0078125 0.017569546120058566
0.0 0.099609375 0.4363103953147877 0.0107421875 0.020497803806734993
0.0 0.115234375 0.4480234260614934 0.0107421875 0.016105417276720352
0.0 0.0517578125 0.4538799414348463 0.009765625 0.020497803806734993
0.0 0.1572265625 0.45973645680819913 0.0126953125 0.021961932650073207
0.0 0.0546875 0.486090775988287 0.0146484375 0.03074670571010249
0.0 0.12109375 0.48316251830161056 0.0107421875 0.02342606149341142
0.0 0.083984375 0.6896046852122987 0.0400390625 0.06881405563689605
0.0 0.2919921875 0.5285505124450952 0.0185546875 0.032210834553440704
0.0 0.2958984375 0.48316251830161056 0.0107421875 0.027818448023426062
0.0 0.3251953125 0.47144948755490484 0.01171875 0.029282576866764276
0.0 0.376953125 0.5212298682284041 0.0146484375 0.029282576866764276
0.0 0.1943359375 0.47144948755490484 0.009765625 0.020497803806734993
0.0 0.0390625 0.44216691068814057 0.013671875 0.02342606149341142
0.0 0.3642578125 0.48462664714494874 0.0107421875 0.027818448023426062
0.0 0.4755859375 0.47291361639824303 0.0205078125 0.040995607613469986
0.0 0.5185546875 0.5344070278184481 0.0166015625 0.036603221083455345
0.0 0.537109375 0.48755490483162517 0.0087890625 0.02342606149341142
0.0 0.548828125 0.5168374816983895 0.0146484375 0.029282576866764276
0.0 0.5126953125 0.4992679355783309 0.0146484375 0.021961932650073207
0.0 0.6240234375 0.45534407027818447 0.0224609375 0.055636896046852125
0.0 0.72265625 0.4494875549048316 0.0185546875 0.04978038067349927
0.0 0.75390625 0.5109809663250366 0.0146484375 0.02635431918008785
0.0 0.9140625 0.5710102489019033 0.01171875 0.027818448023426062
0.0 0.00390625 0.4289897510980966 0.013671875 0.021961932650073207
0.0 0.068359375 0.4538799414348463 0.0087890625 0.017569546120058566
0.0 0.2802734375 0.4582723279648609 0.009765625 0.02342606149341142
0.0 0.2587890625 0.47144948755490484 0.0107421875 0.024890190336749635
