0.0 0.03759765625 0.4791666666666667 0.0146484375 0.052083333333333336
0.0 0.05078125 0.5147569444444444 0.021484375 0.043402777777777776
0.0 0.0732421875 0.5121527777777778 0.013671875 0.027777777777777776
0.0 0.08935546875 0.4835069444444444 0.0107421875 0.019097222222222224
0.0 0.76416015625 0.4895833333333333 0.0146484375 0.027777777777777776
0.0 0.8310546875 0.4947916666666667 0.021484375 0.04513888888888889
0.0 0.85009765625 0.484375 0.0126953125 0.034722222222222224
0.0 0.859375 0.4887152777777778 0.015625 0.026041666666666668
0.0 0.88916015625 0.484375 0.0185546875 0.04513888888888889
0.0 0.35400390625 0.5078125 0.0185546875 0.03993055555555555
0.0 0.388671875 0.4852430555555556 0.015625 0.036458333333333336
0.0 0.408203125 0.4756944444444444 0.013671875 0.03125
0.0 0.42919921875 0.4730902777777778 0.0126953125 0.029513888888888888
0.0 0.45458984375 0.5355902777777778 0.0166015625 0.03993055555555555
0.0 0.46337890625 0.4887152777777778 0.0107421875 0.029513888888888888
0.0 0.48486328125 0.5104166666666666 0.0126953125 0.027777777777777776
0.0 0.51123046875 0.4887152777777778 0.0107421875 0.022569444444444444
0.0 0.51904296875 0.5286458333333334 0.0166015625 0.036458333333333336
0.0 0.5322265625 0.5789930555555556 0.017578125 0.03298611111111111
0.0 0.56494140625 0.4722222222222222 0.0126953125 0.03819444444444445
0.0 0.2841796875 0.7526041666666666 0.02734375 0.06770833333333333
0.0 0.46240234375 0.7847222222222222 0.0224609375 0.0625
0.0 0.6298828125 0.3993055555555556 0.04296875 0.12152777777777778
0.0 0.70751953125 0.5199652777777778 0.0185546875 0.03993055555555555
0.0 0.92333984375 0.4947916666666667 0.0224609375 0.041666666666666664
0.0 0.9482421875 0.4739583333333333 0.029296875 0.0625
0.0 0.14697265625 0.5173611111111112 0.0107421875 0.027777777777777776
0.0 0.25439453125 0.5269097222222222 0.0146484375 0.03993055555555555
0.0 0.13525390625 0.5 0.0068359375 0.027777777777777776
0.0 0.166015625 0.5243055555555556 0.009765625 0.020833333333333332
0.0 0.19384765625 0.5 0.0087890625 0.017361111111111112
0.0 0.15380859375 0.5 0.0068359375 0.020833333333333332
0.0 0.18310546875 0.5182291666666666 0.0068359375 0.012152777777777778
0.0 0.20947265625 0.5260416666666666 0.0224609375 0.04513888888888889
0.0 0.2275390625 0.5008680555555556 0.009765625 0.022569444444444444
0.0 0.2744140625 0.5321180555555556 0.017578125 0.043402777777777776
0.0 0.3056640625 0.5095486111111112 0.01171875 0.026041666666666668
0.0 0.32568359375 0.5130208333333334 0.0087890625 0.022569444444444444
0.0 0.32763671875 0.4921875 0.0087890625 0.015625
0.0 0.7900390625 0.4921875 0.013671875 0.03298611111111111
0.0 0.7685546875 0.6484375 0.021484375 0.03993055555555555
