0.0 0.1015625 0.29178885630498536 0.052734375 0.0967741935483871
0.0 0.17626953125 0.29838709677419356 0.0498046875 0.08357771260997067
0.0 0.283203125 0.3379765395894428 0.046875 0.09530791788856305
0.0 0.36767578125 0.2969208211143695 0.0498046875 0.08651026392961877
0.0 0.4716796875 0.32331378299120234 0.044921875 0.10997067448680352
0.0 0.49560546875 0.27419354838709675 0.0380859375 0.06451612903225806
0.0 0.556640625 0.34750733137829914 0.041015625 0.08504398826979472
0.0 0.61474609375 0.36436950146627567 0.0380859375 0.0689149560117302
0.0 0.6689453125 0.3357771260997067 0.037109375 0.06744868035190615
0.0 0.7275390625 0.2969208211143695 0.04296875 0.08064516129032258
0.0 0.796875 0.3255131964809384 0.037109375 0.06451612903225806
0.0 0.84423828125 0.3621700879765396 0.0322265625 0.06744868035190615
0.0 0.8828125 0.35703812316715544 0.029296875 0.06598240469208211
0.0 0.93798828125 0.34824046920821117 0.0380859375 0.06598240469208211
0.0 0.3203125 0.2697947214076246 0.025390625 0.07038123167155426
0.0 0.41259765625 0.31744868035190615 0.0458984375 0.0689149560117302
0.0 0.76025390625 0.3467741935483871 0.0341796875 0.0689149560117302
