0.0 0.185546875 0.511472275334608 0.021484375 0.06692160611854685
0.0 0.22607421875 0.4770554493307839 0.0166015625 0.05162523900573614
0.0 0.279296875 0.494263862332696 0.017578125 0.04397705544933078
0.0 0.314453125 0.44550669216061184 0.013671875 0.03824091778202677
0.0 0.34521484375 0.49904397705544934 0.0166015625 0.0497131931166348
0.0 0.4130859375 0.44550669216061184 0.017578125 0.045889101338432124
0.0 0.443359375 0.4961759082217973 0.017578125 0.05927342256214149
0.0 0.5693359375 0.5124282982791587 0.021484375 0.06883365200764818
0.0 0.61328125 0.4808795411089866 0.017578125 0.05162523900573614
0.0 0.66650390625 0.497131931166348 0.0166015625 0.0497131931166348
0.0 0.7041015625 0.4502868068833652 0.015625 0.040152963671128104
0.0 0.8017578125 0.4502868068833652 0.015625 0.04780114722753346
0.0 0.830078125 0.5038240917782026 0.01953125 0.05927342256214149
0.0 0.732421875 0.5019120458891013 0.017578125 0.05162523900573614
