0.0 0.01953125 0.3685897435897436 0.01953125 0.022435897435897436
0.0 0.0517578125 0.3557692307692308 0.01953125 0.02564102564102564
0.0 0.080078125 0.3547008547008547 0.01953125 0.026709401709401708
0.0 0.1025390625 0.36217948717948717 0.0224609375 0.03205128205128205
0.0 0.12890625 0.3525641025641026 0.0234375 0.035256410256410256
0.0 0.1484375 0.3482905982905983 0.0263671875 0.030982905982905984
0.0 0.2265625 0.358974358974359 0.029296875 0.03739316239316239
0.0 0.2802734375 0.3696581196581197 0.0283203125 0.03418803418803419
0.0 0.341796875 0.31303418803418803 0.033203125 0.05128205128205128
0.0 0.466796875 0.3547008547008547 0.0380859375 0.05128205128205128
0.0 0.59375 0.3055555555555556 0.0400390625 0.056623931623931624
0.0 0.67578125 0.25961538461538464 0.0478515625 0.07478632478632478
0.0 0.8388671875 0.33226495726495725 0.0458984375 0.0673076923076923
0.0 0.0009765625 0.3952991452991453 0.0107421875 0.019230769230769232
0.0 0.037109375 0.37606837606837606 0.013671875 0.019230769230769232
