0.0 0.0166015625 0.15373352855051245 0.0146484375 0.027818448023426062
0.0 0.244140625 0.11127379209370425 0.0185546875 0.03074670571010249
0.0 0.2353515625 0.16691068814055637 0.013671875 0.024890190336749635
0.0 0.33984375 0.11859443631039532 0.0166015625 0.03074670571010249
0.0 0.3876953125 0.07320644216691069 0.017578125 0.03806734992679356
0.0 0.5244140625 0.12152269399707175 0.015625 0.03074670571010249
0.0 0.29296875 0.2767203513909224 0.025390625 0.04538799414348463
0.0 0.3203125 0.28989751098096633 0.0302734375 0.04538799414348463
0.0 0.390625 0.2972181551976574 0.0341796875 0.055636896046852125
0.0 0.453125 0.2957540263543192 0.0302734375 0.05124450951683748
0.0 0.525390625 0.28989751098096633 0.029296875 0.0527086383601757
0.0 0.59375 0.2840409956076135 0.0263671875 0.0527086383601757
0.0 0.69921875 0.1493411420204978 0.0166015625 0.03513909224011713
0.0 0.7978515625 0.28989751098096633 0.015625 0.027818448023426062
0.0 0.8388671875 0.26061493411420206 0.013671875 0.03513909224011713
0.0 0.8544921875 0.1595900439238653 0.0244140625 0.036603221083455345
0.0 0.96484375 0.2562225475841874 0.017578125 0.036603221083455345
0.0 0.625 0.17569546120058566 0.0146484375 0.027818448023426062
