0.0 0.15576171875 0.2109375 0.0224609375 0.203125
0.0 0.18505859375 0.265625 0.0087890625 0.0546875
0.0 0.248046875 0.16796875 0.021484375 0.1171875
0.0 0.35693359375 0.283203125 0.0087890625 0.04296875
0.0 0.3671875 0.267578125 0.005859375 0.04296875
0.0 0.396484375 0.244140625 0.013671875 0.08203125
0.0 0.419921875 0.21484375 0.013671875 0.09375
0.0 0.47412109375 0.28125 0.0146484375 0.09375
0.0 0.4833984375 0.30859375 0.013671875 0.0859375
0.0 0.53173828125 0.16015625 0.0205078125 0.109375
0.0 0.4365234375 0.205078125 0.015625 0.07421875
0.0 0.63916015625 0.2734375 0.0322265625 0.1484375
0.0 0.71484375 0.25390625 0.02734375 0.1640625
0.0 0.4541015625 0.2265625 0.015625 0.0703125
0.0 0.59033203125 0.224609375 0.0244140625 0.11328125
