0.0 0.140625 0.21800947867298578 0.0224609375 0.05055292259083728
0.0 0.111328125 0.16429699842022116 0.013671875 0.0315955766192733
0.0 0.26171875 0.20537124802527645 0.0126953125 0.02843601895734597
0.0 0.2900390625 0.22748815165876776 0.0146484375 0.03317535545023697
0.0 0.294921875 0.2890995260663507 0.015625 0.03475513428120063
0.0 0.3408203125 0.2985781990521327 0.0166015625 0.037914691943127965
0.0 0.34375 0.23696682464454977 0.0126953125 0.020537124802527645
0.0 0.369140625 0.32701421800947866 0.021484375 0.037914691943127965
0.0 0.396484375 0.3696682464454976 0.017578125 0.04107424960505529
0.0 0.4619140625 0.27804107424960506 0.01171875 0.030015797788309637
0.0 0.5048828125 0.30173775671406006 0.01171875 0.026856240126382307
0.0 0.4775390625 0.3285939968404423 0.0126953125 0.0315955766192733
0.0 0.44140625 0.37282780410742494 0.021484375 0.04897314375987362
0.0 0.5029296875 0.3617693522906793 0.01953125 0.03317535545023697
0.0 0.51953125 0.33649289099526064 0.0146484375 0.026856240126382307
0.0 0.568359375 0.34281200631911535 0.015625 0.0315955766192733
0.0 0.4677734375 0.4423380726698262 0.0205078125 0.045813586097946286
0.0 0.5634765625 0.40916271721958924 0.0244140625 0.03475513428120063
0.0 0.56640625 0.48657187993680884 0.03125 0.0631911532385466
0.0 0.611328125 0.4628751974723539 0.0224609375 0.026856240126382307
0.0 0.66015625 0.3807266982622433 0.0166015625 0.037914691943127965
0.0 0.71484375 0.43285939968404424 0.0166015625 0.04265402843601896
0.0 0.84765625 0.32701421800947866 0.0126953125 0.036334913112164295
0.0 0.8173828125 0.4786729857819905 0.0224609375 0.03949447077409163
0.0 0.6630859375 0.608214849921011 0.033203125 0.06635071090047394
0.0 0.8828125 0.5339652448657188 0.0224609375 0.045813586097946286
0.0 0.923828125 0.5671406003159558 0.0166015625 0.04897314375987362
0.0 0.2802734375 0.4518167456556082 0.025390625 0.05845181674565561
0.0 0.310546875 0.26224328593996843 0.0166015625 0.020537124802527645
0.0 0.349609375 0.2480252764612954 0.0126953125 0.023696682464454975
