0.0 0.04443359375 0.3370967741935484 0.0302734375 0.06451612903225806
0.0 0.07861328125 0.3395161290322581 0.0302734375 0.06612903225806452
0.0 0.10498046875 0.3411290322580645 0.0322265625 0.06290322580645161
0.0 0.138671875 0.3338709677419355 0.029296875 0.05806451612903226
0.0 0.17236328125 0.31693548387096776 0.0322265625 0.06290322580645161
0.0 0.21142578125 0.307258064516129 0.0283203125 0.05967741935483871
0.0 0.24462890625 0.29193548387096774 0.0341796875 0.07419354838709677
0.0 0.28173828125 0.27661290322580645 0.0341796875 0.06935483870967742
0.0 0.33251953125 0.24838709677419354 0.0361328125 0.07096774193548387
0.0 0.38818359375 0.18951612903225806 0.0380859375 0.09193548387096774
0.0 0.458984375 0.31048387096774194 0.015625 0.03387096774193549
0.0 0.50439453125 0.27419354838709675 0.0361328125 0.07419354838709677
0.0 0.54638671875 0.2314516129032258 0.0361328125 0.07903225806451612
0.0 0.5927734375 0.2911290322580645 0.03515625 0.06935483870967742
0.0 0.65673828125 0.2717741935483871 0.0361328125 0.07258064516129033
0.0 0.71435546875 0.24838709677419354 0.0380859375 0.08064516129032258
0.0 0.74658203125 0.3024193548387097 0.0263671875 0.06612903225806452
0.0 0.81201171875 0.2806451612903226 0.0361328125 0.08064516129032258
0.0 0.89306640625 0.19112903225806452 0.0478515625 0.08548387096774193
0.0 0.96435546875 0.2967741935483871 0.0322265625 0.08387096774193549
