0.0 0.423828125 0.20703125 0.12890625 0.359375
0.0 0.72265625 0.552734375 0.0478515625 0.115234375
0.0 0.7705078125 0.76953125 0.0556640625 0.103515625
0.0 0.8642578125 0.79296875 0.056640625 0.119140625
0.0 0.771484375 0.03125 0.0859375 0.232421875
0.0 0.0732421875 0.8515625 0.0537109375 0.123046875
0.0 0.201171875 0.767578125 0.0546875 0.1171875
0.0 0.232421875 0.611328125 0.052734375 0.126953125
0.0 0.2265625 0.5078125 0.0498046875 0.119140625
0.0 0.060546875 0.650390625 0.052734375 0.107421875
0.0 0.1103515625 0.642578125 0.0439453125 0.1171875
0.0 0.0673828125 0.771484375 0.0498046875 0.10546875
0.0 0.0009765625 0.62890625 0.029296875 0.09765625
0.0 0.2373046875 0.091796875 0.037109375 0.0859375
0.0 0.63671875 0.564453125 0.033203125 0.08203125
0.0 0.5771484375 0.306640625 0.0263671875 0.072265625
0.0 0.6806640625 0.314453125 0.0146484375 0.033203125
0.0 0.859375 0.677734375 0.04296875 0.091796875
0.0 0.8427734375 0.6328125 0.0322265625 0.078125
0.0 0.8212890625 0.67578125 0.03125 0.078125
0.0 0.6357421875 0.333984375 0.0185546875 0.046875
0.0 0.0078125 0.525390625 0.0205078125 0.0703125
0.0 0.0126953125 0.361328125 0.029296875 0.109375
0.0 0.087890625 0.55859375 0.0341796875 0.064453125
0.0 0.0341796875 0.61328125 0.0263671875 0.0703125
0.0 0.662109375 0.546875 0.02734375 0.07421875
0.0 0.63671875 0.384765625 0.025390625 0.056640625
0.0 0.982421875 0.4375 0.017578125 0.064453125
0.0 0.982421875 0.357421875 0.017578125 0.05859375
0.0 0.95703125 0.583984375 0.0185546875 0.0546875
