0.0 0.640625 0.5950292397660819 0.0302734375 0.07017543859649122
0.0 0.7724609375 0.3742690058479532 0.037109375 0.09064327485380116
0.0 0.8779296875 0.19005847953216373 0.033203125 0.0891812865497076
0.0 0.7314453125 0.18421052631578946 0.0263671875 0.07456140350877193
0.0 0.6376953125 0.25877192982456143 0.0244140625 0.05555555555555555
0.0 0.857421875 0.22953216374269006 0.01953125 0.039473684210526314
0.0 0.8955078125 0.1301169590643275 0.0205078125 0.03508771929824561
0.0 0.9462890625 0.1023391812865497 0.0224609375 0.04239766081871345
0.0 0.5654296875 0.16374269005847952 0.0263671875 0.054093567251461985
0.0 0.5048828125 0.2046783625730994 0.0263671875 0.043859649122807015
0.0 0.66796875 0.16228070175438597 0.0166015625 0.03216374269005848
0.0 0.7939453125 0.05116959064327485 0.01953125 0.03508771929824561
0.0 0.7578125 0.0891812865497076 0.015625 0.027777777777777776
0.0 0.7763671875 0.05701754385964912 0.0126953125 0.02631578947368421
0.0 0.6220703125 0.17982456140350878 0.015625 0.033625730994152045
0.0 0.447265625 0.1154970760233918 0.0126953125 0.024853801169590642
0.0 0.53125 0.11842105263157894 0.0126953125 0.019005847953216373
0.0 0.5712890625 0.0891812865497076 0.0126953125 0.021929824561403508
0.0 0.4677734375 0.20175438596491227 0.013671875 0.02631578947368421
0.0 0.2021484375 0.3845029239766082 0.0341796875 0.05847953216374269
0.0 0.345703125 0.3304093567251462 0.0322265625 0.05263157894736842
0.0 0.271484375 0.30701754385964913 0.0234375 0.03508771929824561
0.0 0.181640625 0.3347953216374269 0.0205078125 0.033625730994152045
0.0 0.412109375 0.2894736842105263 0.0126953125 0.02631578947368421
0.0 0.0068359375 0.52046783625731 0.0205078125 0.05555555555555555
0.0 0.0595703125 0.44005847953216376 0.01953125 0.03216374269005848
0.0 0.07421875 0.38596491228070173 0.0146484375 0.02631578947368421
0.0 0.14453125 0.3654970760233918 0.0166015625 0.03508771929824561
0.0 0.41015625 0.23684210526315788 0.0107421875 0.02046783625730994
0.0 0.4033203125 0.21052631578947367 0.0107421875 0.021929824561403508
0.0 0.3447265625 0.24707602339181287 0.01953125 0.03070175438596491
0.0 0.3623046875 0.15789473684210525 0.01171875 0.023391812865497075
0.0 0.3173828125 0.18567251461988304 0.0126953125 0.019005847953216373
0.0 0.2880859375 0.25146198830409355 0.0126953125 0.021929824561403508
0.0 0.25390625 0.20029239766081872 0.01171875 0.019005847953216373
0.0 0.2314453125 0.26900584795321636 0.0185546875 0.03216374269005848
0.0 0.2333984375 0.23830409356725146 0.013671875 0.019005847953216373
0.0 0.236328125 0.20321637426900585 0.0087890625 0.017543859649122806
0.0 0.19140625 0.23391812865497075 0.0107421875 0.019005847953216373
0.0 0.19921875 0.29385964912280704 0.01171875 0.02046783625730994
0.0 0.1611328125 0.3406432748538012 0.015625 0.023391812865497075
0.0 0.15625 0.27046783625730997 0.0087890625 0.01608187134502924
0.0 0.216796875 0.18421052631578946 0.0107421875 0.01608187134502924
0.0 0.205078125 0.19005847953216373 0.0078125 0.017543859649122806
0.0 0.171875 0.21052631578947367 0.0087890625 0.014619883040935672
0.0 0.15234375 0.22953216374269006 0.0107421875 0.023391812865497075
0.0 0.1357421875 0.22953216374269006 0.0107421875 0.024853801169590642
0.0 0.1142578125 0.3406432748538012 0.0146484375 0.02631578947368421
0.0 0.0712890625 0.2631578947368421 0.0087890625 0.017543859649122806
0.0 0.056640625 0.2631578947368421 0.0087890625 0.019005847953216373
0.0 0.0263671875 0.34502923976608185 0.0126953125 0.023391812865497075
0.0 0.05078125 0.30409356725146197 0.0185546875 0.03216374269005848
0.0 0.0107421875 0.2909356725146199 0.013671875 0.017543859649122806
0.0 0.025390625 0.3961988304093567 0.015625 0.027777777777777776
0.0 0.0029296875 0.35233918128654973 0.0126953125 0.023391812865497075
0.0 0.67578125 0.23684210526315788 0.033203125 0.06286549707602339
0.0 0.4755859375 0.2850877192982456 0.025390625 0.049707602339181284
0.0 0.44921875 0.27485380116959063 0.0224609375 0.03216374269005848
0.0 0.1171875 0.28362573099415206 0.015625 0.027777777777777776
0.0 0.0927734375 0.2880116959064328 0.015625 0.033625730994152045
0.0 0.1181640625 0.3932748538011696 0.0244140625 0.033625730994152045
0.0 0.0322265625 0.5233918128654971 0.0302734375 0.06578947368421052
