0.0 0.0888671875 0.37199480181936323 0.095703125 0.07212475633528265
0.0 0.74560546875 0.5289148797920727 0.1162109375 0.07667316439246263
0.0 0.65673828125 0.4548408057179987 0.0615234375 0.06107862248213125
0.0 0.9462890625 0.6578947368421053 0.107421875 0.11241065627030539
0.0 0.865234375 0.42462638076673165 0.107421875 0.07472384665367121
0.0 0.97216796875 0.5077972709551657 0.0556640625 0.0682261208576998
0.0 0.96142578125 0.347953216374269 0.0712890625 0.0682261208576998
0.0 0.8515625 0.294996751137102 0.056640625 0.04938271604938271
0.0 0.1298828125 0.33300844704353477 0.072265625 0.057829759584145546
0.0 0.23046875 0.246588693957115 0.060546875 0.051332033788174136
0.0 0.404296875 0.24074074074074073 0.166015625 0.12800519818063677
0.0 0.72998046875 0.2618583495776478 0.0673828125 0.06237816764132553
0.0 0.8037109375 0.1991552956465237 0.064453125 0.05263157894736842
0.0 0.9482421875 0.2046783625730994 0.056640625 0.04808317089018843
0.0 0.98291015625 0.1530214424951267 0.0341796875 0.04743339831059129
0.0 0.95458984375 0.09324236517218973 0.0419921875 0.03443794671864847
0.0 0.560546875 0.1465237166991553 0.048828125 0.043534762833008445
0.0 0.7509765625 0.12183235867446393 0.046875 0.037037037037037035
0.0 0.20703125 0.11241065627030539 0.041015625 0.03248862897985705
0.0 0.54541015625 0.05360623781676413 0.0361328125 0.02794022092267706
0.0 0.59326171875 0.23586744639376217 0.0458984375 0.036387264457439894
0.0 0.64990234375 0.11273554256010396 0.0322265625 0.029239766081871343
0.0 0.68994140625 0.051007147498375566 0.0380859375 0.029239766081871343
0.0 0.8486328125 0.058154645873944116 0.03515625 0.02664067576348278
0.0 0.9150390625 0.07732293697205977 0.033203125 0.028589993502274202
0.0 0.17138671875 0.07667316439246263 0.0341796875 0.022092267706302793
0.0 0.24072265625 0.04093567251461988 0.0302734375 0.02599090318388564
0.0 0.5048828125 0.09324236517218973 0.025390625 0.02664067576348278
0.0 0.44677734375 0.08576998050682261 0.0205078125 0.018193632228719947
0.0 0.15234375 0.20077972709551656 0.03515625 0.028589993502274202
0.0 0.74267578125 0.03833658219623132 0.0322265625 0.022092267706302793
0.0 0.95947265625 0.0451591942820013 0.0361328125 0.03183885640025991
0.0 0.2666015625 0.08706952566601689 0.02734375 0.028589993502274202
0.0 0.16357421875 0.044509421702404156 0.0458984375 0.029239766081871343
0.0 0.30810546875 0.03898635477582846 0.0322265625 0.02079272254710851
0.0 0.357421875 0.04613385315139701 0.02734375 0.02079272254710851
0.0 0.01025390625 0.6231319038336582 0.0205078125 0.09876543209876543
