0.0 0.10546875 0.2109500805152979 0.072265625 0.14814814814814814
0.0 0.044921875 0.3027375201288245 0.041015625 0.08856682769726248
0.0 0.2646484375 0.061191626409017714 0.048828125 0.09339774557165861
0.0 0.388671875 0.05152979066022544 0.0458984375 0.08856682769726248
0.0 0.7919921875 0.3172302737520129 0.052734375 0.10305958132045089
0.0 0.70703125 0.3252818035426731 0.03515625 0.07890499194847021
0.0 0.74609375 0.08695652173913043 0.02734375 0.0499194847020934
0.0 0.556640625 0.13526570048309178 0.029296875 0.0644122383252818
0.0 0.5830078125 0.09178743961352658 0.029296875 0.057971014492753624
0.0 0.8671875 0.1111111111111111 0.0205078125 0.04830917874396135
0.0 0.865234375 0.040257648953301126 0.017578125 0.043478260869565216
0.0 0.91015625 0.011272141706924315 0.0205078125 0.040257648953301126
0.0 0.796875 0.03864734299516908 0.0205078125 0.04669887278582931
0.0 0.9794921875 0.0322061191626409 0.0205078125 0.061191626409017714
0.0 0.0068359375 0.027375201288244767 0.0322265625 0.07890499194847021
0.0 0.9228515625 0.16264090177133655 0.0244140625 0.05475040257648953
