0.0 0.7333984375 0.3557833089311859 0.01171875 0.027818448023426062
0.0 0.7958984375 0.37920937042459735 0.015625 0.03513909224011713
0.0 0.8115234375 0.42020497803806733 0.0126953125 0.03367496339677892
0.0 0.232421875 0.16251830161054173 0.0205078125 0.027818448023426062
0.0 0.3251953125 0.13030746705710103 0.017578125 0.032210834553440704
0.0 0.404296875 0.34553440702781846 0.017578125 0.02635431918008785
0.0 0.3994140625 0.09956076134699854 0.0166015625 0.027818448023426062
0.0 0.5517578125 0.13177159590043924 0.015625 0.029282576866764276
0.0 0.4736328125 0.09370424597364568 0.0166015625 0.024890190336749635
0.0 0.48046875 0.040995607613469986 0.0146484375 0.027818448023426062
0.0 0.529296875 0.004392386530014641 0.0146484375 0.024890190336749635
0.0 0.544921875 0.05856515373352855 0.009765625 0.01903367496339678
0.0 0.578125 0.0014641288433382138 0.0126953125 0.017569546120058566
0.0 0.7001953125 0.09370424597364568 0.017578125 0.029282576866764276
0.0 0.857421875 0.09224011713030747 0.0126953125 0.020497803806734993
0.0 0.791015625 0.021961932650073207 0.01171875 0.027818448023426062
0.0 0.8642578125 0.021961932650073207 0.01171875 0.010248901903367497
0.0 0.0048828125 0.07320644216691069 0.0185546875 0.02342606149341142
0.0 0.16796875 0.47584187408491946 0.01953125 0.021961932650073207
0.0 0.234375 0.004392386530014641 0.0146484375 0.01903367496339678
0.0 0.1513671875 0.013177159590043924 0.017578125 0.02342606149341142
