0.0 0.28076171875 0.5828947368421052 0.0126953125 0.021052631578947368
0.0 0.154296875 0.6907894736842105 0.015625 0.02894736842105263
0.0 0.31201171875 0.7151315789473685 0.0166015625 0.02763157894736842
0.0 0.42041015625 0.5888157894736842 0.0146484375 0.02236842105263158
0.0 0.29931640625 0.7855263157894737 0.0166015625 0.034210526315789476
0.0 0.17333984375 0.2019736842105263 0.0087890625 0.011842105263157895
0.0 0.2060546875 0.2848684210526316 0.0078125 0.014473684210526316
0.0 0.24755859375 0.2894736842105263 0.0087890625 0.013157894736842105
0.0 0.333984375 0.20065789473684212 0.0078125 0.011842105263157895
0.0 0.27783203125 0.10592105263157894 0.0068359375 0.009210526315789473
0.0 0.5517578125 0.11644736842105263 0.005859375 0.009210526315789473
0.0 0.521484375 0.10855263157894737 0.00390625 0.006578947368421052
0.0 0.73388671875 0.23355263157894737 0.0048828125 0.009210526315789473
0.0 0.798828125 0.7703947368421052 0.025390625 0.038157894736842106
0.0 0.87353515625 0.7651315789473684 0.0244140625 0.035526315789473684
0.0 0.91845703125 0.7743421052631579 0.0126953125 0.025
0.0 0.87060546875 0.5631578947368421 0.0126953125 0.021052631578947368
0.0 0.8896484375 0.49605263157894736 0.01171875 0.018421052631578946
0.0 0.8134765625 0.6394736842105263 0.009765625 0.018421052631578946
0.0 0.9873046875 0.4651315789473684 0.0078125 0.014473684210526316
0.0 0.9892578125 0.7842105263157895 0.01171875 0.02368421052631579
