0.0 0.1767578125 0.3333333333333333 0.0400390625 0.0778688524590164
0.0 0.662109375 0.639344262295082 0.02734375 0.036885245901639344
0.0 0.767578125 0.6065573770491803 0.0302734375 0.05191256830601093
0.0 0.8662109375 0.6024590163934426 0.025390625 0.05874316939890711
0.0 0.8779296875 0.605191256830601 0.01953125 0.06147540983606557
0.0 0.927734375 0.5969945355191257 0.02734375 0.050546448087431695
0.0 0.9794921875 0.6092896174863388 0.01953125 0.056010928961748634
0.0 0.9736328125 0.48770491803278687 0.01953125 0.04234972677595628
0.0 0.6240234375 0.6092896174863388 0.0224609375 0.04371584699453552
0.0 0.66015625 0.5122950819672131 0.0166015625 0.03551912568306011
0.0 0.7265625 0.476775956284153 0.0205078125 0.03825136612021858
0.0 0.6865234375 0.44808743169398907 0.01953125 0.04234972677595628
0.0 0.7607421875 0.45901639344262296 0.021484375 0.03825136612021858
0.0 0.8056640625 0.4180327868852459 0.021484375 0.040983606557377046
0.0 0.2451171875 0.6366120218579235 0.013671875 0.030054644808743168
0.0 0.2744140625 0.5040983606557377 0.0185546875 0.03415300546448088
0.0 0.2626953125 0.6420765027322405 0.0166015625 0.028688524590163935
0.0 0.2919921875 0.6502732240437158 0.015625 0.031420765027322405
0.0 0.3095703125 0.639344262295082 0.0166015625 0.028688524590163935
0.0 0.3486328125 0.6420765027322405 0.0146484375 0.028688524590163935
0.0 0.36328125 0.6188524590163934 0.017578125 0.03961748633879782
0.0 0.3984375 0.6366120218579235 0.0146484375 0.030054644808743168
0.0 0.4580078125 0.5068306010928961 0.0146484375 0.025956284153005466
0.0 0.466796875 0.6256830601092896 0.0146484375 0.0273224043715847
0.0 0.4892578125 0.6256830601092896 0.01953125 0.04371584699453552
0.0 0.525390625 0.6229508196721312 0.017578125 0.030054644808743168
0.0 0.5478515625 0.6202185792349727 0.0166015625 0.036885245901639344
0.0 0.6005859375 0.48770491803278687 0.0234375 0.036885245901639344
0.0 0.5712890625 0.4371584699453552 0.017578125 0.030054644808743168
0.0 0.84375 0.3251366120218579 0.01953125 0.03278688524590164
0.0 0.9443359375 0.26639344262295084 0.015625 0.0273224043715847
0.0 0.970703125 0.226775956284153 0.0146484375 0.03415300546448088
0.0 0.80078125 0.21994535519125682 0.0166015625 0.025956284153005466
0.0 0.8818359375 0.430327868852459 0.0224609375 0.04371584699453552
0.0 0.6474609375 0.39617486338797814 0.0205078125 0.04371584699453552
0.0 0.9814453125 0.3907103825136612 0.01171875 0.023224043715846996
0.0 0.6591796875 0.36475409836065575 0.0224609375 0.036885245901639344
0.0 0.0908203125 0.6407103825136612 0.0146484375 0.031420765027322405
0.0 0.0654296875 0.6475409836065574 0.0146484375 0.03278688524590164
0.0 0.1748046875 0.8032786885245902 0.0234375 0.031420765027322405
0.0 0.1044921875 0.6133879781420765 0.0146484375 0.03278688524590164
0.0 0.1220703125 0.6038251366120219 0.009765625 0.02185792349726776
