0.0 0.28955078125 0.20298313878080415 0.0439453125 0.07652399481193256
0.0 0.38427734375 0.2457846952010376 0.0439453125 0.06614785992217899
0.0 0.46044921875 0.26718547341115434 0.0400390625 0.05966277561608301
0.0 0.50146484375 0.24189364461738003 0.0380859375 0.0609597924773022
0.0 0.61962890625 0.2594033722438392 0.0400390625 0.0622568093385214
0.0 0.69970703125 0.29507133592736706 0.0361328125 0.058365758754863814
0.0 0.92333984375 0.496757457846952 0.0048828125 0.007782101167315175
0.0 0.84765625 0.4883268482490272 0.00390625 0.00648508430609598
0.0 0.875 0.49416342412451364 0.00390625 0.005188067444876783
0.0 0.1640625 0.4584954604409857 0.005859375 0.014267185473411154
0.0 0.02099609375 0.4059662775616083 0.0048828125 0.010376134889753566
0.0 0.04638671875 0.4461738002594034 0.0087890625 0.01556420233463035
0.0 0.0859375 0.47341115434500647 0.005859375 0.010376134889753566
0.0 0.0693359375 0.4779507133592737 0.0078125 0.016861219195849545
0.0 0.0888671875 0.45071335927367057 0.00390625 0.009079118028534372
0.0 0.04296875 0.4085603112840467 0.005859375 0.010376134889753566
0.0 0.07275390625 0.41115434500648507 0.0048828125 0.010376134889753566
0.0 0.11669921875 0.41958495460440987 0.0048828125 0.009079118028534372
0.0 0.16259765625 0.4176394293125811 0.0029296875 0.007782101167315175
0.0 0.1513671875 0.4182879377431907 0.00390625 0.009079118028534372
0.0 0.1298828125 0.42217898832684825 0.00390625 0.00648508430609598
0.0 0.0263671875 0.3955901426718547 0.0078125 0.01297016861219196
0.0 0.54443359375 0.4805447470817121 0.0048828125 0.009079118028534372
0.0 0.67431640625 0.5155642023346303 0.0048828125 0.009079118028534372
0.0 0.5400390625 0.437094682230869 0.0078125 0.01297016861219196
0.0 0.83056640625 0.49351491569390404 0.0048828125 0.00648508430609598
0.0 0.8310546875 0.48119325551232167 0.005859375 0.007782101167315175
0.0 0.8291015625 0.45201037613488976 0.00390625 0.00648508430609598
0.0 0.814453125 0.4481193255512322 0.00390625 0.00648508430609598
