0.0 0.0693359375 0.2642857142857143 0.0341796875 0.09107142857142857
0.0 0.0634765625 0.6089285714285714 0.0576171875 0.12857142857142856
0.0 0.2958984375 0.8053571428571429 0.0791015625 0.11964285714285715
0.0 0.43359375 0.5267857142857143 0.048828125 0.11607142857142858
0.0 0.6689453125 0.5607142857142857 0.0537109375 0.12857142857142856
0.0 0.80078125 0.4017857142857143 0.037109375 0.09285714285714286
0.0 0.4091796875 0.2732142857142857 0.0380859375 0.07142857142857142
0.0 0.5048828125 0.3339285714285714 0.03515625 0.06785714285714285
0.0 0.5673828125 0.29464285714285715 0.029296875 0.06428571428571428
0.0 0.5654296875 0.41964285714285715 0.0361328125 0.1
0.0 0.658203125 0.36964285714285716 0.0341796875 0.10178571428571428
0.0 0.1962890625 0.44107142857142856 0.044921875 0.12142857142857143
0.0 0.251953125 0.3410714285714286 0.0390625 0.09285714285714286
0.0 0.212890625 0.26071428571428573 0.02734375 0.05714285714285714
0.0 0.255859375 0.21071428571428572 0.02734375 0.07321428571428572
0.0 0.318359375 0.23035714285714284 0.0224609375 0.055357142857142855
0.0 0.8369140625 0.2392857142857143 0.0302734375 0.06785714285714285
0.0 0.7666015625 0.2785714285714286 0.03515625 0.09107142857142857
0.0 0.6826171875 0.17142857142857143 0.0234375 0.048214285714285716
0.0 0.05078125 0.175 0.025390625 0.05
0.0 0.1220703125 0.18392857142857144 0.01953125 0.05178571428571429
0.0 0.150390625 0.125 0.017578125 0.044642857142857144
0.0 0.16796875 0.11071428571428571 0.0146484375 0.04285714285714286
0.0 0.1181640625 0.09285714285714286 0.0205078125 0.04107142857142857
0.0 0.0732421875 0.0875 0.015625 0.04285714285714286
0.0 0.1982421875 0.1982142857142857 0.021484375 0.05178571428571429
0.0 0.2763671875 0.18928571428571428 0.0224609375 0.048214285714285716
0.0 0.302734375 0.12678571428571428 0.021484375 0.05892857142857143
0.0 0.3291015625 0.15535714285714286 0.0185546875 0.05
0.0 0.326171875 0.06785714285714285 0.0146484375 0.04285714285714286
0.0 0.3720703125 0.08035714285714286 0.015625 0.039285714285714285
0.0 0.384765625 0.13392857142857142 0.0185546875 0.04285714285714286
0.0 0.416015625 0.14285714285714285 0.0205078125 0.048214285714285716
0.0 0.4365234375 0.08928571428571429 0.013671875 0.04642857142857143
0.0 0.4833984375 0.08392857142857142 0.0126953125 0.03214285714285714
0.0 0.4853515625 0.16964285714285715 0.015625 0.04285714285714286
0.0 0.50390625 0.15357142857142858 0.0166015625 0.039285714285714285
0.0 0.5224609375 0.12321428571428572 0.017578125 0.033928571428571426
0.0 0.5419921875 0.15535714285714286 0.0185546875 0.04107142857142857
0.0 0.5751953125 0.15357142857142858 0.0205078125 0.044642857142857144
0.0 0.5634765625 0.22857142857142856 0.025390625 0.055357142857142855
0.0 0.5 0.20535714285714285 0.025390625 0.05714285714285714
0.0 0.5595703125 0.10892857142857143 0.0126953125 0.03571428571428571
0.0 0.6201171875 0.10357142857142858 0.0166015625 0.044642857142857144
0.0 0.642578125 0.08571428571428572 0.017578125 0.0375
0.0 0.6875 0.11428571428571428 0.0185546875 0.0375
0.0 0.71875 0.08035714285714286 0.015625 0.0375
0.0 0.75390625 0.06428571428571428 0.013671875 0.03571428571428571
0.0 0.7705078125 0.06607142857142857 0.015625 0.0375
0.0 0.7666015625 0.14285714285714285 0.0244140625 0.05
0.0 0.763671875 0.225 0.0244140625 0.060714285714285714
0.0 0.9208984375 0.11964285714285715 0.017578125 0.048214285714285716
0.0 0.84765625 0.12321428571428572 0.0185546875 0.05
0.0 0.818359375 0.10714285714285714 0.013671875 0.033928571428571426
0.0 0.93359375 0.29642857142857143 0.0322265625 0.06964285714285715
0.0 0.662109375 0.18928571428571428 0.01953125 0.04107142857142857
0.0 0.208984375 0.4017857142857143 0.0419921875 0.07142857142857142
