0.0 0.5908203125 0.30049261083743845 0.056640625 0.1330049261083744
0.0 0.5859375 0.5254515599343186 0.0625 0.12807881773399016
0.0 0.6845703125 0.5303776683087028 0.0654296875 0.15435139573070608
0.0 0.767578125 0.4745484400656814 0.0498046875 0.11330049261083744
0.0 0.4638671875 0.5632183908045977 0.060546875 0.13957307060755336
0.0 0.4091796875 0.5008210180623974 0.052734375 0.11986863711001643
0.0 0.4638671875 0.4302134646962233 0.0458984375 0.09852216748768473
0.0 0.3330078125 0.4006568144499179 0.044921875 0.10509031198686371
0.0 0.041015625 0.5369458128078818 0.0517578125 0.1116584564860427
0.0 0.1259765625 0.4942528735632184 0.046875 0.10673234811165845
0.0 0.197265625 0.48932676518883417 0.0556640625 0.12807881773399016
0.0 0.28125 0.4975369458128079 0.0498046875 0.12479474548440066
