0.0 0.74169921875 0.23830155979202772 0.0263671875 0.06412478336221837
0.0 0.41943359375 0.18977469670710573 0.0419921875 0.09185441941074524
0.0 0.37060546875 0.2668977469670711 0.0400390625 0.09705372616984402
0.0 0.48046875 0.40467937608318894 0.046875 0.09878682842287695
0.0 0.43798828125 0.5233968804159446 0.0439453125 0.11438474870017332
0.0 0.48095703125 0.7972270363951474 0.0537109375 0.13518197573656845
0.0 0.5888671875 0.6265164644714039 0.04296875 0.09878682842287695
0.0 0.6142578125 0.8483535528596187 0.0546875 0.12998266897746968
0.0 0.65087890625 0.7079722703639515 0.0517578125 0.12305025996533796
0.0 0.60986328125 0.4098786828422877 0.0361328125 0.09185441941074524
0.0 0.4814453125 0.24436741767764297 0.052734375 0.09705372616984402
0.0 0.53857421875 0.22097053726169844 0.0439453125 0.10571923743500866
0.0 0.59912109375 0.2512998266897747 0.0517578125 0.12478336221837089
0.0 0.662109375 0.15944540727902945 0.046875 0.11785095320623917
0.0 0.69970703125 0.30155979202772965 0.0537109375 0.11785095320623917
0.0 0.7265625 0.4393414211438475 0.0546875 0.10918544194107452
0.0 0.78173828125 0.34055459272097055 0.0458984375 0.1195840554592721
0.0 0.78564453125 0.2322357019064125 0.0458984375 0.09705372616984402
0.0 0.88720703125 0.33188908145580587 0.0498046875 0.1022530329289428
0.0 0.8984375 0.451473136915078 0.052734375 0.10571923743500866
0.0 0.87939453125 0.6057192374350087 0.0517578125 0.10918544194107452
0.0 0.77880859375 0.8717504332755632 0.0498046875 0.11091854419410745
0.0 0.8330078125 0.8604852686308492 0.0625 0.1195840554592721
0.0 0.712890625 0.18977469670710573 0.0390625 0.09532062391681109
0.0 0.8486328125 0.2391681109185442 0.02734375 0.09705372616984402
0.0 0.6337890625 0.14904679376083188 0.03125 0.07625649913344887
