0.0 0.9658203125 0.5342066957787481 0.0283203125 0.06259097525473072
0.0 0.9580078125 0.6229985443959243 0.03125 0.07423580786026202
0.0 0.921875 0.5516739446870451 0.0244140625 0.048034934497816595
0.0 0.86328125 0.5458515283842795 0.021484375 0.03202328966521106
0.0 0.822265625 0.5065502183406113 0.0166015625 0.026200873362445413
0.0 0.7919921875 0.5065502183406113 0.015625 0.024745269286754003
0.0 0.736328125 0.5385735080058224 0.0146484375 0.036390101892285295
0.0 0.763671875 0.4992721979621543 0.0146484375 0.021834061135371178
0.0 0.7041015625 0.50509461426492 0.013671875 0.03202328966521106
0.0 0.7255859375 0.4890829694323144 0.01171875 0.023289665211062592
0.0 0.7041015625 0.5647743813682679 0.0244140625 0.053857350800582245
0.0 0.6806640625 0.5749636098981077 0.0244140625 0.05967976710334789
0.0 0.90234375 0.5414847161572053 0.0205078125 0.026200873362445413
0.0 0.6552734375 0.5254730713245997 0.021484375 0.03784570596797671
0.0 0.6064453125 0.5211062590975255 0.015625 0.036390101892285295
0.0 0.5478515625 0.5181950509461426 0.0205078125 0.042212518195050945
0.0 0.5029296875 0.5604075691411936 0.025390625 0.050946142649199416
0.0 0.48046875 0.5443959243085881 0.015625 0.043668122270742356
0.0 0.390625 0.5735080058224163 0.03515625 0.06695778748180495
0.0 0.4111328125 0.48034934497816595 0.013671875 0.02911208151382824
0.0 0.38671875 0.49199417758369723 0.013671875 0.027656477438136828
0.0 0.4326171875 0.487627365356623 0.0126953125 0.021834061135371178
0.0 0.4755859375 0.5065502183406113 0.013671875 0.02911208151382824
0.0 0.462890625 0.48180494905385735 0.009765625 0.01601164483260553
0.0 0.5712890625 0.487627365356623 0.0126953125 0.027656477438136828
0.0 0.4794921875 0.45414847161572053 0.0068359375 0.013100436681222707
0.0 0.4755859375 0.4949053857350801 0.0126953125 0.020378457059679767
0.0 0.3037109375 0.5342066957787481 0.021484375 0.043668122270742356
0.0 0.326171875 0.5152838427947598 0.0107421875 0.027656477438136828
0.0 0.28125 0.487627365356623 0.0126953125 0.023289665211062592
0.0 0.29296875 0.4672489082969432 0.009765625 0.020378457059679767
0.0 0.2373046875 0.4847161572052402 0.013671875 0.03202328966521106
0.0 0.2265625 0.5589519650655022 0.0419921875 0.07860262008733625
0.0 0.103515625 0.5938864628820961 0.0517578125 0.08151382823871907
0.0 0.17578125 0.5312954876273653 0.0166015625 0.046579330422125184
0.0 0.1875 0.5007278020378457 0.0185546875 0.033478893740902474
0.0 0.0107421875 0.5953420669577875 0.0380859375 0.07423580786026202
