0.0 0.42529296875 0.49183303085299457 0.0458984375 0.09800362976406533
0.0 0.9091796875 0.4500907441016334 0.03515625 0.09074410163339383
0.0 0.787109375 0.7196007259528131 0.060546875 0.14337568058076225
0.0 0.91357421875 0.20780399274047187 0.0341796875 0.07078039927404718
0.0 0.962890625 0.4646098003629764 0.041015625 0.09437386569872959
0.0 0.828125 0.38475499092558985 0.037109375 0.09074410163339383
0.0 0.78564453125 0.3257713248638838 0.0341796875 0.0780399274047187
0.0 0.046875 0.3039927404718693 0.046875 0.0998185117967332
0.0 0.056640625 0.147005444646098 0.037109375 0.09800362976406533
0.0 0.2373046875 0.5462794918330308 0.05859375 0.1161524500907441
0.0 0.048828125 0.8883847549909256 0.076171875 0.20871143375680581
0.0 0.2060546875 0.8548094373865699 0.064453125 0.1560798548094374
0.0 0.478515625 0.5961887477313974 0.07421875 0.147005444646098
0.0 0.59521484375 0.6007259528130672 0.0673828125 0.1306715063520871
0.0 0.65869140625 0.8402903811252269 0.0869140625 0.15970961887477314
0.0 0.72802734375 0.7695099818511797 0.0712890625 0.16696914700544466
0.0 0.171875 0.2159709618874773 0.041015625 0.05807622504537205
0.0 0.66357421875 0.5626134301270418 0.0556640625 0.1306715063520871
0.0 0.7177734375 0.4627949183303085 0.052734375 0.1306715063520871
0.0 0.787109375 0.7114337568058077 0.060546875 0.13793103448275862
0.0 0.63916015625 0.4791288566243194 0.0556640625 0.09800362976406533
0.0 0.552734375 0.3929219600725953 0.044921875 0.10707803992740472
0.0 0.53759765625 0.4627949183303085 0.0478515625 0.1088929219600726
0.0 0.70654296875 0.25045372050816694 0.0361328125 0.07622504537205081
0.0 0.33984375 0.3911070780399274 0.044921875 0.0852994555353902
0.0 0.35791015625 0.2958257713248639 0.0419921875 0.09074410163339383
0.0 0.921875 0.3702359346642468 0.04296875 0.10526315789473684
