0.0 0.56201171875 0.4427083333333333 0.0205078125 0.036458333333333336
0.0 0.80859375 0.435546875 0.029296875 0.06640625
0.0 0.4150390625 0.4518229166666667 0.021484375 0.052083333333333336
0.0 0.34912109375 0.458984375 0.0283203125 0.055989583333333336
0.0 0.43603515625 0.4342447916666667 0.0185546875 0.048177083333333336
0.0 0.13427734375 0.4485677083333333 0.0244140625 0.040364583333333336
0.0 0.20947265625 0.451171875 0.0205078125 0.040364583333333336
0.0 0.24267578125 0.447265625 0.0185546875 0.040364583333333336
0.0 0.0322265625 0.4720052083333333 0.033203125 0.07942708333333333
0.0 0.3935546875 0.4368489583333333 0.021484375 0.029947916666666668
