0.0 0.07421875 0.35546875 0.0615234375 0.10026041666666667
0.0 0.1875 0.4114583333333333 0.048828125 0.08463541666666667
0.0 0.166015625 0.375 0.04296875 0.07421875
0.0 0.3447265625 0.3307291666666667 0.0498046875 0.078125
0.0 0.41796875 0.34375 0.0478515625 0.0859375
0.0 0.4697265625 0.3489583333333333 0.048828125 0.09635416666666667
0.0 0.5224609375 0.3736979166666667 0.0498046875 0.09635416666666667
0.0 0.62890625 0.4088541666666667 0.0693359375 0.11848958333333333
0.0 0.6875 0.3177083333333333 0.0419921875 0.0859375
0.0 0.7578125 0.3229166666666667 0.068359375 0.11848958333333333
0.0 0.8037109375 0.4270833333333333 0.072265625 0.13020833333333334
0.0 0.873046875 0.33203125 0.0673828125 0.11067708333333333
0.0 0.630859375 0.3294270833333333 0.0322265625 0.07291666666666667
0.0 0.9814453125 0.3411458333333333 0.0185546875 0.12630208333333334
