0.0 0.0068359375 0.34800550206327374 0.0380859375 0.07565337001375516
0.0 0.150390625 0.3493810178817056 0.03515625 0.07290233837689133
0.0 0.2119140625 0.3631361760660248 0.03515625 0.06464924346629987
0.0 0.3134765625 0.5639614855570839 0.0341796875 0.06602475928473177
0.0 0.0732421875 0.37276478679504815 0.03515625 0.06602475928473177
0.0 0.1162109375 0.3603851444291609 0.02734375 0.05364511691884457
0.0 0.16796875 0.22696011004126548 0.021484375 0.04401650618982118
0.0 0.2509765625 0.23658872077028886 0.025390625 0.05364511691884457
0.0 0.2236328125 0.2640990371389271 0.01953125 0.0453920220082531
0.0 0.2548828125 0.31361760660247595 0.0322265625 0.0687757909215956
0.0 0.3291015625 0.32737276478679506 0.0322265625 0.06464924346629987
0.0 0.3623046875 0.3342503438789546 0.0244140625 0.0577716643741403
0.0 0.34765625 0.2063273727647868 0.01953125 0.039889958734525444
0.0 0.4189453125 0.1939477303988996 0.01953125 0.04401650618982118
0.0 0.4765625 0.22833562585969738 0.0244140625 0.04401650618982118
0.0 0.548828125 0.21320495185694635 0.0244140625 0.0343878954607978
0.0 0.4208984375 0.35488308115543327 0.0283203125 0.0577716643741403
0.0 0.44921875 0.3452544704264099 0.0302734375 0.061898211829436035
0.0 0.4921875 0.3713892709766162 0.0283203125 0.059147180192572216
0.0 0.51953125 0.33012379642365886 0.025390625 0.04951856946354883
0.0 0.5439453125 0.40027510316368636 0.033203125 0.06327372764786796
0.0 0.61328125 0.20082530949105915 0.025390625 0.04264099037138927
0.0 0.640625 0.37276478679504815 0.025390625 0.06052269601100413
0.0 0.583984375 0.3782668500687758 0.0302734375 0.05364511691884457
0.0 0.6025390625 0.5845942228335625 0.033203125 0.059147180192572216
0.0 0.7119140625 0.390646492434663 0.03515625 0.048143053645116916
0.0 0.7841796875 0.38376891334250346 0.033203125 0.05639614855570839
0.0 0.8037109375 0.3177441540577717 0.0322265625 0.06052269601100413
0.0 0.921875 0.3686382393397524 0.03125 0.05639614855570839
0.0 0.900390625 0.3218707015130674 0.0341796875 0.052269601100412656
0.0 0.75390625 0.22283356258596973 0.01953125 0.04264099037138927
0.0 0.677734375 0.2530949105914718 0.0234375 0.04264099037138927
0.0 0.6513671875 0.3356258596973865 0.0263671875 0.04264099037138927
0.0 0.751953125 0.3713892709766162 0.0234375 0.0577716643741403
0.0 0.4814453125 0.5598349381017882 0.03125 0.06464924346629987
0.0 0.3896484375 0.3425034387895461 0.03125 0.05364511691884457
0.0 0.2822265625 0.3328748280605227 0.017578125 0.05639614855570839
