0.0 0.0927734375 0.2547307132459971 0.0380859375 0.07278020378457059
0.0 0.236328125 0.34497816593886466 0.068359375 0.12809315866084425
0.0 0.498046875 0.49053857350800584 0.068359375 0.16302765647743814
0.0 0.0673828125 0.16739446870451238 0.0263671875 0.048034934497816595
0.0 0.1982421875 0.11208151382823872 0.03125 0.06259097525473072
0.0 0.5751953125 0.13973799126637554 0.0126953125 0.02911208151382824
0.0 0.66015625 0.08151382823871907 0.0146484375 0.027656477438136828
0.0 0.6767578125 0.11499272197962154 0.0146484375 0.026200873362445413
0.0 0.8818359375 0.07714701601164484 0.0126953125 0.03202328966521106
0.0 0.701171875 0.027656477438136828 0.01171875 0.024745269286754003
0.0 0.76171875 0.12809315866084425 0.0166015625 0.02911208151382824
