0.0 0.580078125 0.22406015037593985 0.0546875 0.10526315789473684
0.0 0.67578125 0.1699248120300752 0.03125 0.05112781954887218
0.0 0.64501953125 0.181203007518797 0.0263671875 0.04661654135338346
0.0 0.55419921875 0.17669172932330826 0.0380859375 0.06466165413533835
0.0 0.93798828125 0.1736842105263158 0.0498046875 0.09172932330827067
0.0 0.9814453125 0.1699248120300752 0.03515625 0.07218045112781955
0.0 0.150390625 0.14586466165413534 0.0234375 0.042105263157894736
0.0 0.4921875 0.11203007518796992 0.0234375 0.0406015037593985
0.0 0.36669921875 0.2503759398496241 0.0517578125 0.10075187969924812
0.0 0.28125 0.24661654135338346 0.0546875 0.10225563909774436
0.0 0.23193359375 0.21052631578947367 0.0498046875 0.08421052631578947
0.0 0.07177734375 0.23308270676691728 0.0478515625 0.081203007518797
0.0 0.126953125 0.19699248120300752 0.03515625 0.06015037593984962
0.0 0.048828125 0.19323308270676692 0.0390625 0.07669172932330827
0.0 0.26953125 0.16090225563909774 0.041015625 0.07819548872180451
0.0 0.38525390625 0.13383458646616542 0.0283203125 0.045112781954887216
0.0 0.42626953125 0.20225563909774436 0.0341796875 0.06766917293233082
0.0 0.4423828125 0.14511278195488722 0.03125 0.058646616541353384
0.0 0.49072265625 0.23007518796992482 0.0458984375 0.08421052631578947
0.0 0.869140625 0.1774436090225564 0.02734375 0.06015037593984962
0.0 0.90380859375 0.13082706766917293 0.0224609375 0.045112781954887216
0.0 0.63037109375 0.13909774436090225 0.0263671875 0.0406015037593985
0.0 0.59912109375 0.13233082706766916 0.0224609375 0.045112781954887216
0.0 0.658203125 0.13082706766917293 0.017578125 0.039097744360902256
0.0 0.01416015625 0.19548872180451127 0.0283203125 0.06015037593984962
0.0 0.19873046875 0.20526315789473684 0.0361328125 0.08270676691729323
0.0 0.31787109375 0.17669172932330826 0.0380859375 0.08270676691729323
0.0 0.71630859375 0.1518796992481203 0.0400390625 0.07518796992481203
