0.0 0.54736328125 0.4314456035767511 0.0458984375 0.10283159463487332
0.0 0.677734375 0.5573770491803278 0.033203125 0.06557377049180328
0.0 0.87841796875 0.6281669150521609 0.1025390625 0.22503725782414308
0.0 0.251953125 0.7175856929955291 0.01953125 0.046199701937406856
0.0 0.40478515625 0.698956780923994 0.0185546875 0.041728763040238454
0.0 0.08154296875 0.7250372578241431 0.0166015625 0.028315946348733235
0.0 0.02685546875 0.7347242921013413 0.0107421875 0.020864381520119227
0.0 0.2001953125 0.6810730253353204 0.0078125 0.01788375558867362
0.0 0.67138671875 0.6453055141579732 0.0146484375 0.02384500745156483
0.0 0.1748046875 0.684053651266766 0.0078125 0.014903129657228018
0.0 0.09814453125 0.6639344262295082 0.0498046875 0.09090909090909091
