0.0 0.19140625 0.6685006877579092 0.1484375 0.2558459422283356
0.0 0.478515625 0.3988995873452545 0.087890625 0.18707015130674004
0.0 0.765625 0.390646492434663 0.10546875 0.18982118294360384
0.0 0.73046875 0.17606602475928473 0.072265625 0.16781292984869325
0.0 0.875 0.11279229711141678 0.083984375 0.14305364511691884
0.0 0.59375 0.1155433287482806 0.076171875 0.12104539202200826
0.0 0.029296875 0.3658872077028886 0.107421875 0.16506189821182943
0.0 0.220703125 0.3356258596973865 0.08203125 0.13480055020632736
0.0 0.345703125 0.2640990371389271 0.091796875 0.15955983493810177
0.0 0.4921875 0.1265474552957359 0.064453125 0.12104539202200826
0.0 0.404296875 0.11829436038514443 0.0703125 0.1265474552957359
0.0 0.2265625 0.13480055020632736 0.052734375 0.09628610729023383
0.0 0.669921875 0.052269601100412656 0.083984375 0.14030261348005502
