0.0 0.6689453125 0.3832599118942731 0.0390625 0.06754772393538913
0.0 0.61328125 0.39794419970631423 0.0400390625 0.0763582966226138
0.0 0.560546875 0.3377386196769457 0.033203125 0.05286343612334802
0.0 0.6396484375 0.2305433186490455 0.0400390625 0.07048458149779736
0.0 0.6201171875 0.2011747430249633 0.033203125 0.06020558002936858
0.0 0.5107421875 0.48604992657856094 0.0361328125 0.07048458149779736
0.0 0.44921875 0.3465491923641703 0.0361328125 0.06754772393538913
0.0 0.453125 0.5212922173274597 0.0341796875 0.07048458149779736
0.0 0.4111328125 0.5080763582966226 0.03125 0.0631424375917768
0.0 0.3427734375 0.3641703377386197 0.037109375 0.06754772393538913
0.0 0.357421875 0.6740088105726872 0.0341796875 0.0513950073421439
