0.0 0.05126953125 0.34917355371900827 0.0146484375 0.028925619834710745
0.0 0.09423828125 0.4511019283746556 0.0419921875 0.07575757575757576
0.0 0.09716796875 0.33402203856749313 0.0126953125 0.01790633608815427
0.0 0.24560546875 0.5426997245179064 0.0478515625 0.08539944903581267
0.0 0.25732421875 0.45385674931129477 0.0400390625 0.05647382920110193
0.0 0.384765625 0.5247933884297521 0.041015625 0.06060606060606061
0.0 0.47021484375 0.4896694214876033 0.0380859375 0.05922865013774105
0.0 0.43896484375 0.7114325068870524 0.0537109375 0.08677685950413223
0.0 0.8857421875 0.30165289256198347 0.099609375 0.1652892561983471
0.0 0.14013671875 0.39807162534435264 0.0126953125 0.01928374655647383
0.0 0.14208984375 0.33608815426997246 0.0146484375 0.02203856749311295
0.0 0.02734375 0.27479338842975204 0.009765625 0.01790633608815427
0.0 0.08154296875 0.296831955922865 0.0068359375 0.012396694214876033
