0.0 0.02490234375 0.37841796875 0.0166015625 0.0205078125
0.0 0.166015625 0.3935546875 0.017578125 0.021484375
0.0 0.26904296875 0.333984375 0.0205078125 0.025390625
0.0 0.30908203125 0.40234375 0.0126953125 0.015625
0.0 0.0625 0.51025390625 0.037109375 0.0400390625
0.0 0.142578125 0.56201171875 0.037109375 0.0419921875
0.0 0.1220703125 0.51904296875 0.033203125 0.0400390625
0.0 0.212890625 0.51123046875 0.03125 0.0341796875
0.0 0.2919921875 0.53369140625 0.029296875 0.0322265625
0.0 0.3251953125 0.4501953125 0.01171875 0.017578125
0.0 0.41357421875 0.45068359375 0.0166015625 0.0185546875
0.0 0.380859375 0.43310546875 0.009765625 0.0107421875
0.0 0.46923828125 0.439453125 0.0107421875 0.01171875
0.0 0.49462890625 0.45068359375 0.0087890625 0.0107421875
0.0 0.537109375 0.40673828125 0.017578125 0.0205078125
0.0 0.61181640625 0.3974609375 0.0146484375 0.017578125
0.0 0.5732421875 0.51904296875 0.021484375 0.0244140625
0.0 0.53173828125 0.521484375 0.0166015625 0.025390625
0.0 0.4912109375 0.52294921875 0.021484375 0.0302734375
0.0 0.37255859375 0.5400390625 0.0224609375 0.025390625
0.0 0.76611328125 0.4599609375 0.0107421875 0.01171875
0.0 0.70556640625 0.3984375 0.0146484375 0.013671875
0.0 0.86181640625 0.5166015625 0.0185546875 0.017578125
0.0 0.8837890625 0.55419921875 0.017578125 0.0205078125
0.0 0.8310546875 0.52197265625 0.015625 0.0185546875
0.0 0.84375 0.5703125 0.021484375 0.017578125
0.0 0.80419921875 0.56298828125 0.0244140625 0.0244140625
0.0 0.96240234375 0.552734375 0.0205078125 0.017578125
0.0 0.91064453125 0.56396484375 0.0166015625 0.0205078125
0.0 0.9560546875 0.6591796875 0.02734375 0.03125
0.0 0.97509765625 0.640625 0.0185546875 0.0234375
0.0 0.9111328125 0.6572265625 0.03125 0.033203125
0.0 0.86376953125 0.66552734375 0.0283203125 0.0322265625
0.0 0.814453125 0.6669921875 0.03515625 0.03515625
0.0 0.9296875 0.5419921875 0.013671875 0.015625
0.0 0.765625 0.525390625 0.017578125 0.01953125
0.0 0.7705078125 0.5703125 0.01953125 0.021484375
0.0 0.73681640625 0.52294921875 0.0185546875 0.0185546875
0.0 0.703125 0.5234375 0.01953125 0.021484375
0.0 0.66015625 0.52734375 0.021484375 0.0234375
0.0 0.6357421875 0.55078125 0.03515625 0.037109375
0.0 0.669921875 0.583984375 0.0234375 0.025390625
0.0 0.693359375 0.5654296875 0.021484375 0.02734375
0.0 0.7099609375 0.7080078125 0.037109375 0.037109375
0.0 0.64306640625 0.69091796875 0.0380859375 0.0400390625
0.0 0.537109375 0.7451171875 0.0390625 0.04296875
0.0 0.52392578125 0.57763671875 0.0322265625 0.0322265625
0.0 0.43017578125 0.54443359375 0.0205078125 0.0263671875
0.0 0.5830078125 0.453125 0.0078125 0.01171875
0.0 0.45703125 0.75 0.04296875 0.05859375
0.0 0.4326171875 0.58349609375 0.03515625 0.0439453125
0.0 0.35888671875 0.59228515625 0.0341796875 0.0419921875
0.0 0.3662109375 0.7802734375 0.048828125 0.0546875
0.0 0.03662109375 0.61572265625 0.0498046875 0.0615234375
0.0 0.61572265625 0.52783203125 0.0263671875 0.0341796875
0.0 0.7177734375 0.55810546875 0.02734375 0.0361328125
0.0 0.744140625 0.44921875 0.009765625 0.01171875
0.0 0.26953125 0.58154296875 0.041015625 0.0478515625
