0.0 0.3857421875 0.06167979002624672 0.0166015625 0.026246719160104987
0.0 0.4345703125 0.1220472440944882 0.0244140625 0.05643044619422572
0.0 0.3154296875 0.2099737532808399 0.0908203125 0.1141732283464567
0.0 0.2705078125 0.09055118110236221 0.0302734375 0.05511811023622047
0.0 0.0576171875 0.14698162729658792 0.0791015625 0.11811023622047244
0.0 0.017578125 0.452755905511811 0.1123046875 0.23228346456692914
0.0 0.6513671875 0.06561679790026247 0.0107421875 0.01837270341207349
0.0 0.9375 0.09973753280839895 0.037109375 0.05249343832020997
0.0 0.830078125 0.09055118110236221 0.0185546875 0.030183727034120734
0.0 0.7822265625 0.08661417322834646 0.029296875 0.05249343832020997
0.0 0.7578125 0.07742782152230972 0.01171875 0.02230971128608924
0.0 0.5849609375 0.11286089238845144 0.0322265625 0.05774278215223097
0.0 0.5361328125 0.08267716535433071 0.0283203125 0.04068241469816273
0.0 0.658203125 0.08923884514435695 0.0126953125 0.01706036745406824
0.0 0.4658203125 0.06430446194225722 0.015625 0.026246719160104987
0.0 0.21484375 0.023622047244094488 0.0107421875 0.01968503937007874
0.0 0.5205078125 0.08661417322834646 0.01171875 0.024934383202099737
0.0 0.337890625 0.06036745406824147 0.0146484375 0.02099737532808399
0.0 0.91015625 0.07874015748031496 0.01171875 0.01968503937007874
0.0 0.9189453125 0.05905511811023622 0.01171875 0.01968503937007874
