0.0 0.9482421875 0.19071428571428573 0.025390625 0.055714285714285716
0.0 0.814453125 0.185 0.033203125 0.06714285714285714
0.0 0.72216796875 0.15642857142857142 0.0244140625 0.05
0.0 0.900390625 0.23214285714285715 0.017578125 0.03571428571428571
0.0 0.5458984375 0.18785714285714286 0.02734375 0.06428571428571428
0.0 0.447265625 0.17714285714285713 0.03125 0.05142857142857143
0.0 0.4091796875 0.21785714285714286 0.0390625 0.07571428571428572
0.0 0.48046875 0.3057142857142857 0.029296875 0.04857142857142857
0.0 0.2138671875 0.17857142857142858 0.03125 0.054285714285714284
0.0 0.15869140625 0.23214285714285715 0.0302734375 0.06142857142857143
0.0 0.1416015625 0.11928571428571429 0.02734375 0.06428571428571428
0.0 0.18115234375 0.23714285714285716 0.0263671875 0.054285714285714284
0.0 0.3046875 0.23357142857142857 0.03515625 0.055714285714285716
0.0 0.05029296875 0.13071428571428573 0.0302734375 0.05285714285714286
0.0 0.2353515625 0.15071428571428572 0.021484375 0.05
0.0 0.67626953125 0.2835714285714286 0.0185546875 0.041428571428571426
