0.0 0.40625 0.3557833089311859 0.0048828125 0.010248901903367497
0.0 0.419921875 0.34992679355783307 0.0068359375 0.010248901903367497
0.0 0.4296875 0.3484626647144949 0.005859375 0.008784773060029283
0.0 0.4775390625 0.3953147877013177 0.013671875 0.021961932650073207
0.0 0.5439453125 0.3806734992679356 0.01171875 0.01903367496339678
0.0 0.515625 0.40263543191800877 0.0078125 0.010248901903367497
0.0 0.626953125 0.33821376281112736 0.015625 0.03074670571010249
0.0 0.62109375 0.37481698389458273 0.017578125 0.03367496339677892
0.0 0.7490234375 0.36603221083455345 0.009765625 0.017569546120058566
0.0 0.990234375 0.3513909224011713 0.009765625 0.024890190336749635
0.0 0.92578125 0.404099560761347 0.005859375 0.008784773060029283
0.0 0.8623046875 0.4084919472913616 0.0048828125 0.007320644216691069
0.0 0.2158203125 0.3953147877013177 0.0068359375 0.013177159590043924
0.0 0.2431640625 0.40263543191800877 0.0078125 0.01171303074670571
0.0 0.111328125 0.33528550512445093 0.0078125 0.013177159590043924
0.0 0.1337890625 0.37920937042459735 0.0068359375 0.01171303074670571
0.0 0.15234375 0.36603221083455345 0.0078125 0.01171303074670571
0.0 0.1767578125 0.40702781844802344 0.0068359375 0.01171303074670571
0.0 0.1533203125 0.4011713030746706 0.0068359375 0.01171303074670571
0.0 0.1494140625 0.4333821376281113 0.01171875 0.017569546120058566
0.0 0.11328125 0.527086383601757 0.0126953125 0.016105417276720352
0.0 0.18359375 0.4787701317715959 0.009765625 0.016105417276720352
0.0 0.265625 0.4568081991215227 0.0078125 0.013177159590043924
0.0 0.240234375 0.4143484626647145 0.0107421875 0.017569546120058566
0.0 0.3232421875 0.37774524158125916 0.0107421875 0.020497803806734993
0.0 0.357421875 0.46412884333821375 0.005859375 0.013177159590043924
0.0 0.2744140625 0.39970717423133234 0.0068359375 0.01171303074670571
0.0 0.2822265625 0.3718887262079063 0.0048828125 0.008784773060029283
0.0 0.29296875 0.37920937042459735 0.0068359375 0.010248901903367497
0.0 0.263671875 0.3645680819912152 0.005859375 0.01171303074670571
0.0 0.240234375 0.36603221083455345 0.0068359375 0.01171303074670571
0.0 0.2529296875 0.3162518301610542 0.005859375 0.010248901903367497
0.0 0.2119140625 0.3484626647144949 0.0068359375 0.008784773060029283
0.0 0.2021484375 0.34260614934114203 0.005859375 0.008784773060029283
0.0 0.212890625 0.31332357247437775 0.0068359375 0.010248901903367497
0.0 0.3017578125 0.3235724743777452 0.0048828125 0.008784773060029283
0.0 0.341796875 0.33528550512445093 0.0048828125 0.010248901903367497
0.0 0.361328125 0.34699853587115664 0.0068359375 0.008784773060029283
0.0 0.3759765625 0.3806734992679356 0.005859375 0.007320644216691069
0.0 0.3837890625 0.37774524158125916 0.005859375 0.010248901903367497
0.0 0.0595703125 0.5871156661786238 0.0205078125 0.07027818448023426
0.0 0.5537109375 0.33821376281112736 0.0078125 0.01171303074670571
0.0 0.775390625 0.3938506588579795 0.005859375 0.010248901903367497
0.0 0.0048828125 0.37042459736456806 0.0087890625 0.010248901903367497
0.0 0.3349609375 0.4011713030746706 0.0087890625 0.013177159590043924
0.0 0.33203125 0.3821376281112738 0.0087890625 0.013177159590043924
0.0 0.46484375 0.32210834553440704 0.00390625 0.008784773060029283
0.0 0.021484375 0.5212298682284041 0.0107421875 0.01903367496339678
0.0 0.4609375 0.3923865300146413 0.005859375 0.010248901903367497
0.0 0.79296875 0.35871156661786235 0.009765625 0.01903367496339678
0.0 0.828125 0.42020497803806733 0.0048828125 0.007320644216691069
