0.0 0.5849609375 0.2378472222222222 0.015625 0.036458333333333336
0.0 0.611328125 0.22743055555555555 0.009765625 0.024305555555555556
0.0 0.65234375 0.21006944444444445 0.0107421875 0.022569444444444444
0.0 0.625 0.2013888888888889 0.009765625 0.020833333333333332
0.0 0.61328125 0.18055555555555555 0.0078125 0.019097222222222224
0.0 0.560546875 0.1892361111111111 0.0107421875 0.022569444444444444
0.0 0.5234375 0.18055555555555555 0.0087890625 0.019097222222222224
0.0 0.4921875 0.14930555555555555 0.0078125 0.015625
0.0 0.4619140625 0.16493055555555555 0.009765625 0.022569444444444444
0.0 0.431640625 0.19270833333333334 0.015625 0.03125
0.0 0.3837890625 0.1736111111111111 0.0087890625 0.019097222222222224
0.0 0.3623046875 0.2013888888888889 0.0126953125 0.022569444444444444
0.0 0.3828125 0.21180555555555555 0.009765625 0.019097222222222224
0.0 0.90625 0.2690972222222222 0.015625 0.03298611111111111
0.0 0.9296875 0.2552083333333333 0.0166015625 0.03298611111111111
0.0 0.974609375 0.2795138888888889 0.015625 0.03298611111111111
0.0 0.8427734375 0.3420138888888889 0.017578125 0.03125
0.0 0.8505859375 0.3003472222222222 0.015625 0.03125
0.0 0.8720703125 0.1996527777777778 0.01171875 0.026041666666666668
0.0 0.8310546875 0.24305555555555555 0.013671875 0.029513888888888888
0.0 0.7939453125 0.20833333333333334 0.017578125 0.03298611111111111
0.0 0.7763671875 0.21354166666666666 0.0185546875 0.03819444444444445
0.0 0.23828125 0.21006944444444445 0.015625 0.034722222222222224
0.0 0.2421875 0.17708333333333334 0.0078125 0.017361111111111112
0.0 0.2998046875 0.1753472222222222 0.0078125 0.019097222222222224
0.0 0.330078125 0.19270833333333334 0.0087890625 0.020833333333333332
0.0 0.58984375 0.12152777777777778 0.005859375 0.013888888888888888
0.0 0.6015625 0.10416666666666667 0.005859375 0.012152777777777778
0.0 0.6318359375 0.13020833333333334 0.00390625 0.010416666666666666
0.0 0.6318359375 0.109375 0.0048828125 0.012152777777777778
0.0 0.654296875 0.11458333333333333 0.00390625 0.013888888888888888
0.0 0.6640625 0.1111111111111111 0.0048828125 0.012152777777777778
0.0 0.6953125 0.1076388888888889 0.0048828125 0.012152777777777778
0.0 0.71875 0.13194444444444445 0.0048828125 0.008680555555555556
0.0 0.70703125 0.1284722222222222 0.0048828125 0.010416666666666666
0.0 0.7548828125 0.17881944444444445 0.0068359375 0.017361111111111112
0.0 0.685546875 0.16319444444444445 0.009765625 0.022569444444444444
0.0 0.673828125 0.17708333333333334 0.0087890625 0.017361111111111112
0.0 0.6650390625 0.15104166666666666 0.009765625 0.020833333333333332
0.0 0.326171875 0.24131944444444445 0.021484375 0.04861111111111111
0.0 0.478515625 0.13194444444444445 0.005859375 0.019097222222222224
