0.0 0.318359375 0.8657474600870827 0.025390625 0.05079825834542816
0.0 0.39453125 0.874455732946299 0.025390625 0.05370101596516691
0.0 0.1796875 0.8838896952104499 0.0234375 0.04934687953555878
0.0 0.25 0.8200290275761973 0.01953125 0.03773584905660377
0.0 0.17431640625 0.7997097242380261 0.0185546875 0.03773584905660377
0.0 0.13720703125 0.7590711175616836 0.0107421875 0.02902757619738752
0.0 0.17626953125 0.7467343976777939 0.0048828125 0.015965166908563134
0.0 0.18505859375 0.7503628447024674 0.0087890625 0.020319303338171262
0.0 0.064453125 0.8214804063860668 0.017578125 0.040638606676342524
0.0 0.12451171875 0.8149492017416545 0.0166015625 0.036284470246734396
0.0 0.08056640625 0.7467343976777939 0.0087890625 0.02177068214804064
0.0 0.11328125 0.7910014513788098 0.017578125 0.03193033381712627
0.0 0.63623046875 0.9470246734397678 0.0166015625 0.062409288824383166
0.0 0.45166015625 0.8490566037735849 0.0205078125 0.04354136429608128
0.0 0.6259765625 0.8671988388969522 0.0234375 0.04499274310595065
0.0 0.51171875 0.8374455732946299 0.025390625 0.040638606676342524
0.0 0.490234375 0.8889695210449927 0.021484375 0.04499274310595065
0.0 0.55126953125 0.8207547169811321 0.0146484375 0.036284470246734396
0.0 0.60400390625 0.8403483309143687 0.0205078125 0.04354136429608128
0.0 0.32470703125 0.7989840348330914 0.0146484375 0.033381712626995644
0.0 0.9833984375 0.9042089985486212 0.025390625 0.04644412191582003
0.0 0.93603515625 0.8570391872278664 0.0283203125 0.05079825834542816
0.0 0.79345703125 0.8679245283018868 0.0302734375 0.05224963715529753
0.0 0.7138671875 0.8737300435413643 0.01953125 0.04644412191582003
0.0 0.87744140625 0.772133526850508 0.0126953125 0.026124818577648767
0.0 0.685546875 0.8454281567489115 0.025390625 0.033381712626995644
0.0 0.890625 0.8127721335268505 0.021484375 0.04934687953555878
0.0 0.99560546875 0.8555878084179971 0.0087890625 0.027576197387518143
0.0 0.63916015625 0.7597968069666183 0.0126953125 0.02177068214804064
0.0 0.60595703125 0.6465892597968069 0.0068359375 0.013062409288824383
0.0 0.5849609375 0.6698113207547169 0.0078125 0.013062409288824383
0.0 0.57275390625 0.816400580551524 0.0224609375 0.0420899854862119
0.0 0.49560546875 0.7380261248185777 0.0107421875 0.018867924528301886
0.0 0.39013671875 0.8280116110304789 0.0185546875 0.033381712626995644
0.0 0.427734375 0.737300435413643 0.013671875 0.023222060957910014
0.0 0.255859375 0.8671988388969522 0.025390625 0.0420899854862119
0.0 0.2265625 0.8076923076923077 0.021484375 0.03918722786647315
0.0 0.14892578125 0.6415094339622641 0.0107421875 0.020319303338171262
0.0 0.060546875 0.6328011611030478 0.0078125 0.01741654571843251
0.0 0.0302734375 0.637155297532656 0.009765625 0.01741654571843251
0.0 0.10595703125 0.6262699564586357 0.0068359375 0.015965166908563134
0.0 0.1708984375 0.6393323657474601 0.0078125 0.013062409288824383
0.0 0.09326171875 0.6465892597968069 0.0068359375 0.013062409288824383
0.0 0.03857421875 0.6211901306240929 0.0068359375 0.011611030478955007
0.0 0.37451171875 0.6538461538461539 0.0087890625 0.015965166908563134
0.0 0.35595703125 0.6640058055152395 0.0087890625 0.015965166908563134
0.0 0.580078125 0.7402031930333817 0.0078125 0.01741654571843251
0.0 0.87060546875 0.8236574746008708 0.0224609375 0.0420899854862119
0.0 0.63818359375 0.6763425253991292 0.0107421875 0.01741654571843251
0.0 0.533203125 0.6494920174165457 0.01171875 0.02467343976777939
0.0 0.6064453125 0.7576197387518142 0.017578125 0.026124818577648767
0.0 0.60107421875 0.6734397677793904 0.0087890625 0.020319303338171262
0.0 0.34228515625 0.8222060957910015 0.0205078125 0.033381712626995644
0.0 0.1484375 0.7329462989840348 0.0078125 0.01741654571843251
0.0 0.158203125 0.7343976777939042 0.0078125 0.01741654571843251
0.0 0.7626953125 0.8425253991291727 0.0234375 0.03918722786647315
0.0 0.0380859375 0.7554426705370102 0.009765625 0.027576197387518143
