0.0 0.9970703125 0.3184840425531915 0.005859375 0.014627659574468085
0.0 0.92333984375 0.3371010638297872 0.0126953125 0.0199468085106383
0.0 0.89990234375 0.42486702127659576 0.0146484375 0.03590425531914894
0.0 0.86669921875 0.4122340425531915 0.0185546875 0.031914893617021274
0.0 0.82275390625 0.4640957446808511 0.0205078125 0.05585106382978723
0.0 0.7958984375 0.40226063829787234 0.017578125 0.03324468085106383
0.0 0.85888671875 0.3636968085106383 0.0107421875 0.027925531914893616
0.0 0.90576171875 0.355718085106383 0.0146484375 0.022606382978723406
0.0 0.8046875 0.3517287234042553 0.01171875 0.017287234042553192
0.0 0.7626953125 0.3670212765957447 0.021484375 0.02925531914893617
0.0 0.6669921875 0.48404255319148937 0.033203125 0.05319148936170213
0.0 0.5830078125 0.4640957446808511 0.044921875 0.07712765957446809
0.0 0.55126953125 0.3663563829787234 0.0126953125 0.027925531914893616
0.0 0.30078125 0.35638297872340424 0.015625 0.02925531914893617
0.0 0.23583984375 0.4109042553191489 0.0146484375 0.031914893617021274
0.0 0.04541015625 0.3271276595744681 0.0126953125 0.018617021276595744
0.0 0.0498046875 0.37566489361702127 0.013671875 0.027925531914893616
0.0 0.02197265625 0.3550531914893617 0.0107421875 0.023936170212765957
0.0 0.2119140625 0.32313829787234044 0.01171875 0.018617021276595744
0.0 0.73291015625 0.3151595744680851 0.0087890625 0.013297872340425532
0.0 0.841796875 0.34175531914893614 0.009765625 0.015957446808510637
0.0 0.833984375 0.3224734042553192 0.009765625 0.017287234042553192
0.0 0.9462890625 0.3371010638297872 0.01171875 0.017287234042553192
0.0 0.8818359375 0.3537234042553192 0.0078125 0.013297872340425532
0.0 0.76611328125 0.3045212765957447 0.0068359375 0.015957446808510637
0.0 0.77685546875 0.3065159574468085 0.0068359375 0.014627659574468085
0.0 0.0078125 0.3091755319148936 0.01171875 0.017287234042553192
0.0 0.00634765625 0.32845744680851063 0.0107421875 0.018617021276595744
0.0 0.02294921875 0.3091755319148936 0.0068359375 0.009308510638297872
0.0 0.16357421875 0.324468085106383 0.0107421875 0.018617021276595744
0.0 0.6640625 0.3809840425531915 0.01171875 0.030585106382978722
