0.0 0.9111328125 0.29627207325049054 0.0390625 0.030739045127534337
0.0 0.7646484375 0.2701111837802485 0.048828125 0.03531720078482668
0.0 0.7490234375 0.197514715500327 0.0390625 0.031393067364290386
0.0 0.7158203125 0.29103989535644215 0.0224609375 0.01962066710268149
0.0 0.607421875 0.26880313930673644 0.0419921875 0.034009156311314584
0.0 0.6396484375 0.27730542838456507 0.033203125 0.026814911706998037
0.0 0.45703125 0.28776978417266186 0.0322265625 0.02485284499672989
0.0 0.4921875 0.29561805101373445 0.025390625 0.020928711576193592
0.0 0.40234375 0.2674950948332243 0.041015625 0.029431000654022238
0.0 0.2626953125 0.26618705035971224 0.0517578125 0.03793328973185088
0.0 0.1357421875 0.2406801831262263 0.0537109375 0.04381948986265533
0.0 0.0390625 0.30085022890778285 0.033203125 0.032701111837802485
0.0 0.4482421875 0.3727926749509483 0.07421875 0.060824068018312624
0.0 0.728515625 0.4434270765206017 0.0927734375 0.04839764551994768
