0.0 0.0546875 0.4654947916666667 0.037109375 0.06380208333333333
0.0 0.1357421875 0.4420572916666667 0.041015625 0.061197916666666664
0.0 0.22216796875 0.4505208333333333 0.0419921875 0.06770833333333333
0.0 0.34423828125 0.4088541666666667 0.0361328125 0.0625
0.0 0.38232421875 0.3932291666666667 0.0419921875 0.078125
0.0 0.546875 0.337890625 0.044921875 0.08203125
0.0 0.716796875 0.3684895833333333 0.056640625 0.08072916666666667
0.0 0.8623046875 0.3932291666666667 0.0546875 0.0859375
0.0 0.79443359375 0.3548177083333333 0.0302734375 0.053385416666666664
0.0 0.79736328125 0.4192708333333333 0.0263671875 0.059895833333333336
0.0 0.67724609375 0.3776041666666667 0.0380859375 0.0625
0.0 0.63232421875 0.3118489583333333 0.0263671875 0.03515625
0.0 0.5078125 0.3671875 0.009765625 0.015625
0.0 0.47607421875 0.3548177083333333 0.0341796875 0.04296875
0.0 0.29833984375 0.412109375 0.0224609375 0.037760416666666664
