0.0 0.1279296875 0.34681372549019607 0.0234375 0.0392156862745098
0.0 0.16796875 0.32230392156862747 0.037109375 0.0661764705882353
0.0 0.216796875 0.31004901960784315 0.0263671875 0.03676470588235294
0.0 0.240234375 0.35049019607843135 0.02734375 0.04044117647058824
0.0 0.3115234375 0.30269607843137253 0.021484375 0.03676470588235294
0.0 0.3486328125 0.3627450980392157 0.0419921875 0.06495098039215687
0.0 0.37109375 0.3137254901960784 0.0302734375 0.029411764705882353
0.0 0.4130859375 0.3174019607843137 0.0341796875 0.056372549019607844
0.0 0.458984375 0.3235294117647059 0.01171875 0.029411764705882353
0.0 0.4501953125 0.30392156862745096 0.0078125 0.011029411764705883
0.0 0.501953125 0.3541666666666667 0.0498046875 0.07230392156862746
0.0 0.5556640625 0.3284313725490196 0.0439453125 0.06740196078431372
0.0 0.529296875 0.3125 0.0185546875 0.01838235294117647
0.0 0.53515625 0.28921568627450983 0.0205078125 0.0196078431372549
0.0 0.5576171875 0.27205882352941174 0.0361328125 0.03431372549019608
0.0 0.62109375 0.29044117647058826 0.009765625 0.015931372549019607
0.0 0.65625 0.3627450980392157 0.046875 0.058823529411764705
0.0 0.6025390625 0.30637254901960786 0.0087890625 0.012254901960784314
0.0 0.6806640625 0.27205882352941174 0.0283203125 0.04411764705882353
0.0 0.814453125 0.29411764705882354 0.037109375 0.05759803921568627
0.0 0.8271484375 0.35661764705882354 0.025390625 0.025735294117647058
0.0 0.88671875 0.31495098039215685 0.0224609375 0.029411764705882353
0.0 0.91015625 0.3272058823529412 0.0234375 0.03553921568627451
0.0 0.8525390625 0.37254901960784315 0.052734375 0.07475490196078431
