0.0 0.4169921875 0.5181422351233672 0.015625 0.023222060957910014
0.0 0.45166015625 0.5108853410740203 0.0087890625 0.01451378809869376
0.0 0.51611328125 0.4477503628447025 0.0478515625 0.08272859216255443
0.0 0.619140625 0.5145137880986937 0.01171875 0.02177068214804064
0.0 0.65576171875 0.49129172714078373 0.0166015625 0.027576197387518143
0.0 0.681640625 0.4934687953555878 0.01171875 0.023222060957910014
0.0 0.7197265625 0.5036284470246735 0.0078125 0.01741654571843251
0.0 0.7294921875 0.5101596516690856 0.01171875 0.02467343976777939
0.0 0.81201171875 0.5413642960812772 0.0517578125 0.09288824383164006
0.0 0.904296875 0.4934687953555878 0.015625 0.03193033381712627
0.0 0.92626953125 0.4513788098693759 0.0380859375 0.06966618287373004
0.0 0.34130859375 0.5333817126269956 0.0068359375 0.018867924528301886
