0.0 0.9287109375 0.6059544658493871 0.025390625 0.0595446584938704
0.0 0.98388671875 0.7697022767075307 0.0322265625 0.06129597197898424
0.0 0.83935546875 0.5788091068301225 0.0263671875 0.0542907180385289
0.0 0.67919921875 0.6304728546409807 0.0263671875 0.0595446584938704
0.0 0.56787109375 0.6243432574430823 0.0224609375 0.050788091068301226
0.0 0.77587890625 0.43870402802101577 0.0126953125 0.0297723292469352
0.0 0.79248046875 0.4290718038528897 0.0126953125 0.03152364273204904
0.0 0.921875 0.45183887915936954 0.013671875 0.03152364273204904
0.0 0.9931640625 0.47373029772329245 0.013671875 0.03677758318739054
0.0 0.97265625 0.3949211908931699 0.01171875 0.02276707530647986
0.0 0.88232421875 0.3905429071803853 0.0146484375 0.024518388791593695
0.0 0.8642578125 0.44921190893169877 0.009765625 0.02276707530647986
0.0 0.86474609375 0.4211908931698774 0.0107421875 0.02626970227670753
0.0 0.80908203125 0.38528896672504376 0.0126953125 0.028021015761821366
0.0 0.9013671875 0.3362521891418564 0.009765625 0.021015761821366025
0.0 0.65478515625 0.20140105078809106 0.0166015625 0.03502626970227671
0.0 0.6005859375 0.21628721541155868 0.017578125 0.03327495621716287
0.0 0.54833984375 0.20928196147110334 0.0166015625 0.03327495621716287
0.0 0.49560546875 0.4176882661996497 0.0126953125 0.0297723292469352
0.0 0.44970703125 0.4185639229422067 0.0126953125 0.024518388791593695
0.0 0.5224609375 0.4098073555166375 0.013671875 0.024518388791593695
0.0 0.47216796875 0.6436077057793345 0.0244140625 0.050788091068301226
0.0 0.39599609375 0.5175131348511384 0.0166015625 0.040280210157618214
0.0 0.3251953125 0.6042031523642732 0.0234375 0.04903677758318739
0.0 0.34326171875 0.48774080560420313 0.0224609375 0.040280210157618214
0.0 0.30615234375 0.48774080560420313 0.0166015625 0.03327495621716287
0.0 0.3349609375 0.45271453590192645 0.015625 0.040280210157618214
0.0 0.302734375 0.45446584938704027 0.013671875 0.03327495621716287
0.0 0.2021484375 0.6190893169877408 0.0234375 0.043782837127845885
0.0 0.1904296875 0.4868651488616462 0.015625 0.03502626970227671
0.0 0.20751953125 0.4649737302977233 0.0146484375 0.0297723292469352
0.0 0.09033203125 0.5884413309982487 0.0224609375 0.04553415061295972
0.0 0.09033203125 0.46059544658493873 0.0166015625 0.03502626970227671
0.0 0.02392578125 0.5726795096322241 0.0205078125 0.03502626970227671
0.0 0.2177734375 0.43257443082311736 0.009765625 0.024518388791593695
0.0 0.224609375 0.4185639229422067 0.01171875 0.028021015761821366
0.0 0.29150390625 0.37828371278458844 0.0087890625 0.017513134851138354
0.0 0.34326171875 0.37653239929947463 0.0087890625 0.021015761821366025
0.0 0.4189453125 0.4010507880910683 0.01171875 0.024518388791593695
0.0 0.54736328125 0.4457092819614711 0.0185546875 0.03677758318739054
0.0 0.654296875 0.44921190893169877 0.015625 0.03677758318739054
0.0 0.1865234375 0.27845884413309985 0.0078125 0.021015761821366025
0.0 0.22021484375 0.287215411558669 0.0087890625 0.021015761821366025
0.0 0.2001953125 0.2732049036777583 0.0078125 0.017513134851138354
0.0 0.228515625 0.2679509632224168 0.0078125 0.014010507880910683
0.0 0.94287109375 0.39404553415061294 0.0087890625 0.017513134851138354
0.0 0.99658203125 0.36252189141856395 0.0068359375 0.024518388791593695
0.0 0.73779296875 0.5280210157618214 0.0166015625 0.050788091068301226
0.0 0.8271484375 0.4746059544658494 0.01171875 0.024518388791593695
