0.0 0.11767578125 0.46924428822495606 0.0966796875 0.2038664323374341
0.0 0.48681640625 0.46660808435852374 0.0986328125 0.2126537785588752
0.0 0.73779296875 0.2548330404217926 0.0927734375 0.1687170474516696
0.0 0.25390625 0.413884007029877 0.056640625 0.10017574692442882
0.0 0.39404296875 0.1608084358523726 0.0498046875 0.10017574692442882
0.0 0.2197265625 0.30140597539543057 0.0390625 0.061511423550087874
0.0 0.20654296875 0.21441124780316345 0.0302734375 0.04569420035149385
0.0 0.09619140625 0.2504393673110721 0.0400390625 0.06854130052724078
0.0 0.17431640625 0.20826010544815465 0.0205078125 0.040421792618629174
0.0 0.30810546875 0.18717047451669597 0.0205078125 0.050966608084358524
0.0 0.22021484375 0.07117750439367311 0.0185546875 0.033391915641476276
0.0 0.17138671875 0.07644991212653779 0.0126953125 0.026362038664323375
0.0 0.357421875 0.08260105448154657 0.015625 0.04569420035149385
0.0 0.4453125 0.08787346221441125 0.009765625 0.0210896309314587
0.0 0.5078125 0.0984182776801406 0.013671875 0.028119507908611598
0.0 0.4951171875 0.10017574692442882 0.009765625 0.0210896309314587
0.0 0.533203125 0.12126537785588752 0.009765625 0.02460456942003515
0.0 0.5361328125 0.18014059753954306 0.009765625 0.019332161687170474
0.0 0.6611328125 0.2618629173989455 0.025390625 0.05975395430579965
0.0 0.66455078125 0.09929701230228472 0.0185546875 0.033391915641476276
0.0 0.8154296875 0.18980667838312829 0.025390625 0.04569420035149385
0.0 0.89404296875 0.36994727592267135 0.0380859375 0.07557117750439367
0.0 0.90625 0.14235500878734622 0.017578125 0.028119507908611598
0.0 0.931640625 0.24165202108963094 0.017578125 0.03690685413005272
0.0 0.51806640625 0.1256590509666081 0.0146484375 0.033391915641476276
