0.0 0.97265625 0.4075520833333333 0.013671875 0.02734375
0.0 0.91796875 0.4088541666666667 0.017578125 0.02734375
0.0 0.8984375 0.4036458333333333 0.0126953125 0.028645833333333332
0.0 0.8681640625 0.3958333333333333 0.009765625 0.03125
0.0 0.7998046875 0.4010416666666667 0.0146484375 0.0234375
0.0 0.77734375 0.38671875 0.0126953125 0.0234375
0.0 0.7509765625 0.3997395833333333 0.0126953125 0.02734375
0.0 0.9423828125 0.4205729166666667 0.0087890625 0.016927083333333332
0.0 0.61328125 0.3997395833333333 0.015625 0.02734375
0.0 0.5908203125 0.3776041666666667 0.0146484375 0.026041666666666668
0.0 0.5712890625 0.38671875 0.0146484375 0.02734375
0.0 0.55078125 0.3815104166666667 0.0126953125 0.022135416666666668
0.0 0.5263671875 0.375 0.013671875 0.02734375
0.0 0.515625 0.3776041666666667 0.0126953125 0.02734375
0.0 0.50390625 0.3828125 0.0107421875 0.022135416666666668
0.0 0.486328125 0.3841145833333333 0.0146484375 0.029947916666666668
0.0 0.4189453125 0.390625 0.0185546875 0.032552083333333336
0.0 0.4287109375 0.3684895833333333 0.013671875 0.024739583333333332
0.0 0.4091796875 0.3802083333333333 0.0126953125 0.02734375
0.0 0.3525390625 0.3736979166666667 0.017578125 0.032552083333333336
0.0 0.3203125 0.3841145833333333 0.0146484375 0.026041666666666668
0.0 0.2666015625 0.3984375 0.01171875 0.024739583333333332
0.0 0.2958984375 0.3684895833333333 0.01171875 0.024739583333333332
0.0 0.2529296875 0.3802083333333333 0.013671875 0.022135416666666668
0.0 0.2041015625 0.3763020833333333 0.013671875 0.026041666666666668
0.0 0.1689453125 0.3658854166666667 0.0126953125 0.0234375
0.0 0.1474609375 0.3645833333333333 0.013671875 0.0234375
0.0 0.125 0.3893229166666667 0.0185546875 0.032552083333333336
0.0 0.095703125 0.3580729166666667 0.0146484375 0.026041666666666668
0.0 0.0771484375 0.3567708333333333 0.0185546875 0.029947916666666668
0.0 0.064453125 0.3619791666666667 0.015625 0.026041666666666668
0.0 0.0458984375 0.3736979166666667 0.0107421875 0.036458333333333336
0.0 0.0537109375 0.37109375 0.009765625 0.02734375
0.0 0.013671875 0.3684895833333333 0.0146484375 0.03515625
0.0 0.0009765625 0.3684895833333333 0.0166015625 0.046875
0.0 0.6474609375 0.3997395833333333 0.01171875 0.018229166666666668
