0.0 0.1318359375 0.5390625 0.0185546875 0.0328125
0.0 0.3212890625 0.51875 0.021484375 0.0390625
0.0 0.189453125 0.45 0.0146484375 0.0234375
0.0 0.0771484375 0.49375 0.013671875 0.0234375
0.0 0.875 0.528125 0.021484375 0.0390625
0.0 0.9453125 0.5 0.0126953125 0.0328125
0.0 0.9404296875 0.4328125 0.0087890625 0.0140625
0.0 0.9072265625 0.4609375 0.01171875 0.025
0.0 0.984375 0.428125 0.009765625 0.0171875
0.0 0.4130859375 0.084375 0.0146484375 0.0265625
0.0 0.5537109375 0.4921875 0.021484375 0.04375
