0.0 0.94482421875 0.8748169838945827 0.0224609375 0.03953147877013177
0.0 0.93310546875 0.8316251830161054 0.0263671875 0.04685212298682284
0.0 0.81005859375 0.8528550512445096 0.0263671875 0.048316251830161056
0.0 0.83935546875 0.8118594436310396 0.0205078125 0.04538799414348463
0.0 0.67919921875 0.9677891654465594 0.0244140625 0.04685212298682284
0.0 0.46484375 0.9062957540263543 0.01953125 0.043923865300146414
0.0 0.46484375 0.8235724743777453 0.013671875 0.03367496339677892
0.0 0.3017578125 0.8455344070278185 0.02734375 0.048316251830161056
0.0 0.3369140625 0.8316251830161054 0.017578125 0.043923865300146414
0.0 0.556640625 0.7254758418740849 0.013671875 0.036603221083455345
0.0 0.5419921875 0.7840409956076134 0.013671875 0.036603221083455345
0.0 0.5810546875 0.760614934114202 0.015625 0.036603221083455345
0.0 0.1650390625 0.9253294289897511 0.025390625 0.04978038067349927
0.0 0.265625 0.8543191800878477 0.013671875 0.03953147877013177
0.0 0.189453125 0.8060029282576867 0.009765625 0.027818448023426062
0.0 0.029296875 0.6764275256222547 0.021484375 0.043923865300146414
0.0 0.12060546875 0.5995607613469985 0.0166015625 0.03367496339677892
0.0 0.2119140625 0.6281112737920937 0.01953125 0.040995607613469986
0.0 0.234375 0.6032210834553441 0.017578125 0.03513909224011713
0.0 0.1728515625 0.66398243045388 0.017578125 0.03953147877013177
0.0 0.06640625 0.637628111273792 0.015625 0.036603221083455345
0.0 0.19287109375 0.8975109809663251 0.0146484375 0.040995607613469986
0.0 0.7978515625 0.7240117130307467 0.021484375 0.0424597364568082
0.0 0.74951171875 0.6427525622254758 0.0224609375 0.040995607613469986
0.0 0.79248046875 0.6486090775988287 0.0185546875 0.03806734992679356
0.0 0.4541015625 0.6427525622254758 0.01953125 0.03806734992679356
0.0 0.42724609375 0.6083455344070278 0.0166015625 0.03953147877013177
0.0 0.40625 0.6456808199121523 0.021484375 0.03806734992679356
0.0 0.31689453125 0.6632503660322109 0.0205078125 0.03806734992679356
0.0 0.2578125 0.6442166910688141 0.015625 0.029282576866764276
0.0 0.3193359375 0.5563689604685212 0.017578125 0.03806734992679356
0.0 0.2548828125 0.5592972181551976 0.021484375 0.02635431918008785
0.0 0.2158203125 0.5263543191800878 0.017578125 0.03367496339677892
0.0 0.3046875 0.5168374816983895 0.013671875 0.029282576866764276
0.0 0.1728515625 0.4670571010248902 0.017578125 0.03513909224011713
0.0 0.10791015625 0.5212298682284041 0.0146484375 0.03513909224011713
0.0 0.1142578125 0.4289897510980966 0.015625 0.032210834553440704
0.0 0.14990234375 0.438506588579795 0.0146484375 0.03367496339677892
0.0 0.09033203125 0.3294289897510981 0.0126953125 0.029282576866764276
0.0 0.13037109375 0.36822840409956076 0.0146484375 0.03074670571010249
0.0 0.1318359375 0.3294289897510981 0.01171875 0.032210834553440704
0.0 0.0830078125 0.38872620790629575 0.017578125 0.036603221083455345
0.0 0.0546875 0.3389458272327965 0.015625 0.03074670571010249
0.0 0.04345703125 0.29502196193265007 0.0146484375 0.024890190336749635
0.0 0.01513671875 0.26061493411420206 0.0146484375 0.02635431918008785
0.0 0.763671875 0.4956076134699854 0.017578125 0.036603221083455345
0.0 0.8623046875 0.48096632503660325 0.01953125 0.03367496339677892
0.0 0.8349609375 0.5461200585651538 0.015625 0.03513909224011713
0.0 0.70263671875 0.5292825768667643 0.0205078125 0.036603221083455345
0.0 0.64892578125 0.5087847730600292 0.0185546875 0.03367496339677892
0.0 0.5703125 0.5256222547584187 0.01953125 0.03513909224011713
0.0 0.56103515625 0.5717423133235725 0.0185546875 0.036603221083455345
0.0 0.52734375 0.5102489019033675 0.017578125 0.036603221083455345
0.0 0.529296875 0.5666178623718887 0.01953125 0.040995607613469986
0.0 0.619140625 0.5695461200585652 0.015625 0.03513909224011713
0.0 0.47607421875 0.5534407027818448 0.0205078125 0.040995607613469986
0.0 0.494140625 0.5256222547584187 0.017578125 0.03513909224011713
0.0 0.4541015625 0.5065885797950219 0.017578125 0.03806734992679356
0.0 0.48095703125 0.48535871156661786 0.0166015625 0.036603221083455345
0.0 0.4326171875 0.4882869692532943 0.017578125 0.03953147877013177
0.0 0.4033203125 0.5424597364568082 0.015625 0.027818448023426062
0.0 0.38720703125 0.5234260614934114 0.0166015625 0.03367496339677892
0.0 0.34619140625 0.513177159590044 0.0185546875 0.036603221083455345
0.0 0.32470703125 0.4751098096632504 0.0185546875 0.03953147877013177
0.0 0.42529296875 0.4355783308931186 0.0166015625 0.036603221083455345
0.0 0.408203125 0.44216691068814057 0.015625 0.032210834553440704
0.0 0.373046875 0.48755490483162517 0.013671875 0.029282576866764276
0.0 0.32958984375 0.43484626647144947 0.0166015625 0.02635431918008785
0.0 0.15283203125 0.3535871156661786 0.0126953125 0.03074670571010249
0.0 0.14208984375 0.30380673499267935 0.0146484375 0.027818448023426062
0.0 0.22119140625 0.3001464128843338 0.0087890625 0.017569546120058566
0.0 0.2041015625 0.3931185944363104 0.01171875 0.027818448023426062
0.0 0.109375 0.20644216691068815 0.01171875 0.02635431918008785
0.0 0.13427734375 0.18960468521229867 0.0107421875 0.021961932650073207
0.0 0.10791015625 0.25036603221083453 0.0107421875 0.020497803806734993
0.0 0.8720703125 0.3821376281112738 0.017578125 0.03806734992679356
0.0 0.9521484375 0.39970717423133234 0.015625 0.03513909224011713
0.0 0.90869140625 0.3967789165446559 0.0126953125 0.02635431918008785
0.0 0.865234375 0.3404099560761347 0.013671875 0.024890190336749635
0.0 0.84228515625 0.33821376281112736 0.0146484375 0.032210834553440704
0.0 0.87939453125 0.33528550512445093 0.0107421875 0.02342606149341142
0.0 0.92431640625 0.32284040995607616 0.0107421875 0.024890190336749635
0.0 0.87841796875 0.431185944363104 0.0146484375 0.03074670571010249
0.0 0.48486328125 0.4216691068814056 0.0166015625 0.032210834553440704
0.0 0.56982421875 0.45241581259150804 0.0166015625 0.03513909224011713
0.0 0.5478515625 0.43265007320644217 0.013671875 0.03074670571010249
0.0 0.5078125 0.4084919472913616 0.017578125 0.03806734992679356
0.0 0.61767578125 0.4224011713030747 0.0146484375 0.0424597364568082
0.0 0.60986328125 0.39970717423133234 0.0146484375 0.03513909224011713
0.0 0.3583984375 0.37042459736456806 0.013671875 0.032210834553440704
0.0 0.3955078125 0.3762811127379209 0.015625 0.032210834553440704
0.0 0.41552734375 0.3294289897510981 0.0146484375 0.032210834553440704
0.0 0.3564453125 0.4224011713030747 0.013671875 0.027818448023426062
0.0 0.55126953125 0.3557833089311859 0.0146484375 0.029282576866764276
0.0 0.50732421875 0.3308931185944363 0.0146484375 0.02635431918008785
0.0 0.4912109375 0.33821376281112736 0.009765625 0.020497803806734993
0.0 0.4814453125 0.32210834553440704 0.015625 0.029282576866764276
0.0 0.51904296875 0.2891654465592972 0.0107421875 0.01903367496339678
0.0 0.47705078125 0.3806734992679356 0.0146484375 0.02635431918008785
0.0 0.22021484375 0.4428989751098097 0.0146484375 0.03367496339677892
0.0 0.20703125 0.3389458272327965 0.015625 0.03074670571010249
0.0 0.2373046875 0.2774524158125915 0.009765625 0.01903367496339678
0.0 0.345703125 0.30600292825768666 0.013671875 0.029282576866764276
0.0 0.29052734375 0.2884333821376281 0.0126953125 0.02342606149341142
0.0 0.3125 0.3301610541727672 0.01171875 0.03074670571010249
0.0 0.31494140625 0.31112737920937045 0.0107421875 0.021961932650073207
0.0 0.27587890625 0.2635431918008785 0.0126953125 0.02342606149341142
0.0 0.2099609375 0.23938506588579794 0.009765625 0.024890190336749635
0.0 0.18310546875 0.24816983894582723 0.0107421875 0.024890190336749635
0.0 0.15234375 0.18521229868228403 0.009765625 0.013177159590043924
0.0 0.63037109375 0.28989751098096633 0.0126953125 0.02635431918008785
0.0 0.6376953125 0.3440702781844802 0.013671875 0.02635431918008785
0.0 0.5966796875 0.33162518301610544 0.01171875 0.024890190336749635
0.0 0.556640625 0.2957540263543192 0.01171875 0.02635431918008785
0.0 0.5009765625 0.2664714494875549 0.013671875 0.02342606149341142
0.0 0.58544921875 0.3718887262079063 0.0146484375 0.029282576866764276
0.0 0.59814453125 0.2591508052708638 0.0126953125 0.02635431918008785
0.0 0.6220703125 0.2591508052708638 0.009765625 0.02342606149341142
0.0 0.5205078125 0.246705710102489 0.01171875 0.024890190336749635
0.0 0.71484375 0.22181551976573938 0.01171875 0.024890190336749635
0.0 0.681640625 0.21156661786237188 0.01171875 0.021961932650073207
0.0 0.6904296875 0.19399707174231332 0.01171875 0.021961932650073207
0.0 0.732421875 0.19985358711566617 0.0078125 0.016105417276720352
0.0 0.70849609375 0.18887262079062958 0.0087890625 0.020497803806734993
0.0 0.47412109375 0.23572474377745242 0.0107421875 0.02635431918008785
0.0 0.47216796875 0.27159590043923865 0.0126953125 0.024890190336749635
0.0 0.56787109375 0.2108345534407028 0.0107421875 0.02342606149341142
0.0 0.310546875 0.16910688140556368 0.009765625 0.021961932650073207
0.0 0.60498046875 0.20497803806734993 0.0126953125 0.029282576866764276
0.0 0.58447265625 0.2020497803806735 0.0107421875 0.02342606149341142
0.0 0.5654296875 0.17789165446559296 0.009765625 0.01903367496339678
0.0 0.35546875 0.19765739385065886 0.0078125 0.014641288433382138
0.0 0.40283203125 0.20790629575402636 0.0107421875 0.020497803806734993
0.0 0.3779296875 0.2445095168374817 0.01171875 0.029282576866764276
0.0 0.7470703125 0.2613469985358712 0.01171875 0.03074670571010249
0.0 0.74462890625 0.23645680819912152 0.0087890625 0.01903367496339678
0.0 0.80419921875 0.2972181551976574 0.0146484375 0.029282576866764276
0.0 0.85791015625 0.38799414348462663 0.0126953125 0.029282576866764276
0.0 0.80078125 0.25109809663250365 0.01171875 0.01903367496339678
0.0 0.88427734375 0.27891654465592974 0.0146484375 0.027818448023426062
0.0 0.8115234375 0.34553440702781846 0.017578125 0.029282576866764276
0.0 0.75927734375 0.2891654465592972 0.0087890625 0.021961932650073207
0.0 0.775390625 0.29209370424597364 0.01171875 0.027818448023426062
0.0 0.33251953125 0.26720351390922403 0.0087890625 0.021961932650073207
0.0 0.27001953125 0.2247437774524158 0.0087890625 0.01903367496339678
0.0 0.318359375 0.09224011713030747 0.01171875 0.02342606149341142
0.0 0.4755859375 0.17496339677891654 0.01171875 0.021961932650073207
0.0 0.5087890625 0.18740849194729137 0.01171875 0.02342606149341142
0.0 0.50146484375 0.15739385065885797 0.0146484375 0.021961932650073207
0.0 0.48046875 0.14128843338213762 0.009765625 0.021961932650073207
0.0 0.8232421875 0.20351390922401172 0.009765625 0.020497803806734993
0.0 0.56298828125 0.43045387994143486 0.0166015625 0.032210834553440704
0.0 0.61083984375 0.3404099560761347 0.0166015625 0.03367496339677892
0.0 0.5625 0.4055636896046852 0.017578125 0.03513909224011713
0.0 0.54345703125 0.4904831625183016 0.0166015625 0.03513909224011713
0.0 0.521484375 0.32430453879941434 0.013671875 0.03367496339677892
0.0 0.58935546875 0.2518301610541728 0.0146484375 0.02635431918008785
0.0 0.2705078125 0.4978038067349927 0.017578125 0.02635431918008785
0.0 0.07861328125 0.48975109809663253 0.0166015625 0.03074670571010249
0.0 0.095703125 0.48535871156661786 0.017578125 0.03953147877013177
