0.0 0.169921875 0.614323258869908 0.025390625 0.03810775295663601
0.0 0.125 0.5558475689881734 0.013671875 0.023653088042049936
0.0 0.22900390625 0.5709592641261498 0.0126953125 0.017082785808147174
0.0 0.29443359375 0.6110381077529566 0.0068359375 0.013140604467805518
0.0 0.34814453125 0.5722733245729303 0.0087890625 0.01445466491458607
0.0 0.33935546875 0.5170827858081471 0.0048828125 0.006570302233902759
0.0 0.37939453125 0.5282522996057819 0.0029296875 0.00788436268068331
0.0 0.67529296875 0.557161629434954 0.0283203125 0.04730617608409987
0.0 0.642578125 0.573587385019711 0.015625 0.01971090670170828
0.0 0.5947265625 0.6090670170827858 0.005859375 0.009198423127463863
0.0 0.56201171875 0.5479632063074902 0.0107421875 0.02890932982917214
0.0 0.55078125 0.6360052562417872 0.0234375 0.04467805519053877
0.0 0.3994140625 0.469119579500657 0.00390625 0.00788436268068331
0.0 0.48046875 0.5919842312746386 0.00390625 0.009198423127463863
0.0 0.73583984375 0.599868593955322 0.0224609375 0.040735873850197106
0.0 0.982421875 0.6097240473061761 0.0078125 0.013140604467805518
0.0 0.9677734375 0.5873850197109067 0.0078125 0.013140604467805518
0.0 0.98388671875 0.5919842312746386 0.0068359375 0.009198423127463863
0.0 0.99658203125 0.5978975032851511 0.0048828125 0.00788436268068331
