0.0 0.5478515625 0.36836518046709127 0.025390625 0.06581740976645435
0.0 0.64111328125 0.3471337579617834 0.0244140625 0.06581740976645435
0.0 0.630859375 0.34182590233545646 0.01171875 0.03397027600849257
0.0 0.6640625 0.3673036093418259 0.015625 0.055201698513800426
0.0 0.70361328125 0.37048832271762205 0.0205078125 0.06157112526539278
0.0 0.71826171875 0.35668789808917195 0.0302734375 0.06369426751592357
0.0 0.76904296875 0.31104033970276007 0.0185546875 0.08280254777070063
0.0 0.85595703125 0.3227176220806794 0.0205078125 0.06369426751592357
0.0 0.9638671875 0.3343949044585987 0.02734375 0.07855626326963906
0.0 0.9794921875 0.4830148619957537 0.0390625 0.12951167728237792
0.0 0.62841796875 0.7377919320594479 0.0380859375 0.09554140127388536
0.0 0.74169921875 0.8184713375796179 0.0576171875 0.19745222929936307
0.0 0.37890625 0.3619957537154989 0.01171875 0.0870488322717622
0.0 0.34814453125 0.3365180467091295 0.0341796875 0.09978768577494693
0.0 0.29248046875 0.3343949044585987 0.0166015625 0.07855626326963906
0.0 0.2412109375 0.3651804670912951 0.0390625 0.10191082802547771
0.0 0.20263671875 0.33121019108280253 0.0263671875 0.08067940552016985
0.0 0.17138671875 0.3853503184713376 0.0205078125 0.06581740976645435
0.0 0.11669921875 0.32908704883227174 0.0380859375 0.10615711252653928
0.0 0.0341796875 0.3885350318471338 0.03515625 0.14012738853503184
0.0 0.048828125 0.31316348195329086 0.02734375 0.07855626326963906
