0.0 0.11376953125 0.5121527777777778 0.0068359375 0.013888888888888888
0.0 0.13720703125 0.4982638888888889 0.0048828125 0.013888888888888888
0.0 0.1533203125 0.4947916666666667 0.005859375 0.013888888888888888
0.0 0.17236328125 0.4939236111111111 0.0068359375 0.015625
0.0 0.1826171875 0.484375 0.005859375 0.013888888888888888
0.0 0.19140625 0.4661458333333333 0.005859375 0.012152777777777778
0.0 0.2236328125 0.4453125 0.005859375 0.015625
0.0 0.22802734375 0.4852430555555556 0.0068359375 0.015625
0.0 0.20751953125 0.4887152777777778 0.0068359375 0.015625
0.0 0.1904296875 0.5017361111111112 0.00390625 0.010416666666666666
0.0 0.17626953125 0.5199652777777778 0.0068359375 0.019097222222222224
0.0 0.16162109375 0.5381944444444444 0.0068359375 0.017361111111111112
0.0 0.19775390625 0.5598958333333334 0.0087890625 0.019097222222222224
0.0 0.22705078125 0.5199652777777778 0.0068359375 0.019097222222222224
0.0 0.2509765625 0.5147569444444444 0.005859375 0.012152777777777778
0.0 0.2705078125 0.5529513888888888 0.0078125 0.019097222222222224
0.0 0.2841796875 0.5520833333333334 0.0078125 0.017361111111111112
0.0 0.27392578125 0.5364583333333334 0.0068359375 0.017361111111111112
0.0 0.28515625 0.5277777777777778 0.005859375 0.017361111111111112
0.0 0.296875 0.5086805555555556 0.005859375 0.017361111111111112
0.0 0.23291015625 0.5147569444444444 0.0048828125 0.015625
0.0 0.24072265625 0.4800347222222222 0.0068359375 0.015625
0.0 0.25830078125 0.4930555555555556 0.0048828125 0.013888888888888888
0.0 0.2841796875 0.4861111111111111 0.005859375 0.017361111111111112
0.0 0.328125 0.4635416666666667 0.005859375 0.013888888888888888
0.0 0.3046875 0.5529513888888888 0.009765625 0.026041666666666668
0.0 0.2763671875 0.6440972222222222 0.009765625 0.020833333333333332
0.0 0.25048828125 0.6302083333333334 0.0087890625 0.020833333333333332
0.0 0.287109375 0.6119791666666666 0.0078125 0.019097222222222224
0.0 0.3134765625 0.6145833333333334 0.009765625 0.020833333333333332
0.0 0.3203125 0.5876736111111112 0.0078125 0.019097222222222224
0.0 0.33642578125 0.6831597222222222 0.0126953125 0.029513888888888888
0.0 0.33642578125 0.6163194444444444 0.0087890625 0.017361111111111112
0.0 0.17431640625 0.5963541666666666 0.0087890625 0.015625
0.0 0.3828125 0.5685763888888888 0.009765625 0.022569444444444444
0.0 0.3857421875 0.5963541666666666 0.009765625 0.026041666666666668
0.0 0.375 0.5520833333333334 0.0078125 0.017361111111111112
0.0 0.3447265625 0.5607638888888888 0.0078125 0.017361111111111112
0.0 0.3330078125 0.5390625 0.0078125 0.015625
0.0 0.37744140625 0.5217013888888888 0.0068359375 0.019097222222222224
0.0 0.3984375 0.5295138888888888 0.005859375 0.017361111111111112
0.0 0.4091796875 0.5277777777777778 0.0078125 0.017361111111111112
0.0 0.41455078125 0.5225694444444444 0.0068359375 0.017361111111111112
0.0 0.353515625 0.5199652777777778 0.0078125 0.015625
0.0 0.4404296875 0.4921875 0.0078125 0.015625
0.0 0.4267578125 0.5546875 0.005859375 0.012152777777777778
0.0 0.39794921875 0.5963541666666666 0.0087890625 0.019097222222222224
0.0 0.42822265625 0.5815972222222222 0.0087890625 0.020833333333333332
0.0 0.43994140625 0.5746527777777778 0.0087890625 0.020833333333333332
0.0 0.439453125 0.6059027777777778 0.0078125 0.017361111111111112
0.0 0.42626953125 0.6284722222222222 0.0087890625 0.017361111111111112
0.0 0.40673828125 0.6354166666666666 0.0087890625 0.020833333333333332
0.0 0.4189453125 0.6623263888888888 0.013671875 0.029513888888888888
0.0 0.439453125 0.6657986111111112 0.01171875 0.029513888888888888
0.0 0.44921875 0.6388888888888888 0.0078125 0.024305555555555556
0.0 0.455078125 0.5963541666666666 0.0078125 0.022569444444444444
0.0 0.4541015625 0.5729166666666666 0.0078125 0.017361111111111112
0.0 0.45654296875 0.546875 0.0087890625 0.024305555555555556
0.0 0.44189453125 0.5737847222222222 0.0087890625 0.019097222222222224
0.0 0.287109375 0.6519097222222222 0.009765625 0.015625
0.0 0.2041015625 0.5972222222222222 0.005859375 0.017361111111111112
0.0 0.345703125 0.6414930555555556 0.009765625 0.026041666666666668
0.0 0.38232421875 0.7126736111111112 0.0107421875 0.029513888888888888
0.0 0.44189453125 0.7612847222222222 0.0107421875 0.03298611111111111
0.0 0.46875 0.6293402777777778 0.01171875 0.026041666666666668
0.0 0.44921875 0.7135416666666666 0.013671875 0.03125
0.0 0.5029296875 0.8064236111111112 0.015625 0.036458333333333336
0.0 0.49267578125 0.5121527777777778 0.0068359375 0.017361111111111112
0.0 0.48046875 0.4982638888888889 0.005859375 0.013888888888888888
0.0 0.46533203125 0.5303819444444444 0.0068359375 0.015625
0.0 0.46923828125 0.4809027777777778 0.0048828125 0.020833333333333332
0.0 0.51611328125 0.5234375 0.0068359375 0.019097222222222224
0.0 0.51513671875 0.5555555555555556 0.0068359375 0.020833333333333332
0.0 0.48974609375 0.5763888888888888 0.0126953125 0.017361111111111112
0.0 0.5302734375 0.5685763888888888 0.009765625 0.019097222222222224
0.0 0.54296875 0.6232638888888888 0.0078125 0.024305555555555556
0.0 0.52099609375 0.7022569444444444 0.0087890625 0.03298611111111111
0.0 0.55224609375 0.6032986111111112 0.0068359375 0.022569444444444444
0.0 0.56884765625 0.6137152777777778 0.0126953125 0.022569444444444444
0.0 0.541015625 0.5017361111111112 0.005859375 0.017361111111111112
0.0 0.6171875 0.6059027777777778 0.009765625 0.017361111111111112
0.0 0.63134765625 0.5850694444444444 0.0087890625 0.020833333333333332
0.0 0.6357421875 0.5520833333333334 0.0078125 0.020833333333333332
0.0 0.6005859375 0.5451388888888888 0.0078125 0.013888888888888888
0.0 0.6142578125 0.5616319444444444 0.0078125 0.019097222222222224
0.0 0.6376953125 0.4956597222222222 0.005859375 0.015625
0.0 0.60791015625 0.4730902777777778 0.0048828125 0.012152777777777778
0.0 0.58203125 0.4782986111111111 0.0078125 0.015625
0.0 0.591796875 0.5894097222222222 0.009765625 0.022569444444444444
0.0 0.54052734375 0.6475694444444444 0.0087890625 0.020833333333333332
0.0 0.52978515625 0.6510416666666666 0.0068359375 0.020833333333333332
0.0 0.50830078125 0.5729166666666666 0.0087890625 0.017361111111111112
0.0 0.55615234375 0.7864583333333334 0.0146484375 0.034722222222222224
0.0 0.5791015625 0.7803819444444444 0.01171875 0.029513888888888888
0.0 0.580078125 0.6041666666666666 0.0078125 0.024305555555555556
0.0 0.5458984375 0.53125 0.005859375 0.017361111111111112
0.0 0.587890625 0.5529513888888888 0.0078125 0.015625
0.0 0.5283203125 0.6215277777777778 0.0078125 0.020833333333333332
0.0 0.6904296875 0.5451388888888888 0.0078125 0.017361111111111112
0.0 0.7294921875 0.5789930555555556 0.009765625 0.022569444444444444
0.0 0.72216796875 0.5373263888888888 0.0068359375 0.019097222222222224
0.0 0.7060546875 0.5729166666666666 0.005859375 0.020833333333333332
0.0 0.68798828125 0.5868055555555556 0.0087890625 0.020833333333333332
0.0 0.673828125 0.5460069444444444 0.0078125 0.019097222222222224
0.0 0.6689453125 0.5572916666666666 0.0078125 0.017361111111111112
0.0 0.75927734375 0.5251736111111112 0.0068359375 0.019097222222222224
0.0 0.75 0.5416666666666666 0.0078125 0.020833333333333332
0.0 0.74853515625 0.5685763888888888 0.0068359375 0.019097222222222224
0.0 0.7275390625 0.671875 0.0078125 0.027777777777777776
0.0 0.73583984375 0.7335069444444444 0.0107421875 0.022569444444444444
0.0 0.7568359375 0.7664930555555556 0.013671875 0.036458333333333336
0.0 0.76123046875 0.703125 0.0126953125 0.017361111111111112
0.0 0.70361328125 0.7578125 0.0087890625 0.022569444444444444
0.0 0.7314453125 0.8368055555555556 0.013671875 0.034722222222222224
0.0 0.607421875 0.7178819444444444 0.013671875 0.03298611111111111
0.0 0.60791015625 0.6362847222222222 0.0087890625 0.022569444444444444
0.0 0.6025390625 0.6762152777777778 0.0078125 0.026041666666666668
0.0 0.595703125 0.6206597222222222 0.0078125 0.022569444444444444
0.0 0.6650390625 0.6918402777777778 0.009765625 0.026041666666666668
0.0 0.72802734375 0.7144097222222222 0.0087890625 0.029513888888888888
0.0 0.6494140625 0.6163194444444444 0.01171875 0.024305555555555556
0.0 0.6611328125 0.5607638888888888 0.0078125 0.017361111111111112
0.0 0.6435546875 0.5729166666666666 0.0078125 0.020833333333333332
0.0 0.66845703125 0.5920138888888888 0.0068359375 0.017361111111111112
0.0 0.65478515625 0.5772569444444444 0.0068359375 0.015625
0.0 0.6943359375 0.5121527777777778 0.005859375 0.017361111111111112
0.0 0.685546875 0.4973958333333333 0.0078125 0.012152777777777778
0.0 0.6572265625 0.5121527777777778 0.005859375 0.013888888888888888
0.0 0.6650390625 0.5121527777777778 0.005859375 0.013888888888888888
0.0 0.6396484375 0.53125 0.0078125 0.010416666666666666
0.0 0.72314453125 0.4791666666666667 0.0087890625 0.024305555555555556
0.0 0.75732421875 0.4661458333333333 0.0068359375 0.012152777777777778
0.0 0.732421875 0.6006944444444444 0.005859375 0.020833333333333332
0.0 0.73193359375 0.6362847222222222 0.0068359375 0.015625
0.0 0.78271484375 0.6215277777777778 0.0087890625 0.024305555555555556
0.0 0.755859375 0.4913194444444444 0.00390625 0.010416666666666666
0.0 0.6572265625 0.4791666666666667 0.005859375 0.013888888888888888
0.0 0.671875 0.4340277777777778 0.005859375 0.013888888888888888
0.0 0.74169921875 0.5642361111111112 0.0068359375 0.017361111111111112
0.0 0.75048828125 0.5190972222222222 0.0048828125 0.010416666666666666
0.0 0.810546875 0.46875 0.005859375 0.013888888888888888
0.0 0.8232421875 0.5017361111111112 0.005859375 0.017361111111111112
0.0 0.859375 0.5381944444444444 0.005859375 0.017361111111111112
0.0 0.85107421875 0.5321180555555556 0.0068359375 0.015625
0.0 0.84326171875 0.5338541666666666 0.0068359375 0.015625
0.0 0.81982421875 0.5347222222222222 0.0068359375 0.017361111111111112
0.0 0.85498046875 0.6059027777777778 0.0087890625 0.024305555555555556
0.0 0.84033203125 0.6189236111111112 0.0068359375 0.029513888888888888
0.0 0.82568359375 0.6180555555555556 0.0068359375 0.020833333333333332
0.0 0.8369140625 0.5642361111111112 0.0078125 0.020833333333333332
0.0 0.80908203125 0.5199652777777778 0.0068359375 0.012152777777777778
0.0 0.794921875 0.5130208333333334 0.005859375 0.012152777777777778
0.0 0.80419921875 0.4956597222222222 0.0048828125 0.012152777777777778
0.0 0.8486328125 0.640625 0.01171875 0.027777777777777776
0.0 0.8134765625 0.6163194444444444 0.0078125 0.017361111111111112
0.0 0.796875 0.6362847222222222 0.0078125 0.019097222222222224
0.0 0.77783203125 0.6571180555555556 0.0068359375 0.022569444444444444
0.0 0.78857421875 0.4895833333333333 0.0068359375 0.013888888888888888
0.0 0.8125 0.4930555555555556 0.0078125 0.013888888888888888
0.0 0.7861328125 0.4809027777777778 0.00390625 0.013888888888888888
0.0 0.85986328125 0.5008680555555556 0.0048828125 0.012152777777777778
0.0 0.87158203125 0.4956597222222222 0.0068359375 0.015625
0.0 0.873046875 0.515625 0.005859375 0.013888888888888888
0.0 0.88427734375 0.5069444444444444 0.0068359375 0.013888888888888888
0.0 0.931640625 0.5069444444444444 0.005859375 0.010416666666666666
0.0 0.9306640625 0.5434027777777778 0.009765625 0.020833333333333332
0.0 0.9189453125 0.5173611111111112 0.005859375 0.013888888888888888
0.0 0.90869140625 0.5130208333333334 0.0048828125 0.015625
0.0 0.9033203125 0.5190972222222222 0.005859375 0.013888888888888888
0.0 0.8828125 0.5572916666666666 0.0078125 0.017361111111111112
0.0 0.8974609375 0.6310763888888888 0.009765625 0.022569444444444444
0.0 0.93115234375 0.6310763888888888 0.0126953125 0.029513888888888888
0.0 0.90576171875 0.5946180555555556 0.0107421875 0.026041666666666668
0.0 0.9111328125 0.5651041666666666 0.009765625 0.019097222222222224
0.0 0.984375 0.5260416666666666 0.005859375 0.017361111111111112
0.0 0.97265625 0.5598958333333334 0.009765625 0.022569444444444444
0.0 0.95361328125 0.5260416666666666 0.0068359375 0.013888888888888888
0.0 0.94189453125 0.6041666666666666 0.0068359375 0.013888888888888888
0.0 0.95654296875 0.6015625 0.0107421875 0.022569444444444444
0.0 0.9619140625 0.5963541666666666 0.0078125 0.019097222222222224
0.0 0.919921875 0.6284722222222222 0.0078125 0.020833333333333332
0.0 0.9619140625 0.6449652777777778 0.0078125 0.019097222222222224
0.0 0.90869140625 0.6848958333333334 0.0107421875 0.026041666666666668
0.0 0.97705078125 0.6536458333333334 0.0107421875 0.022569444444444444
0.0 0.9267578125 0.6710069444444444 0.009765625 0.026041666666666668
0.0 0.904296875 0.6536458333333334 0.009765625 0.026041666666666668
0.0 0.96875 0.6284722222222222 0.005859375 0.013888888888888888
0.0 0.97021484375 0.5963541666666666 0.0087890625 0.026041666666666668
0.0 0.99462890625 0.6467013888888888 0.0087890625 0.022569444444444444
0.0 0.99072265625 0.7239583333333334 0.0087890625 0.020833333333333332
0.0 0.953125 0.6918402777777778 0.013671875 0.026041666666666668
0.0 0.935546875 0.7109375 0.01171875 0.03298611111111111
0.0 0.87353515625 0.6935763888888888 0.0107421875 0.029513888888888888
0.0 0.84423828125 0.7083333333333334 0.0146484375 0.03125
0.0 0.85107421875 0.7491319444444444 0.0166015625 0.026041666666666668
0.0 0.8876953125 0.7751736111111112 0.01171875 0.036458333333333336
0.0 0.90087890625 0.7361111111111112 0.0107421875 0.024305555555555556
0.0 0.86376953125 0.8940972222222222 0.0166015625 0.03125
0.0 0.876953125 0.8541666666666666 0.01171875 0.034722222222222224
0.0 0.89599609375 0.8159722222222222 0.0166015625 0.034722222222222224
0.0 0.927734375 0.8654513888888888 0.017578125 0.03993055555555555
0.0 0.88916015625 0.8758680555555556 0.0126953125 0.029513888888888888
0.0 0.96630859375 0.8645833333333334 0.0146484375 0.041666666666666664
0.0 0.8251953125 0.7282986111111112 0.01171875 0.03298611111111111
0.0 0.794921875 0.7664930555555556 0.01171875 0.029513888888888888
0.0 0.77783203125 0.828125 0.0146484375 0.034722222222222224
0.0 0.54052734375 0.7092013888888888 0.0087890625 0.015625
0.0 0.51806640625 0.4661458333333333 0.0048828125 0.012152777777777778
0.0 0.52490234375 0.4618055555555556 0.0048828125 0.013888888888888888
0.0 0.56494140625 0.4305555555555556 0.0048828125 0.013888888888888888
0.0 0.49560546875 0.4357638888888889 0.0048828125 0.013888888888888888
0.0 0.505859375 0.4279513888888889 0.00390625 0.012152777777777778
0.0 0.49072265625 0.3984375 0.0048828125 0.015625
0.0 0.44287109375 0.4618055555555556 0.0068359375 0.020833333333333332
0.0 0.70849609375 0.6163194444444444 0.0087890625 0.017361111111111112
0.0 0.6953125 0.6362847222222222 0.009765625 0.019097222222222224
0.0 0.68408203125 0.4418402777777778 0.0068359375 0.012152777777777778
0.0 0.61865234375 0.4565972222222222 0.0048828125 0.010416666666666666
0.0 0.591796875 0.4583333333333333 0.00390625 0.010416666666666666
0.0 0.5966796875 0.4878472222222222 0.005859375 0.013888888888888888
0.0 0.72900390625 0.4444444444444444 0.0048828125 0.010416666666666666
0.0 0.62841796875 0.4010416666666667 0.0048828125 0.010416666666666666
0.0 0.6337890625 0.4097222222222222 0.00390625 0.010416666666666666
0.0 0.6298828125 0.4279513888888889 0.005859375 0.008680555555555556
0.0 0.6435546875 0.4322916666666667 0.00390625 0.010416666666666666
0.0 0.68896484375 0.7777777777777778 0.0087890625 0.020833333333333332
0.0 0.99609375 0.5651041666666666 0.0078125 0.022569444444444444
0.0 0.8779296875 0.6032986111111112 0.0078125 0.015625
0.0 0.171875 0.4739583333333333 0.0078125 0.013888888888888888
0.0 0.64697265625 0.8741319444444444 0.0166015625 0.036458333333333336
0.0 0.60888671875 0.9045138888888888 0.0166015625 0.034722222222222224
0.0 0.94873046875 0.9618055555555556 0.0126953125 0.03125
0.0 0.99609375 0.9053819444444444 0.0078125 0.03298611111111111
0.0 0.955078125 0.9340277777777778 0.009765625 0.034722222222222224
