0.0 0.9404296875 0.7035398230088495 0.0595703125 0.1430678466076696
0.0 0.890625 0.6755162241887905 0.033203125 0.0752212389380531
0.0 0.7783203125 0.612094395280236 0.05078125 0.10176991150442478
0.0 0.7568359375 0.5752212389380531 0.0419921875 0.08112094395280237
0.0 0.703125 0.7890855457227138 0.072265625 0.11946902654867257
0.0 0.783203125 0.8731563421828908 0.08984375 0.12684365781710916
0.0 0.5869140625 0.8097345132743363 0.083984375 0.17404129793510326
0.0 0.708984375 0.43215339233038347 0.0234375 0.04129793510324484
0.0 0.6875 0.40412979351032446 0.0185546875 0.03982300884955752
0.0 0.626953125 0.37315634218289084 0.0146484375 0.029498525073746312
0.0 0.6455078125 0.4469026548672566 0.0205078125 0.035398230088495575
0.0 0.5703125 0.3967551622418879 0.0166015625 0.028023598820058997
0.0 0.6962890625 0.30383480825958703 0.0126953125 0.02654867256637168
0.0 0.71875 0.3466076696165192 0.0166015625 0.030973451327433628
0.0 0.3935546875 0.5088495575221239 0.03515625 0.06489675516224189
0.0 0.3828125 0.6061946902654868 0.037109375 0.06637168141592921
0.0 0.265625 0.7227138643067846 0.0615234375 0.12536873156342182
0.0 0.2490234375 0.6548672566371682 0.05078125 0.08259587020648967
0.0 0.359375 0.8082595870206489 0.083984375 0.14454277286135694
0.0 0.4794921875 0.8687315634218289 0.05859375 0.12536873156342182
0.0 0.107421875 0.8023598820058997 0.087890625 0.15191740412979352
0.0 0.0 0.6828908554572272 0.0361328125 0.1430678466076696
0.0 0.0517578125 0.5648967551622419 0.0283203125 0.05457227138643068
0.0 0.0654296875 0.5 0.0263671875 0.04424778761061947
0.0 0.4140625 0.3775811209439528 0.0126953125 0.02359882005899705
0.0 0.4658203125 0.34513274336283184 0.009765625 0.017699115044247787
0.0 0.427734375 0.33185840707964603 0.0107421875 0.022123893805309734
0.0 0.66796875 0.41002949852507375 0.0126953125 0.030973451327433628
0.0 0.0625 0.37610619469026546 0.015625 0.032448377581120944
