0.0 0.78076171875 0.1506434519303558 0.0478515625 0.046934140802422405
0.0 0.82177734375 0.14723694171082513 0.0439453125 0.04466313398940197
0.0 0.1181640625 0.49091597274791826 0.091796875 0.10976532929598788
0.0 0.7763671875 0.5749432248296745 0.03125 0.04920514761544285
0.0 0.5595703125 0.7604087812263437 0.044921875 0.04617713853141559
0.0 0.63134765625 0.70666161998486 0.0322265625 0.03406510219530658
0.0 0.19873046875 0.8444360333080999 0.0361328125 0.052233156699470096
0.0 0.26318359375 0.941332323996972 0.0732421875 0.06888720666161999
0.0 0.4453125 0.6922785768357305 0.02734375 0.023467070401211203
0.0 0.3193359375 0.5844057532172596 0.013671875 0.012112036336109008
0.0 0.31640625 0.558667676003028 0.01171875 0.010598031794095382
0.0 0.37109375 0.5639666919000756 0.01171875 0.012112036336109008
0.0 0.4013671875 0.558667676003028 0.009765625 0.009084027252081756
0.0 0.45166015625 0.5628311884935655 0.0107421875 0.011355034065102196
0.0 0.88671875 0.5749432248296745 0.01171875 0.011355034065102196
0.0 0.8681640625 0.558667676003028 0.009765625 0.010598031794095382
0.0 0.24072265625 0.580999242997729 0.0107421875 0.00984102952308857
0.0 0.0419921875 0.5851627554882665 0.0078125 0.010598031794095382
0.0 0.08642578125 0.7940953822861468 0.0283203125 0.033308099924299776
0.0 0.11328125 0.74110522331567 0.025390625 0.025738077214231644
0.0 0.4873046875 0.8425435276305829 0.05078125 0.046934140802422405
0.0 0.98486328125 0.5757002271006812 0.0166015625 0.014383043149129448
0.0 0.6171875 0.5673732021196064 0.013671875 0.011355034065102196
0.0 0.65771484375 0.5696442089326268 0.0126953125 0.012869038607115822
0.0 0.6337890625 0.5666161998485996 0.0078125 0.008327024981074944
0.0 0.55810546875 0.5741862225586677 0.0107421875 0.011355034065102196
0.0 0.484375 0.560560181680545 0.009765625 0.008327024981074944
0.0 0.64990234375 0.6245268735806208 0.0146484375 0.016654049962149888
0.0 0.47900390625 0.5870552611657835 0.0087890625 0.00984102952308857
