0.0 0.9296875 0.3455571227080395 0.0693359375 0.09590973201692525
0.0 0.701171875 0.36530324400564174 0.0537109375 0.08603667136812412
0.0 0.6669921875 0.46544428772919605 0.0625 0.1071932299012694
0.0 0.8193359375 0.44287729196050774 0.029296875 0.0465444287729196
0.0 0.8505859375 0.4203102961918195 0.0244140625 0.04372355430183357
0.0 0.76953125 0.4513399153737659 0.0126953125 0.023977433004231313
0.0 0.51171875 0.44992947813822287 0.0654296875 0.11001410437235543
0.0 0.5625 0.37799717912552894 0.04296875 0.07757404795486601
0.0 0.4423828125 0.3610719322990127 0.0615234375 0.09873060648801128
0.0 0.27734375 0.45557122708039494 0.060546875 0.10860366713681241
0.0 0.2646484375 0.4400564174894217 0.04296875 0.08180535966149506
0.0 0.1845703125 0.4541607898448519 0.0498046875 0.08039492242595205
0.0 0.080078125 0.4837799717912553 0.0859375 0.1156558533145275
0.0 0.0009765625 0.39774330042313116 0.0537109375 0.09590973201692525
