0.0 0.97216796875 0.9196428571428571 0.0341796875 0.07142857142857142
0.0 0.86083984375 0.9382440476190477 0.0322265625 0.07589285714285714
0.0 0.9619140625 0.8043154761904762 0.029296875 0.06101190476190476
0.0 0.81982421875 0.7857142857142857 0.0283203125 0.05952380952380952
0.0 0.8359375 0.7663690476190477 0.015625 0.03571428571428571
0.0 0.91552734375 0.6979166666666666 0.0302734375 0.06547619047619048
0.0 0.986328125 0.6450892857142857 0.02734375 0.05505952380952381
0.0 0.88134765625 0.6071428571428571 0.0283203125 0.05654761904761905
0.0 0.93701171875 0.5438988095238095 0.0283203125 0.05803571428571429
0.0 0.974609375 0.47619047619047616 0.025390625 0.05357142857142857
0.0 0.85888671875 0.5305059523809523 0.0283203125 0.052083333333333336
0.0 0.8798828125 0.5163690476190477 0.021484375 0.047619047619047616
0.0 0.935546875 0.40773809523809523 0.0234375 0.050595238095238096
0.0 0.92724609375 0.4568452380952381 0.0224609375 0.05357142857142857
0.0 0.85205078125 0.42410714285714285 0.0283203125 0.05357142857142857
0.0 0.97998046875 0.3541666666666667 0.0185546875 0.041666666666666664
0.0 0.943359375 0.36607142857142855 0.021484375 0.044642857142857144
0.0 0.9677734375 0.2924107142857143 0.021484375 0.04017857142857143
0.0 0.9287109375 0.32589285714285715 0.021484375 0.03869047619047619
0.0 0.87841796875 0.35119047619047616 0.0244140625 0.03571428571428571
0.0 0.9833984375 0.19122023809523808 0.017578125 0.03720238095238095
0.0 0.9453125 0.2425595238095238 0.01953125 0.041666666666666664
0.0 0.95458984375 0.21800595238095238 0.0146484375 0.03422619047619048
0.0 0.892578125 0.2537202380952381 0.01953125 0.043154761904761904
0.0 0.9072265625 0.26339285714285715 0.017578125 0.03571428571428571
0.0 0.89208984375 0.22247023809523808 0.0185546875 0.028273809523809524
0.0 0.92431640625 0.18526785714285715 0.0166015625 0.03720238095238095
0.0 0.8935546875 0.18675595238095238 0.01953125 0.03125
0.0 0.98046875 0.13764880952380953 0.01953125 0.03720238095238095
0.0 0.85888671875 0.16889880952380953 0.0185546875 0.03422619047619048
0.0 0.8662109375 0.2269345238095238 0.017578125 0.04017857142857143
0.0 0.93505859375 0.10639880952380952 0.0205078125 0.04017857142857143
0.0 0.962890625 0.09598214285714286 0.01171875 0.028273809523809524
0.0 0.8955078125 0.09523809523809523 0.017578125 0.03571428571428571
0.0 0.89306640625 0.05431547619047619 0.0107421875 0.019345238095238096
0.0 0.87060546875 0.07514880952380952 0.0107421875 0.022321428571428572
0.0 0.9453125 0.07663690476190477 0.015625 0.025297619047619048
0.0 0.7451171875 0.8601190476190477 0.03515625 0.07142857142857142
0.0 0.7138671875 0.765625 0.029296875 0.06994047619047619
0.0 0.7421875 0.6622023809523809 0.029296875 0.0625
0.0 0.69921875 0.578125 0.02734375 0.06101190476190476
0.0 0.79736328125 0.4895833333333333 0.0263671875 0.0625
0.0 0.65625 0.5178571428571429 0.02734375 0.0625
0.0 0.62646484375 0.5974702380952381 0.0244140625 0.046130952380952384
0.0 0.828125 0.4583333333333333 0.0234375 0.047619047619047616
0.0 0.75634765625 0.44568452380952384 0.0224609375 0.049107142857142856
0.0 0.77099609375 0.4382440476190476 0.0185546875 0.03720238095238095
0.0 0.81201171875 0.36235119047619047 0.0205078125 0.03720238095238095
0.0 0.75439453125 0.38318452380952384 0.0205078125 0.043154761904761904
0.0 0.8291015625 0.31994047619047616 0.01953125 0.03869047619047619
0.0 0.81201171875 0.2849702380952381 0.0185546875 0.03422619047619048
0.0 0.833984375 0.20535714285714285 0.017578125 0.03571428571428571
0.0 0.8095703125 0.19419642857142858 0.01953125 0.03720238095238095
0.0 0.7685546875 0.2552083333333333 0.01953125 0.043154761904761904
0.0 0.7802734375 0.23883928571428573 0.017578125 0.03720238095238095
0.0 0.8193359375 0.13764880952380953 0.015625 0.03720238095238095
0.0 0.8173828125 0.17485119047619047 0.015625 0.03125
0.0 0.78857421875 0.14583333333333334 0.0166015625 0.03273809523809524
0.0 0.775390625 0.16517857142857142 0.017578125 0.03571428571428571
0.0 0.75 0.20014880952380953 0.017578125 0.03720238095238095
0.0 0.7353515625 0.15029761904761904 0.015625 0.02976190476190476
0.0 0.7734375 0.12276785714285714 0.017578125 0.03125
0.0 0.75634765625 0.10044642857142858 0.0146484375 0.03125
0.0 0.8154296875 0.07291666666666667 0.017578125 0.03273809523809524
0.0 0.849609375 0.09672619047619048 0.015625 0.02976190476190476
0.0 0.78466796875 0.07886904761904762 0.0126953125 0.023809523809523808
0.0 0.80126953125 0.03720238095238095 0.0146484375 0.026785714285714284
0.0 0.77001953125 0.05505952380952381 0.0146484375 0.026785714285714284
0.0 0.75439453125 0.06770833333333333 0.0166015625 0.025297619047619048
0.0 0.763671875 0.03720238095238095 0.015625 0.023809523809523808
0.0 0.7275390625 0.05505952380952381 0.015625 0.02976190476190476
0.0 0.75732421875 0.01488095238095238 0.0146484375 0.023809523809523808
0.0 0.79638671875 0.005952380952380952 0.0126953125 0.011904761904761904
0.0 0.74169921875 0.006696428571428571 0.0126953125 0.013392857142857142
0.0 0.525390625 0.8928571428571429 0.03125 0.0744047619047619
0.0 0.52880859375 0.7440476190476191 0.0224609375 0.06845238095238096
0.0 0.4521484375 0.7023809523809523 0.03125 0.05654761904761905
0.0 0.5185546875 0.6741071428571429 0.025390625 0.050595238095238096
0.0 0.41162109375 0.8444940476190477 0.0361328125 0.08482142857142858
0.0 0.43212890625 0.9821428571428571 0.0419921875 0.03571428571428571
0.0 0.3154296875 0.8087797619047619 0.046875 0.0818452380952381
0.0 0.57373046875 0.53125 0.0283203125 0.050595238095238096
0.0 0.49462890625 0.6197916666666666 0.0302734375 0.05803571428571429
0.0 0.47119140625 0.5119047619047619 0.0263671875 0.05357142857142857
0.0 0.5546875 0.4419642857142857 0.03125 0.05952380952380952
0.0 0.4716796875 0.42931547619047616 0.0234375 0.049107142857142856
0.0 0.51171875 0.39880952380952384 0.0234375 0.050595238095238096
0.0 0.62646484375 0.3958333333333333 0.0244140625 0.05357142857142857
0.0 0.7138671875 0.4099702380952381 0.0234375 0.049107142857142856
0.0 0.4482421875 0.3943452380952381 0.0234375 0.044642857142857144
0.0 0.69775390625 0.47023809523809523 0.0244140625 0.03869047619047619
0.0 0.6845703125 0.3482142857142857 0.021484375 0.047619047619047616
0.0 0.7255859375 0.3385416666666667 0.021484375 0.046130952380952384
0.0 0.75439453125 0.3400297619047619 0.0224609375 0.043154761904761904
0.0 0.703125 0.28273809523809523 0.015625 0.02976190476190476
0.0 0.64453125 0.30505952380952384 0.021484375 0.041666666666666664
0.0 0.6552734375 0.28125 0.01953125 0.03571428571428571
0.0 0.60400390625 0.33779761904761907 0.0224609375 0.047619047619047616
0.0 0.7197265625 0.20163690476190477 0.017578125 0.04017857142857143
0.0 0.70361328125 0.203125 0.0166015625 0.03422619047619048
0.0 0.689453125 0.17261904761904762 0.013671875 0.023809523809523808
0.0 0.6357421875 0.23883928571428573 0.017578125 0.03422619047619048
0.0 0.61279296875 0.31919642857142855 0.0185546875 0.03422619047619048
0.0 0.599609375 0.2663690476190476 0.02734375 0.041666666666666664
0.0 0.6064453125 0.20163690476190477 0.01953125 0.04017857142857143
0.0 0.5751953125 0.2931547619047619 0.01953125 0.03869047619047619
0.0 0.5458984375 0.3601190476190476 0.017578125 0.03869047619047619
0.0 0.5546875 0.2261904761904762 0.01953125 0.041666666666666664
0.0 0.56005859375 0.20014880952380953 0.0185546875 0.04017857142857143
0.0 0.69921875 0.07663690476190477 0.015625 0.028273809523809524
0.0 0.7236328125 0.11458333333333333 0.013671875 0.020833333333333332
0.0 0.705078125 0.11532738095238096 0.017578125 0.028273809523809524
0.0 0.68408203125 0.09970238095238096 0.0166015625 0.02976190476190476
0.0 0.68798828125 0.03273809523809524 0.0146484375 0.026785714285714284
0.0 0.66943359375 0.11458333333333333 0.0146484375 0.02976190476190476
0.0 0.6845703125 0.13764880952380953 0.017578125 0.028273809523809524
0.0 0.630859375 0.16592261904761904 0.017578125 0.03720238095238095
0.0 0.6416015625 0.1480654761904762 0.01171875 0.022321428571428572
0.0 0.6591796875 0.10342261904761904 0.017578125 0.03422619047619048
0.0 0.6484375 0.0625 0.013671875 0.02976190476190476
0.0 0.6591796875 0.03571428571428571 0.015625 0.026785714285714284
0.0 0.6328125 0.078125 0.017578125 0.028273809523809524
0.0 0.60888671875 0.08333333333333333 0.0146484375 0.03273809523809524
0.0 0.62109375 0.029017857142857144 0.013671875 0.025297619047619048
0.0 0.599609375 0.061755952380952384 0.013671875 0.022321428571428572
0.0 0.65771484375 0.010416666666666666 0.0146484375 0.017857142857142856
0.0 0.59912109375 0.04241071428571429 0.0126953125 0.019345238095238096
0.0 0.5966796875 0.028273809523809524 0.01171875 0.017857142857142856
0.0 0.58740234375 0.11979166666666667 0.0146484375 0.03125
0.0 0.56884765625 0.07738095238095238 0.0166015625 0.02976190476190476
0.0 0.57080078125 0.12723214285714285 0.0166015625 0.03422619047619048
0.0 0.54248046875 0.06473214285714286 0.0126953125 0.028273809523809524
0.0 0.5498046875 0.057291666666666664 0.009765625 0.028273809523809524
0.0 0.55712890625 0.04389880952380952 0.0068359375 0.013392857142857142
0.0 0.5625 0.01636904761904762 0.013671875 0.026785714285714284
0.0 0.525390625 0.01488095238095238 0.01171875 0.020833333333333332
0.0 0.54443359375 0.10639880952380952 0.0146484375 0.03422619047619048
0.0 0.5283203125 0.08333333333333333 0.013671875 0.023809523809523808
0.0 0.521484375 0.11160714285714286 0.017578125 0.03869047619047619
0.0 0.49169921875 0.09300595238095238 0.0146484375 0.03125
0.0 0.505859375 0.14136904761904762 0.017578125 0.03571428571428571
0.0 0.4609375 0.10714285714285714 0.015625 0.02976190476190476
0.0 0.4541015625 0.06547619047619048 0.015625 0.03273809523809524
0.0 0.5087890625 0.031994047619047616 0.013671875 0.028273809523809524
0.0 0.4892578125 0.046875 0.013671875 0.03125
0.0 0.4541015625 0.028273809523809524 0.01171875 0.023809523809523808
0.0 0.42724609375 0.1130952380952381 0.0205078125 0.023809523809523808
0.0 0.41845703125 0.15178571428571427 0.0166015625 0.03273809523809524
0.0 0.4189453125 0.10416666666666667 0.017578125 0.026785714285714284
0.0 0.408203125 0.07663690476190477 0.015625 0.03125
0.0 0.40869140625 0.049107142857142856 0.0126953125 0.020833333333333332
0.0 0.388671875 0.13988095238095238 0.017578125 0.02976190476190476
0.0 0.35986328125 0.12053571428571429 0.0146484375 0.03273809523809524
0.0 0.3740234375 0.09598214285714286 0.015625 0.03125
0.0 0.39453125 0.041666666666666664 0.013671875 0.023809523809523808
0.0 0.37939453125 0.04241071428571429 0.0126953125 0.022321428571428572
0.0 0.3974609375 0.012648809523809524 0.013671875 0.022321428571428572
0.0 0.37646484375 0.019345238095238096 0.0126953125 0.017857142857142856
0.0 0.359375 0.047619047619047616 0.015625 0.023809523809523808
0.0 0.35107421875 0.029017857142857144 0.0146484375 0.025297619047619048
0.0 0.32177734375 0.041666666666666664 0.0166015625 0.03273809523809524
0.0 0.419921875 0.011160714285714286 0.015625 0.022321428571428572
0.0 0.32568359375 0.14211309523809523 0.0185546875 0.03125
0.0 0.32421875 0.09151785714285714 0.013671875 0.03125
0.0 0.330078125 0.00744047619047619 0.013671875 0.01488095238095238
0.0 0.35791015625 0.00744047619047619 0.0146484375 0.01488095238095238
0.0 0.28515625 0.014136904761904762 0.015625 0.028273809523809524
0.0 0.2744140625 0.0744047619047619 0.01953125 0.026785714285714284
0.0 0.30615234375 0.1212797619047619 0.0166015625 0.03422619047619048
0.0 0.2578125 0.12723214285714285 0.017578125 0.03125
0.0 0.2607421875 0.08407738095238096 0.017578125 0.03422619047619048
0.0 0.25 0.052083333333333336 0.015625 0.026785714285714284
0.0 0.2490234375 0.015625 0.013671875 0.025297619047619048
0.0 0.2412109375 0.027529761904761904 0.015625 0.03125
0.0 0.23876953125 0.13467261904761904 0.0166015625 0.03720238095238095
0.0 0.22412109375 0.09077380952380952 0.0166015625 0.02976190476190476
0.0 0.22314453125 0.06770833333333333 0.0146484375 0.025297619047619048
0.0 0.19482421875 0.04092261904761905 0.0146484375 0.028273809523809524
0.0 0.1962890625 0.09226190476190477 0.015625 0.03571428571428571
0.0 0.1796875 0.017857142857142856 0.013671875 0.02976190476190476
0.0 0.19091796875 0.011904761904761904 0.0107421875 0.020833333333333332
0.0 0.2060546875 0.03125 0.009765625 0.026785714285714284
0.0 0.2021484375 0.1644345238095238 0.01953125 0.03422619047619048
0.0 0.1875 0.13095238095238096 0.015625 0.023809523809523808
0.0 0.55224609375 0.1636904761904762 0.0126953125 0.023809523809523808
0.0 0.45263671875 0.21577380952380953 0.0185546875 0.03273809523809524
0.0 0.51416015625 0.26413690476190477 0.0205078125 0.03720238095238095
0.0 0.48779296875 0.2700892857142857 0.0185546875 0.03422619047619048
0.0 0.501953125 0.33035714285714285 0.021484375 0.044642857142857144
0.0 0.4677734375 0.33407738095238093 0.017578125 0.043154761904761904
0.0 0.4189453125 0.27232142857142855 0.021484375 0.044642857142857144
0.0 0.3994140625 0.2961309523809524 0.01953125 0.047619047619047616
0.0 0.44580078125 0.19642857142857142 0.0126953125 0.03273809523809524
0.0 0.400390625 0.19717261904761904 0.017578125 0.04017857142857143
0.0 0.3701171875 0.18080357142857142 0.015625 0.03422619047619048
0.0 0.35986328125 0.19345238095238096 0.0185546875 0.02976190476190476
0.0 0.33984375 0.19866071428571427 0.01953125 0.03422619047619048
0.0 0.337890625 0.25 0.01953125 0.041666666666666664
0.0 0.302734375 0.25892857142857145 0.021484375 0.041666666666666664
0.0 0.34765625 0.3318452380952381 0.021484375 0.041666666666666664
0.0 0.431640625 0.36235119047619047 0.017578125 0.043154761904761904
0.0 0.283203125 0.3288690476190476 0.0234375 0.044642857142857144
0.0 0.2646484375 0.21428571428571427 0.017578125 0.041666666666666664
0.0 0.2783203125 0.20238095238095238 0.017578125 0.03273809523809524
0.0 0.28564453125 0.24627976190476192 0.0205078125 0.046130952380952384
0.0 0.31982421875 0.18154761904761904 0.0185546875 0.03571428571428571
0.0 0.27001953125 0.16889880952380953 0.0166015625 0.03125
0.0 0.40576171875 0.38095238095238093 0.0224609375 0.03869047619047619
0.0 0.40771484375 0.421875 0.0205078125 0.043154761904761904
0.0 0.3916015625 0.43526785714285715 0.02734375 0.06101190476190476
0.0 0.34033203125 0.37797619047619047 0.0224609375 0.047619047619047616
0.0 0.28076171875 0.45089285714285715 0.0302734375 0.05357142857142857
0.0 0.345703125 0.5647321428571429 0.029296875 0.05803571428571429
0.0 0.3955078125 0.5297619047619048 0.029296875 0.05357142857142857
0.0 0.3662109375 0.6800595238095238 0.03515625 0.08333333333333333
0.0 0.26513671875 0.5394345238095238 0.0302734375 0.06398809523809523
0.0 0.25537109375 0.47842261904761907 0.0224609375 0.043154761904761904
0.0 0.234375 0.6897321428571429 0.041015625 0.06994047619047619
0.0 0.19384765625 0.6532738095238095 0.0244140625 0.06547619047619048
0.0 0.1533203125 0.8645833333333334 0.044921875 0.07738095238095238
0.0 0.0478515625 0.8407738095238095 0.037109375 0.0744047619047619
0.0 0.03955078125 0.6927083333333334 0.0361328125 0.06696428571428571
0.0 0.17431640625 0.4895833333333333 0.0302734375 0.05654761904761905
0.0 0.076171875 0.44494047619047616 0.03125 0.05952380952380952
0.0 0.13623046875 0.48660714285714285 0.0244140625 0.0625
0.0 0.20068359375 0.390625 0.0263671875 0.06101190476190476
0.0 0.2421875 0.4025297619047619 0.025390625 0.05803571428571429
0.0 0.0771484375 0.38839285714285715 0.021484375 0.044642857142857144
0.0 0.19775390625 0.29910714285714285 0.0283203125 0.05654761904761905
0.0 0.22802734375 0.31101190476190477 0.0224609375 0.041666666666666664
0.0 0.22119140625 0.23363095238095238 0.0185546875 0.03571428571428571
0.0 0.20556640625 0.24702380952380953 0.0224609375 0.03571428571428571
0.0 0.142578125 0.234375 0.021484375 0.04017857142857143
0.0 0.15185546875 0.22470238095238096 0.0166015625 0.03571428571428571
0.0 0.111328125 0.24107142857142858 0.017578125 0.03869047619047619
0.0 0.15283203125 0.33035714285714285 0.0224609375 0.044642857142857144
0.0 0.1591796875 0.30505952380952384 0.01953125 0.041666666666666664
0.0 0.1279296875 0.32217261904761907 0.017578125 0.049107142857142856
0.0 0.072265625 0.3087797619047619 0.029296875 0.052083333333333336
0.0 0.08203125 0.26785714285714285 0.025390625 0.047619047619047616
0.0 0.14501953125 0.17038690476190477 0.0185546875 0.04017857142857143
0.0 0.14990234375 0.14955357142857142 0.0185546875 0.03422619047619048
0.0 0.095703125 0.18898809523809523 0.017578125 0.03571428571428571
0.0 0.06689453125 0.24032738095238096 0.0185546875 0.04017857142857143
0.0 0.04150390625 0.17261904761904762 0.0205078125 0.041666666666666664
0.0 0.08935546875 0.12053571428571429 0.0166015625 0.03571428571428571
0.0 0.12451171875 0.12351190476190477 0.0166015625 0.03571428571428571
0.0 0.16943359375 0.1056547619047619 0.0185546875 0.02976190476190476
0.0 0.15087890625 0.06994047619047619 0.0166015625 0.02976190476190476
0.0 0.1240234375 0.08556547619047619 0.01171875 0.025297619047619048
0.0 0.087890625 0.06398809523809523 0.015625 0.03273809523809524
0.0 0.07470703125 0.07217261904761904 0.0146484375 0.025297619047619048
0.0 0.0302734375 0.12351190476190477 0.015625 0.023809523809523808
0.0 0.07177734375 0.14657738095238096 0.0185546875 0.03720238095238095
0.0 0.052734375 0.14955357142857142 0.01953125 0.03422619047619048
0.0 0.025390625 0.09151785714285714 0.015625 0.028273809523809524
0.0 0.0341796875 0.046130952380952384 0.013671875 0.02976190476190476
0.0 0.0419921875 0.02976190476190476 0.013671875 0.023809523809523808
0.0 0.107421875 0.027529761904761904 0.015625 0.03125
0.0 0.05712890625 0.021577380952380952 0.0107421875 0.019345238095238096
0.0 0.123046875 0.011160714285714286 0.015625 0.022321428571428572
0.0 0.09716796875 0.021577380952380952 0.0146484375 0.03125
0.0 0.01025390625 0.06101190476190476 0.0185546875 0.02976190476190476
0.0 0.1650390625 0.01636904761904762 0.015625 0.02976190476190476
0.0 0.0087890625 0.5677083333333334 0.017578125 0.07291666666666667
0.0 0.005859375 0.14955357142857142 0.01171875 0.046130952380952384
0.0 0.0078125 0.013392857142857142 0.015625 0.026785714285714284
0.0 0.0078125 0.2544642857142857 0.015625 0.041666666666666664
0.0 0.11474609375 0.9851190476190477 0.0458984375 0.02976190476190476
0.0 0.9501953125 0.06324404761904762 0.017578125 0.03125
