0.0 0.8740234375 0.8151041666666666 0.03125 0.06770833333333333
0.0 0.9150390625 0.7604166666666666 0.025390625 0.05555555555555555
0.0 0.98779296875 0.8220486111111112 0.0244140625 0.06076388888888889
0.0 0.95751953125 0.9635416666666666 0.0244140625 0.07291666666666667
0.0 0.85888671875 0.9548611111111112 0.0400390625 0.0763888888888889
0.0 0.666015625 0.96875 0.03125 0.0625
0.0 0.7451171875 0.7847222222222222 0.0234375 0.04861111111111111
0.0 0.7822265625 0.7352430555555556 0.0234375 0.050347222222222224
0.0 0.81396484375 0.7152777777777778 0.0263671875 0.052083333333333336
0.0 0.71484375 0.7170138888888888 0.02734375 0.052083333333333336
0.0 0.72119140625 0.6527777777777778 0.0263671875 0.04861111111111111
0.0 0.76513671875 0.6397569444444444 0.0224609375 0.043402777777777776
0.0 0.7939453125 0.6493055555555556 0.021484375 0.03819444444444445
0.0 0.88427734375 0.6701388888888888 0.0263671875 0.04861111111111111
0.0 0.951171875 0.671875 0.029296875 0.052083333333333336
0.0 0.9228515625 0.6276041666666666 0.025390625 0.043402777777777776
0.0 0.8759765625 0.5876736111111112 0.01953125 0.029513888888888888
0.0 0.8486328125 0.5737847222222222 0.01953125 0.036458333333333336
0.0 0.7666015625 0.5642361111111112 0.021484375 0.03819444444444445
0.0 0.73095703125 0.5711805555555556 0.0224609375 0.041666666666666664
0.0 0.662109375 0.6432291666666666 0.021484375 0.05381944444444445
0.0 0.58544921875 0.7647569444444444 0.0205078125 0.046875
0.0 0.640625 0.7743055555555556 0.029296875 0.05555555555555555
0.0 0.8359375 0.6605902777777778 0.0234375 0.036458333333333336
0.0 0.82373046875 0.5425347222222222 0.0126953125 0.026041666666666668
0.0 0.85009765625 0.5243055555555556 0.0126953125 0.024305555555555556
0.0 0.79833984375 0.4678819444444444 0.0126953125 0.022569444444444444
0.0 0.9501953125 0.4661458333333333 0.013671875 0.029513888888888888
0.0 0.982421875 0.4965277777777778 0.017578125 0.024305555555555556
0.0 0.9873046875 0.53125 0.017578125 0.024305555555555556
0.0 0.9541015625 0.5512152777777778 0.015625 0.036458333333333336
0.0 0.97021484375 0.5963541666666666 0.0166015625 0.029513888888888888
0.0 0.7099609375 0.5442708333333334 0.017578125 0.036458333333333336
0.0 0.6865234375 0.6076388888888888 0.01953125 0.03125
0.0 0.66455078125 0.59375 0.0166015625 0.027777777777777776
0.0 0.64990234375 0.578125 0.0146484375 0.027777777777777776
0.0 0.62060546875 0.5894097222222222 0.0205078125 0.036458333333333336
0.0 0.60400390625 0.6258680555555556 0.0166015625 0.03993055555555555
0.0 0.6328125 0.6675347222222222 0.017578125 0.046875
0.0 0.6796875 0.8949652777777778 0.03125 0.03993055555555555
0.0 0.73876953125 0.9019097222222222 0.0166015625 0.046875
0.0 0.734375 0.5355902777777778 0.013671875 0.022569444444444444
0.0 0.673828125 0.5477430555555556 0.015625 0.029513888888888888
0.0 0.63623046875 0.4878472222222222 0.0126953125 0.024305555555555556
0.0 0.6015625 0.4730902777777778 0.013671875 0.026041666666666668
0.0 0.58349609375 0.4713541666666667 0.0126953125 0.029513888888888888
0.0 0.6328125 0.4644097222222222 0.013671875 0.022569444444444444
0.0 0.68359375 0.4574652777777778 0.01171875 0.015625
0.0 0.654296875 0.5190972222222222 0.01171875 0.020833333333333332
0.0 0.62451171875 0.5520833333333334 0.0205078125 0.024305555555555556
0.0 0.58056640625 0.6753472222222222 0.0224609375 0.04513888888888889
0.0 0.5859375 0.8845486111111112 0.021484375 0.05381944444444445
0.0 0.89404296875 0.4800347222222222 0.0146484375 0.03298611111111111
0.0 0.90478515625 0.484375 0.0107421875 0.024305555555555556
0.0 0.86279296875 0.6302083333333334 0.0146484375 0.03819444444444445
0.0 0.68994140625 0.6649305555555556 0.0244140625 0.04861111111111111
0.0 0.6689453125 0.7517361111111112 0.017578125 0.04513888888888889
0.0 0.9423828125 0.5052083333333334 0.009765625 0.024305555555555556
0.0 0.97900390625 0.7708333333333334 0.0205078125 0.03819444444444445
0.0 0.45068359375 0.7986111111111112 0.0341796875 0.0798611111111111
0.0 0.421875 0.9487847222222222 0.02734375 0.06076388888888889
0.0 0.30859375 0.8359375 0.03515625 0.078125
0.0 0.31005859375 0.78125 0.0263671875 0.0625
0.0 0.380859375 0.7109375 0.0234375 0.043402777777777776
0.0 0.39208984375 0.765625 0.0263671875 0.059027777777777776
0.0 0.412109375 0.8142361111111112 0.02734375 0.059027777777777776
0.0 0.5400390625 0.9236111111111112 0.03515625 0.07291666666666667
0.0 0.5302734375 0.7803819444444444 0.0234375 0.050347222222222224
0.0 0.5439453125 0.6701388888888888 0.02734375 0.04861111111111111
0.0 0.5107421875 0.6414930555555556 0.021484375 0.03298611111111111
0.0 0.513671875 0.5989583333333334 0.01953125 0.041666666666666664
0.0 0.4365234375 0.6970486111111112 0.025390625 0.043402777777777776
0.0 0.44189453125 0.7291666666666666 0.0263671875 0.04513888888888889
0.0 0.46728515625 0.6666666666666666 0.0224609375 0.04861111111111111
0.0 0.42431640625 0.6571180555555556 0.0185546875 0.036458333333333336
0.0 0.443359375 0.6467013888888888 0.01953125 0.029513888888888888
0.0 0.42822265625 0.5772569444444444 0.0224609375 0.043402777777777776
0.0 0.46728515625 0.5703125 0.0185546875 0.036458333333333336
0.0 0.32958984375 0.6362847222222222 0.0244140625 0.03993055555555555
0.0 0.5400390625 0.5946180555555556 0.017578125 0.046875
0.0 0.56201171875 0.5677083333333334 0.0166015625 0.03125
0.0 0.33642578125 0.7881944444444444 0.0302734375 0.05555555555555555
0.0 0.28759765625 0.6197916666666666 0.0244140625 0.052083333333333336
0.0 0.4677734375 0.53125 0.017578125 0.034722222222222224
0.0 0.38916015625 0.5190972222222222 0.0205078125 0.03125
0.0 0.3369140625 0.5486111111111112 0.021484375 0.03819444444444445
0.0 0.37255859375 0.6137152777777778 0.0185546875 0.050347222222222224
0.0 0.283203125 0.546875 0.0234375 0.041666666666666664
0.0 0.32470703125 0.5260416666666666 0.0185546875 0.034722222222222224
0.0 0.30615234375 0.5399305555555556 0.0126953125 0.027777777777777776
0.0 0.2978515625 0.5086805555555556 0.017578125 0.034722222222222224
0.0 0.267578125 0.5138888888888888 0.017578125 0.034722222222222224
0.0 0.2568359375 0.4618055555555556 0.015625 0.034722222222222224
0.0 0.28466796875 0.4522569444444444 0.0146484375 0.026041666666666668
0.0 0.31982421875 0.4644097222222222 0.0126953125 0.029513888888888888
0.0 0.3662109375 0.4626736111111111 0.01171875 0.029513888888888888
0.0 0.38720703125 0.4539930555555556 0.0126953125 0.029513888888888888
0.0 0.4208984375 0.4861111111111111 0.015625 0.027777777777777776
0.0 0.4521484375 0.4939236111111111 0.01171875 0.029513888888888888
0.0 0.46435546875 0.4652777777777778 0.0126953125 0.024305555555555556
0.0 0.3427734375 0.4392361111111111 0.009765625 0.020833333333333332
0.0 0.63623046875 0.4296875 0.0087890625 0.022569444444444444
0.0 0.6494140625 0.4270833333333333 0.009765625 0.020833333333333332
0.0 0.61083984375 0.4427083333333333 0.0126953125 0.024305555555555556
0.0 0.47705078125 0.4427083333333333 0.0126953125 0.020833333333333332
0.0 0.50439453125 0.4479166666666667 0.0087890625 0.024305555555555556
0.0 0.51708984375 0.4626736111111111 0.0107421875 0.022569444444444444
0.0 0.55517578125 0.4123263888888889 0.0107421875 0.026041666666666668
0.0 0.60595703125 0.4053819444444444 0.0107421875 0.026041666666666668
0.0 0.28369140625 0.4157986111111111 0.0087890625 0.015625
0.0 0.30908203125 0.4453125 0.0087890625 0.019097222222222224
0.0 0.412109375 0.4001736111111111 0.009765625 0.019097222222222224
0.0 0.4111328125 0.4496527777777778 0.009765625 0.020833333333333332
0.0 0.4443359375 0.4305555555555556 0.009765625 0.024305555555555556
0.0 0.54296875 0.5190972222222222 0.01171875 0.03125
0.0 0.30078125 0.7230902777777778 0.025390625 0.046875
0.0 0.3408203125 0.8758680555555556 0.02734375 0.05381944444444445
0.0 0.27490234375 0.8940972222222222 0.0224609375 0.059027777777777776
0.0 0.162109375 0.765625 0.02734375 0.059027777777777776
0.0 0.15234375 0.8828125 0.02734375 0.06076388888888889
0.0 0.22802734375 0.8706597222222222 0.0419921875 0.08506944444444445
0.0 0.04296875 0.8515625 0.02734375 0.06770833333333333
0.0 0.029296875 0.8515625 0.021484375 0.0642361111111111
0.0 0.0234375 0.7421875 0.029296875 0.046875
0.0 0.060546875 0.7317708333333334 0.01953125 0.043402777777777776
0.0 0.1435546875 0.7022569444444444 0.029296875 0.050347222222222224
0.0 0.177734375 0.6388888888888888 0.0234375 0.04513888888888889
0.0 0.19677734375 0.7109375 0.0166015625 0.043402777777777776
0.0 0.23828125 0.6909722222222222 0.01953125 0.041666666666666664
0.0 0.22802734375 0.6597222222222222 0.0205078125 0.052083333333333336
0.0 0.21142578125 0.5555555555555556 0.0205078125 0.041666666666666664
0.0 0.19921875 0.5329861111111112 0.017578125 0.03125
0.0 0.166015625 0.5520833333333334 0.01953125 0.03819444444444445
0.0 0.107421875 0.5737847222222222 0.025390625 0.036458333333333336
0.0 0.06396484375 0.6163194444444444 0.0224609375 0.04861111111111111
0.0 0.05712890625 0.5659722222222222 0.0224609375 0.03819444444444445
0.0 0.0380859375 0.5182291666666666 0.021484375 0.036458333333333336
0.0 0.0107421875 0.5911458333333334 0.01953125 0.043402777777777776
0.0 0.03564453125 0.6145833333333334 0.0185546875 0.034722222222222224
0.0 0.048828125 0.6979166666666666 0.015625 0.03819444444444445
0.0 0.08349609375 0.6605902777777778 0.0205078125 0.046875
0.0 0.134765625 0.6354166666666666 0.017578125 0.041666666666666664
0.0 0.14697265625 0.6527777777777778 0.0244140625 0.041666666666666664
0.0 0.10693359375 0.5112847222222222 0.0205078125 0.036458333333333336
0.0 0.0908203125 0.4965277777777778 0.015625 0.027777777777777776
0.0 0.080078125 0.4461805555555556 0.01171875 0.027777777777777776
0.0 0.01904296875 0.4557291666666667 0.0146484375 0.026041666666666668
0.0 0.14404296875 0.5347222222222222 0.0166015625 0.027777777777777776
0.0 0.138671875 0.4913194444444444 0.017578125 0.03125
0.0 0.0986328125 0.7994791666666666 0.029296875 0.057291666666666664
0.0 0.080078125 0.8845486111111112 0.037109375 0.06770833333333333
0.0 0.2001953125 0.4965277777777778 0.015625 0.03125
0.0 0.20849609375 0.4348958333333333 0.0107421875 0.026041666666666668
0.0 0.18603515625 0.4331597222222222 0.0107421875 0.022569444444444444
0.0 0.1962890625 0.421875 0.01171875 0.027777777777777776
0.0 0.03466796875 0.4375 0.0126953125 0.024305555555555556
0.0 0.2451171875 0.5737847222222222 0.01953125 0.03298611111111111
0.0 0.24267578125 0.6171875 0.0185546875 0.03298611111111111
0.0 0.23388671875 0.7717013888888888 0.0283203125 0.036458333333333336
0.0 0.05859375 0.5286458333333334 0.01953125 0.036458333333333336
0.0 0.005859375 0.4878472222222222 0.01171875 0.034722222222222224
0.0 0.48583984375 0.53125 0.0185546875 0.03819444444444445
0.0 0.4970703125 0.7109375 0.029296875 0.057291666666666664
0.0 0.90283203125 0.4071180555555556 0.0126953125 0.026041666666666668
0.0 0.90673828125 0.3532986111111111 0.0087890625 0.022569444444444444
0.0 0.92578125 0.3151041666666667 0.005859375 0.015625
0.0 0.96142578125 0.4053819444444444 0.0107421875 0.022569444444444444
0.0 0.96923828125 0.4444444444444444 0.0107421875 0.020833333333333332
0.0 0.95361328125 0.34375 0.0087890625 0.017361111111111112
0.0 0.990234375 0.3298611111111111 0.0078125 0.013888888888888888
0.0 0.97216796875 0.3125 0.0068359375 0.017361111111111112
0.0 0.99609375 0.3003472222222222 0.005859375 0.017361111111111112
0.0 0.95947265625 0.2847222222222222 0.0048828125 0.010416666666666666
0.0 0.93115234375 0.2847222222222222 0.0068359375 0.013888888888888888
0.0 0.89697265625 0.3168402777777778 0.0068359375 0.012152777777777778
0.0 0.76220703125 0.3307291666666667 0.0068359375 0.015625
0.0 0.75146484375 0.359375 0.0068359375 0.013888888888888888
0.0 0.6904296875 0.4262152777777778 0.009765625 0.022569444444444444
0.0 0.751953125 0.2821180555555556 0.005859375 0.015625
0.0 0.740234375 0.3324652777777778 0.0078125 0.015625
0.0 0.78515625 0.2925347222222222 0.005859375 0.012152777777777778
0.0 0.68994140625 0.3020833333333333 0.0068359375 0.013888888888888888
0.0 0.6982421875 0.5190972222222222 0.01171875 0.027777777777777776
0.0 0.0888671875 0.2777777777777778 0.009765625 0.017361111111111112
0.0 0.0341796875 0.3177083333333333 0.009765625 0.020833333333333332
0.0 0.076171875 0.3619791666666667 0.01171875 0.026041666666666668
0.0 0.072265625 0.3255208333333333 0.009765625 0.019097222222222224
0.0 0.080078125 0.4236111111111111 0.013671875 0.024305555555555556
0.0 0.04345703125 0.4227430555555556 0.0126953125 0.022569444444444444
0.0 0.19580078125 0.3880208333333333 0.0087890625 0.019097222222222224
0.0 0.2861328125 0.3706597222222222 0.0078125 0.019097222222222224
0.0 0.24560546875 0.3871527777777778 0.0087890625 0.017361111111111112
0.0 0.2158203125 0.3897569444444444 0.009765625 0.019097222222222224
0.0 0.21728515625 0.4149305555555556 0.0087890625 0.020833333333333332
0.0 0.34765625 0.3671875 0.009765625 0.019097222222222224
0.0 0.3291015625 0.4097222222222222 0.009765625 0.017361111111111112
0.0 0.2412109375 0.3506944444444444 0.0078125 0.017361111111111112
0.0 0.2998046875 0.3446180555555556 0.0078125 0.019097222222222224
0.0 0.3408203125 0.4782986111111111 0.015625 0.029513888888888888
0.0 0.2744140625 0.4401041666666667 0.0078125 0.019097222222222224
0.0 0.37548828125 0.4453125 0.0107421875 0.026041666666666668
0.0 0.4599609375 0.3932291666666667 0.01171875 0.019097222222222224
0.0 0.43896484375 0.3611111111111111 0.0107421875 0.024305555555555556
0.0 0.4228515625 0.3619791666666667 0.0078125 0.015625
0.0 0.50927734375 0.3984375 0.0107421875 0.015625
0.0 0.51904296875 0.4253472222222222 0.0107421875 0.020833333333333332
0.0 0.52685546875 0.3993055555555556 0.0087890625 0.020833333333333332
0.0 0.48583984375 0.4557291666666667 0.0107421875 0.019097222222222224
0.0 0.64453125 0.375 0.0078125 0.017361111111111112
0.0 0.6728515625 0.4409722222222222 0.01171875 0.024305555555555556
0.0 0.6875 0.3246527777777778 0.009765625 0.017361111111111112
0.0 0.71923828125 0.3454861111111111 0.0107421875 0.017361111111111112
0.0 0.74169921875 0.2986111111111111 0.0087890625 0.013888888888888888
0.0 0.77490234375 0.3342013888888889 0.0087890625 0.015625
0.0 0.224609375 0.4487847222222222 0.01171875 0.026041666666666668
0.0 0.17626953125 0.8411458333333334 0.0322265625 0.06076388888888889
0.0 0.24658203125 0.4635416666666667 0.0126953125 0.03125
