0.0 0.02685546875 0.4700520833333333 0.0087890625 0.020833333333333332
0.0 0.04541015625 0.4544270833333333 0.0205078125 0.03125
0.0 0.08203125 0.4661458333333333 0.013671875 0.028645833333333332
0.0 0.08740234375 0.431640625 0.0205078125 0.045572916666666664
0.0 0.07275390625 0.5950520833333334 0.0126953125 0.0234375
0.0 0.20654296875 0.4615885416666667 0.0166015625 0.032552083333333336
0.0 0.326171875 0.4563802083333333 0.01953125 0.037760416666666664
0.0 0.41064453125 0.4440104166666667 0.0205078125 0.036458333333333336
0.0 0.24560546875 0.4752604166666667 0.0205078125 0.033854166666666664
0.0 0.568359375 0.4680989583333333 0.02734375 0.045572916666666664
0.0 0.6650390625 0.4791666666666667 0.01953125 0.0390625
0.0 0.69970703125 0.4557291666666667 0.0126953125 0.028645833333333332
0.0 0.7490234375 0.4680989583333333 0.009765625 0.014322916666666666
0.0 0.8349609375 0.4322916666666667 0.029296875 0.052083333333333336
0.0 0.88134765625 0.4069010416666667 0.0244140625 0.037760416666666664
0.0 0.91015625 0.4446614583333333 0.017578125 0.029947916666666668
0.0 0.95361328125 0.4498697916666667 0.0126953125 0.02734375
0.0 0.9736328125 0.4479166666666667 0.01171875 0.0234375
