0.0 0.9150390625 0.4281391830559758 0.017578125 0.04387291981845688
0.0 0.794921875 0.4236006051437216 0.0087890625 0.015128593040847202
0.0 0.990234375 0.45385779122541603 0.009765625 0.03177004538577912
0.0 0.73828125 0.4523449319213313 0.025390625 0.0529500756429652
0.0 0.708984375 0.42208774583963693 0.0166015625 0.030257186081694403
0.0 0.673828125 0.4175491679273828 0.0087890625 0.018154311649016642
0.0 0.734375 0.4205748865355522 0.013671875 0.025718608169440244
0.0 0.6005859375 0.3903177004538578 0.0146484375 0.030257186081694403
0.0 0.64453125 0.4341906202723147 0.009765625 0.01664145234493192
0.0 0.5478515625 0.4962178517397882 0.0244140625 0.049924357034795766
0.0 0.474609375 0.4039334341906203 0.015625 0.03177004538577912
0.0 0.4482421875 0.40242057488653554 0.0224609375 0.059001512859304085
0.0 0.3779296875 0.39939485627836613 0.013671875 0.024205748865355523
0.0 0.3408203125 0.41603630862329805 0.009765625 0.02118003025718608
0.0 0.3388671875 0.3555219364599092 0.009765625 0.019667170953101363
0.0 0.306640625 0.3842662632375189 0.0126953125 0.02118003025718608
0.0 0.2900390625 0.4084720121028744 0.01953125 0.04387291981845688
0.0 0.0986328125 0.4114977307110439 0.0166015625 0.039334341906202726
0.0 0.033203125 0.4281391830559758 0.0166015625 0.03177004538577912
0.0 0.0126953125 0.43116490166414523 0.009765625 0.02723146747352496
0.0 0.5732421875 0.43872919818456885 0.0078125 0.012102874432677761
