0.0 0.10205078125 0.548 0.0087890625 0.0208
0.0 0.1474609375 0.548 0.0078125 0.0176
0.0 0.17578125 0.5608 0.0078125 0.0176
0.0 0.19677734375 0.5576 0.0068359375 0.0144
0.0 0.234375 0.5456 0.0078125 0.0128
0.0 0.28955078125 0.5504 0.0087890625 0.016
0.0 0.31787109375 0.5456 0.0087890625 0.016
0.0 0.345703125 0.5328 0.009765625 0.0192
0.0 0.35302734375 0.5576 0.0087890625 0.0176
0.0 0.388671875 0.568 0.0078125 0.016
0.0 0.40380859375 0.544 0.0087890625 0.016
0.0 0.427734375 0.5408 0.009765625 0.0192
0.0 0.48193359375 0.5616 0.0087890625 0.0192
0.0 0.55322265625 0.548 0.0087890625 0.0176
0.0 0.5478515625 0.54 0.0078125 0.0144
0.0 0.6181640625 0.548 0.01171875 0.024
0.0 0.64208984375 0.5768 0.0087890625 0.0208
0.0 0.6630859375 0.564 0.009765625 0.0208
0.0 0.6728515625 0.532 0.0078125 0.0176
0.0 0.80322265625 0.548 0.0126953125 0.024
0.0 0.78662109375 0.564 0.0087890625 0.0208
0.0 0.853515625 0.5104 0.0078125 0.0192
0.0 0.87890625 0.5192 0.01171875 0.0272
0.0 0.92138671875 0.5584 0.0126953125 0.0288
0.0 0.8115234375 0.5256 0.009765625 0.0208
0.0 0.51953125 0.544 0.0078125 0.016
0.0 0.6806640625 0.5152 0.0078125 0.016
0.0 0.62646484375 0.5288 0.0068359375 0.0176
0.0 0.2685546875 0.5576 0.0078125 0.0144
