0.0 0.337890625 0.7354111405835544 0.03125 0.05172413793103448
0.0 0.2548828125 0.7957559681697612 0.03125 0.058355437665782495
0.0 0.3310546875 0.8693633952254642 0.05078125 0.07559681697612732
0.0 0.15478515625 0.8673740053050398 0.0400390625 0.05305039787798409
0.0 0.14208984375 0.8945623342175066 0.0400390625 0.025198938992042442
0.0 0.04541015625 0.7068965517241379 0.0302734375 0.042440318302387266
0.0 0.0830078125 0.7798408488063661 0.03515625 0.050397877984084884
0.0 0.1337890625 0.7175066312997348 0.03125 0.04774535809018567
0.0 0.21875 0.7738726790450928 0.03515625 0.05702917771883289
0.0 0.29248046875 0.7015915119363395 0.0283203125 0.04509283819628647
0.0 0.34716796875 0.6909814323607427 0.0263671875 0.04774535809018567
0.0 0.25537109375 0.6883289124668435 0.0224609375 0.03713527851458886
0.0 0.0625 0.6306366047745358 0.01953125 0.033156498673740056
0.0 0.01904296875 0.6259946949602122 0.0185546875 0.03713527851458886
0.0 0.03173828125 0.5656498673740054 0.0107421875 0.01989389920424403
0.0 0.08740234375 0.5736074270557029 0.0126953125 0.01989389920424403
0.0 0.11767578125 0.5782493368700266 0.0146484375 0.023872679045092837
0.0 0.10546875 0.6458885941644562 0.017578125 0.03183023872679045
0.0 0.4423828125 0.5212201591511937 0.013671875 0.026525198938992044
0.0 0.48681640625 0.5311671087533156 0.0126953125 0.025198938992042442
0.0 0.4619140625 0.506631299734748 0.01171875 0.023872679045092837
0.0 0.5146484375 0.6492042440318302 0.0234375 0.04376657824933687
0.0 0.57080078125 0.6425729442970822 0.0205078125 0.033156498673740056
0.0 0.55517578125 0.7480106100795756 0.0341796875 0.042440318302387266
0.0 0.6083984375 0.7194960212201591 0.029296875 0.038461538461538464
0.0 0.60693359375 0.8083554376657824 0.0380859375 0.0623342175066313
0.0 0.62451171875 0.6870026525198939 0.0185546875 0.029177718832891247
0.0 0.69091796875 0.6293103448275862 0.0205078125 0.03050397877984085
0.0 0.66259765625 0.6372679045092838 0.0185546875 0.03050397877984085
0.0 0.69580078125 0.5928381962864722 0.0166015625 0.029177718832891247
0.0 0.69189453125 0.5384615384615384 0.0126953125 0.021220159151193633
0.0 0.5556640625 0.5981432360742706 0.013671875 0.021220159151193633
0.0 0.5927734375 0.6187002652519894 0.015625 0.033156498673740056
0.0 0.59619140625 0.5994694960212201 0.0146484375 0.029177718832891247
0.0 0.53369140625 0.503315649867374 0.0107421875 0.01989389920424403
0.0 0.49365234375 0.5139257294429708 0.0107421875 0.022546419098143235
0.0 0.4853515625 0.6107427055702918 0.017578125 0.027851458885941646
0.0 0.4716796875 0.7685676392572944 0.029296875 0.05172413793103448
0.0 0.50927734375 0.6187002652519894 0.0166015625 0.027851458885941646
0.0 0.56201171875 0.71684350132626 0.0263671875 0.04111405835543767
0.0 0.74609375 0.8003978779840849 0.03515625 0.05968169761273209
0.0 0.7607421875 0.7161803713527851 0.029296875 0.04774535809018567
0.0 0.81201171875 0.7413793103448276 0.0361328125 0.050397877984084884
0.0 0.84716796875 0.8189655172413793 0.0419921875 0.07559681697612732
0.0 0.88623046875 0.8295755968169761 0.0283203125 0.054376657824933686
0.0 0.87451171875 0.7068965517241379 0.0224609375 0.04774535809018567
0.0 0.78466796875 0.6611405835543767 0.0224609375 0.04376657824933687
0.0 0.73193359375 0.6240053050397878 0.0224609375 0.022546419098143235
0.0 0.72509765625 0.5809018567639257 0.0126953125 0.03183023872679045
0.0 0.08544921875 0.6737400530503979 0.0185546875 0.03183023872679045
0.0 0.1103515625 0.7009283819628647 0.017578125 0.033156498673740056
0.0 0.2041015625 0.6041114058355438 0.015625 0.027851458885941646
0.0 0.24560546875 0.6226790450928382 0.0185546875 0.03050397877984085
0.0 0.22998046875 0.6472148541114059 0.0166015625 0.029177718832891247
0.0 0.03173828125 0.6644562334217506 0.0205078125 0.034482758620689655
0.0 0.33544921875 0.5961538461538461 0.0146484375 0.025198938992042442
0.0 0.18701171875 0.6903183023872679 0.0244140625 0.03580901856763926
0.0 0.01416015625 0.8693633952254642 0.0283203125 0.054376657824933686
0.0 0.3876953125 0.7513262599469496 0.03125 0.05172413793103448
0.0 0.38134765625 0.6505305039787799 0.0166015625 0.03050397877984085
0.0 0.30419921875 0.6770557029177718 0.0185546875 0.033156498673740056
0.0 0.251953125 0.666445623342175 0.0234375 0.03580901856763926
0.0 0.38671875 0.5941644562334217 0.015625 0.026525198938992044
0.0 0.3671875 0.5888594164456233 0.013671875 0.026525198938992044
0.0 0.4775390625 0.8216180371352785 0.0390625 0.07559681697612732
0.0 0.43310546875 0.6856763925729443 0.0224609375 0.042440318302387266
0.0 0.48486328125 0.6783819628647215 0.0244140625 0.04111405835543767
0.0 0.42919921875 0.6359416445623343 0.0185546875 0.033156498673740056
0.0 0.44873046875 0.6080901856763926 0.0166015625 0.033156498673740056
0.0 0.44189453125 0.580238726790451 0.0146484375 0.027851458885941646
0.0 0.73291015625 0.5490716180371353 0.0126953125 0.021220159151193633
0.0 0.75390625 0.5928381962864722 0.017578125 0.026525198938992044
0.0 0.8623046875 0.5550397877984085 0.013671875 0.027851458885941646
0.0 0.88427734375 0.5358090185676393 0.0166015625 0.026525198938992044
0.0 0.83349609375 0.6730769230769231 0.0224609375 0.04376657824933687
0.0 0.8154296875 0.6326259946949602 0.01953125 0.03183023872679045
0.0 0.91357421875 0.6850132625994695 0.0244140625 0.033156498673740056
0.0 0.53515625 0.8912466843501327 0.048828125 0.026525198938992044
0.0 0.96044921875 0.7645888594164456 0.0361328125 0.07559681697612732
0.0 0.943359375 0.6571618037135278 0.021484375 0.033156498673740056
0.0 0.9833984375 0.656498673740053 0.029296875 0.04509283819628647
0.0 0.92919921875 0.5722811671087533 0.0166015625 0.027851458885941646
0.0 0.955078125 0.5629973474801061 0.015625 0.027851458885941646
0.0 0.8857421875 0.610079575596817 0.015625 0.029177718832891247
0.0 0.1962890625 0.6618037135278515 0.01953125 0.03713527851458886
0.0 0.15625 0.6425729442970822 0.017578125 0.025198938992042442
0.0 0.1904296875 0.5862068965517241 0.013671875 0.023872679045092837
0.0 0.31640625 0.626657824933687 0.013671875 0.027851458885941646
0.0 0.44384765625 0.6657824933687002 0.0185546875 0.034482758620689655
0.0 0.416015625 0.5656498673740054 0.015625 0.022546419098143235
0.0 0.46142578125 0.5809018567639257 0.0107421875 0.021220159151193633
0.0 0.609375 0.5729442970822282 0.013671875 0.023872679045092837
0.0 0.61962890625 0.5643236074270557 0.0107421875 0.01989389920424403
0.0 0.56982421875 0.5324933687002652 0.0126953125 0.025198938992042442
0.0 0.5830078125 0.5245358090185677 0.01171875 0.022546419098143235
0.0 0.85986328125 0.7407161803713528 0.0224609375 0.05172413793103448
0.0 0.75146484375 0.6193633952254642 0.0224609375 0.042440318302387266
0.0 0.77734375 0.5755968169761273 0.01171875 0.01856763925729443
0.0 0.82666015625 0.5437665782493368 0.0126953125 0.021220159151193633
0.0 0.7890625 0.5431034482758621 0.01171875 0.017241379310344827
0.0 0.84228515625 0.5192307692307693 0.0068359375 0.011936339522546418
0.0 0.8408203125 0.4920424403183024 0.005859375 0.010610079575596816
0.0 0.60693359375 0.669761273209549 0.0244140625 0.03713527851458886
0.0 0.015625 0.5842175066312998 0.009765625 0.01989389920424403
0.0 0.0390625 0.5543766578249337 0.009765625 0.01856763925729443
0.0 0.1494140625 0.5948275862068966 0.013671875 0.01989389920424403
0.0 0.35693359375 0.5689655172413793 0.0166015625 0.029177718832891247
0.0 0.6552734375 0.7559681697612732 0.0234375 0.042440318302387266
0.0 0.4765625 0.5862068965517241 0.017578125 0.029177718832891247
0.0 0.6357421875 0.5629973474801061 0.013671875 0.022546419098143235
0.0 0.65234375 0.5391246684350133 0.009765625 0.017241379310344827
0.0 0.958984375 0.8773209549071618 0.041015625 0.0649867374005305
0.0 0.04638671875 0.6107427055702918 0.0185546875 0.033156498673740056
0.0 0.103515625 0.6061007957559682 0.015625 0.026525198938992044
0.0 0.39453125 0.5868700265251989 0.01171875 0.022546419098143235
0.0 0.32958984375 0.5702917771883289 0.0107421875 0.021220159151193633
0.0 0.353515625 0.6120689655172413 0.013671875 0.027851458885941646
0.0 0.3447265625 0.6511936339522546 0.01953125 0.034482758620689655
0.0 0.2626953125 0.6160477453580901 0.0078125 0.017241379310344827
0.0 0.5029296875 0.5901856763925729 0.017578125 0.034482758620689655
0.0 0.82763671875 0.583554376657825 0.0166015625 0.034482758620689655
0.0 0.908203125 0.6074270557029178 0.021484375 0.03183023872679045
0.0 0.83154296875 0.6213527851458885 0.0205078125 0.03580901856763926
0.0 0.9921875 0.5696286472148541 0.013671875 0.022546419098143235
0.0 0.9130859375 0.5470822281167109 0.013671875 0.027851458885941646
0.0 0.8984375 0.5444297082228117 0.01171875 0.01989389920424403
0.0 0.96484375 0.5450928381962865 0.013671875 0.01856763925729443
0.0 0.7744140625 0.6259946949602122 0.017578125 0.034482758620689655
0.0 0.1845703125 0.4993368700265252 0.017578125 0.025198938992042442
