0.0 0.9365234375 0.2823529411764706 0.015625 0.03235294117647059
0.0 0.9052734375 0.3073529411764706 0.0146484375 0.026470588235294117
0.0 0.8388671875 0.29558823529411765 0.0126953125 0.025
0.0 0.8818359375 0.3 0.009765625 0.022058823529411766
0.0 0.7734375 0.2911764705882353 0.0146484375 0.01911764705882353
0.0 0.8134765625 0.3088235294117647 0.0087890625 0.016176470588235296
0.0 0.76171875 0.3029411764705882 0.01171875 0.022058823529411766
0.0 0.708984375 0.27941176470588236 0.013671875 0.027941176470588237
0.0 0.65625 0.2691176470588235 0.0126953125 0.023529411764705882
0.0 0.689453125 0.29558823529411765 0.009765625 0.01764705882352941
0.0 0.62109375 0.2823529411764706 0.015625 0.033823529411764704
0.0 0.5341796875 0.2735294117647059 0.013671875 0.026470588235294117
0.0 0.4453125 0.2823529411764706 0.013671875 0.025
0.0 0.484375 0.2867647058823529 0.0146484375 0.027941176470588237
0.0 0.3837890625 0.29558823529411765 0.021484375 0.04852941176470588
0.0 0.3525390625 0.2852941176470588 0.0126953125 0.022058823529411766
0.0 0.3603515625 0.25441176470588234 0.015625 0.026470588235294117
0.0 0.3388671875 0.37058823529411766 0.0322265625 0.04852941176470588
0.0 0.302734375 0.38235294117647056 0.01953125 0.04852941176470588
0.0 0.2529296875 0.3073529411764706 0.0244140625 0.052941176470588235
0.0 0.275390625 0.31176470588235294 0.0205078125 0.03529411764705882
0.0 0.2568359375 0.27647058823529413 0.01171875 0.01764705882352941
0.0 0.2080078125 0.34852941176470587 0.021484375 0.022058823529411766
0.0 0.0341796875 0.21029411764705883 0.0107421875 0.020588235294117647
0.0 0.1591796875 0.3029411764705882 0.0166015625 0.039705882352941174
0.0 0.1015625 0.27941176470588236 0.005859375 0.014705882352941176
0.0 0.087890625 0.28088235294117647 0.0078125 0.016176470588235296
