0.0 0.70068359375 0.2985294117647059 0.0361328125 0.07352941176470588
0.0 0.580078125 0.35073529411764703 0.03125 0.054411764705882354
0.0 0.484375 0.36617647058823527 0.03125 0.05588235294117647
0.0 0.38330078125 0.3830882352941177 0.0263671875 0.04852941176470588
0.0 0.265625 0.40294117647058825 0.0234375 0.047058823529411764
0.0 0.1650390625 0.4147058823529412 0.021484375 0.047058823529411764
0.0 0.10009765625 0.4102941176470588 0.0166015625 0.041176470588235294
0.0 0.802734375 0.5286764705882353 0.01171875 0.01911764705882353
0.0 0.6572265625 0.6161764705882353 0.025390625 0.047058823529411764
0.0 0.29150390625 0.40955882352941175 0.0224609375 0.04264705882352941
