0.0 0.06591796875 0.2701822916666667 0.0048828125 0.009114583333333334
0.0 0.083984375 0.27734375 0.005859375 0.010416666666666666
0.0 0.09619140625 0.271484375 0.0068359375 0.01171875
0.0 0.11376953125 0.2708333333333333 0.0068359375 0.010416666666666666
0.0 0.17626953125 0.2584635416666667 0.0048828125 0.01171875
0.0 0.208984375 0.37109375 0.01171875 0.015625
0.0 0.20849609375 0.3977864583333333 0.0146484375 0.024739583333333332
0.0 0.23583984375 0.4342447916666667 0.0126953125 0.029947916666666668
0.0 0.076171875 0.599609375 0.03125 0.048177083333333336
0.0 0.08251953125 0.4973958333333333 0.0087890625 0.026041666666666668
0.0 0.1943359375 0.58203125 0.029296875 0.041666666666666664
0.0 0.3203125 0.3033854166666667 0.01171875 0.020833333333333332
0.0 0.29638671875 0.3033854166666667 0.0185546875 0.0234375
0.0 0.33740234375 0.3216145833333333 0.0107421875 0.018229166666666668
0.0 0.30712890625 0.2805989583333333 0.0146484375 0.024739583333333332
0.0 0.359375 0.2981770833333333 0.0078125 0.013020833333333334
0.0 0.2998046875 0.5774739583333334 0.025390625 0.03515625
0.0 0.28271484375 0.4049479166666667 0.0166015625 0.010416666666666666
0.0 0.40673828125 0.5442708333333334 0.0244140625 0.044270833333333336
0.0 0.3974609375 0.431640625 0.01953125 0.037760416666666664
0.0 0.43408203125 0.4114583333333333 0.0205078125 0.033854166666666664
0.0 0.435546875 0.4791666666666667 0.02734375 0.049479166666666664
0.0 0.482421875 0.4856770833333333 0.01953125 0.044270833333333336
0.0 0.5078125 0.5436197916666666 0.02734375 0.05078125
0.0 0.53369140625 0.4440104166666667 0.0205078125 0.036458333333333336
0.0 0.57861328125 0.4720052083333333 0.0244140625 0.048177083333333336
0.0 0.5732421875 0.5696614583333334 0.025390625 0.032552083333333336
0.0 0.546875 0.4244791666666667 0.021484375 0.036458333333333336
0.0 0.56787109375 0.28515625 0.0087890625 0.018229166666666668
0.0 0.5478515625 0.2799479166666667 0.005859375 0.015625
0.0 0.60498046875 0.3899739583333333 0.0146484375 0.029947916666666668
0.0 0.62841796875 0.4270833333333333 0.0205078125 0.036458333333333336
0.0 0.74658203125 0.2890625 0.0126953125 0.0234375
0.0 0.93359375 0.31640625 0.009765625 0.018229166666666668
0.0 0.6396484375 0.53125 0.02734375 0.0546875
0.0 0.736328125 0.5260416666666666 0.02734375 0.052083333333333336
0.0 0.87109375 0.5436197916666666 0.029296875 0.05078125
0.0 0.9853515625 0.525390625 0.02734375 0.05078125
0.0 0.96240234375 0.6985677083333334 0.0185546875 0.037760416666666664
