0.0 0.087890625 0.41605839416058393 0.009765625 0.014598540145985401
0.0 0.1005859375 0.4145985401459854 0.005859375 0.014598540145985401
0.0 0.1044921875 0.41605839416058393 0.0068359375 0.010218978102189781
0.0 0.1337890625 0.4131386861313869 0.0048828125 0.008759124087591242
0.0 0.1142578125 0.4043795620437956 0.0078125 0.010218978102189781
0.0 0.11328125 0.41897810218978104 0.005859375 0.010218978102189781
0.0 0.4541015625 0.40875912408759124 0.017578125 0.024817518248175182
0.0 0.4423828125 0.4 0.015625 0.01897810218978102
0.0 0.4189453125 0.4233576642335766 0.0166015625 0.024817518248175182
0.0 0.4091796875 0.3927007299270073 0.015625 0.020437956204379562
0.0 0.373046875 0.4 0.0126953125 0.02335766423357664
0.0 0.3525390625 0.3970802919708029 0.013671875 0.017518248175182483
0.0 0.3212890625 0.40875912408759124 0.0107421875 0.016058394160583942
0.0 0.3115234375 0.42043795620437957 0.0107421875 0.016058394160583942
0.0 0.3447265625 0.41605839416058393 0.0068359375 0.01167883211678832
0.0 0.5126953125 0.4072992700729927 0.0224609375 0.032116788321167884
0.0 0.578125 0.3854014598540146 0.0263671875 0.043795620437956206
0.0 0.62109375 0.38686131386861317 0.0205078125 0.033576642335766425
0.0 0.6494140625 0.4218978102189781 0.009765625 0.01897810218978102
0.0 0.67578125 0.4335766423357664 0.0078125 0.014598540145985401
0.0 0.69140625 0.4321167883211679 0.0078125 0.014598540145985401
0.0 0.71484375 0.3927007299270073 0.021484375 0.033576642335766425
0.0 0.7451171875 0.4218978102189781 0.0205078125 0.029197080291970802
0.0 0.7998046875 0.41897810218978104 0.0146484375 0.024817518248175182
0.0 0.8251953125 0.42627737226277373 0.015625 0.02335766423357664
0.0 0.7861328125 0.4291970802919708 0.005859375 0.013138686131386862
0.0 0.8154296875 0.4218978102189781 0.0068359375 0.014598540145985401
0.0 0.705078125 0.42627737226277373 0.0068359375 0.013138686131386862
0.0 0.9482421875 0.4554744525547445 0.0048828125 0.008759124087591242
0.0 0.98828125 0.4467153284671533 0.0087890625 0.014598540145985401
0.0 0.9677734375 0.4364963503649635 0.0048828125 0.008759124087591242
0.0 0.9794921875 0.4408759124087591 0.00390625 0.00583941605839416
