0.0 0.03515625 0.7155425219941349 0.0703125 0.11143695014662756
0.0 0.17578125 0.2558651026392962 0.013671875 0.024926686217008796
0.0 0.18701171875 0.25146627565982405 0.0166015625 0.02785923753665689
0.0 0.17041015625 0.21994134897360704 0.0146484375 0.02346041055718475
0.0 0.22509765625 0.2250733137829912 0.0146484375 0.02785923753665689
0.0 0.2568359375 0.20821114369501467 0.009765625 0.011730205278592375
0.0 0.24755859375 0.1972140762463343 0.0068359375 0.013196480938416423
0.0 0.27734375 0.18841642228739003 0.005859375 0.010263929618768328
0.0 0.27392578125 0.20381231671554254 0.0068359375 0.011730205278592375
0.0 0.2900390625 0.20161290322580644 0.0078125 0.013196480938416423
0.0 0.35498046875 0.2126099706744868 0.0126953125 0.020527859237536656
0.0 0.33056640625 0.1972140762463343 0.0087890625 0.013196480938416423
0.0 0.333984375 0.17888563049853373 0.005859375 0.011730205278592375
0.0 0.07568359375 0.31744868035190615 0.0205078125 0.036656891495601175
0.0 0.09423828125 0.4215542521994135 0.0302734375 0.060117302052785926
0.0 0.3125 0.4838709677419355 0.03515625 0.08211143695014662
0.0 0.44921875 0.16642228739002932 0.005859375 0.007331378299120235
0.0 0.4619140625 0.18475073313782991 0.005859375 0.008797653958944282
0.0 0.4716796875 0.18548387096774194 0.005859375 0.010263929618768328
0.0 0.56884765625 0.22287390029325513 0.0087890625 0.011730205278592375
0.0 0.58349609375 0.22947214076246333 0.0087890625 0.016129032258064516
0.0 0.44921875 0.2126099706744868 0.0078125 0.01466275659824047
0.0 0.56640625 0.16642228739002932 0.005859375 0.010263929618768328
0.0 0.59033203125 0.15689149560117302 0.0068359375 0.011730205278592375
0.0 0.58349609375 0.21114369501466276 0.0087890625 0.01466275659824047
0.0 0.67626953125 0.21480938416422288 0.0107421875 0.016129032258064516
0.0 0.68212890625 0.26466275659824046 0.0146484375 0.021994134897360705
0.0 0.70263671875 0.23460410557184752 0.0107421875 0.017595307917888565
0.0 0.71826171875 0.20821114369501467 0.0087890625 0.01466275659824047
0.0 0.728515625 0.2001466275659824 0.0078125 0.013196480938416423
0.0 0.76708984375 0.1942815249266862 0.0068359375 0.013196480938416423
0.0 0.7216796875 0.2287390029325513 0.009765625 0.017595307917888565
0.0 0.7705078125 0.21920821114369501 0.009765625 0.013196480938416423
0.0 0.80908203125 0.20307917888563048 0.0068359375 0.013196480938416423
0.0 0.82958984375 0.26173020527859236 0.0107421875 0.01906158357771261
0.0 0.83984375 0.28519061583577715 0.013671875 0.02785923753665689
0.0 0.8203125 0.28005865102639294 0.009765625 0.017595307917888565
0.0 0.81201171875 0.29472140762463345 0.0126953125 0.020527859237536656
0.0 0.7138671875 0.4252199413489736 0.029296875 0.03812316715542522
0.0 0.9326171875 0.31744868035190615 0.02734375 0.030791788856304986
0.0 0.96826171875 0.23020527859237536 0.0087890625 0.01466275659824047
0.0 0.9892578125 0.23240469208211142 0.01171875 0.01906158357771261
0.0 0.97412109375 0.20967741935483872 0.0107421875 0.017595307917888565
0.0 0.94287109375 0.1972140762463343 0.0087890625 0.013196480938416423
0.0 0.91357421875 0.19501466275659823 0.0068359375 0.011730205278592375
0.0 0.9931640625 0.1906158357771261 0.0078125 0.01466275659824047
0.0 0.845703125 0.17228739002932553 0.005859375 0.010263929618768328
0.0 0.85205078125 0.17375366568914957 0.0048828125 0.010263929618768328
0.0 0.861328125 0.15469208211143695 0.005859375 0.010263929618768328
0.0 0.81103515625 0.17961876832844575 0.0068359375 0.010263929618768328
