0.0 0.9345703125 0.4832116788321168 0.0302734375 0.04817518248175182
0.0 0.8876953125 0.48905109489051096 0.0302734375 0.051094890510948905
0.0 0.98046875 0.5065693430656935 0.01953125 0.058394160583941604
0.0 0.8876953125 0.724087591240876 0.0341796875 0.059854014598540145
0.0 0.84765625 0.5445255474452555 0.0302734375 0.05693430656934306
0.0 0.736328125 0.7007299270072993 0.0390625 0.061313868613138686
0.0 0.7294921875 0.545985401459854 0.03125 0.052554744525547446
0.0 0.6943359375 0.5255474452554745 0.02734375 0.049635036496350364
0.0 0.90234375 0.8788321167883212 0.0478515625 0.08029197080291971
0.0 0.7685546875 0.7781021897810219 0.033203125 0.06569343065693431
0.0 0.8037109375 0.9357664233576642 0.0419921875 0.06423357664233577
0.0 0.4111328125 0.8189781021897811 0.0615234375 0.09197080291970802
0.0 0.3134765625 0.8102189781021898 0.046875 0.07445255474452554
0.0 0.2158203125 0.8131386861313868 0.052734375 0.0905109489051095
0.0 0.525390625 0.689051094890511 0.0498046875 0.08613138686131387
0.0 0.16015625 0.6759124087591241 0.0478515625 0.07883211678832117
0.0 0.0810546875 0.7751824817518248 0.0615234375 0.10072992700729927
0.0 0.3251953125 0.5781021897810219 0.0419921875 0.072992700729927
0.0 0.3720703125 0.6175182481751825 0.0400390625 0.07445255474452554
0.0 0.3720703125 0.5372262773722628 0.033203125 0.06569343065693431
0.0 0.185546875 0.5503649635036496 0.033203125 0.05547445255474453
0.0 0.107421875 0.5795620437956205 0.0380859375 0.051094890510948905
0.0 0.087890625 0.5372262773722628 0.02734375 0.04525547445255475
0.0 0.0009765625 0.6948905109489051 0.0322265625 0.07591240875912408
0.0 0.0693359375 0.38686131386861317 0.0224609375 0.032116788321167884
0.0 0.193359375 0.42773722627737226 0.015625 0.02335766423357664
0.0 0.23046875 0.41605839416058393 0.0166015625 0.029197080291970802
0.0 0.2314453125 0.36642335766423356 0.013671875 0.026277372262773723
0.0 0.029296875 0.37372262773722625 0.0185546875 0.029197080291970802
0.0 0.04296875 0.4656934306569343 0.0283203125 0.05401459854014599
0.0 0.0048828125 0.4218978102189781 0.0205078125 0.03941605839416058
0.0 0.0517578125 0.3124087591240876 0.0107421875 0.017518248175182483
0.0 0.103515625 0.310948905109489 0.01171875 0.02335766423357664
0.0 0.955078125 0.4335766423357664 0.0205078125 0.033576642335766425
0.0 0.923828125 0.4043795620437956 0.0224609375 0.03941605839416058
0.0 0.896484375 0.3167883211678832 0.01171875 0.02335766423357664
0.0 0.8525390625 0.33138686131386863 0.005859375 0.016058394160583942
0.0 0.82421875 0.32116788321167883 0.0126953125 0.020437956204379562
0.0 0.87109375 0.3532846715328467 0.013671875 0.020437956204379562
0.0 0.52734375 0.5372262773722628 0.0244140625 0.042335766423357665
0.0 0.3515625 0.44963503649635034 0.0166015625 0.032116788321167884
0.0 0.3173828125 0.4321167883211679 0.0166015625 0.030656934306569343
0.0 0.4501953125 0.4321167883211679 0.0224609375 0.043795620437956206
0.0 0.185546875 0.39416058394160586 0.013671875 0.021897810218978103
0.0 0.5380859375 0.5941605839416059 0.0283203125 0.08467153284671533
0.0 0.1552734375 0.8934306569343066 0.0458984375 0.09781021897810219
