0.0 0.978515625 0.22156573116691286 0.0185546875 0.03545051698670606
0.0 0.9296875 0.18759231905465287 0.0283203125 0.050221565731166914
0.0 0.9130859375 0.2570162481536189 0.0166015625 0.03249630723781388
0.0 0.8544921875 0.22008862629246675 0.0205078125 0.03840472673559823
0.0 0.806640625 0.22156573116691286 0.0283203125 0.051698670605613
0.0 0.798828125 0.258493353028065 0.0126953125 0.03545051698670606
0.0 0.7392578125 0.21122599704579026 0.0244140625 0.03988183161004431
0.0 0.6767578125 0.20088626292466766 0.0283203125 0.056129985228951254
0.0 0.640625 0.24224519940915806 0.0146484375 0.028064992614475627
0.0 0.5751953125 0.23929098966026588 0.0361328125 0.053175775480059084
0.0 0.453125 0.31610044313146235 0.0478515625 0.04874446085672083
0.0 0.2158203125 0.08124076809453472 0.04296875 0.10487444608567208
