0.0 0.0458984375 0.34765625 0.0205078125 0.03125
0.0 0.1005859375 0.2786458333333333 0.01953125 0.028645833333333332
0.0 0.1806640625 0.2981770833333333 0.0224609375 0.028645833333333332
0.0 0.216796875 0.3151041666666667 0.0478515625 0.052083333333333336
0.0 0.259765625 0.3815104166666667 0.0302734375 0.045572916666666664
0.0 0.326171875 0.3528645833333333 0.0185546875 0.032552083333333336
0.0 0.375 0.3763020833333333 0.0205078125 0.029947916666666668
0.0 0.384765625 0.3450520833333333 0.015625 0.024739583333333332
0.0 0.43359375 0.4348958333333333 0.0341796875 0.048177083333333336
0.0 0.4052734375 0.3802083333333333 0.0302734375 0.05078125
0.0 0.4765625 0.3841145833333333 0.02734375 0.045572916666666664
0.0 0.51953125 0.26953125 0.017578125 0.02734375
0.0 0.5673828125 0.3333333333333333 0.0205078125 0.033854166666666664
0.0 0.5908203125 0.3411458333333333 0.01171875 0.024739583333333332
0.0 0.6787109375 0.32421875 0.015625 0.0234375
0.0 0.787109375 0.3541666666666667 0.013671875 0.032552083333333336
0.0 0.87890625 0.34765625 0.0224609375 0.03515625
