0.0 0.8056640625 0.8594436310395315 0.0283203125 0.04538799414348463
0.0 0.7412109375 0.8008784773060029 0.0234375 0.03953147877013177
0.0 0.6123046875 0.7964860907759883 0.0244140625 0.04538799414348463
0.0 0.921875 0.7452415812591509 0.01953125 0.03513909224011713
0.0 0.8515625 0.6881405563689604 0.0224609375 0.036603221083455345
0.0 0.6396484375 0.6310395314787701 0.0166015625 0.027818448023426062
0.0 0.591796875 0.6178623718887262 0.015625 0.03513909224011713
0.0 0.58203125 0.6910688140556369 0.017578125 0.027818448023426062
0.0 0.583984375 0.9150805270863837 0.0205078125 0.03953147877013177
0.0 0.93359375 0.6720351390922401 0.01171875 0.024890190336749635
0.0 0.462890625 0.7701317715959004 0.0244140625 0.03953147877013177
0.0 0.533203125 0.8257686676427526 0.0205078125 0.043923865300146414
0.0 0.423828125 0.8594436310395315 0.01953125 0.03367496339677892
0.0 0.2470703125 0.6910688140556369 0.0224609375 0.036603221083455345
0.0 0.2939453125 0.5885797950219619 0.0166015625 0.02342606149341142
0.0 0.34375 0.5885797950219619 0.0146484375 0.024890190336749635
0.0 0.31640625 0.5300146412884333 0.0146484375 0.02342606149341142
0.0 0.3671875 0.5007320644216691 0.015625 0.027818448023426062
0.0 0.419921875 0.5241581259150805 0.0146484375 0.027818448023426062
0.0 0.466796875 0.5402635431918009 0.0166015625 0.02635431918008785
0.0 0.4794921875 0.5109809663250366 0.013671875 0.02342606149341142
0.0 0.51171875 0.6925329428989752 0.0185546875 0.03367496339677892
0.0 0.4736328125 0.698389458272328 0.0146484375 0.03074670571010249
0.0 0.205078125 0.6559297218155198 0.0146484375 0.024890190336749635
0.0 0.232421875 0.5051244509516838 0.0146484375 0.02635431918008785
0.0 0.28515625 0.5431918008784773 0.013671875 0.02635431918008785
0.0 0.5419921875 0.49633967789165445 0.01171875 0.01903367496339678
0.0 0.4814453125 0.48462664714494874 0.013671875 0.020497803806734993
0.0 0.443359375 0.47144948755490484 0.0126953125 0.020497803806734993
0.0 0.595703125 0.5080527086383602 0.0107421875 0.021961932650073207
0.0 0.69921875 0.6149341142020498 0.0126953125 0.029282576866764276
0.0 0.341796875 0.9604685212298683 0.0322265625 0.03953147877013177
0.0 0.15234375 0.5446559297218155 0.0166015625 0.02635431918008785
0.0 0.0927734375 0.5226939970717424 0.017578125 0.02635431918008785
0.0 0.1435546875 0.5036603221083455 0.013671875 0.02342606149341142
0.0 0.0087890625 0.7496339677891655 0.0166015625 0.032210834553440704
0.0 0.1240234375 0.705710102489019 0.015625 0.027818448023426062
0.0 0.126953125 0.6222547584187409 0.01953125 0.03074670571010249
0.0 0.4677734375 0.595900439238653 0.017578125 0.024890190336749635
0.0 0.048828125 0.4890190336749634 0.013671875 0.024890190336749635
0.0 0.0595703125 0.4670571010248902 0.01171875 0.020497803806734993
0.0 0.1865234375 0.3938506588579795 0.009765625 0.014641288433382138
0.0 0.2392578125 0.37481698389458273 0.0087890625 0.016105417276720352
0.0 0.365234375 0.4158125915080527 0.009765625 0.016105417276720352
0.0 0.32421875 0.4743777452415813 0.009765625 0.016105417276720352
0.0 0.3505859375 0.41142020497803805 0.009765625 0.01903367496339678
0.0 0.3837890625 0.42020497803806733 0.0087890625 0.017569546120058566
0.0 0.30859375 0.4568081991215227 0.01171875 0.01903367496339678
0.0 0.3330078125 0.36749633967789164 0.009765625 0.014641288433382138
0.0 0.3798828125 0.363103953147877 0.0068359375 0.014641288433382138
0.0 0.3623046875 0.35724743777452417 0.0078125 0.014641288433382138
0.0 0.4296875 0.40702781844802344 0.0107421875 0.021961932650073207
0.0 0.4716796875 0.41874084919472915 0.0087890625 0.020497803806734993
0.0 0.68359375 0.5797950219619327 0.0126953125 0.017569546120058566
0.0 0.720703125 0.5607613469985359 0.013671875 0.02342606149341142
0.0 0.60546875 0.5651537335285505 0.0126953125 0.021961932650073207
0.0 0.62109375 0.39824304538799415 0.0087890625 0.016105417276720352
0.0 0.5810546875 0.35871156661786235 0.0068359375 0.016105417276720352
0.0 0.6396484375 0.37481698389458273 0.0068359375 0.014641288433382138
0.0 0.494140625 0.34992679355783307 0.009765625 0.016105417276720352
0.0 0.7705078125 0.6222547584187409 0.0126953125 0.021961932650073207
0.0 0.8876953125 0.5812591508052709 0.0166015625 0.027818448023426062
0.0 0.8720703125 0.5373352855051244 0.015625 0.024890190336749635
0.0 0.904296875 0.5241581259150805 0.01953125 0.02342606149341142
0.0 0.8701171875 0.47291361639824303 0.0107421875 0.024890190336749635
0.0 0.91796875 0.44216691068814057 0.0107421875 0.027818448023426062
0.0 0.728515625 0.3938506588579795 0.01171875 0.020497803806734993
0.0 0.8701171875 0.3967789165446559 0.0107421875 0.021961932650073207
0.0 0.958984375 0.4465592972181552 0.0087890625 0.01903367496339678
0.0 0.84375 0.31771595900439237 0.0087890625 0.017569546120058566
0.0 0.861328125 0.29428989751098095 0.0078125 0.013177159590043924
0.0 0.8310546875 0.2913616398243045 0.0068359375 0.017569546120058566
0.0 0.806640625 0.3001464128843338 0.005859375 0.010248901903367497
0.0 0.775390625 0.3367496339677892 0.0087890625 0.016105417276720352
0.0 0.763671875 0.3001464128843338 0.0068359375 0.013177159590043924
0.0 0.689453125 0.5168374816983895 0.0166015625 0.02635431918008785
0.0 0.6552734375 0.5095168374816984 0.01171875 0.014641288433382138
0.0 0.5966796875 0.44216691068814057 0.0107421875 0.017569546120058566
0.0 0.7939453125 0.5812591508052709 0.017578125 0.017569546120058566
0.0 0.814453125 0.5197657393850659 0.01171875 0.02635431918008785
0.0 0.923828125 0.3806734992679356 0.009765625 0.01903367496339678
0.0 0.8984375 0.4465592972181552 0.0107421875 0.021961932650073207
0.0 0.0673828125 0.3601756954612006 0.0078125 0.014641288433382138
0.0 0.0146484375 0.3762811127379209 0.0078125 0.013177159590043924
0.0 0.1298828125 0.33821376281112736 0.005859375 0.01171303074670571
0.0 0.1474609375 0.3308931185944363 0.0068359375 0.013177159590043924
0.0 0.21484375 0.3308931185944363 0.0068359375 0.013177159590043924
0.0 0.1708984375 0.2781844802342606 0.0068359375 0.01171303074670571
0.0 0.0185546875 0.2869692532942899 0.005859375 0.010248901903367497
0.0 0.1552734375 0.3162518301610542 0.0068359375 0.01171303074670571
0.0 0.306640625 0.35431918008784774 0.0078125 0.014641288433382138
0.0 0.265625 0.48755490483162517 0.0146484375 0.024890190336749635
0.0 0.3251953125 0.32503660322108346 0.0078125 0.01171303074670571
0.0 0.3095703125 0.2913616398243045 0.0078125 0.010248901903367497
0.0 0.5517578125 0.25329428989751096 0.0068359375 0.01171303074670571
0.0 0.5146484375 0.2708638360175695 0.0068359375 0.01171303074670571
0.0 0.458984375 0.2840409956076135 0.005859375 0.010248901903367497
0.0 0.3125 0.3162518301610542 0.0068359375 0.01171303074670571
0.0 0.724609375 0.33528550512445093 0.0078125 0.014641288433382138
0.0 0.775390625 0.24011713030746706 0.0048828125 0.01171303074670571
0.0 0.7763671875 0.2108345534407028 0.0068359375 0.010248901903367497
0.0 0.80078125 0.24597364568081992 0.0068359375 0.010248901903367497
0.0 0.63671875 0.2913616398243045 0.0068359375 0.013177159590043924
0.0 0.9306640625 0.2913616398243045 0.0087890625 0.01903367496339678
0.0 0.91015625 0.41142020497803805 0.0126953125 0.02342606149341142
0.0 0.5341796875 0.42313323572474376 0.0087890625 0.021961932650073207
0.0 0.4248046875 0.3323572474377745 0.0078125 0.017569546120058566
0.0 0.748046875 0.3191800878477306 0.0087890625 0.013177159590043924
0.0 0.7421875 0.28111273792093705 0.0068359375 0.014641288433382138
0.0 0.958984375 0.4084919472913616 0.013671875 0.024890190336749635
0.0 0.9521484375 0.6017569546120058 0.013671875 0.02342606149341142
0.0 0.19921875 0.9458272327964861 0.0234375 0.027818448023426062
0.0 0.076171875 0.6925329428989752 0.0146484375 0.0424597364568082
0.0 0.1513671875 0.5944363103953147 0.0126953125 0.02635431918008785
0.0 0.3935546875 0.6617862371888726 0.0146484375 0.020497803806734993
