0.0 0.25830078125 0.554093567251462 0.0263671875 0.04678362573099415
0.0 0.26806640625 0.47514619883040937 0.0146484375 0.029239766081871343
0.0 0.2861328125 0.4583333333333333 0.009765625 0.021929824561403508
0.0 0.1796875 0.5058479532163743 0.01953125 0.04093567251461988
0.0 0.23388671875 0.4861111111111111 0.0126953125 0.019005847953216373
0.0 0.01611328125 0.48026315789473684 0.0185546875 0.021929824561403508
0.0 0.162109375 0.5526315789473685 0.009765625 0.017543859649122806
0.0 0.25390625 0.4590643274853801 0.01171875 0.017543859649122806
0.0 0.10986328125 0.7339181286549707 0.1298828125 0.17251461988304093
0.0 0.45458984375 0.8801169590643275 0.0966796875 0.19883040935672514
0.0 0.61767578125 0.564327485380117 0.0302734375 0.06140350877192982
0.0 0.53857421875 0.5467836257309941 0.0185546875 0.043859649122807015
0.0 0.50341796875 0.5650584795321637 0.0205078125 0.033625730994152045
0.0 0.48486328125 0.4934210526315789 0.0107421875 0.033625730994152045
0.0 0.4912109375 0.4861111111111111 0.0078125 0.021929824561403508
0.0 0.435546875 0.5131578947368421 0.01171875 0.02046783625730994
0.0 0.421875 0.5036549707602339 0.015625 0.04239766081871345
0.0 0.39697265625 0.5029239766081871 0.0126953125 0.02631578947368421
0.0 0.44970703125 0.47514619883040937 0.0087890625 0.014619883040935672
0.0 0.47509765625 0.47953216374269003 0.0048828125 0.017543859649122806
0.0 0.36865234375 0.48464912280701755 0.0126953125 0.021929824561403508
0.0 0.396484375 0.4649122807017544 0.01171875 0.017543859649122806
0.0 0.3818359375 0.5372807017543859 0.0234375 0.04532163742690058
0.0 0.67578125 0.5504385964912281 0.013671875 0.033625730994152045
0.0 0.76171875 0.5307017543859649 0.0234375 0.04678362573099415
0.0 0.72705078125 0.47149122807017546 0.0126953125 0.024853801169590642
0.0 0.7314453125 0.4612573099415205 0.009765625 0.019005847953216373
0.0 0.697265625 0.4861111111111111 0.0078125 0.01608187134502924
0.0 0.81298828125 0.5095029239766082 0.0107421875 0.021929824561403508
0.0 0.70654296875 0.5782163742690059 0.0419921875 0.06871345029239766
0.0 0.85888671875 0.4868421052631579 0.0107421875 0.02046783625730994
0.0 0.89111328125 0.5153508771929824 0.0166015625 0.033625730994152045
0.0 0.9052734375 0.49415204678362573 0.015625 0.029239766081871343
0.0 0.92333984375 0.52046783625731 0.0205078125 0.023391812865497075
0.0 0.869140625 0.4722222222222222 0.009765625 0.02046783625730994
0.0 0.88134765625 0.4692982456140351 0.0087890625 0.017543859649122806
0.0 0.92236328125 0.47149122807017546 0.0087890625 0.01608187134502924
0.0 0.93994140625 0.4649122807017544 0.0068359375 0.014619883040935672
0.0 0.8916015625 0.45687134502923976 0.0078125 0.013157894736842105
0.0 0.95361328125 0.5745614035087719 0.0224609375 0.029239766081871343
0.0 0.9736328125 0.47514619883040937 0.005859375 0.008771929824561403
0.0 0.54345703125 0.47441520467836257 0.0126953125 0.021929824561403508
0.0 0.96337890625 0.9597953216374269 0.0712890625 0.0804093567251462
0.0 0.6708984375 0.5080409356725146 0.017578125 0.039473684210526314
0.0 0.841796875 0.45614035087719296 0.0078125 0.017543859649122806
0.0 0.3720703125 0.4451754385964912 0.017578125 0.033625730994152045
0.0 0.04541015625 0.5116959064327485 0.0166015625 0.029239766081871343
0.0 0.041015625 0.483187134502924 0.017578125 0.021929824561403508
0.0 0.0703125 0.5519005847953217 0.02734375 0.03070175438596491
0.0 0.22021484375 0.4926900584795322 0.0107421875 0.023391812865497075
0.0 0.935546875 0.4722222222222222 0.0078125 0.014619883040935672
0.0 0.80419921875 0.5307017543859649 0.0107421875 0.014619883040935672
0.0 0.44384765625 0.4780701754385965 0.0068359375 0.011695906432748537
