0.0 0.91015625 0.44338235294117645 0.017578125 0.025
0.0 0.8486328125 0.44926470588235295 0.01953125 0.030882352941176472
0.0 0.794921875 0.4375 0.017578125 0.027941176470588237
0.0 0.82568359375 0.4647058823529412 0.0146484375 0.026470588235294117
0.0 0.76123046875 0.4198529411764706 0.0146484375 0.022058823529411766
0.0 0.814453125 0.8382352941176471 0.048828125 0.06764705882352941
0.0 0.93798828125 0.8625 0.0439453125 0.06911764705882353
0.0 0.96728515625 0.44926470588235295 0.0126953125 0.01911764705882353
0.0 0.9921875 0.6316176470588235 0.015625 0.045588235294117645
0.0 0.56103515625 0.7566176470588235 0.0419921875 0.0661764705882353
0.0 0.68017578125 0.4125 0.0126953125 0.01911764705882353
0.0 0.6337890625 0.4102941176470588 0.015625 0.026470588235294117
0.0 0.5693359375 0.3926470588235294 0.013671875 0.023529411764705882
0.0 0.5048828125 0.3985294117647059 0.015625 0.026470588235294117
0.0 0.45166015625 0.38088235294117645 0.0166015625 0.023529411764705882
0.0 0.4091796875 0.39338235294117646 0.015625 0.027941176470588237
0.0 0.35009765625 0.37279411764705883 0.0166015625 0.030882352941176472
0.0 0.28662109375 0.3639705882352941 0.0185546875 0.030882352941176472
0.0 0.216796875 0.3713235294117647 0.01953125 0.030882352941176472
0.0 0.1611328125 0.38529411764705884 0.02734375 0.03823529411764706
0.0 0.154296875 0.4970588235294118 0.01953125 0.09411764705882353
0.0 0.03955078125 0.3654411764705882 0.0244140625 0.039705882352941174
0.0 0.1357421875 0.42426470588235293 0.04296875 0.054411764705882354
0.0 0.2177734375 0.42058823529411765 0.017578125 0.023529411764705882
