0.0 0.09375 0.41543026706231456 0.033203125 0.05637982195845697
0.0 0.18408203125 0.3775964391691395 0.0361328125 0.057863501483679525
0.0 0.28466796875 0.4169139465875371 0.0361328125 0.08605341246290801
0.0 0.029296875 0.45178041543026703 0.025390625 0.06379821958456973
0.0 0.38232421875 0.39317507418397624 0.0302734375 0.05637982195845697
0.0 0.40869140625 0.4050445103857567 0.0205078125 0.06231454005934718
0.0 0.51513671875 0.3672106824925816 0.0322265625 0.06379821958456973
0.0 0.556640625 0.43397626112759646 0.021484375 0.037091988130563795
0.0 0.6298828125 0.39985163204747776 0.03125 0.05192878338278932
0.0 0.6826171875 0.4102373887240356 0.02734375 0.06083086053412463
0.0 0.7314453125 0.43249258160237386 0.02734375 0.05489614243323442
0.0 0.75048828125 0.47181008902077154 0.0224609375 0.05341246290801187
0.0 0.80078125 0.4317507418397626 0.025390625 0.05341246290801187
0.0 0.86669921875 0.4629080118694362 0.0302734375 0.050445103857566766
0.0 0.90087890625 0.4332344213649852 0.0263671875 0.05637982195845697
0.0 0.990234375 0.4443620178041543 0.01953125 0.06379821958456973
0.0 0.76171875 0.44510385756676557 0.021484375 0.032640949554896145
0.0 0.06494140625 0.4043026706231454 0.0244140625 0.04896142433234421
