0.0 0.4453125 0.16533333333333333 0.138671875 0.38666666666666666
0.0 0.5537109375 0.24133333333333334 0.109375 0.232
0.0 0.7392578125 0.064 0.0205078125 0.05466666666666667
0.0 0.71875 0.316 0.064453125 0.12666666666666668
0.0 0.822265625 0.30533333333333335 0.056640625 0.10666666666666667
0.0 0.78125 0.36933333333333335 0.0341796875 0.064
0.0 0.9814453125 0.38266666666666665 0.005859375 0.014666666666666666
0.0 0.9794921875 0.36133333333333334 0.005859375 0.010666666666666666
0.0 0.96484375 0.4026666666666667 0.0068359375 0.014666666666666666
0.0 0.7353515625 0.49733333333333335 0.02734375 0.04133333333333333
0.0 0.134765625 0.2986666666666667 0.0146484375 0.02266666666666667
