0.0 0.92822265625 0.38669590643274854 0.0634765625 0.097953216374269
0.0 0.9677734375 0.4232456140350877 0.015625 0.027777777777777776
0.0 0.97802734375 0.4093567251461988 0.0107421875 0.017543859649122806
0.0 0.873046875 0.3530701754385965 0.041015625 0.059941520467836254
0.0 0.81396484375 0.3983918128654971 0.0400390625 0.06578947368421052
0.0 0.77001953125 0.4027777777777778 0.0205078125 0.039473684210526314
0.0 0.7216796875 0.3574561403508772 0.05859375 0.1067251461988304
0.0 0.66943359375 0.3823099415204678 0.0341796875 0.07163742690058479
0.0 0.599609375 0.36330409356725146 0.037109375 0.07163742690058479
0.0 0.57373046875 0.39035087719298245 0.0185546875 0.043859649122807015
0.0 0.47998046875 0.2631578947368421 0.0654296875 0.11988304093567251
0.0 0.2705078125 0.3260233918128655 0.05859375 0.10526315789473684
0.0 0.0849609375 0.3603801169590643 0.0703125 0.11257309941520467
0.0 0.1591796875 0.34576023391812866 0.013671875 0.03070175438596491
0.0 0.189453125 0.36622807017543857 0.013671875 0.024853801169590642
0.0 0.21435546875 0.36622807017543857 0.0126953125 0.024853801169590642
0.0 0.2333984375 0.37353801169590645 0.009765625 0.019005847953216373
0.0 0.1376953125 0.3406432748538012 0.01171875 0.029239766081871343
0.0 0.3544921875 0.38084795321637427 0.0078125 0.013157894736842105
0.0 0.33251953125 0.37646198830409355 0.0087890625 0.01608187134502924
