0.0 0.92333984375 0.3374816983894583 0.0263671875 0.03074670571010249
0.0 0.11279296875 0.3857979502196193 0.0322265625 0.04538799414348463
0.0 0.0791015625 0.38799414348462663 0.0234375 0.029282576866764276
0.0 0.134765625 0.4084919472913616 0.01171875 0.020497803806734993
0.0 0.49365234375 0.5065885797950219 0.0263671875 0.04685212298682284
0.0 0.43896484375 0.3506588579795022 0.0185546875 0.036603221083455345
0.0 0.0048828125 0.3528550512445095 0.00390625 0.008784773060029283
0.0 0.01513671875 0.34773060029282576 0.0068359375 0.013177159590043924
0.0 0.0283203125 0.34553440702781846 0.005859375 0.01171303074670571
0.0 0.056640625 0.3594436310395315 0.005859375 0.010248901903367497
0.0 0.04833984375 0.3609077598828697 0.0068359375 0.013177159590043924
0.0 0.0498046875 0.3191800878477306 0.005859375 0.01171303074670571
0.0 0.00390625 0.33601756954612005 0.005859375 0.010248901903367497
0.0 0.00732421875 0.30600292825768666 0.0048828125 0.01171303074670571
0.0 0.01318359375 0.3308931185944363 0.0068359375 0.01171303074670571
0.0 0.025390625 0.3162518301610542 0.005859375 0.01171303074670571
0.0 0.06884765625 0.3279648609077599 0.0048828125 0.01171303074670571
0.0 0.0771484375 0.3389458272327965 0.005859375 0.016105417276720352
0.0 0.095703125 0.33455344070278187 0.005859375 0.016105417276720352
0.0 0.236328125 0.35724743777452417 0.005859375 0.014641288433382138
0.0 0.17578125 0.349194729136164 0.005859375 0.010248901903367497
0.0 0.1484375 0.33455344070278187 0.0078125 0.016105417276720352
0.0 0.1259765625 0.3594436310395315 0.009765625 0.01903367496339678
0.0 0.15625 0.34480234260614934 0.005859375 0.010248901903367497
0.0 0.19921875 0.34333821376281115 0.005859375 0.013177159590043924
0.0 0.21337890625 0.3601756954612006 0.0048828125 0.014641288433382138
0.0 0.19189453125 0.33455344070278187 0.0048828125 0.010248901903367497
0.0 0.22998046875 0.3506588579795022 0.0068359375 0.016105417276720352
0.0 0.2470703125 0.36822840409956076 0.005859375 0.016105417276720352
0.0 0.33837890625 0.3535871156661786 0.0068359375 0.016105417276720352
0.0 0.31640625 0.3711566617862372 0.005859375 0.016105417276720352
0.0 0.3271484375 0.35505124450951686 0.005859375 0.013177159590043924
0.0 0.4091796875 0.34992679355783307 0.0078125 0.014641288433382138
0.0 0.35693359375 0.3308931185944363 0.0048828125 0.01171303074670571
0.0 0.37158203125 0.3308931185944363 0.0068359375 0.01171303074670571
0.0 0.4990234375 0.3301610541727672 0.0078125 0.016105417276720352
0.0 0.60888671875 0.38653001464128844 0.0087890625 0.020497803806734993
0.0 0.5498046875 0.3301610541727672 0.005859375 0.01903367496339678
0.0 0.62890625 0.3162518301610542 0.005859375 0.014641288433382138
0.0 0.58935546875 0.3191800878477306 0.0068359375 0.014641288433382138
0.0 0.638671875 0.30161054172767204 0.005859375 0.014641288433382138
