0.0 0.001953125 0.3073529411764706 0.0107421875 0.025
0.0 0.060546875 0.25735294117647056 0.009765625 0.014705882352941176
0.0 0.12890625 0.38529411764705884 0.01953125 0.051470588235294115
0.0 0.1552734375 0.26323529411764707 0.0126953125 0.01911764705882353
0.0 0.1533203125 0.35294117647058826 0.0146484375 0.030882352941176472
0.0 0.171875 0.4088235294117647 0.0244140625 0.016176470588235296
0.0 0.4052734375 0.31176470588235294 0.017578125 0.027941176470588237
0.0 0.4150390625 0.37058823529411766 0.02734375 0.04852941176470588
0.0 0.458984375 0.2985294117647059 0.0146484375 0.029411764705882353
0.0 0.494140625 0.3220588235294118 0.0205078125 0.023529411764705882
0.0 0.484375 0.2823529411764706 0.0087890625 0.016176470588235296
0.0 0.4013671875 0.2867647058823529 0.0087890625 0.01911764705882353
0.0 0.51953125 0.32941176470588235 0.01171875 0.01764705882352941
0.0 0.5419921875 0.3426470588235294 0.0107421875 0.023529411764705882
0.0 0.529296875 0.29558823529411765 0.009765625 0.016176470588235296
0.0 0.56640625 0.3382352941176471 0.0126953125 0.01911764705882353
0.0 0.7607421875 0.4 0.0341796875 0.06323529411764706
0.0 0.79296875 0.425 0.041015625 0.10147058823529412
0.0 0.9052734375 0.38382352941176473 0.0302734375 0.075
0.0 0.984375 0.3985294117647059 0.015625 0.03823529411764706
0.0 0.73828125 0.3426470588235294 0.01953125 0.045588235294117645
0.0 0.830078125 0.3264705882352941 0.0126953125 0.029411764705882353
0.0 0.8701171875 0.38382352941176473 0.0205078125 0.045588235294117645
