0.0 0.2783203125 0.5271428571428571 0.021484375 0.037142857142857144
0.0 0.3046875 0.4928571428571429 0.01953125 0.03571428571428571
0.0 0.4111328125 0.49142857142857144 0.02734375 0.04857142857142857
0.0 0.341796875 0.5785714285714286 0.013671875 0.032857142857142856
0.0 0.1826171875 0.43714285714285717 0.0185546875 0.03
0.0 0.173828125 0.4542857142857143 0.01171875 0.022857142857142857
0.0 0.4765625 0.46285714285714286 0.0107421875 0.022857142857142857
0.0 0.443359375 0.4657142857142857 0.009765625 0.02
0.0 0.533203125 0.5042857142857143 0.0068359375 0.017142857142857144
0.0 0.55859375 0.5057142857142857 0.0107421875 0.02
0.0 0.5908203125 0.45 0.0107421875 0.017142857142857144
0.0 0.57421875 0.5628571428571428 0.009765625 0.017142857142857144
0.0 0.6044921875 0.4057142857142857 0.0244140625 0.04428571428571428
0.0 0.7412109375 0.4442857142857143 0.0087890625 0.014285714285714285
0.0 0.7275390625 0.5085714285714286 0.009765625 0.018571428571428572
0.0 0.71875 0.46714285714285714 0.009765625 0.02
0.0 0.673828125 0.46 0.0078125 0.014285714285714285
0.0 0.6669921875 0.4257142857142857 0.0068359375 0.01
0.0 0.8544921875 0.4357142857142857 0.0048828125 0.011428571428571429
0.0 0.4658203125 0.21428571428571427 0.0087890625 0.015714285714285715
0.0 0.3984375 0.23285714285714285 0.0078125 0.011428571428571429
