0.0 0.0029296875 0.26207906295754024 0.048828125 0.0746705710102489
0.0 0.138671875 0.16251830161054173 0.01953125 0.024890190336749635
0.0 0.1611328125 0.1376281112737921 0.0087890625 0.01903367496339678
0.0 0.1884765625 0.1478770131771596 0.0126953125 0.021961932650073207
0.0 0.2421875 0.1493411420204978 0.0087890625 0.017569546120058566
0.0 0.3134765625 0.18740849194729137 0.0146484375 0.04685212298682284
0.0 0.337890625 0.16544655929721816 0.0107421875 0.021961932650073207
0.0 0.38671875 0.28989751098096633 0.064453125 0.10980966325036604
0.0 0.349609375 0.2518301610541728 0.0234375 0.04538799414348463
0.0 0.0654296875 0.14348462664714495 0.0107421875 0.024890190336749635
0.0 0.2587890625 0.15666178623718888 0.0107421875 0.021961932650073207
0.0 0.3818359375 0.191800878477306 0.0126953125 0.017569546120058566
0.0 0.5361328125 0.1903367496339678 0.0107421875 0.021961932650073207
0.0 0.4443359375 0.17715959004392387 0.005859375 0.020497803806734993
0.0 0.4248046875 0.17569546120058566 0.013671875 0.02342606149341142
0.0 0.490234375 0.16544655929721816 0.0068359375 0.016105417276720352
0.0 0.65234375 0.2225475841874085 0.029296875 0.04685212298682284
0.0 0.71484375 0.2108345534407028 0.013671875 0.01903367496339678
0.0 0.740234375 0.22547584187408493 0.0078125 0.01903367496339678
0.0 0.82421875 0.2518301610541728 0.009765625 0.03074670571010249
0.0 0.896484375 0.22840409956076135 0.0078125 0.01903367496339678
0.0 0.9130859375 0.22108345534407028 0.005859375 0.01171303074670571
0.0 0.744140625 0.19472913616398244 0.0048828125 0.010248901903367497
0.0 0.7666015625 0.19619326500732065 0.0068359375 0.01171303074670571
0.0 0.5498046875 0.17569546120058566 0.0068359375 0.013177159590043924
0.0 0.564453125 0.17715959004392387 0.005859375 0.010248901903367497
0.0 0.5830078125 0.17862371888726208 0.0068359375 0.01171303074670571
0.0 0.9873046875 0.2108345534407028 0.0078125 0.014641288433382138
