0.0 0.91748046875 0.33007953723788863 0.0380859375 0.0368763557483731
0.0 0.85400390625 0.32935647143890096 0.0380859375 0.0368763557483731
0.0 0.8525390625 0.1601590744757773 0.037109375 0.038322487346348515
0.0 0.74853515625 0.18655097613882862 0.0615234375 0.033261026753434564
0.0 0.77392578125 0.13955169920462762 0.0302734375 0.0274765003615329
0.0 0.7080078125 0.1540130151843818 0.033203125 0.03181489515545915
0.0 0.6533203125 0.1789587852494577 0.060546875 0.02964569775849602
0.0 0.58935546875 0.1413593637020969 0.0380859375 0.035430224150397684
0.0 0.53125 0.11966738973246566 0.0390625 0.0368763557483731
0.0 0.53369140625 0.1890817064352856 0.0556640625 0.02964569775849602
0.0 0.5009765625 0.1467823571945047 0.046875 0.033261026753434564
0.0 0.43798828125 0.11677512653651483 0.0322265625 0.04121475054229935
0.0 0.416015625 0.18582791033984092 0.0546875 0.018799710773680405
0.0 0.103515625 0.09797541576283442 0.037109375 0.0455531453362256
0.0 0.06689453125 0.15039768618944324 0.0361328125 0.04193781634128706
0.0 0.0869140625 0.146059291395517 0.025390625 0.036153289949385395
0.0 0.1259765625 0.3127259580621837 0.044921875 0.0368763557483731
0.0 0.302734375 0.19956616052060738 0.029296875 0.03181489515545915
0.0 0.47216796875 0.9081706435285611 0.0556640625 0.04772234273318872
0.0 0.77490234375 0.9428778018799711 0.0439453125 0.046276211135213303
0.0 0.529296875 0.9793926247288504 0.046875 0.04121475054229935
