0.0 0.8681640625 0.1390922401171303 0.0791015625 0.06881405563689605
0.0 0.8515625 0.1273792093704246 0.0537109375 0.05490483162518302
0.0 0.7578125 0.13103953147877012 0.05859375 0.05710102489019034
0.0 0.7255859375 0.08565153733528551 0.0556640625 0.050512445095168376
0.0 0.591796875 0.26720351390922403 0.1123046875 0.09077598828696926
0.0 0.591796875 0.19546120058565153 0.0693359375 0.05710102489019034
0.0 0.5263671875 0.13689604685212298 0.0595703125 0.055636896046852125
0.0 0.412109375 0.07613469985358712 0.056640625 0.055636896046852125
0.0 0.1357421875 0.05490483162518302 0.05859375 0.0636896046852123
0.0 0.3125 0.18521229868228403 0.05078125 0.0527086383601757
0.0 0.0517578125 0.1500732064421669 0.0732421875 0.06515373352855051
