0.0 0.0517578125 0.5366568914956011 0.0390625 0.05571847507331378
0.0 0.1767578125 0.5351906158357771 0.0361328125 0.04838709677419355
0.0 0.0517578125 0.40175953079178883 0.0361328125 0.05571847507331378
0.0 0.138671875 0.41642228739002934 0.0283203125 0.04398826979472141
0.0 0.189453125 0.40615835777126097 0.0283203125 0.054252199413489736
0.0 0.2578125 0.4252199413489736 0.0283203125 0.04985337243401759
0.0 0.33203125 0.4897360703812317 0.0283203125 0.04838709677419355
0.0 0.4189453125 0.46774193548387094 0.0341796875 0.06744868035190615
0.0 0.45703125 0.4574780058651026 0.02734375 0.04985337243401759
0.0 0.419921875 0.42961876832844575 0.03125 0.04985337243401759
0.0 0.49609375 0.39882697947214074 0.025390625 0.04985337243401759
0.0 0.5498046875 0.4032258064516129 0.02734375 0.04985337243401759
0.0 0.349609375 0.37976539589442815 0.02734375 0.04252199413489736
0.0 0.4580078125 0.3592375366568915 0.0166015625 0.039589442815249266
0.0 0.4912109375 0.3255131964809384 0.01953125 0.03812316715542522
0.0 0.3984375 0.33724340175953077 0.01953125 0.03812316715542522
0.0 0.4296875 0.28152492668621704 0.015625 0.03519061583577713
0.0 0.4501953125 0.29765395894428154 0.013671875 0.02785923753665689
0.0 0.4755859375 0.312316715542522 0.013671875 0.030791788856304986
0.0 0.5361328125 0.2829912023460411 0.017578125 0.03372434017595308
0.0 0.5673828125 0.2727272727272727 0.0146484375 0.02785923753665689
0.0 0.576171875 0.39002932551319647 0.015625 0.04398826979472141
0.0 0.416015625 0.26832844574780057 0.01171875 0.024926686217008796
0.0 0.28125 0.19648093841642228 0.0107421875 0.017595307917888565
0.0 0.3466796875 0.22287390029325513 0.0078125 0.01466275659824047
0.0 0.6474609375 0.4912023460410557 0.0224609375 0.05278592375366569
0.0 0.7255859375 0.5190615835777126 0.0341796875 0.05718475073313783
0.0 0.810546875 0.49560117302052786 0.02734375 0.05278592375366569
0.0 0.955078125 0.5073313782991202 0.033203125 0.05278592375366569
0.0 0.9169921875 0.48533724340175954 0.0166015625 0.03812316715542522
0.0 0.7666015625 0.26099706744868034 0.0185546875 0.036656891495601175
0.0 0.904296875 0.30498533724340177 0.021484375 0.03225806451612903
0.0 0.9228515625 0.29472140762463345 0.015625 0.03225806451612903
0.0 0.9345703125 0.35777126099706746 0.0244140625 0.04252199413489736
0.0 0.9345703125 0.27126099706744866 0.009765625 0.020527859237536656
0.0 0.9384765625 0.1935483870967742 0.009765625 0.016129032258064516
0.0 0.69140625 0.21114369501466276 0.0107421875 0.020527859237536656
0.0 0.7255859375 0.18035190615835778 0.009765625 0.01906158357771261
0.0 0.7041015625 0.1935483870967742 0.0107421875 0.017595307917888565
0.0 0.7060546875 0.15835777126099707 0.0078125 0.013196480938416423
0.0 0.158203125 0.48240469208211145 0.0322265625 0.060117302052785926
0.0 0.32421875 0.41348973607038125 0.021484375 0.04252199413489736
0.0 0.1328125 0.3592375366568915 0.0205078125 0.036656891495601175
0.0 0.984375 0.32111436950146627 0.0146484375 0.030791788856304986
0.0 0.9892578125 0.35777126099706746 0.0107421875 0.03519061583577713
0.0 0.6494140625 0.5586510263929618 0.0205078125 0.03812316715542522
0.0 0.501953125 0.2727272727272727 0.015625 0.024926686217008796
0.0 0.5693359375 0.3284457478005865 0.0224609375 0.036656891495601175
