0.0 0.14453125 0.4941348973607038 0.0625 0.1217008797653959
0.0 0.1201171875 0.48826979472140764 0.021484375 0.03519061583577713
0.0 0.3583984375 0.5557184750733137 0.037109375 0.060117302052785926
0.0 0.423828125 0.40175953079178883 0.099609375 0.20234604105571846
0.0 0.5849609375 0.48826979472140764 0.0302734375 0.06304985337243402
0.0 0.6474609375 0.4530791788856305 0.0107421875 0.024926686217008796
0.0 0.6611328125 0.45161290322580644 0.0107421875 0.017595307917888565
0.0 0.8291015625 0.4750733137829912 0.015625 0.02346041055718475
0.0 0.8427734375 0.436950146627566 0.015625 0.024926686217008796
0.0 0.89453125 0.45161290322580644 0.0107421875 0.017595307917888565
0.0 0.943359375 0.4442815249266862 0.0126953125 0.02346041055718475
0.0 0.970703125 0.4252199413489736 0.0126953125 0.020527859237536656
0.0 0.6640625 0.5219941348973607 0.01953125 0.03812316715542522
0.0 0.6884765625 0.4941348973607038 0.0185546875 0.02785923753665689
