0.0 0.00830078125 0.04774305555555555 0.0146484375 0.03298611111111111
0.0 0.02099609375 0.042534722222222224 0.0087890625 0.026041666666666668
0.0 0.04345703125 0.06163194444444445 0.0146484375 0.029513888888888888
0.0 0.0341796875 0.08680555555555555 0.013671875 0.027777777777777776
0.0 0.05615234375 0.08333333333333333 0.0146484375 0.034722222222222224
0.0 0.08837890625 0.050347222222222224 0.0107421875 0.020833333333333332
0.0 0.10205078125 0.06076388888888889 0.0126953125 0.034722222222222224
0.0 0.09228515625 0.07725694444444445 0.0146484375 0.029513888888888888
0.0 0.12548828125 0.030381944444444444 0.0126953125 0.029513888888888888
0.0 0.1328125 0.07465277777777778 0.015625 0.034722222222222224
0.0 0.0029296875 0.1076388888888889 0.005859375 0.03819444444444445
0.0 0.0068359375 0.171875 0.013671875 0.03125
0.0 0.02685546875 0.1814236111111111 0.0166015625 0.03298611111111111
0.0 0.04638671875 0.15104166666666666 0.0126953125 0.034722222222222224
0.0 0.0771484375 0.13975694444444445 0.013671875 0.03298611111111111
0.0 0.11962890625 0.1519097222222222 0.0126953125 0.026041666666666668
0.0 0.142578125 0.19010416666666666 0.013671875 0.029513888888888888
0.0 0.1162109375 0.19270833333333334 0.013671875 0.034722222222222224
0.0 0.08740234375 0.18836805555555555 0.0126953125 0.036458333333333336
0.0 0.0712890625 0.2152777777777778 0.013671875 0.027777777777777776
0.0 0.068359375 0.18663194444444445 0.0078125 0.026041666666666668
0.0 0.05029296875 0.2578125 0.0146484375 0.03298611111111111
0.0 0.029296875 0.2743055555555556 0.013671875 0.027777777777777776
0.0 0.013671875 0.3133680555555556 0.013671875 0.026041666666666668
0.0 0.06640625 0.2951388888888889 0.0078125 0.024305555555555556
0.0 0.0458984375 0.3472222222222222 0.015625 0.03819444444444445
0.0 0.08251953125 0.296875 0.0166015625 0.03819444444444445
0.0 0.08984375 0.3359375 0.013671875 0.03993055555555555
0.0 0.1015625 0.3402777777777778 0.01171875 0.034722222222222224
0.0 0.1044921875 0.25 0.013671875 0.03819444444444445
0.0 0.1220703125 0.2517361111111111 0.013671875 0.034722222222222224
0.0 0.1533203125 0.25 0.013671875 0.03819444444444445
0.0 0.15283203125 0.296875 0.0166015625 0.03819444444444445
0.0 0.16162109375 0.3489583333333333 0.0166015625 0.034722222222222224
0.0 0.1865234375 0.3411458333333333 0.013671875 0.03993055555555555
0.0 0.12646484375 0.3602430555555556 0.0107421875 0.036458333333333336
0.0 0.171875 0.07378472222222222 0.013671875 0.03298611111111111
0.0 0.1787109375 0.04513888888888889 0.013671875 0.03125
0.0 0.9677734375 0.009548611111111112 0.015625 0.015625
0.0 0.95361328125 0.034722222222222224 0.0146484375 0.03125
0.0 0.9189453125 0.011284722222222222 0.017578125 0.022569444444444444
0.0 0.869140625 0.022569444444444444 0.015625 0.03125
0.0 0.9345703125 0.06163194444444445 0.009765625 0.029513888888888888
0.0 0.9755859375 0.044270833333333336 0.017578125 0.036458333333333336
0.0 0.953125 0.08854166666666667 0.01171875 0.03125
0.0 0.89892578125 0.09375 0.0126953125 0.03819444444444445
0.0 0.8505859375 0.07378472222222222 0.013671875 0.036458333333333336
0.0 0.9931640625 0.11284722222222222 0.01171875 0.034722222222222224
0.0 0.99072265625 0.1875 0.0146484375 0.034722222222222224
0.0 0.92529296875 0.15711805555555555 0.0126953125 0.029513888888888888
0.0 0.9189453125 0.12152777777777778 0.013671875 0.03125
0.0 0.892578125 0.1484375 0.009765625 0.026041666666666668
0.0 0.8720703125 0.17100694444444445 0.013671875 0.03993055555555555
0.0 0.8564453125 0.1753472222222222 0.01171875 0.034722222222222224
0.0 0.85009765625 0.20225694444444445 0.0146484375 0.03298611111111111
0.0 0.84912109375 0.24479166666666666 0.0146484375 0.034722222222222224
0.0 0.93798828125 0.2630208333333333 0.0166015625 0.036458333333333336
0.0 0.98388671875 0.2569444444444444 0.0166015625 0.034722222222222224
0.0 0.9599609375 0.2265625 0.009765625 0.03298611111111111
0.0 0.94091796875 0.22569444444444445 0.0107421875 0.03125
0.0 0.90234375 0.1909722222222222 0.01171875 0.03125
0.0 0.8828125 0.2630208333333333 0.01171875 0.036458333333333336
0.0 0.84326171875 0.2994791666666667 0.0185546875 0.043402777777777776
0.0 0.84228515625 0.3776041666666667 0.0166015625 0.036458333333333336
0.0 0.85986328125 0.4479166666666667 0.0146484375 0.041666666666666664
0.0 0.86328125 0.4184027777777778 0.017578125 0.034722222222222224
0.0 0.984375 0.3255208333333333 0.015625 0.03993055555555555
0.0 0.9716796875 0.4331597222222222 0.015625 0.03993055555555555
0.0 0.94287109375 0.3689236111111111 0.0107421875 0.03298611111111111
0.0 0.90673828125 0.4053819444444444 0.0146484375 0.026041666666666668
0.0 0.9150390625 0.4557291666666667 0.01171875 0.029513888888888888
0.0 0.92919921875 0.4574652777777778 0.0166015625 0.03993055555555555
0.0 0.99267578125 0.5303819444444444 0.0126953125 0.03993055555555555
0.0 0.974609375 0.5598958333333334 0.015625 0.03298611111111111
0.0 0.94677734375 0.5121527777777778 0.0185546875 0.041666666666666664
0.0 0.9501953125 0.5486111111111112 0.013671875 0.03819444444444445
0.0 0.826171875 0.051215277777777776 0.009765625 0.03298611111111111
0.0 0.8076171875 0.019097222222222224 0.013671875 0.03125
0.0 0.810546875 0.0954861111111111 0.013671875 0.03819444444444445
0.0 0.76123046875 0.04513888888888889 0.0126953125 0.034722222222222224
0.0 0.75244140625 0.12152777777777778 0.0126953125 0.03819444444444445
0.0 0.77734375 0.1597222222222222 0.013671875 0.034722222222222224
0.0 0.77490234375 0.08072916666666667 0.0107421875 0.026041666666666668
0.0 0.82958984375 0.1579861111111111 0.0126953125 0.03819444444444445
0.0 0.78466796875 0.13541666666666666 0.0107421875 0.03819444444444445
0.0 0.81201171875 0.16145833333333334 0.0126953125 0.03125
0.0 0.78662109375 0.203125 0.0166015625 0.034722222222222224
0.0 0.796875 0.22916666666666666 0.013671875 0.03819444444444445
0.0 0.79052734375 0.28125 0.0146484375 0.034722222222222224
0.0 0.81689453125 0.2881944444444444 0.0166015625 0.027777777777777776
0.0 0.76953125 0.20833333333333334 0.009765625 0.024305555555555556
0.0 0.802734375 0.3289930555555556 0.015625 0.03298611111111111
0.0 0.76220703125 0.3194444444444444 0.0126953125 0.034722222222222224
0.0 0.78857421875 0.4123263888888889 0.0146484375 0.036458333333333336
0.0 0.83203125 0.4427083333333333 0.01953125 0.034722222222222224
0.0 0.8076171875 0.4088541666666667 0.015625 0.036458333333333336
0.0 0.78759765625 0.3585069444444444 0.0146484375 0.029513888888888888
0.0 0.75244140625 0.3637152777777778 0.0146484375 0.026041666666666668
0.0 0.8046875 0.3741319444444444 0.009765625 0.026041666666666668
0.0 0.8046875 0.484375 0.015625 0.03125
0.0 0.8291015625 0.5147569444444444 0.017578125 0.03993055555555555
0.0 0.7890625 0.5434027777777778 0.015625 0.041666666666666664
0.0 0.7822265625 0.5026041666666666 0.01171875 0.022569444444444444
0.0 0.82763671875 0.5755208333333334 0.0126953125 0.036458333333333336
0.0 0.849609375 0.5842013888888888 0.01171875 0.036458333333333336
0.0 0.86376953125 0.5998263888888888 0.0146484375 0.029513888888888888
0.0 0.89306640625 0.6414930555555556 0.0146484375 0.036458333333333336
0.0 0.8740234375 0.4809027777777778 0.01171875 0.03125
0.0 0.9521484375 0.6432291666666666 0.013671875 0.036458333333333336
0.0 0.9814453125 0.6588541666666666 0.013671875 0.036458333333333336
0.0 0.93408203125 0.6710069444444444 0.0146484375 0.03298611111111111
0.0 0.93017578125 0.7309027777777778 0.0146484375 0.041666666666666664
0.0 0.9453125 0.7534722222222222 0.013671875 0.04513888888888889
0.0 0.97802734375 0.7586805555555556 0.0166015625 0.03819444444444445
0.0 0.98193359375 0.8333333333333334 0.0185546875 0.034722222222222224
0.0 0.9775390625 0.9027777777777778 0.015625 0.03819444444444445
0.0 0.9365234375 0.8619791666666666 0.015625 0.03298611111111111
0.0 0.91064453125 0.8671875 0.0146484375 0.03993055555555555
0.0 0.91796875 0.8203125 0.015625 0.029513888888888888
0.0 0.89453125 0.78125 0.01171875 0.034722222222222224
0.0 0.87744140625 0.7552083333333334 0.0146484375 0.034722222222222224
0.0 0.8701171875 0.7847222222222222 0.015625 0.027777777777777776
0.0 0.85400390625 0.8307291666666666 0.0166015625 0.046875
0.0 0.84912109375 0.8732638888888888 0.0166015625 0.041666666666666664
0.0 0.80712890625 0.9019097222222222 0.0185546875 0.043402777777777776
0.0 0.81982421875 0.9027777777777778 0.0107421875 0.04861111111111111
0.0 0.80517578125 0.6527777777777778 0.0166015625 0.041666666666666664
0.0 0.8095703125 0.7048611111111112 0.017578125 0.041666666666666664
0.0 0.9638671875 0.9782986111111112 0.017578125 0.043402777777777776
0.0 0.90966796875 0.9557291666666666 0.0146484375 0.046875
0.0 0.79248046875 0.9826388888888888 0.0166015625 0.034722222222222224
0.0 0.73681640625 0.9574652777777778 0.0185546875 0.03993055555555555
0.0 0.75244140625 0.9053819444444444 0.0146484375 0.043402777777777776
0.0 0.7109375 0.9184027777777778 0.017578125 0.04513888888888889
0.0 0.68310546875 0.8940972222222222 0.0185546875 0.04861111111111111
0.0 0.689453125 0.9904513888888888 0.013671875 0.019097222222222224
0.0 0.65576171875 0.9852430555555556 0.0205078125 0.029513888888888888
0.0 0.63330078125 0.9826388888888888 0.0166015625 0.03125
0.0 0.63525390625 0.8220486111111112 0.0146484375 0.043402777777777776
0.0 0.7802734375 0.8125 0.015625 0.041666666666666664
0.0 0.74560546875 0.8064236111111112 0.0185546875 0.043402777777777776
0.0 0.70263671875 0.8506944444444444 0.0126953125 0.03125
0.0 0.66650390625 0.8307291666666666 0.0126953125 0.03298611111111111
0.0 0.75244140625 0.7013888888888888 0.0146484375 0.03819444444444445
0.0 0.7734375 0.6362847222222222 0.015625 0.036458333333333336
0.0 0.7548828125 0.5824652777777778 0.017578125 0.036458333333333336
0.0 0.6943359375 0.5546875 0.015625 0.036458333333333336
0.0 0.65966796875 0.5581597222222222 0.0166015625 0.03993055555555555
0.0 0.693359375 0.5998263888888888 0.009765625 0.03298611111111111
0.0 0.611328125 0.5694444444444444 0.01953125 0.04513888888888889
0.0 0.62109375 0.5894097222222222 0.017578125 0.03993055555555555
0.0 0.60791015625 0.6753472222222222 0.0146484375 0.041666666666666664
0.0 0.64306640625 0.6727430555555556 0.0185546875 0.046875
0.0 0.6611328125 0.7829861111111112 0.015625 0.04513888888888889
0.0 0.6162109375 0.7135416666666666 0.015625 0.041666666666666664
0.0 0.61669921875 0.75 0.0087890625 0.024305555555555556
0.0 0.75146484375 0.005208333333333333 0.0107421875 0.010416666666666666
0.0 0.68701171875 0.015625 0.0146484375 0.03125
0.0 0.65234375 0.013020833333333334 0.013671875 0.026041666666666668
0.0 0.70751953125 0.0798611111111111 0.0146484375 0.034722222222222224
0.0 0.6982421875 0.11371527777777778 0.017578125 0.03993055555555555
0.0 0.71923828125 0.16145833333333334 0.0146484375 0.03125
0.0 0.74072265625 0.1996527777777778 0.0146484375 0.034722222222222224
0.0 0.69677734375 0.1987847222222222 0.0146484375 0.03993055555555555
0.0 0.67822265625 0.2048611111111111 0.0166015625 0.034722222222222224
0.0 0.6982421875 0.2465277777777778 0.013671875 0.034722222222222224
0.0 0.73046875 0.027777777777777776 0.01171875 0.041666666666666664
0.0 0.67138671875 0.028645833333333332 0.0126953125 0.03993055555555555
0.0 0.6357421875 0.043402777777777776 0.013671875 0.027777777777777776
0.0 0.64404296875 0.08333333333333333 0.0166015625 0.034722222222222224
0.0 0.595703125 0.043402777777777776 0.013671875 0.034722222222222224
0.0 0.65185546875 0.1501736111111111 0.0107421875 0.05381944444444445
0.0 0.63232421875 0.1875 0.0146484375 0.03125
0.0 0.71435546875 0.2786458333333333 0.0126953125 0.036458333333333336
0.0 0.7294921875 0.2534722222222222 0.01171875 0.03819444444444445
0.0 0.72607421875 0.3237847222222222 0.0146484375 0.036458333333333336
0.0 0.67578125 0.2560763888888889 0.01171875 0.03298611111111111
0.0 0.619140625 0.1623263888888889 0.01171875 0.029513888888888888
0.0 0.59912109375 0.2612847222222222 0.0146484375 0.03993055555555555
0.0 0.64453125 0.2612847222222222 0.015625 0.03993055555555555
0.0 0.673828125 0.3177083333333333 0.015625 0.04513888888888889
0.0 0.6533203125 0.3342013888888889 0.015625 0.03993055555555555
0.0 0.64013671875 0.3263888888888889 0.0146484375 0.041666666666666664
0.0 0.7060546875 0.3697916666666667 0.015625 0.03819444444444445
0.0 0.60986328125 0.3585069444444444 0.0146484375 0.03298611111111111
0.0 0.685546875 0.1310763888888889 0.009765625 0.029513888888888888
0.0 0.673828125 0.4140625 0.017578125 0.036458333333333336
0.0 0.62646484375 0.3967013888888889 0.0146484375 0.03993055555555555
0.0 0.5966796875 0.4140625 0.013671875 0.03298611111111111
0.0 0.6015625 0.4635416666666667 0.01171875 0.034722222222222224
0.0 0.716796875 0.4678819444444444 0.015625 0.03993055555555555
0.0 0.67138671875 0.4756944444444444 0.0166015625 0.034722222222222224
0.0 0.681640625 0.6024305555555556 0.01953125 0.052083333333333336
0.0 0.66943359375 0.6692708333333334 0.0166015625 0.036458333333333336
0.0 0.689453125 0.7178819444444444 0.013671875 0.029513888888888888
0.0 0.7509765625 0.4583333333333333 0.009765625 0.034722222222222224
0.0 0.74951171875 0.515625 0.0166015625 0.03819444444444445
0.0 0.724609375 0.546875 0.013671875 0.034722222222222224
0.0 0.10498046875 0.1111111111111111 0.0107421875 0.027777777777777776
0.0 0.12548828125 0.14149305555555555 0.0146484375 0.022569444444444444
0.0 0.1513671875 0.012152777777777778 0.0078125 0.017361111111111112
0.0 0.15283203125 0.034722222222222224 0.0068359375 0.017361111111111112
0.0 0.162109375 0.03819444444444445 0.0078125 0.017361111111111112
0.0 0.20166015625 0.022569444444444444 0.0107421875 0.024305555555555556
0.0 0.22998046875 0.006944444444444444 0.0126953125 0.013888888888888888
0.0 0.28515625 0.016493055555555556 0.015625 0.03298611111111111
0.0 0.20703125 0.04861111111111111 0.01171875 0.03125
0.0 0.20849609375 0.08506944444444445 0.0146484375 0.03125
0.0 0.25634765625 0.06163194444444445 0.0146484375 0.03298611111111111
0.0 0.28125 0.1154513888888889 0.015625 0.036458333333333336
0.0 0.2666015625 0.1449652777777778 0.015625 0.03993055555555555
0.0 0.25146484375 0.1423611111111111 0.0146484375 0.024305555555555556
0.0 0.21826171875 0.11371527777777778 0.0146484375 0.036458333333333336
0.0 0.16455078125 0.2855902777777778 0.0126953125 0.03298611111111111
0.0 0.208984375 0.22569444444444445 0.013671875 0.03125
0.0 0.22509765625 0.2421875 0.0126953125 0.036458333333333336
0.0 0.25390625 0.21788194444444445 0.013671875 0.036458333333333336
0.0 0.236328125 0.203125 0.01171875 0.027777777777777776
0.0 0.2255859375 0.2074652777777778 0.013671875 0.022569444444444444
0.0 0.24169921875 0.12413194444444445 0.0107421875 0.029513888888888888
0.0 0.23095703125 0.1154513888888889 0.0107421875 0.019097222222222224
0.0 0.2724609375 0.23958333333333334 0.017578125 0.03819444444444445
0.0 0.26025390625 0.2786458333333333 0.0126953125 0.036458333333333336
0.0 0.2822265625 0.3480902777777778 0.013671875 0.03298611111111111
0.0 0.25341796875 0.3550347222222222 0.0185546875 0.03993055555555555
0.0 0.2041015625 0.3376736111111111 0.013671875 0.03298611111111111
0.0 0.1943359375 0.3828125 0.013671875 0.03298611111111111
0.0 0.23095703125 0.4114583333333333 0.0126953125 0.041666666666666664
0.0 0.28955078125 0.4279513888888889 0.0166015625 0.03993055555555555
0.0 0.078125 0.4131944444444444 0.015625 0.034722222222222224
0.0 0.05615234375 0.3932291666666667 0.0146484375 0.036458333333333336
0.0 0.1435546875 0.4288194444444444 0.013671875 0.027777777777777776
0.0 0.10888671875 0.4348958333333333 0.0146484375 0.029513888888888888
0.0 0.09716796875 0.3862847222222222 0.0146484375 0.036458333333333336
0.0 0.087890625 0.453125 0.013671875 0.03819444444444445
0.0 0.1015625 0.4861111111111111 0.015625 0.034722222222222224
0.0 0.09765625 0.53125 0.015625 0.03819444444444445
0.0 0.07666015625 0.5295138888888888 0.0146484375 0.027777777777777776
0.0 0.04150390625 0.4956597222222222 0.0126953125 0.029513888888888888
0.0 0.01953125 0.4635416666666667 0.015625 0.041666666666666664
0.0 0.0498046875 0.4565972222222222 0.015625 0.04513888888888889
0.0 0.068359375 0.5399305555555556 0.013671875 0.03125
0.0 0.0537109375 0.4973958333333333 0.01171875 0.026041666666666668
0.0 0.0615234375 0.5703125 0.015625 0.03298611111111111
0.0 0.02880859375 0.5598958333333334 0.0166015625 0.03993055555555555
0.0 0.013671875 0.6119791666666666 0.013671875 0.03298611111111111
0.0 0.08740234375 0.5954861111111112 0.0146484375 0.041666666666666664
0.0 0.0859375 0.6354166666666666 0.017578125 0.041666666666666664
0.0 0.0380859375 0.6414930555555556 0.015625 0.036458333333333336
0.0 0.01708984375 0.21875 0.0107421875 0.03125
0.0 0.01025390625 0.4236111111111111 0.0107421875 0.034722222222222224
0.0 0.01025390625 0.4982638888888889 0.0126953125 0.03819444444444445
0.0 0.16064453125 0.515625 0.0166015625 0.03819444444444445
0.0 0.17919921875 0.4895833333333333 0.0146484375 0.034722222222222224
0.0 0.1806640625 0.4409722222222222 0.013671875 0.03819444444444445
0.0 0.15478515625 0.4071180555555556 0.0146484375 0.03298611111111111
0.0 0.14794921875 0.4565972222222222 0.0087890625 0.020833333333333332
0.0 0.13916015625 0.5130208333333334 0.0107421875 0.022569444444444444
0.0 0.1298828125 0.5104166666666666 0.01171875 0.027777777777777776
0.0 0.037109375 0.6744791666666666 0.017578125 0.03993055555555555
0.0 0.076171875 0.6727430555555556 0.017578125 0.03993055555555555
0.0 0.025390625 0.7361111111111112 0.015625 0.03125
0.0 0.01171875 0.6927083333333334 0.009765625 0.024305555555555556
0.0 0.078125 0.7170138888888888 0.015625 0.034722222222222224
0.0 0.0390625 0.8142361111111112 0.017578125 0.041666666666666664
0.0 0.0791015625 0.7465277777777778 0.013671875 0.027777777777777776
0.0 0.10693359375 0.765625 0.0166015625 0.041666666666666664
0.0 0.140625 0.7395833333333334 0.015625 0.03819444444444445
0.0 0.16162109375 0.7491319444444444 0.0185546875 0.036458333333333336
0.0 0.1865234375 0.7309027777777778 0.01171875 0.024305555555555556
0.0 0.2021484375 0.7595486111111112 0.015625 0.03298611111111111
0.0 0.21875 0.7986111111111112 0.017578125 0.03819444444444445
0.0 0.162109375 0.8498263888888888 0.01953125 0.03993055555555555
0.0 0.10986328125 0.8133680555555556 0.0185546875 0.03298611111111111
0.0 0.0751953125 0.8246527777777778 0.015625 0.04513888888888889
0.0 0.0361328125 0.890625 0.015625 0.03819444444444445
0.0 0.0234375 0.9314236111111112 0.01171875 0.046875
0.0 0.06396484375 0.8888888888888888 0.0185546875 0.041666666666666664
0.0 0.07421875 0.8741319444444444 0.013671875 0.043402777777777776
0.0 0.12158203125 0.8680555555555556 0.0146484375 0.034722222222222224
0.0 0.06787109375 0.9401041666666666 0.0185546875 0.046875
0.0 0.12744140625 0.9262152777777778 0.0146484375 0.036458333333333336
0.0 0.1748046875 0.9045138888888888 0.01953125 0.041666666666666664
0.0 0.21533203125 0.8810763888888888 0.0185546875 0.043402777777777776
0.0 0.216796875 0.9279513888888888 0.017578125 0.03298611111111111
0.0 0.1669921875 0.9522569444444444 0.013671875 0.043402777777777776
0.0 0.0595703125 0.9782986111111112 0.017578125 0.03993055555555555
0.0 0.1171875 0.9861111111111112 0.017578125 0.027777777777777776
0.0 0.1650390625 0.9904513888888888 0.01953125 0.019097222222222224
0.0 0.31591796875 0.017361111111111112 0.0126953125 0.03125
0.0 0.29443359375 0.07291666666666667 0.0126953125 0.03125
0.0 0.31494140625 0.0954861111111111 0.0126953125 0.024305555555555556
0.0 0.29931640625 0.1284722222222222 0.0146484375 0.034722222222222224
0.0 0.29150390625 0.1875 0.0126953125 0.034722222222222224
0.0 0.32275390625 0.15885416666666666 0.0166015625 0.03993055555555555
0.0 0.31396484375 0.20572916666666666 0.0146484375 0.03993055555555555
0.0 0.333984375 0.1753472222222222 0.015625 0.034722222222222224
0.0 0.31689453125 0.265625 0.0107421875 0.020833333333333332
0.0 0.328125 0.24913194444444445 0.009765625 0.026041666666666668
0.0 0.31982421875 0.3177083333333333 0.0126953125 0.03125
0.0 0.33447265625 0.3359375 0.0146484375 0.043402777777777776
0.0 0.35888671875 0.2543402777777778 0.0166015625 0.03993055555555555
0.0 0.3681640625 0.2890625 0.017578125 0.046875
0.0 0.39453125 0.2690972222222222 0.013671875 0.024305555555555556
0.0 0.396484375 0.2222222222222222 0.017578125 0.03819444444444445
0.0 0.35595703125 0.2048611111111111 0.0166015625 0.03125
0.0 0.34375 0.12760416666666666 0.01953125 0.03298611111111111
0.0 0.3740234375 0.14583333333333334 0.013671875 0.03125
0.0 0.43017578125 0.06684027777777778 0.0107421875 0.03298611111111111
0.0 0.41455078125 0.09461805555555555 0.0126953125 0.029513888888888888
0.0 0.400390625 0.1328125 0.013671875 0.036458333333333336
0.0 0.4052734375 0.1623263888888889 0.015625 0.029513888888888888
0.0 0.41796875 0.1527777777777778 0.013671875 0.034722222222222224
0.0 0.4462890625 0.015625 0.015625 0.020833333333333332
0.0 0.494140625 0.03732638888888889 0.013671875 0.036458333333333336
0.0 0.46923828125 0.07552083333333333 0.0146484375 0.03298611111111111
0.0 0.443359375 0.1015625 0.015625 0.036458333333333336
0.0 0.50146484375 0.08072916666666667 0.0087890625 0.026041666666666668
0.0 0.517578125 0.0685763888888889 0.013671875 0.026041666666666668
0.0 0.4775390625 0.14322916666666666 0.01171875 0.036458333333333336
0.0 0.51708984375 0.15711805555555555 0.0087890625 0.03298611111111111
0.0 0.4453125 0.1762152777777778 0.01171875 0.029513888888888888
0.0 0.44384765625 0.2456597222222222 0.0146484375 0.03993055555555555
0.0 0.4833984375 0.2222222222222222 0.017578125 0.041666666666666664
0.0 0.50048828125 0.21961805555555555 0.0107421875 0.026041666666666668
0.0 0.51220703125 0.265625 0.0126953125 0.034722222222222224
0.0 0.5029296875 0.2534722222222222 0.01171875 0.027777777777777776
0.0 0.478515625 0.3055555555555556 0.015625 0.034722222222222224
0.0 0.4609375 0.3263888888888889 0.013671875 0.04513888888888889
0.0 0.43603515625 0.3585069444444444 0.0166015625 0.036458333333333336
0.0 0.47216796875 0.2725694444444444 0.0166015625 0.041666666666666664
0.0 0.45361328125 0.2552083333333333 0.0126953125 0.024305555555555556
0.0 0.4873046875 0.1579861111111111 0.009765625 0.03125
0.0 0.544921875 0.034722222222222224 0.01171875 0.03819444444444445
0.0 0.5634765625 0.06597222222222222 0.009765625 0.024305555555555556
0.0 0.54150390625 0.14149305555555555 0.0126953125 0.026041666666666668
0.0 0.55126953125 0.1701388888888889 0.0126953125 0.024305555555555556
0.0 0.52490234375 0.2170138888888889 0.0126953125 0.034722222222222224
0.0 0.5400390625 0.24739583333333334 0.013671875 0.03298611111111111
0.0 0.56103515625 0.2682291666666667 0.0166015625 0.036458333333333336
0.0 0.58447265625 0.21180555555555555 0.0146484375 0.03819444444444445
0.0 0.49169921875 0.006944444444444444 0.0166015625 0.013888888888888888
0.0 0.47265625 0.027777777777777776 0.009765625 0.017361111111111112
0.0 0.46923828125 0.2092013888888889 0.0126953125 0.03298611111111111
0.0 0.26806640625 0.4592013888888889 0.0146484375 0.036458333333333336
0.0 0.21533203125 0.5234375 0.0166015625 0.036458333333333336
0.0 0.19384765625 0.5642361111111112 0.0146484375 0.03819444444444445
0.0 0.236328125 0.5538194444444444 0.015625 0.034722222222222224
0.0 0.30126953125 0.5416666666666666 0.0146484375 0.041666666666666664
0.0 0.31640625 0.515625 0.009765625 0.03125
0.0 0.25732421875 0.59375 0.0166015625 0.034722222222222224
0.0 0.23388671875 0.6241319444444444 0.0126953125 0.03298611111111111
0.0 0.27197265625 0.5946180555555556 0.0146484375 0.036458333333333336
0.0 0.24267578125 0.6796875 0.0126953125 0.03298611111111111
0.0 0.2724609375 0.5130208333333334 0.017578125 0.043402777777777776
0.0 0.30322265625 0.6467013888888888 0.0146484375 0.03993055555555555
0.0 0.2861328125 0.6440972222222222 0.017578125 0.034722222222222224
0.0 0.23681640625 0.6579861111111112 0.0146484375 0.027777777777777776
0.0 0.3818359375 0.3619791666666667 0.013671875 0.036458333333333336
0.0 0.380859375 0.3949652777777778 0.015625 0.03993055555555555
0.0 0.34619140625 0.3984375 0.0166015625 0.03993055555555555
0.0 0.3359375 0.4001736111111111 0.013671875 0.043402777777777776
0.0 0.48486328125 0.3680555555555556 0.0146484375 0.03819444444444445
0.0 0.49755859375 0.3940972222222222 0.0126953125 0.034722222222222224
0.0 0.47216796875 0.4053819444444444 0.0146484375 0.03993055555555555
0.0 0.4404296875 0.4383680555555556 0.013671875 0.029513888888888888
0.0 0.4599609375 0.46875 0.015625 0.03819444444444445
0.0 0.49853515625 0.4921875 0.0166015625 0.03993055555555555
0.0 0.443359375 0.5017361111111112 0.017578125 0.041666666666666664
0.0 0.40087890625 0.4791666666666667 0.0166015625 0.041666666666666664
0.0 0.357421875 0.4913194444444444 0.015625 0.034722222222222224
0.0 0.37255859375 0.5078125 0.0146484375 0.03993055555555555
0.0 0.41357421875 0.5112847222222222 0.0185546875 0.036458333333333336
0.0 0.41748046875 0.5494791666666666 0.0146484375 0.03298611111111111
0.0 0.37890625 0.5512152777777778 0.015625 0.03993055555555555
0.0 0.3671875 0.5659722222222222 0.017578125 0.041666666666666664
0.0 0.345703125 0.6102430555555556 0.017578125 0.043402777777777776
0.0 0.37158203125 0.6440972222222222 0.0166015625 0.03819444444444445
0.0 0.4189453125 0.6137152777777778 0.015625 0.043402777777777776
0.0 0.48046875 0.6145833333333334 0.015625 0.03819444444444445
0.0 0.49560546875 0.6579861111111112 0.0166015625 0.034722222222222224
0.0 0.4345703125 0.6536458333333334 0.015625 0.043402777777777776
0.0 0.41015625 0.6727430555555556 0.01171875 0.03298611111111111
0.0 0.39306640625 0.6762152777777778 0.0166015625 0.043402777777777776
0.0 0.34765625 0.6770833333333334 0.015625 0.041666666666666664
0.0 0.5439453125 0.3394097222222222 0.013671875 0.03993055555555555
0.0 0.53173828125 0.3585069444444444 0.0146484375 0.03993055555555555
0.0 0.52197265625 0.4513888888888889 0.0146484375 0.04513888888888889
0.0 0.47998046875 0.4921875 0.0146484375 0.036458333333333336
0.0 0.56787109375 0.4609375 0.0146484375 0.036458333333333336
0.0 0.568359375 0.3836805555555556 0.015625 0.03819444444444445
0.0 0.583984375 0.4027777777777778 0.015625 0.041666666666666664
0.0 0.5078125 0.5321180555555556 0.015625 0.03993055555555555
0.0 0.55126953125 0.5121527777777778 0.0146484375 0.034722222222222224
0.0 0.53662109375 0.5590277777777778 0.0166015625 0.03819444444444445
0.0 0.5703125 0.5338541666666666 0.015625 0.03298611111111111
0.0 0.58447265625 0.5069444444444444 0.0126953125 0.034722222222222224
0.0 0.59130859375 0.6154513888888888 0.0166015625 0.03993055555555555
0.0 0.552734375 0.5486111111111112 0.009765625 0.024305555555555556
0.0 0.4521484375 0.5946180555555556 0.01171875 0.026041666666666668
0.0 0.6083984375 0.1284722222222222 0.015625 0.027777777777777776
0.0 0.59716796875 0.12413194444444445 0.0126953125 0.03298611111111111
0.0 0.52685546875 0.6241319444444444 0.0166015625 0.03993055555555555
0.0 0.51708984375 0.6614583333333334 0.0107421875 0.024305555555555556
0.0 0.54736328125 0.6675347222222222 0.0166015625 0.036458333333333336
0.0 0.57666015625 0.7352430555555556 0.0185546875 0.043402777777777776
0.0 0.53076171875 0.7430555555555556 0.0146484375 0.03819444444444445
0.0 0.49365234375 0.7178819444444444 0.0126953125 0.03298611111111111
0.0 0.501953125 0.7673611111111112 0.015625 0.034722222222222224
0.0 0.47021484375 0.7951388888888888 0.0166015625 0.041666666666666664
0.0 0.4658203125 0.7083333333333334 0.01171875 0.034722222222222224
0.0 0.52197265625 0.8237847222222222 0.0185546875 0.03993055555555555
0.0 0.568359375 0.8246527777777778 0.017578125 0.03819444444444445
0.0 0.49951171875 0.9045138888888888 0.0205078125 0.04513888888888889
0.0 0.46875 0.9149305555555556 0.017578125 0.034722222222222224
0.0 0.4677734375 0.8836805555555556 0.015625 0.03819444444444445
0.0 0.2548828125 0.7604166666666666 0.017578125 0.034722222222222224
0.0 0.2705078125 0.7135416666666666 0.015625 0.034722222222222224
0.0 0.31640625 0.7005208333333334 0.017578125 0.03993055555555555
0.0 0.3134765625 0.7473958333333334 0.015625 0.03993055555555555
0.0 0.28515625 0.7864583333333334 0.015625 0.034722222222222224
0.0 0.27490234375 0.8402777777777778 0.0185546875 0.041666666666666664
0.0 0.24609375 0.8194444444444444 0.01953125 0.03819444444444445
0.0 0.27392578125 0.6883680555555556 0.0146484375 0.03993055555555555
0.0 0.36767578125 0.7092013888888888 0.0166015625 0.03993055555555555
0.0 0.34326171875 0.7387152777777778 0.0126953125 0.036458333333333336
0.0 0.33935546875 0.7725694444444444 0.0126953125 0.034722222222222224
0.0 0.29443359375 0.8428819444444444 0.0185546875 0.036458333333333336
0.0 0.31689453125 0.8784722222222222 0.0166015625 0.041666666666666664
0.0 0.33349609375 0.859375 0.0185546875 0.041666666666666664
0.0 0.40087890625 0.75 0.0166015625 0.041666666666666664
0.0 0.44287109375 0.7821180555555556 0.0185546875 0.036458333333333336
0.0 0.4072265625 0.8107638888888888 0.013671875 0.03819444444444445
0.0 0.388671875 0.8203125 0.017578125 0.043402777777777776
0.0 0.44482421875 0.8498263888888888 0.0166015625 0.036458333333333336
0.0 0.4248046875 0.8923611111111112 0.017578125 0.041666666666666664
0.0 0.39306640625 0.9331597222222222 0.0166015625 0.03993055555555555
0.0 0.36865234375 0.8967013888888888 0.0166015625 0.043402777777777776
0.0 0.259765625 0.9348958333333334 0.015625 0.036458333333333336
0.0 0.36669921875 0.9748263888888888 0.0166015625 0.043402777777777776
0.0 0.32763671875 0.9878472222222222 0.0166015625 0.024305555555555556
0.0 0.2138671875 0.7369791666666666 0.013671875 0.026041666666666668
0.0 0.10400390625 0.7039930555555556 0.0087890625 0.029513888888888888
0.0 0.5830078125 0.6588541666666666 0.013671875 0.036458333333333336
0.0 0.49072265625 0.9748263888888888 0.0126953125 0.036458333333333336
0.0 0.537109375 0.9305555555555556 0.015625 0.03819444444444445
0.0 0.56103515625 0.9045138888888888 0.0126953125 0.03819444444444445
0.0 0.5859375 0.9322916666666666 0.015625 0.03125
0.0 0.57958984375 0.9678819444444444 0.0146484375 0.036458333333333336
0.0 0.2685546875 0.3559027777777778 0.01171875 0.034722222222222224
0.0 0.32666015625 0.546875 0.0146484375 0.03125
0.0 0.8623046875 0.9670138888888888 0.01171875 0.034722222222222224
0.0 0.814453125 0.7751736111111112 0.013671875 0.043402777777777776
0.0 0.89892578125 0.5173611111111112 0.0146484375 0.03819444444444445
0.0 0.943359375 0.5555555555555556 0.01171875 0.03819444444444445
0.0 0.0703125 0.3307291666666667 0.01171875 0.026041666666666668
0.0 0.1259765625 0.3932291666666667 0.013671875 0.026041666666666668
0.0 0.21630859375 0.4756944444444444 0.0146484375 0.034722222222222224
0.0 0.23876953125 0.0625 0.0107421875 0.03125
0.0 0.35400390625 0.15364583333333334 0.0126953125 0.03298611111111111
0.0 0.13818359375 0.3020833333333333 0.0126953125 0.04513888888888889
0.0 0.34423828125 0.059895833333333336 0.0107421875 0.026041666666666668
0.0 0.34619140625 0.10243055555555555 0.0126953125 0.027777777777777776
0.0 0.42724609375 0.21354166666666666 0.0107421875 0.027777777777777776
0.0 0.4091796875 0.4592013888888889 0.013671875 0.036458333333333336
0.0 0.55029296875 0.4696180555555556 0.0126953125 0.026041666666666668
0.0 0.54052734375 0.4644097222222222 0.0126953125 0.026041666666666668
0.0 0.08349609375 0.9236111111111112 0.0126953125 0.027777777777777776
0.0 0.7451171875 0.3263888888888889 0.015625 0.027777777777777776
0.0 0.6064453125 0.8984375 0.017578125 0.03298611111111111
0.0 0.61279296875 0.8098958333333334 0.0166015625 0.03298611111111111
0.0 0.55224609375 0.8020833333333334 0.0126953125 0.027777777777777776
0.0 0.6767578125 0.9565972222222222 0.009765625 0.027777777777777776
0.0 0.70263671875 0.7916666666666666 0.0107421875 0.020833333333333332
0.0 0.79541015625 0.7118055555555556 0.0126953125 0.020833333333333332
0.0 0.92236328125 0.2630208333333333 0.0126953125 0.026041666666666668
0.0 0.83642578125 0.12152777777777778 0.0107421875 0.020833333333333332
0.0 0.833984375 0.08506944444444445 0.01171875 0.034722222222222224
0.0 0.787109375 0.059895833333333336 0.0078125 0.036458333333333336
0.0 0.8681640625 0.10677083333333333 0.009765625 0.03298611111111111
0.0 0.92236328125 0.5850694444444444 0.0126953125 0.03125
0.0 0.4072265625 0.6189236111111112 0.009765625 0.029513888888888888
0.0 0.14794921875 0.1701388888888889 0.0166015625 0.027777777777777776
0.0 0.0888671875 0.2508680555555556 0.013671875 0.029513888888888888
0.0 0.1748046875 0.1753472222222222 0.01171875 0.03125
0.0 0.2431640625 0.17274305555555555 0.013671875 0.043402777777777776
0.0 0.45751953125 0.6449652777777778 0.0146484375 0.03298611111111111
0.0 0.431640625 0.7717013888888888 0.01953125 0.03993055555555555
0.0 0.4228515625 0.2934027777777778 0.0078125 0.017361111111111112
0.0 0.38525390625 0.0998263888888889 0.0068359375 0.015625
0.0 0.52978515625 0.11197916666666667 0.0126953125 0.026041666666666668
0.0 0.21630859375 0.3229166666666667 0.0107421875 0.027777777777777776
