0.0 0.021484375 0.4341317365269461 0.0087890625 0.016467065868263474
0.0 0.076171875 0.4356287425149701 0.005859375 0.014970059880239521
0.0 0.0517578125 0.4356287425149701 0.005859375 0.010479041916167664
0.0 0.09375 0.4236526946107784 0.0146484375 0.03143712574850299
0.0 0.123046875 0.4476047904191617 0.01953125 0.038922155688622756
0.0 0.2744140625 0.4431137724550898 0.015625 0.02694610778443114
0.0 0.29296875 0.4416167664670659 0.0166015625 0.03143712574850299
0.0 0.3232421875 0.4565868263473054 0.013671875 0.025449101796407185
0.0 0.212890625 0.5119760479041916 0.0107421875 0.02694610778443114
0.0 0.38671875 0.437125748502994 0.015625 0.029940119760479042
0.0 0.361328125 0.4311377245508982 0.01171875 0.020958083832335328
0.0 0.4140625 0.4491017964071856 0.013671875 0.02844311377245509
0.0 0.46484375 0.437125748502994 0.0146484375 0.02844311377245509
0.0 0.48828125 0.44461077844311375 0.013671875 0.02844311377245509
0.0 0.443359375 0.4491017964071856 0.01171875 0.020958083832335328
0.0 0.5341796875 0.44461077844311375 0.0166015625 0.02694610778443114
0.0 0.505859375 0.43263473053892215 0.013671875 0.02844311377245509
0.0 0.607421875 0.43862275449101795 0.0107421875 0.023952095808383235
0.0 0.59375 0.4805389221556886 0.013671875 0.020958083832335328
0.0 0.6484375 0.4491017964071856 0.0146484375 0.03293413173652695
0.0 0.6484375 0.4296407185628742 0.009765625 0.014970059880239521
0.0 0.6630859375 0.44011976047904194 0.0126953125 0.02245508982035928
0.0 0.6953125 0.4535928143712575 0.0146484375 0.02694610778443114
0.0 0.71484375 0.42065868263473055 0.0146484375 0.02694610778443114
0.0 0.7666015625 0.43263473053892215 0.013671875 0.023952095808383235
0.0 0.7744140625 0.47005988023952094 0.0126953125 0.023952095808383235
0.0 0.8115234375 0.4625748502994012 0.0126953125 0.02245508982035928
0.0 0.8837890625 0.4505988023952096 0.015625 0.029940119760479042
0.0 0.912109375 0.4550898203592814 0.00390625 0.0074850299401197605
0.0 0.9169921875 0.4476047904191617 0.00390625 0.005988023952095809
0.0 0.9736328125 0.44461077844311375 0.0048828125 0.008982035928143712
0.0 0.9853515625 0.4565868263473054 0.0048828125 0.008982035928143712
0.0 0.953125 0.4535928143712575 0.00390625 0.010479041916167664
