0.0 0.76953125 0.536697247706422 0.0517578125 0.10550458715596331
0.0 0.6923828125 0.5474006116207951 0.037109375 0.0779816513761468
0.0 0.623046875 0.43730886850152906 0.0419921875 0.09021406727828746
0.0 0.6142578125 0.5642201834862385 0.0322265625 0.09021406727828746
0.0 0.4658203125 0.5305810397553516 0.048828125 0.09938837920489296
0.0 0.4931640625 0.4908256880733945 0.0341796875 0.0672782874617737
0.0 0.4384765625 0.4709480122324159 0.02734375 0.06116207951070336
0.0 0.431640625 0.5443425076452599 0.037109375 0.0764525993883792
0.0 0.447265625 0.30428134556574926 0.033203125 0.07186544342507645
0.0 0.2724609375 0.5244648318042814 0.037109375 0.10550458715596331
0.0 0.21875 0.44954128440366975 0.0498046875 0.09785932721712538
0.0 0.1513671875 0.45871559633027525 0.037109375 0.11009174311926606
0.0 0.0009765625 0.5519877675840978 0.025390625 0.07951070336391437
0.0 0.0478515625 0.4801223241590214 0.037109375 0.0779816513761468
0.0 0.0 0.47706422018348627 0.0224609375 0.053516819571865444
0.0 0.5517578125 0.5825688073394495 0.0302734375 0.08103975535168195
