0.0 0.0361328125 0.010309278350515464 0.0048828125 0.010309278350515464
0.0 0.0517578125 0.16323024054982818 0.0087890625 0.020618556701030927
0.0 0.0322265625 0.13402061855670103 0.0126953125 0.03264604810996564
0.0 0.10546875 0.1134020618556701 0.0087890625 0.020618556701030927
0.0 0.09765625 0.037800687285223365 0.005859375 0.013745704467353952
0.0 0.0986328125 0.12886597938144329 0.0126953125 0.029209621993127148
0.0 0.1259765625 0.061855670103092786 0.0126953125 0.029209621993127148
0.0 0.072265625 0.211340206185567 0.013671875 0.03436426116838488
0.0 0.0322265625 0.24914089347079038 0.0146484375 0.03436426116838488
0.0 0.052734375 0.2646048109965636 0.01171875 0.020618556701030927
0.0 0.02734375 0.2869415807560137 0.0166015625 0.048109965635738834
0.0 0.0556640625 0.3024054982817869 0.017578125 0.03951890034364261
0.0 0.060546875 0.3384879725085911 0.017578125 0.03436426116838488
0.0 0.0849609375 0.2508591065292096 0.015625 0.03951890034364261
0.0 0.0947265625 0.29381443298969073 0.0205078125 0.03436426116838488
0.0 0.119140625 0.2972508591065292 0.0185546875 0.03951890034364261
0.0 0.1162109375 0.23024054982817868 0.013671875 0.03608247422680412
0.0 0.150390625 0.23539518900343642 0.017578125 0.03436426116838488
0.0 0.6875 0.25601374570446733 0.017578125 0.03608247422680412
0.0 0.595703125 0.17010309278350516 0.013671875 0.024054982817869417
0.0 0.904296875 0.03951890034364261 0.013671875 0.03264604810996564
0.0 0.9580078125 0.12199312714776632 0.009765625 0.02577319587628866
0.0 0.8427734375 0.09621993127147767 0.0107421875 0.024054982817869417
0.0 0.810546875 0.13745704467353953 0.0126953125 0.027491408934707903
0.0 0.7646484375 0.23883161512027493 0.01953125 0.037800687285223365
0.0 0.7861328125 0.23195876288659795 0.0087890625 0.03608247422680412
0.0 0.849609375 0.15979381443298968 0.0126953125 0.030927835051546393
0.0 0.8662109375 0.18213058419243985 0.0078125 0.024054982817869417
0.0 0.8046875 0.2611683848797251 0.0166015625 0.03951890034364261
0.0 0.7431640625 0.30412371134020616 0.017578125 0.037800687285223365
0.0 0.890625 0.23195876288659795 0.015625 0.037800687285223365
0.0 0.853515625 0.2972508591065292 0.0078125 0.022336769759450172
0.0 0.8720703125 0.29381443298969073 0.015625 0.03951890034364261
0.0 0.912109375 0.2663230240549828 0.0166015625 0.03436426116838488
0.0 0.927734375 0.27319587628865977 0.017578125 0.03264604810996564
0.0 0.9267578125 0.3230240549828179 0.013671875 0.037800687285223365
0.0 0.90234375 0.32130584192439865 0.0205078125 0.03608247422680412
0.0 0.7412109375 0.35051546391752575 0.01953125 0.03608247422680412
0.0 0.966796875 0.3384879725085911 0.01953125 0.041237113402061855
0.0 0.8779296875 0.37800687285223367 0.021484375 0.0429553264604811
0.0 0.8369140625 0.3556701030927835 0.009765625 0.03608247422680412
0.0 0.8271484375 0.30584192439862545 0.0185546875 0.03951890034364261
0.0 0.771484375 0.37285223367697595 0.021484375 0.05326460481099656
0.0 0.763671875 0.34192439862542956 0.021484375 0.044673539518900345
0.0 0.9873046875 0.2646048109965636 0.0126953125 0.037800687285223365
0.0 0.6474609375 0.5017182130584192 0.015625 0.024054982817869417
0.0 0.1494140625 0.3745704467353952 0.015625 0.018900343642611683
0.0 0.173828125 0.22336769759450173 0.0146484375 0.03436426116838488
0.0 0.1943359375 0.24914089347079038 0.017578125 0.030927835051546393
0.0 0.20703125 0.3247422680412371 0.0205078125 0.04639175257731959
0.0 0.185546875 0.17869415807560138 0.0146484375 0.03436426116838488
0.0 0.1796875 0.17010309278350516 0.0107421875 0.024054982817869417
0.0 0.220703125 0.1563573883161512 0.0126953125 0.029209621993127148
0.0 0.193359375 0.12886597938144329 0.009765625 0.029209621993127148
0.0 0.2412109375 0.1872852233676976 0.01171875 0.027491408934707903
0.0 0.2568359375 0.211340206185567 0.0126953125 0.027491408934707903
0.0 0.2236328125 0.09450171821305842 0.0068359375 0.018900343642611683
0.0 0.27734375 0.044673539518900345 0.013671875 0.030927835051546393
0.0 0.298828125 0.26288659793814434 0.0244140625 0.03264604810996564
0.0 0.294921875 0.36082474226804123 0.017578125 0.037800687285223365
0.0 0.29296875 0.22852233676975944 0.017578125 0.03436426116838488
0.0 0.2880859375 0.3075601374570447 0.01953125 0.0429553264604811
0.0 0.3310546875 0.13745704467353953 0.01171875 0.02577319587628866
0.0 0.3291015625 0.070446735395189 0.0087890625 0.022336769759450172
0.0 0.18359375 0.10481099656357389 0.0087890625 0.015463917525773196
0.0 0.0068359375 0.15979381443298968 0.0078125 0.024054982817869417
0.0 0.005859375 0.10996563573883161 0.009765625 0.01718213058419244
0.0 0.01953125 0.003436426116838488 0.0048828125 0.010309278350515464
0.0 0.0 0.13573883161512026 0.005859375 0.02577319587628866
0.0 0.369140625 0.2542955326460481 0.017578125 0.03436426116838488
0.0 0.4033203125 0.4054982817869416 0.0244140625 0.05326460481099656
0.0 0.3994140625 0.3230240549828179 0.0126953125 0.03436426116838488
0.0 0.40625 0.20446735395189003 0.015625 0.037800687285223365
0.0 0.458984375 0.19243986254295534 0.013671875 0.03264604810996564
0.0 0.529296875 0.17010309278350516 0.01171875 0.02577319587628866
0.0 0.5419921875 0.21649484536082475 0.0166015625 0.03264604810996564
0.0 0.4658203125 0.28865979381443296 0.013671875 0.022336769759450172
0.0 0.486328125 0.2800687285223368 0.0166015625 0.037800687285223365
0.0 0.5546875 0.3539518900343643 0.017578125 0.03436426116838488
0.0 0.439453125 0.3178694158075601 0.01953125 0.04639175257731959
0.0 0.48046875 0.32646048109965636 0.0146484375 0.030927835051546393
0.0 0.4267578125 0.08762886597938144 0.0068359375 0.01718213058419244
0.0 0.4482421875 0.12027491408934708 0.0078125 0.018900343642611683
0.0 0.4365234375 0.14948453608247422 0.013671875 0.027491408934707903
0.0 0.4775390625 0.15463917525773196 0.0107421875 0.024054982817869417
0.0 0.5849609375 0.16838487972508592 0.013671875 0.029209621993127148
0.0 0.5595703125 0.16494845360824742 0.009765625 0.024054982817869417
0.0 0.5830078125 0.13745704467353953 0.0126953125 0.02577319587628866
0.0 0.591796875 0.21993127147766323 0.01171875 0.024054982817869417
0.0 0.62109375 0.17697594501718214 0.013671875 0.024054982817869417
0.0 0.568359375 0.23195876288659795 0.0146484375 0.03264604810996564
0.0 0.5830078125 0.24742268041237114 0.013671875 0.029209621993127148
0.0 0.59765625 0.24914089347079038 0.015625 0.03264604810996564
0.0 0.611328125 0.2920962199312715 0.0166015625 0.03264604810996564
0.0 0.59375 0.35738831615120276 0.0185546875 0.03264604810996564
0.0 0.6494140625 0.25257731958762886 0.015625 0.029209621993127148
0.0 0.626953125 0.13917525773195877 0.0078125 0.018900343642611683
0.0 0.669921875 0.030927835051546393 0.013671875 0.02577319587628866
0.0 0.650390625 0.16323024054982818 0.0068359375 0.029209621993127148
0.0 0.7197265625 0.18556701030927836 0.013671875 0.02577319587628866
0.0 0.70703125 0.218213058419244 0.0166015625 0.03436426116838488
0.0 0.6220703125 0.35738831615120276 0.0126953125 0.03608247422680412
0.0 0.6572265625 0.3161512027491409 0.01953125 0.037800687285223365
0.0 0.6708984375 0.2697594501718213 0.0166015625 0.041237113402061855
0.0 0.6826171875 0.35738831615120276 0.0205078125 0.03608247422680412
0.0 0.4296875 0.29037800687285226 0.01171875 0.029209621993127148
0.0 0.259765625 0.14776632302405499 0.01171875 0.022336769759450172
0.0 0.57421875 0.3487972508591065 0.009765625 0.022336769759450172
0.0 0.9619140625 0.23711340206185566 0.0078125 0.022336769759450172
0.0 0.7900390625 0.15463917525773196 0.009765625 0.01718213058419244
0.0 0.380859375 0.06357388316151202 0.009765625 0.022336769759450172
0.0 0.166015625 0.15463917525773196 0.009765625 0.022336769759450172
0.0 0.509765625 0.1718213058419244 0.0107421875 0.022336769759450172
0.0 0.8203125 0.18213058419243985 0.0146484375 0.027491408934707903
