0.0 0.6044921875 0.6158854166666666 0.01953125 0.026041666666666668
0.0 0.55615234375 0.58203125 0.0185546875 0.03125
0.0 0.49755859375 0.5462239583333334 0.0205078125 0.02734375
0.0 0.5478515625 0.55078125 0.0078125 0.013020833333333334
0.0 0.5205078125 0.5364583333333334 0.0078125 0.015625
0.0 0.60107421875 0.5364583333333334 0.0087890625 0.013020833333333334
0.0 0.58740234375 0.529296875 0.0087890625 0.014322916666666666
0.0 0.6435546875 0.53515625 0.0078125 0.013020833333333334
0.0 0.6416015625 0.53125 0.0078125 0.013020833333333334
0.0 0.564453125 0.533203125 0.0078125 0.014322916666666666
0.0 0.53857421875 0.642578125 0.0224609375 0.032552083333333336
0.0 0.44921875 0.53515625 0.0078125 0.013020833333333334
0.0 0.43408203125 0.5325520833333334 0.0068359375 0.013020833333333334
0.0 0.45556640625 0.5279947916666666 0.0068359375 0.01171875
0.0 0.53173828125 0.5240885416666666 0.0068359375 0.01171875
0.0 0.50390625 0.5208333333333334 0.0078125 0.013020833333333334
0.0 0.39794921875 0.5403645833333334 0.0126953125 0.026041666666666668
0.0 0.3798828125 0.56640625 0.0078125 0.018229166666666668
0.0 0.2890625 0.541015625 0.017578125 0.029947916666666668
0.0 0.3447265625 0.5592447916666666 0.009765625 0.022135416666666668
0.0 0.35400390625 0.5390625 0.0068359375 0.013020833333333334
0.0 0.38330078125 0.5572916666666666 0.0087890625 0.013020833333333334
0.0 0.33056640625 0.5514322916666666 0.0068359375 0.014322916666666666
0.0 0.85302734375 0.50390625 0.0244140625 0.0390625
0.0 0.96728515625 0.6341145833333334 0.0146484375 0.018229166666666668
0.0 0.99658203125 0.51171875 0.0068359375 0.013020833333333334
0.0 0.95556640625 0.5592447916666666 0.0087890625 0.014322916666666666
0.0 0.9677734375 0.5084635416666666 0.0078125 0.014322916666666666
0.0 0.921875 0.5032552083333334 0.0078125 0.014322916666666666
0.0 0.9892578125 0.5696614583333334 0.0078125 0.014322916666666666
0.0 0.92529296875 0.5729166666666666 0.0107421875 0.013020833333333334
0.0 0.896484375 0.5716145833333334 0.01171875 0.018229166666666668
0.0 0.81005859375 0.5716145833333334 0.0068359375 0.010416666666666666
0.0 0.78955078125 0.5475260416666666 0.0166015625 0.02734375
0.0 0.24169921875 0.5559895833333334 0.0166015625 0.028645833333333332
0.0 0.181640625 0.5455729166666666 0.015625 0.026041666666666668
0.0 0.19189453125 0.5930989583333334 0.0146484375 0.024739583333333332
0.0 0.20166015625 0.568359375 0.0185546875 0.029947916666666668
0.0 0.220703125 0.5436197916666666 0.01171875 0.014322916666666666
0.0 0.13330078125 0.5579427083333334 0.0205078125 0.02734375
0.0 0.08544921875 0.5182291666666666 0.0146484375 0.036458333333333336
0.0 0.07470703125 0.525390625 0.0107421875 0.029947916666666668
0.0 0.408203125 0.240234375 0.005859375 0.01171875
0.0 0.35888671875 0.560546875 0.0087890625 0.014322916666666666
0.0 0.5107421875 0.5475260416666666 0.0078125 0.01171875
0.0 0.4873046875 0.5677083333333334 0.009765625 0.015625
0.0 0.4169921875 0.552734375 0.009765625 0.014322916666666666
0.0 0.8701171875 0.060546875 0.0078125 0.014322916666666666
0.0 0.8701171875 0.032552083333333336 0.0078125 0.010416666666666666
0.0 0.89111328125 0.036458333333333336 0.0068359375 0.010416666666666666
0.0 0.8154296875 0.02734375 0.0078125 0.013020833333333334
0.0 0.65771484375 0.5299479166666666 0.0087890625 0.015625
0.0 0.72265625 0.5325520833333334 0.0234375 0.028645833333333332
0.0 0.5830078125 0.012369791666666666 0.0078125 0.014322916666666666
