0.0 0.87353515625 0.07692307692307693 0.0341796875 0.03978779840848806
0.0 0.712890625 0.08156498673740054 0.03125 0.05968169761273209
0.0 0.49267578125 0.05106100795755968 0.0361328125 0.0649867374005305
0.0 0.39697265625 0.028514588859416445 0.0224609375 0.04376657824933687
0.0 0.546875 0.21087533156498675 0.03125 0.0610079575596817
0.0 0.90234375 0.3812997347480106 0.0234375 0.05172413793103448
0.0 0.625 0.40251989389920423 0.05078125 0.08090185676392574
0.0 0.42578125 0.4482758620689655 0.0546875 0.09549071618037135
0.0 0.34814453125 0.2937665782493369 0.0361328125 0.0649867374005305
0.0 0.11572265625 0.4416445623342175 0.0458984375 0.07957559681697612
0.0 0.19677734375 0.5921750663129973 0.0498046875 0.08885941644562334
