0.0 0.16552734375 0.3008849557522124 0.0517578125 0.07743362831858407
0.0 0.25830078125 0.32245575221238937 0.0419921875 0.06969026548672566
0.0 0.3408203125 0.33241150442477874 0.05078125 0.08075221238938053
0.0 0.2890625 0.30973451327433627 0.021484375 0.05752212389380531
0.0 0.37890625 0.32245575221238937 0.037109375 0.06969026548672566
0.0 0.419921875 0.3235619469026549 0.0390625 0.0586283185840708
0.0 0.5078125 0.28595132743362833 0.046875 0.07190265486725664
0.0 0.54248046875 0.27267699115044247 0.0224609375 0.03871681415929203
0.0 0.6162109375 0.271570796460177 0.015625 0.02101769911504425
0.0 0.65234375 0.26991150442477874 0.017578125 0.022123893805309734
0.0 0.890625 0.25 0.015625 0.022123893805309734
0.0 0.8349609375 0.24336283185840707 0.015625 0.024336283185840708
0.0 0.916015625 0.310287610619469 0.015625 0.02765486725663717
0.0 0.77490234375 0.2793141592920354 0.0146484375 0.018805309734513276
0.0 0.73974609375 0.28042035398230086 0.0107421875 0.018805309734513276
0.0 0.81298828125 0.18971238938053098 0.0146484375 0.023230088495575223
0.0 0.861328125 0.206858407079646 0.015625 0.022123893805309734
0.0 0.87939453125 0.1747787610619469 0.0146484375 0.024336283185840708
0.0 0.78076171875 0.14767699115044247 0.0146484375 0.02101769911504425
0.0 0.92431640625 0.035398230088495575 0.0166015625 0.024336283185840708
0.0 0.8857421875 0.03705752212389381 0.015625 0.018805309734513276
0.0 0.84619140625 0.12112831858407079 0.0146484375 0.016592920353982302
0.0 0.80517578125 0.12665929203539822 0.0126953125 0.018805309734513276
0.0 0.82421875 0.08738938053097345 0.01171875 0.015486725663716814
0.0 0.84033203125 0.05309734513274336 0.0126953125 0.01991150442477876
0.0 0.76708984375 0.03926991150442478 0.0126953125 0.018805309734513276
0.0 0.72900390625 0.05530973451327434 0.0126953125 0.01991150442477876
0.0 0.7177734375 0.04480088495575221 0.01171875 0.014380530973451327
0.0 0.79248046875 0.05143805309734513 0.0126953125 0.018805309734513276
