0.0 0.029296875 0.3648881239242685 0.107421875 0.22030981067125646
0.0 0.158203125 0.4199655765920826 0.08203125 0.1514629948364888
0.0 0.3125 0.5851979345955249 0.103515625 0.1686746987951807
0.0 0.560546875 0.4991394148020654 0.091796875 0.1686746987951807
0.0 0.80859375 0.47160068846815834 0.111328125 0.1927710843373494
0.0 0.654296875 0.43717728055077454 0.080078125 0.16179001721170397
0.0 0.38671875 0.5266781411359724 0.064453125 0.17555938037865748
0.0 0.392578125 0.4268502581755594 0.0703125 0.1514629948364888
0.0 0.283203125 0.4750430292598967 0.11328125 0.21686746987951808
0.0 0.486328125 0.4027538726333907 0.060546875 0.14802065404475043
0.0 0.59375 0.43029259896729777 0.078125 0.20309810671256454
0.0 0.73828125 0.4199655765920826 0.078125 0.16179001721170397
0.0 0.912109375 0.5025817555938038 0.078125 0.1927710843373494
0.0 0.236328125 0.5714285714285714 0.0859375 0.18244406196213425
0.0 0.134765625 0.5714285714285714 0.091796875 0.20309810671256454
