0.0 0.02880859375 0.490234375 0.0126953125 0.01171875
0.0 0.07470703125 0.4576822916666667 0.0087890625 0.022135416666666668
0.0 0.05712890625 0.5950520833333334 0.0224609375 0.046875
0.0 0.08740234375 0.6223958333333334 0.0146484375 0.036458333333333336
0.0 0.1005859375 0.5709635416666666 0.013671875 0.01953125
0.0 0.21630859375 0.6276041666666666 0.0166015625 0.026041666666666668
0.0 0.22216796875 0.66796875 0.0146484375 0.033854166666666664
0.0 0.322265625 0.6647135416666666 0.060546875 0.10026041666666667
0.0 0.37744140625 0.60546875 0.0087890625 0.018229166666666668
0.0 0.35107421875 0.599609375 0.0126953125 0.037760416666666664
0.0 0.3896484375 0.6041666666666666 0.0078125 0.015625
0.0 0.443359375 0.6276041666666666 0.0078125 0.013020833333333334
0.0 0.48974609375 0.6165364583333334 0.0068359375 0.016927083333333332
0.0 0.4921875 0.59375 0.0078125 0.013020833333333334
0.0 0.501953125 0.6106770833333334 0.005859375 0.013020833333333334
0.0 0.7412109375 0.6705729166666666 0.01171875 0.028645833333333332
0.0 0.7607421875 0.611328125 0.025390625 0.040364583333333336
0.0 0.89306640625 0.626953125 0.0126953125 0.029947916666666668
0.0 0.91357421875 0.6341145833333334 0.0166015625 0.033854166666666664
0.0 0.74609375 0.7447916666666666 0.03515625 0.0546875
0.0 0.9443359375 0.6354166666666666 0.017578125 0.07291666666666667
0.0 0.63037109375 0.748046875 0.1064453125 0.20442708333333334
