0.0 0.216796875 0.376657824933687 0.0087890625 0.014588859416445624
0.0 0.2626953125 0.3660477453580902 0.0087890625 0.011936339522546418
0.0 0.2890625 0.35013262599469497 0.009765625 0.011936339522546418
0.0 0.3095703125 0.28249336870026526 0.005859375 0.010610079575596816
0.0 0.318359375 0.3740053050397878 0.0078125 0.011936339522546418
0.0 0.3544921875 0.376657824933687 0.0087890625 0.010610079575596816
0.0 0.369140625 0.3726790450928382 0.0078125 0.011936339522546418
0.0 0.3798828125 0.41379310344827586 0.0087890625 0.011936339522546418
0.0 0.4189453125 0.39920424403183025 0.0068359375 0.013262599469496022
0.0 0.41796875 0.34748010610079577 0.0068359375 0.010610079575596816
0.0 0.4462890625 0.3687002652519894 0.0068359375 0.009283819628647215
0.0 0.171875 0.41909814323607425 0.0302734375 0.054376657824933686
0.0 0.265625 0.4177718832891247 0.033203125 0.03978779840848806
0.0 0.32421875 0.40583554376657827 0.03125 0.03713527851458886
0.0 0.408203125 0.4270557029177719 0.0302734375 0.038461538461538464
0.0 0.4716796875 0.7175066312997348 0.05859375 0.1273209549071618
0.0 0.73046875 0.6737400530503979 0.0869140625 0.1273209549071618
0.0 0.7578125 0.5238726790450928 0.017578125 0.026525198938992044
0.0 0.775390625 0.5172413793103449 0.0126953125 0.029177718832891247
0.0 0.841796875 0.6246684350132626 0.029296875 0.050397877984084884
0.0 0.9375 0.6379310344827587 0.05859375 0.054376657824933686
0.0 0.8583984375 0.6419098143236074 0.0341796875 0.05702917771883289
0.0 0.806640625 0.5278514588859416 0.0166015625 0.025198938992042442
0.0 0.814453125 0.5039787798408488 0.015625 0.026525198938992044
0.0 0.884765625 0.5782493368700266 0.015625 0.021220159151193633
0.0 0.90234375 0.5848806366047745 0.009765625 0.015915119363395226
0.0 0.908203125 0.5649867374005305 0.0146484375 0.015915119363395226
0.0 0.9306640625 0.5729442970822282 0.0185546875 0.017241379310344827
0.0 0.97265625 0.5888594164456233 0.0185546875 0.021220159151193633
0.0 0.95703125 0.5875331564986738 0.0126953125 0.017241379310344827
0.0 0.6494140625 0.48408488063660476 0.021484375 0.026525198938992044
0.0 0.6787109375 0.47745358090185674 0.0185546875 0.03713527851458886
0.0 0.5908203125 0.4230769230769231 0.0263671875 0.03183023872679045
0.0 0.513671875 0.47745358090185674 0.0205078125 0.04111405835543767
0.0 0.4296875 0.4151193633952255 0.0078125 0.010610079575596816
0.0 0.060546875 0.4588859416445623 0.0205078125 0.027851458885941646
0.0 0.1142578125 0.48143236074270557 0.0205078125 0.033156498673740056
0.0 0.0087890625 0.46286472148541113 0.033203125 0.046419098143236075
0.0 0.994140625 0.5676392572944297 0.005859375 0.010610079575596816
0.0 0.8271484375 0.5251989389920424 0.0068359375 0.010610079575596816
0.0 0.412109375 0.35809018567639256 0.005859375 0.010610079575596816
0.0 0.4169921875 0.39389920424403185 0.005859375 0.006631299734748011
0.0 0.27734375 0.383289124668435 0.005859375 0.009283819628647215
