0.0 0.0087890625 0.5336448598130841 0.01171875 0.05046728971962617
0.0 0.06982421875 0.6560747663551402 0.0244140625 0.08224299065420561
0.0 0.1044921875 0.6102803738317757 0.02734375 0.09532710280373832
0.0 0.1630859375 0.5429906542056074 0.033203125 0.08037383177570094
0.0 0.1201171875 0.5626168224299065 0.013671875 0.048598130841121495
0.0 0.05224609375 0.5682242990654206 0.0224609375 0.06355140186915888
0.0 0.04833984375 0.502803738317757 0.0185546875 0.041121495327102804
0.0 0.1826171875 0.5065420560747663 0.01171875 0.026168224299065422
0.0 0.2216796875 0.5112149532710281 0.01171875 0.03551401869158879
0.0 0.263671875 0.5728971962616822 0.021484375 0.05794392523364486
0.0 0.279296875 0.5411214953271029 0.021484375 0.05046728971962617
0.0 0.30322265625 0.5644859813084112 0.0166015625 0.059813084112149535
0.0 0.38232421875 0.5757009345794393 0.0166015625 0.048598130841121495
0.0 0.509765625 0.5654205607476636 0.24609375 0.48785046728971965
0.0 0.68994140625 0.5280373831775701 0.0126953125 0.024299065420560748
0.0 0.65478515625 0.5953271028037384 0.0146484375 0.03177570093457944
0.0 0.02685546875 0.5383177570093458 0.0205078125 0.056074766355140186
0.0 0.2392578125 0.5205607476635514 0.017578125 0.03551401869158879
0.0 0.24462890625 0.5598130841121496 0.0205078125 0.04299065420560748
0.0 0.0341796875 0.797196261682243 0.025390625 0.08785046728971962
0.0 0.10205078125 0.46448598130841123 0.0166015625 0.03177570093457944
