0.0 0.306640625 0.5119658119658119 0.0078125 0.018803418803418803
0.0 0.27587890625 0.5085470085470085 0.0068359375 0.011965811965811967
0.0 0.28076171875 0.4222222222222222 0.0048828125 0.010256410256410256
0.0 0.1806640625 0.42905982905982903 0.005859375 0.006837606837606838
0.0 0.17431640625 0.42905982905982903 0.0068359375 0.006837606837606838
0.0 0.2001953125 0.41367521367521365 0.005859375 0.013675213675213675
0.0 0.1962890625 0.4341880341880342 0.005859375 0.013675213675213675
0.0 0.19677734375 0.46495726495726497 0.0068359375 0.006837606837606838
0.0 0.19140625 0.47094017094017093 0.00390625 0.005128205128205128
0.0 0.24658203125 0.40341880341880343 0.0048828125 0.010256410256410256
0.0 0.2802734375 0.394017094017094 0.00390625 0.008547008547008548
0.0 0.263671875 0.4495726495726496 0.005859375 0.017094017094017096
0.0 0.25244140625 0.4393162393162393 0.0048828125 0.010256410256410256
0.0 0.203125 0.4461538461538462 0.005859375 0.010256410256410256
0.0 0.216796875 0.46495726495726497 0.005859375 0.010256410256410256
0.0 0.1904296875 0.4188034188034188 0.00390625 0.006837606837606838
0.0 0.2529296875 0.382051282051282 0.00390625 0.005128205128205128
0.0 0.25830078125 0.4042735042735043 0.0048828125 0.008547008547008548
0.0 0.2685546875 0.4 0.001953125 0.003418803418803419
0.0 0.23828125 0.4427350427350427 0.0078125 0.010256410256410256
0.0 0.2763671875 0.48034188034188036 0.0078125 0.013675213675213675
0.0 0.28173828125 0.4641025641025641 0.0068359375 0.015384615384615385
0.0 0.04248046875 0.4547008547008547 0.0087890625 0.017094017094017096
0.0 0.03662109375 0.4547008547008547 0.0048828125 0.010256410256410256
0.0 0.0205078125 0.5384615384615384 0.0078125 0.013675213675213675
0.0 0.04443359375 0.5376068376068376 0.0087890625 0.015384615384615385
0.0 0.03759765625 0.5367521367521367 0.0029296875 0.006837606837606838
0.0 0.052734375 0.4905982905982906 0.00390625 0.006837606837606838
0.0 0.05419921875 0.5333333333333333 0.0068359375 0.013675213675213675
0.0 0.05615234375 0.5102564102564102 0.0087890625 0.018803418803418803
0.0 0.0654296875 0.5222222222222223 0.009765625 0.022222222222222223
0.0 0.0126953125 0.6256410256410256 0.009765625 0.013675213675213675
0.0 0.00927734375 0.6717948717948717 0.0068359375 0.017094017094017096
0.0 0.0810546875 0.6452991452991453 0.013671875 0.022222222222222223
0.0 0.0859375 0.5512820512820513 0.0078125 0.011965811965811967
0.0 0.09814453125 0.5273504273504274 0.0068359375 0.015384615384615385
0.0 0.0849609375 0.523931623931624 0.00390625 0.005128205128205128
0.0 0.07763671875 0.5273504273504274 0.0048828125 0.011965811965811967
0.0 0.12451171875 0.5376068376068376 0.0087890625 0.011965811965811967
0.0 0.12060546875 0.5700854700854701 0.0107421875 0.022222222222222223
0.0 0.12841796875 0.6341880341880342 0.0048828125 0.017094017094017096
0.0 0.14794921875 0.6068376068376068 0.0087890625 0.017094017094017096
0.0 0.16796875 0.6239316239316239 0.00390625 0.020512820512820513
0.0 0.05517578125 0.5675213675213675 0.0068359375 0.010256410256410256
0.0 0.14404296875 0.5273504273504274 0.0068359375 0.015384615384615385
0.0 0.18701171875 0.594017094017094 0.0048828125 0.015384615384615385
0.0 0.18115234375 0.564957264957265 0.0107421875 0.015384615384615385
0.0 0.17529296875 0.5384615384615384 0.0087890625 0.017094017094017096
0.0 0.171875 0.5188034188034188 0.0078125 0.018803418803418803
0.0 0.171875 0.49401709401709404 0.005859375 0.013675213675213675
0.0 0.1875 0.4982905982905983 0.001953125 0.005128205128205128
0.0 0.19091796875 0.4965811965811966 0.0029296875 0.005128205128205128
0.0 0.20068359375 0.5470085470085471 0.0068359375 0.013675213675213675
0.0 0.20751953125 0.5606837606837607 0.0048828125 0.006837606837606838
0.0 0.22314453125 0.5803418803418804 0.0107421875 0.022222222222222223
0.0 0.06494140625 0.47606837606837604 0.0087890625 0.015384615384615385
0.0 0.08984375 0.4307692307692308 0.0078125 0.013675213675213675
0.0 0.02294921875 0.4427350427350427 0.0068359375 0.006837606837606838
0.0 0.0078125 0.42991452991452994 0.005859375 0.015384615384615385
0.0 0.03076171875 0.5290598290598291 0.0068359375 0.011965811965811967
0.0 0.10595703125 0.5051282051282051 0.0068359375 0.008547008547008548
0.0 0.11376953125 0.4897435897435897 0.0048828125 0.008547008547008548
0.0 0.224609375 0.5435897435897435 0.01171875 0.013675213675213675
0.0 0.181640625 0.5222222222222223 0.005859375 0.011965811965811967
0.0 0.18896484375 0.5205128205128206 0.0048828125 0.008547008547008548
0.0 0.08935546875 0.6982905982905983 0.0087890625 0.022222222222222223
0.0 0.16064453125 0.7068376068376069 0.0048828125 0.015384615384615385
0.0 0.14404296875 0.8290598290598291 0.0107421875 0.03076923076923077
0.0 0.20751953125 0.7675213675213676 0.0068359375 0.023931623931623933
0.0 0.3798828125 0.7478632478632479 0.0078125 0.022222222222222223
0.0 0.15087890625 0.9034188034188034 0.0068359375 0.03247863247863248
0.0 0.0146484375 0.8333333333333334 0.0078125 0.02905982905982906
0.0 0.01953125 0.6641025641025641 0.0078125 0.022222222222222223
0.0 0.3251953125 0.8188034188034188 0.00390625 0.020512820512820513
0.0 0.263671875 0.5512820512820513 0.0078125 0.015384615384615385
0.0 0.365234375 0.5333333333333333 0.013671875 0.02735042735042735
0.0 0.330078125 0.5606837606837607 0.01171875 0.03076923076923077
0.0 0.2607421875 0.6034188034188034 0.0078125 0.013675213675213675
0.0 0.216796875 0.6128205128205129 0.0078125 0.022222222222222223
0.0 0.27978515625 0.5470085470085471 0.0087890625 0.006837606837606838
0.0 0.2900390625 0.5606837606837607 0.01171875 0.023931623931623933
0.0 0.3447265625 0.5367521367521367 0.009765625 0.013675213675213675
0.0 0.341796875 0.5290598290598291 0.0078125 0.015384615384615385
0.0 0.35498046875 0.517948717948718 0.0087890625 0.013675213675213675
0.0 0.3955078125 0.5418803418803418 0.009765625 0.017094017094017096
0.0 0.28564453125 0.5111111111111111 0.0068359375 0.020512820512820513
0.0 0.29736328125 0.5136752136752136 0.0087890625 0.011965811965811967
0.0 0.3779296875 0.5111111111111111 0.005859375 0.006837606837606838
0.0 0.36279296875 0.5051282051282051 0.0048828125 0.005128205128205128
0.0 0.427734375 0.6957264957264957 0.009765625 0.020512820512820513
0.0 0.23779296875 0.5418803418803418 0.0068359375 0.013675213675213675
0.0 0.28759765625 0.44700854700854703 0.0068359375 0.008547008547008548
0.0 0.3193359375 0.4641025641025641 0.0078125 0.011965811965811967
0.0 0.33642578125 0.4905982905982906 0.0068359375 0.013675213675213675
0.0 0.35986328125 0.48376068376068376 0.0087890625 0.020512820512820513
0.0 0.36767578125 0.48205128205128206 0.0048828125 0.013675213675213675
0.0 0.373046875 0.49145299145299143 0.005859375 0.011965811965811967
0.0 0.2978515625 0.405982905982906 0.005859375 0.008547008547008548
0.0 0.40380859375 0.3957264957264957 0.0048828125 0.015384615384615385
0.0 0.4169921875 0.41025641025641024 0.00390625 0.006837606837606838
0.0 0.46044921875 0.5273504273504274 0.0107421875 0.022222222222222223
0.0 0.455078125 0.5128205128205128 0.0078125 0.017094017094017096
0.0 0.4326171875 0.5401709401709401 0.0078125 0.010256410256410256
0.0 0.451171875 0.43846153846153846 0.005859375 0.008547008547008548
0.0 0.306640625 0.45042735042735044 0.00390625 0.005128205128205128
0.0 0.32080078125 0.405982905982906 0.0048828125 0.008547008547008548
0.0 0.35107421875 0.5051282051282051 0.0087890625 0.015384615384615385
0.0 0.48828125 0.49401709401709404 0.0078125 0.010256410256410256
0.0 0.5 0.49572649572649574 0.0078125 0.013675213675213675
0.0 0.48681640625 0.4641025641025641 0.0048828125 0.008547008547008548
0.0 0.6728515625 0.5170940170940171 0.0078125 0.015384615384615385
0.0 0.6865234375 0.5256410256410257 0.005859375 0.018803418803418803
0.0 0.6357421875 0.5316239316239316 0.0078125 0.017094017094017096
0.0 0.55126953125 0.41025641025641024 0.0087890625 0.006837606837606838
0.0 0.5234375 0.45726495726495725 0.005859375 0.005128205128205128
0.0 0.50634765625 0.5136752136752136 0.0087890625 0.018803418803418803
0.0 0.50830078125 0.5393162393162393 0.0087890625 0.02564102564102564
0.0 0.49267578125 0.5461538461538461 0.0068359375 0.018803418803418803
0.0 0.53662109375 0.5572649572649573 0.0068359375 0.017094017094017096
0.0 0.52880859375 0.5487179487179488 0.0068359375 0.020512820512820513
0.0 0.54052734375 0.5264957264957265 0.0087890625 0.017094017094017096
0.0 0.55419921875 0.5256410256410257 0.0068359375 0.011965811965811967
0.0 0.4716796875 0.441025641025641 0.005859375 0.006837606837606838
0.0 0.5595703125 0.46495726495726497 0.005859375 0.010256410256410256
0.0 0.5390625 0.4735042735042735 0.005859375 0.010256410256410256
0.0 0.501953125 0.47264957264957264 0.005859375 0.008547008547008548
0.0 0.52392578125 0.4863247863247863 0.0068359375 0.011965811965811967
0.0 0.5810546875 0.5196581196581197 0.005859375 0.013675213675213675
0.0 0.6708984375 0.4230769230769231 0.005859375 0.008547008547008548
0.0 0.62939453125 0.47692307692307695 0.0068359375 0.020512820512820513
0.0 0.619140625 0.48034188034188036 0.00390625 0.006837606837606838
0.0 0.60400390625 0.5213675213675214 0.0068359375 0.017094017094017096
0.0 0.53955078125 0.46153846153846156 0.0068359375 0.006837606837606838
0.0 0.51953125 0.5102564102564102 0.009765625 0.015384615384615385
0.0 0.56396484375 0.4965811965811966 0.0068359375 0.008547008547008548
0.0 0.54638671875 0.4905982905982906 0.0068359375 0.010256410256410256
0.0 0.56005859375 0.4863247863247863 0.0068359375 0.008547008547008548
0.0 0.5732421875 0.4623931623931624 0.005859375 0.011965811965811967
0.0 0.58544921875 0.46495726495726497 0.0068359375 0.013675213675213675
0.0 0.49169921875 0.4042735042735043 0.0048828125 0.008547008547008548
0.0 0.47705078125 0.4111111111111111 0.0029296875 0.005128205128205128
0.0 0.59375 0.4461538461538462 0.00390625 0.006837606837606838
0.0 0.66259765625 0.5128205128205128 0.0087890625 0.017094017094017096
0.0 0.6689453125 0.5478632478632479 0.005859375 0.011965811965811967
0.0 0.63037109375 0.5555555555555556 0.0087890625 0.023931623931623933
0.0 0.6435546875 0.5632478632478632 0.0078125 0.015384615384615385
0.0 0.69140625 0.5709401709401709 0.0078125 0.020512820512820513
0.0 0.5400390625 0.5017094017094017 0.0078125 0.011965811965811967
0.0 0.52001953125 0.5264957264957265 0.0048828125 0.010256410256410256
0.0 0.51220703125 0.4675213675213675 0.0048828125 0.005128205128205128
0.0 0.47705078125 0.4777777777777778 0.0068359375 0.008547008547008548
0.0 0.484375 0.5119658119658119 0.005859375 0.011965811965811967
0.0 0.4921875 0.5205128205128206 0.0078125 0.008547008547008548
0.0 0.56396484375 0.5555555555555556 0.0087890625 0.010256410256410256
0.0 0.5908203125 0.5538461538461539 0.0078125 0.013675213675213675
0.0 0.58251953125 0.5709401709401709 0.0068359375 0.010256410256410256
0.0 0.60009765625 0.5794871794871795 0.0087890625 0.020512820512820513
0.0 0.4658203125 0.4153846153846154 0.001953125 0.003418803418803419
0.0 0.6904296875 0.5068376068376068 0.005859375 0.011965811965811967
0.0 0.69873046875 0.5102564102564102 0.0048828125 0.011965811965811967
0.0 0.7255859375 0.5452991452991452 0.0078125 0.017094017094017096
0.0 0.6943359375 0.5290598290598291 0.0078125 0.018803418803418803
0.0 0.7236328125 0.4888888888888889 0.009765625 0.017094017094017096
0.0 0.72607421875 0.4427350427350427 0.0048828125 0.006837606837606838
0.0 0.7333984375 0.43675213675213675 0.00390625 0.008547008547008548
0.0 0.72021484375 0.37264957264957266 0.0048828125 0.010256410256410256
0.0 0.72021484375 0.4512820512820513 0.0029296875 0.006837606837606838
0.0 0.724609375 0.41623931623931626 0.00390625 0.008547008547008548
0.0 0.73681640625 0.4153846153846154 0.0048828125 0.006837606837606838
0.0 0.74462890625 0.4666666666666667 0.0048828125 0.010256410256410256
0.0 0.751953125 0.4341880341880342 0.00390625 0.006837606837606838
0.0 0.7578125 0.46495726495726497 0.009765625 0.023931623931623933
0.0 0.7138671875 0.5145299145299145 0.00390625 0.006837606837606838
0.0 0.75830078125 0.49743589743589745 0.0087890625 0.013675213675213675
0.0 0.7705078125 0.505982905982906 0.005859375 0.006837606837606838
0.0 0.7880859375 0.5042735042735043 0.005859375 0.017094017094017096
0.0 0.7421875 0.5367521367521367 0.009765625 0.017094017094017096
0.0 0.7353515625 0.5128205128205128 0.0078125 0.017094017094017096
0.0 0.599609375 0.8042735042735043 0.01171875 0.035897435897435895
0.0 0.6328125 0.7846153846153846 0.013671875 0.03418803418803419
0.0 0.65576171875 0.7777777777777778 0.0166015625 0.03418803418803419
0.0 0.48291015625 0.7307692307692307 0.0126953125 0.03247863247863248
0.0 0.51904296875 0.7333333333333333 0.0107421875 0.03076923076923077
0.0 0.49658203125 0.888034188034188 0.0126953125 0.022222222222222223
0.0 0.5498046875 0.905982905982906 0.009765625 0.03076923076923077
0.0 0.4228515625 0.8598290598290599 0.009765625 0.023931623931623933
0.0 0.423828125 0.9538461538461539 0.005859375 0.02735042735042735
0.0 0.6923828125 0.8615384615384616 0.0078125 0.023931623931623933
0.0 0.689453125 0.9188034188034188 0.017578125 0.02905982905982906
0.0 0.69873046875 0.8 0.0146484375 0.03076923076923077
0.0 0.734375 0.8188034188034188 0.015625 0.03076923076923077
0.0 0.72998046875 0.7752136752136752 0.0166015625 0.035897435897435895
0.0 0.685546875 0.7170940170940171 0.015625 0.03247863247863248
0.0 0.703125 0.7700854700854701 0.009765625 0.02564102564102564
0.0 0.73388671875 0.7376068376068377 0.0107421875 0.02905982905982906
0.0 0.69384765625 0.6641025641025641 0.0146484375 0.02905982905982906
0.0 0.69970703125 0.6341880341880342 0.0146484375 0.03076923076923077
0.0 0.701171875 0.6085470085470085 0.0078125 0.013675213675213675
0.0 0.71875 0.6 0.013671875 0.03076923076923077
0.0 0.69873046875 0.5863247863247864 0.0107421875 0.020512820512820513
0.0 0.64453125 0.6923076923076923 0.0078125 0.020512820512820513
0.0 0.66943359375 0.67008547008547 0.0087890625 0.010256410256410256
0.0 0.60693359375 0.7401709401709402 0.0146484375 0.023931623931623933
0.0 0.62548828125 0.7324786324786324 0.0107421875 0.022222222222222223
0.0 0.568359375 0.7401709401709402 0.009765625 0.03076923076923077
0.0 0.443359375 0.67008547008547 0.009765625 0.020512820512820513
0.0 0.46728515625 0.6564102564102564 0.0107421875 0.020512820512820513
0.0 0.48876953125 0.6837606837606838 0.0087890625 0.023931623931623933
0.0 0.51123046875 0.694017094017094 0.0126953125 0.02735042735042735
0.0 0.5419921875 0.7102564102564103 0.013671875 0.02564102564102564
0.0 0.56787109375 0.7051282051282052 0.0126953125 0.018803418803418803
0.0 0.60009765625 0.6863247863247863 0.0126953125 0.022222222222222223
0.0 0.6181640625 0.6504273504273504 0.01171875 0.02905982905982906
0.0 0.63916015625 0.6358974358974359 0.0087890625 0.020512820512820513
0.0 0.6142578125 0.6273504273504273 0.01171875 0.020512820512820513
0.0 0.65185546875 0.6 0.0087890625 0.020512820512820513
0.0 0.56591796875 0.611965811965812 0.0107421875 0.020512820512820513
0.0 0.6279296875 0.5897435897435898 0.009765625 0.020512820512820513
0.0 0.60498046875 0.5521367521367522 0.0068359375 0.017094017094017096
0.0 0.603515625 0.6042735042735042 0.013671875 0.02564102564102564
0.0 0.568359375 0.6427350427350428 0.0078125 0.013675213675213675
0.0 0.47314453125 0.5606837606837607 0.0087890625 0.010256410256410256
0.0 0.47705078125 0.5230769230769231 0.0087890625 0.017094017094017096
0.0 0.5849609375 0.6273504273504273 0.0078125 0.013675213675213675
0.0 0.5400390625 0.6735042735042736 0.01171875 0.02735042735042735
0.0 0.93994140625 0.5094017094017094 0.0087890625 0.017094017094017096
0.0 0.8955078125 0.49743589743589745 0.005859375 0.013675213675213675
0.0 0.9111328125 0.49743589743589745 0.0078125 0.013675213675213675
0.0 0.9326171875 0.49914529914529915 0.0078125 0.017094017094017096
0.0 0.88623046875 0.5632478632478632 0.0107421875 0.015384615384615385
0.0 0.880859375 0.6059829059829059 0.01171875 0.022222222222222223
0.0 0.9169921875 0.5914529914529915 0.009765625 0.017094017094017096
0.0 0.8779296875 0.4675213675213675 0.0078125 0.011965811965811967
0.0 0.8740234375 0.5299145299145299 0.0078125 0.017094017094017096
0.0 0.8291015625 0.5786324786324787 0.0078125 0.015384615384615385
0.0 0.84765625 0.5692307692307692 0.01171875 0.017094017094017096
0.0 0.85400390625 0.588034188034188 0.0068359375 0.013675213675213675
0.0 0.8544921875 0.6247863247863248 0.01171875 0.018803418803418803
0.0 0.9228515625 0.6282051282051282 0.009765625 0.018803418803418803
0.0 0.76904296875 0.44871794871794873 0.0048828125 0.008547008547008548
0.0 0.80078125 0.7623931623931623 0.015625 0.03076923076923077
0.0 0.935546875 0.8384615384615385 0.01953125 0.042735042735042736
0.0 0.87060546875 0.8376068376068376 0.0166015625 0.03418803418803419
0.0 0.87353515625 0.7777777777777778 0.0146484375 0.037606837606837605
0.0 0.79833984375 0.9179487179487179 0.0224609375 0.02735042735042735
0.0 0.9326171875 0.9333333333333333 0.021484375 0.041025641025641026
0.0 0.765625 0.8042735042735043 0.015625 0.039316239316239315
0.0 0.97998046875 0.9213675213675213 0.0185546875 0.03418803418803419
0.0 0.9091796875 0.7042735042735043 0.01171875 0.02735042735042735
0.0 0.93896484375 0.7188034188034188 0.0166015625 0.02905982905982906
0.0 0.90087890625 0.652991452991453 0.0107421875 0.020512820512820513
0.0 0.796875 0.676923076923077 0.0078125 0.023931623931623933
0.0 0.82080078125 0.7085470085470086 0.0146484375 0.03247863247863248
0.0 0.79443359375 0.6367521367521367 0.0126953125 0.015384615384615385
0.0 0.84130859375 0.7299145299145299 0.0166015625 0.03418803418803419
0.0 0.80322265625 0.847008547008547 0.0146484375 0.035897435897435895
0.0 0.8349609375 0.8598290598290599 0.017578125 0.037606837606837605
0.0 0.8828125 0.9128205128205128 0.0234375 0.044444444444444446
0.0 0.82275390625 0.9717948717948718 0.0205078125 0.02905982905982906
0.0 0.767578125 0.6547008547008547 0.0078125 0.017094017094017096
0.0 0.2099609375 0.6341880341880342 0.009765625 0.020512820512820513
0.0 0.24951171875 0.6 0.0048828125 0.017094017094017096
0.0 0.2490234375 0.49914529914529915 0.0078125 0.017094017094017096
0.0 0.27880859375 0.49230769230769234 0.0068359375 0.013675213675213675
0.0 0.28857421875 0.49401709401709404 0.0068359375 0.010256410256410256
0.0 0.3076171875 0.48376068376068376 0.005859375 0.013675213675213675
0.0 0.2978515625 0.4641025641025641 0.005859375 0.015384615384615385
0.0 0.31298828125 0.44700854700854703 0.0048828125 0.011965811965811967
0.0 0.32861328125 0.5017094017094017 0.0048828125 0.015384615384615385
0.0 0.15087890625 0.5153846153846153 0.0087890625 0.015384615384615385
0.0 0.1328125 0.5085470085470085 0.005859375 0.015384615384615385
0.0 0.11572265625 0.5931623931623932 0.0087890625 0.010256410256410256
0.0 0.001953125 0.5076923076923077 0.00390625 0.017094017094017096
0.0 0.01953125 0.4598290598290598 0.0078125 0.010256410256410256
0.0 0.20947265625 0.6735042735042736 0.0068359375 0.017094017094017096
0.0 0.26708984375 0.405982905982906 0.0068359375 0.011965811965811967
0.0 0.26611328125 0.42735042735042733 0.0068359375 0.017094017094017096
0.0 0.41162109375 0.4256410256410256 0.0068359375 0.013675213675213675
0.0 0.3974609375 0.4658119658119658 0.005859375 0.011965811965811967
0.0 0.1162109375 0.41196581196581195 0.005859375 0.013675213675213675
0.0 0.109375 0.40512820512820513 0.00390625 0.013675213675213675
0.0 0.1162109375 0.39658119658119656 0.00390625 0.006837606837606838
0.0 0.07861328125 0.42136752136752137 0.0048828125 0.008547008547008548
0.0 0.04248046875 0.42735042735042733 0.0048828125 0.010256410256410256
0.0 0.03857421875 0.4230769230769231 0.0048828125 0.008547008547008548
0.0 0.0341796875 0.44358974358974357 0.00390625 0.008547008547008548
0.0 0.015625 0.4230769230769231 0.00390625 0.008547008547008548
0.0 0.00146484375 0.44017094017094016 0.0029296875 0.011965811965811967
0.0 0.00439453125 0.4700854700854701 0.0068359375 0.010256410256410256
0.0 0.09521484375 0.4205128205128205 0.0068359375 0.013675213675213675
0.0 0.19384765625 0.3905982905982906 0.0087890625 0.015384615384615385
0.0 0.21142578125 0.3888888888888889 0.0048828125 0.008547008547008548
0.0 0.19482421875 0.3752136752136752 0.0029296875 0.008547008547008548
0.0 0.20654296875 0.41452991452991456 0.0048828125 0.008547008547008548
0.0 0.21875 0.44700854700854703 0.009765625 0.011965811965811967
0.0 0.18505859375 0.4658119658119658 0.0048828125 0.011965811965811967
0.0 0.16845703125 0.39829059829059826 0.0048828125 0.010256410256410256
0.0 0.33642578125 0.4282051282051282 0.0068359375 0.011965811965811967
0.0 0.34375 0.4042735042735043 0.005859375 0.011965811965811967
0.0 0.38671875 0.4683760683760684 0.0078125 0.017094017094017096
0.0 0.37548828125 0.47863247863247865 0.0068359375 0.013675213675213675
0.0 0.404296875 0.5196581196581197 0.009765625 0.017094017094017096
0.0 0.384765625 0.5324786324786325 0.01171875 0.015384615384615385
0.0 0.43408203125 0.5230769230769231 0.0068359375 0.017094017094017096
0.0 0.419921875 0.541025641025641 0.005859375 0.015384615384615385
0.0 0.408203125 0.5512820512820513 0.005859375 0.011965811965811967
0.0 0.47607421875 0.5042735042735043 0.0048828125 0.010256410256410256
0.0 0.4345703125 0.4358974358974359 0.005859375 0.013675213675213675
0.0 0.42138671875 0.4376068376068376 0.0048828125 0.010256410256410256
0.0 0.44482421875 0.4076923076923077 0.0048828125 0.011965811965811967
0.0 0.291015625 0.3905982905982906 0.00390625 0.011965811965811967
0.0 0.40966796875 0.37948717948717947 0.0048828125 0.010256410256410256
0.0 0.41796875 0.3735042735042735 0.00390625 0.008547008547008548
0.0 0.505859375 0.3735042735042735 0.0078125 0.015384615384615385
0.0 0.48486328125 0.43846153846153846 0.0068359375 0.011965811965811967
0.0 0.484375 0.4 0.005859375 0.010256410256410256
0.0 0.4873046875 0.3435897435897436 0.005859375 0.017094017094017096
0.0 0.41796875 0.39145299145299145 0.005859375 0.010256410256410256
0.0 0.45458984375 0.4264957264957265 0.0068359375 0.015384615384615385
0.0 0.5517578125 0.35555555555555557 0.005859375 0.013675213675213675
0.0 0.5634765625 0.3504273504273504 0.005859375 0.013675213675213675
0.0 0.49365234375 0.33589743589743587 0.0029296875 0.005128205128205128
0.0 0.4951171875 0.3547008547008547 0.00390625 0.008547008547008548
0.0 0.48291015625 0.3837606837606838 0.0048828125 0.008547008547008548
0.0 0.40966796875 0.34786324786324785 0.0068359375 0.011965811965811967
0.0 0.55712890625 0.3641025641025641 0.0029296875 0.010256410256410256
0.0 0.564453125 0.37094017094017095 0.00390625 0.006837606837606838
0.0 0.5615234375 0.38974358974358975 0.00390625 0.006837606837606838
0.0 0.5048828125 0.39487179487179486 0.00390625 0.010256410256410256
0.0 0.509765625 0.3837606837606838 0.005859375 0.011965811965811967
0.0 0.51513671875 0.45384615384615384 0.0048828125 0.011965811965811967
0.0 0.5537109375 0.4811965811965812 0.005859375 0.015384615384615385
0.0 0.529296875 0.5008547008547009 0.0078125 0.017094017094017096
0.0 0.53369140625 0.4863247863247863 0.0048828125 0.015384615384615385
0.0 0.771484375 0.764102564102564 0.015625 0.023931623931623933
0.0 0.9052734375 0.8478632478632478 0.01171875 0.020512820512820513
0.0 0.875 0.7264957264957265 0.01171875 0.020512820512820513
0.0 0.861328125 0.7068376068376069 0.009765625 0.018803418803418803
0.0 0.73779296875 0.8623931623931624 0.0107421875 0.02564102564102564
0.0 0.96923828125 0.8658119658119658 0.0146484375 0.02905982905982906
0.0 0.82470703125 0.6803418803418804 0.0087890625 0.017094017094017096
0.0 0.56982421875 0.688034188034188 0.0126953125 0.022222222222222223
0.0 0.8955078125 0.7512820512820513 0.0078125 0.018803418803418803
0.0 0.896484375 0.6931623931623931 0.0078125 0.015384615384615385
0.0 0.90234375 0.5726495726495726 0.0078125 0.013675213675213675
0.0 0.91552734375 0.5401709401709401 0.0087890625 0.017094017094017096
0.0 0.95361328125 0.5435897435897435 0.0087890625 0.017094017094017096
0.0 0.99560546875 0.8512820512820513 0.0087890625 0.037606837606837605
0.0 0.7880859375 0.5837606837606838 0.0078125 0.018803418803418803
0.0 0.80322265625 0.5769230769230769 0.0068359375 0.015384615384615385
0.0 0.82275390625 0.5598290598290598 0.0068359375 0.015384615384615385
0.0 0.77880859375 0.5495726495726496 0.0068359375 0.018803418803418803
0.0 0.80224609375 0.47863247863247865 0.0068359375 0.017094017094017096
0.0 0.81103515625 0.47606837606837604 0.0068359375 0.018803418803418803
0.0 0.69384765625 0.5427350427350427 0.0068359375 0.015384615384615385
0.0 0.75439453125 0.5119658119658119 0.0048828125 0.011965811965811967
0.0 0.74755859375 0.4965811965811966 0.0048828125 0.011965811965811967
0.0 0.8720703125 0.4846153846153846 0.005859375 0.015384615384615385
0.0 0.9140625 0.4777777777777778 0.00390625 0.011965811965811967
0.0 0.85986328125 0.5025641025641026 0.0068359375 0.013675213675213675
0.0 0.77001953125 0.4777777777777778 0.0068359375 0.011965811965811967
0.0 0.75830078125 0.5341880341880342 0.0068359375 0.018803418803418803
0.0 0.619140625 0.5358974358974359 0.009765625 0.015384615384615385
0.0 0.6396484375 0.5042735042735043 0.005859375 0.013675213675213675
0.0 0.66748046875 0.49145299145299143 0.0068359375 0.015384615384615385
0.0 0.658203125 0.5692307692307692 0.005859375 0.013675213675213675
0.0 0.56201171875 0.5384615384615384 0.0068359375 0.013675213675213675
0.0 0.57275390625 0.5290598290598291 0.0068359375 0.011965811965811967
0.0 0.58837890625 0.5 0.0068359375 0.011965811965811967
0.0 0.677734375 0.6948717948717948 0.01171875 0.035897435897435895
0.0 0.439453125 0.5487179487179488 0.005859375 0.013675213675213675
0.0 0.57421875 0.4794871794871795 0.0078125 0.011965811965811967
0.0 0.5986328125 0.4675213675213675 0.005859375 0.008547008547008548
0.0 0.62939453125 0.45213675213675214 0.0048828125 0.008547008547008548
0.0 0.6142578125 0.37948717948717947 0.0078125 0.013675213675213675
0.0 0.6376953125 0.36324786324786323 0.00390625 0.008547008547008548
0.0 0.61865234375 0.38461538461538464 0.0048828125 0.006837606837606838
0.0 0.57861328125 0.37435897435897436 0.0029296875 0.006837606837606838
0.0 0.60009765625 0.3598290598290598 0.0048828125 0.011965811965811967
0.0 0.5751953125 0.35555555555555557 0.00390625 0.006837606837606838
0.0 0.56982421875 0.36153846153846153 0.0048828125 0.008547008547008548
0.0 0.544921875 0.3854700854700855 0.00390625 0.008547008547008548
0.0 0.57568359375 0.441025641025641 0.0068359375 0.013675213675213675
0.0 0.62109375 0.3547008547008547 0.00390625 0.011965811965811967
0.0 0.6103515625 0.3572649572649573 0.001953125 0.006837606837606838
0.0 0.5908203125 0.4376068376068376 0.00390625 0.006837606837606838
0.0 0.59130859375 0.4230769230769231 0.0048828125 0.015384615384615385
0.0 0.90625 0.42136752136752137 0.005859375 0.011965811965811967
0.0 0.9365234375 0.44871794871794873 0.00390625 0.011965811965811967
0.0 0.9501953125 0.4478632478632479 0.0078125 0.017094017094017096
0.0 0.94677734375 0.46923076923076923 0.0087890625 0.018803418803418803
0.0 0.93212890625 0.46923076923076923 0.0048828125 0.011965811965811967
0.0 0.91259765625 0.46068376068376066 0.0029296875 0.008547008547008548
0.0 0.86767578125 0.41452991452991456 0.0048828125 0.011965811965811967
0.0 0.86962890625 0.3641025641025641 0.0048828125 0.010256410256410256
0.0 0.91015625 0.3581196581196581 0.005859375 0.011965811965811967
0.0 0.90380859375 0.38632478632478634 0.0068359375 0.013675213675213675
0.0 0.779296875 0.4256410256410256 0.005859375 0.010256410256410256
0.0 0.7705078125 0.4324786324786325 0.00390625 0.010256410256410256
0.0 0.75390625 0.4230769230769231 0.005859375 0.011965811965811967
0.0 0.76123046875 0.4324786324786325 0.0068359375 0.013675213675213675
0.0 0.763671875 0.4205128205128205 0.00390625 0.010256410256410256
0.0 0.76416015625 0.3974358974358974 0.0048828125 0.011965811965811967
0.0 0.76025390625 0.38461538461538464 0.0048828125 0.010256410256410256
0.0 0.77783203125 0.35213675213675216 0.0048828125 0.010256410256410256
0.0 0.7734375 0.37094017094017095 0.005859375 0.013675213675213675
0.0 0.763671875 0.3786324786324786 0.00390625 0.008547008547008548
0.0 0.76708984375 0.36153846153846153 0.0068359375 0.011965811965811967
0.0 0.88720703125 0.4094017094017094 0.0048828125 0.008547008547008548
0.0 0.8984375 0.3435897435897436 0.00390625 0.010256410256410256
0.0 0.9248046875 0.4444444444444444 0.005859375 0.013675213675213675
0.0 0.9306640625 0.44700854700854703 0.00390625 0.015384615384615385
0.0 0.91748046875 0.45726495726495725 0.0029296875 0.008547008547008548
0.0 0.8876953125 0.44529914529914527 0.00390625 0.008547008547008548
0.0 0.86572265625 0.3871794871794872 0.0048828125 0.008547008547008548
0.0 0.9013671875 0.4735042735042735 0.00390625 0.013675213675213675
0.0 0.78564453125 0.48034188034188036 0.0068359375 0.010256410256410256
0.0 0.7177734375 0.4666666666666667 0.005859375 0.013675213675213675
0.0 0.73095703125 0.3811965811965812 0.0029296875 0.006837606837606838
0.0 0.70263671875 0.37435897435897436 0.0048828125 0.010256410256410256
0.0 0.6435546875 0.3735042735042735 0.00390625 0.011965811965811967
0.0 0.638671875 0.4042735042735043 0.01171875 0.02564102564102564
0.0 0.62255859375 0.4094017094017094 0.0048828125 0.008547008547008548
0.0 0.6103515625 0.34102564102564104 0.00390625 0.008547008547008548
0.0 0.59521484375 0.34273504273504274 0.0048828125 0.011965811965811967
0.0 0.6025390625 0.33589743589743587 0.005859375 0.008547008547008548
0.0 0.5888671875 0.3683760683760684 0.00390625 0.008547008547008548
0.0 0.5869140625 0.3888888888888889 0.001953125 0.005128205128205128
0.0 0.59423828125 0.39145299145299145 0.0029296875 0.006837606837606838
0.0 0.6083984375 0.36923076923076925 0.001953125 0.006837606837606838
0.0 0.63671875 0.3752136752136752 0.00390625 0.008547008547008548
0.0 0.62890625 0.3803418803418803 0.001953125 0.005128205128205128
0.0 0.63525390625 0.4239316239316239 0.0068359375 0.017094017094017096
0.0 0.71044921875 0.4247863247863248 0.0048828125 0.011965811965811967
0.0 0.7080078125 0.39316239316239315 0.00390625 0.010256410256410256
0.0 0.6259765625 0.347008547008547 0.00390625 0.006837606837606838
0.0 0.482421875 0.3435897435897436 0.00390625 0.010256410256410256
0.0 0.51513671875 0.34273504273504274 0.0029296875 0.008547008547008548
0.0 0.48828125 0.3598290598290598 0.00390625 0.008547008547008548
0.0 0.4638671875 0.3547008547008547 0.00390625 0.008547008547008548
0.0 0.7431640625 0.3717948717948718 0.005859375 0.015384615384615385
0.0 0.7529296875 0.36752136752136755 0.005859375 0.013675213675213675
0.0 0.90771484375 0.9837606837606837 0.0224609375 0.02905982905982906
0.0 0.83642578125 0.5307692307692308 0.0068359375 0.015384615384615385
0.0 0.62255859375 0.7871794871794872 0.0166015625 0.03247863247863248
0.0 0.58544921875 0.6811965811965812 0.0107421875 0.018803418803418803
0.0 0.611328125 0.564957264957265 0.009765625 0.018803418803418803
0.0 0.59716796875 0.4512820512820513 0.0048828125 0.006837606837606838
0.0 0.62890625 0.49743589743589745 0.0078125 0.013675213675213675
0.0 0.5830078125 0.4931623931623932 0.005859375 0.011965811965811967
0.0 0.57275390625 0.5111111111111111 0.0068359375 0.010256410256410256
0.0 0.3154296875 0.5401709401709401 0.009765625 0.023931623931623933
0.0 0.25927734375 0.5470085470085471 0.0087890625 0.017094017094017096
0.0 0.0859375 0.441025641025641 0.005859375 0.010256410256410256
0.0 0.22509765625 0.45726495726495725 0.0087890625 0.015384615384615385
