0.0 0.7060546875 0.6038011695906432 0.033203125 0.06725146198830409
0.0 0.70947265625 0.5365497076023392 0.0283203125 0.043859649122807015
0.0 0.5556640625 0.6052631578947368 0.044921875 0.07309941520467836
0.0 0.49951171875 0.5950292397660819 0.0361328125 0.06432748538011696
0.0 0.44580078125 0.6337719298245614 0.0341796875 0.05116959064327485
0.0 0.775390625 0.554093567251462 0.029296875 0.05847953216374269
0.0 0.73095703125 0.4269005847953216 0.0107421875 0.02631578947368421
0.0 0.671875 0.4590643274853801 0.009765625 0.03508771929824561
0.0 0.6279296875 0.4203216374269006 0.01171875 0.024853801169590642
0.0 0.62646484375 0.48903508771929827 0.0146484375 0.024853801169590642
0.0 0.58984375 0.5277777777777778 0.017578125 0.038011695906432746
0.0 0.552734375 0.48099415204678364 0.0234375 0.04093567251461988
0.0 0.58984375 0.42251461988304095 0.013671875 0.02631578947368421
0.0 0.43505859375 0.5 0.0185546875 0.03508771929824561
0.0 0.51611328125 0.4415204678362573 0.0146484375 0.029239766081871343
0.0 0.4150390625 0.4612573099415205 0.01171875 0.019005847953216373
0.0 0.3134765625 0.625 0.04296875 0.07456140350877193
0.0 0.15380859375 0.695906432748538 0.0498046875 0.08771929824561403
0.0 0.2255859375 0.5445906432748538 0.0234375 0.04239766081871345
0.0 0.08935546875 0.5562865497076024 0.0224609375 0.03654970760233918
0.0 0.2568359375 0.4817251461988304 0.021484375 0.03654970760233918
0.0 0.35791015625 0.49415204678362573 0.0263671875 0.04678362573099415
0.0 0.33544921875 0.48830409356725146 0.0185546875 0.03216374269005848
0.0 0.2880859375 0.5168128654970761 0.017578125 0.033625730994152045
0.0 0.212890625 0.4371345029239766 0.01171875 0.017543859649122806
0.0 0.18798828125 0.43494152046783624 0.0107421875 0.01608187134502924
0.0 0.140625 0.44956140350877194 0.009765625 0.021929824561403508
0.0 0.1181640625 0.4517543859649123 0.009765625 0.017543859649122806
0.0 0.0849609375 0.43932748538011696 0.013671875 0.021929824561403508
0.0 0.02783203125 0.4415204678362573 0.0126953125 0.023391812865497075
0.0 0.27587890625 0.4722222222222222 0.0146484375 0.023391812865497075
0.0 0.169921875 0.44298245614035087 0.009765625 0.02046783625730994
0.0 0.13037109375 0.42105263157894735 0.0146484375 0.014619883040935672
0.0 0.39501953125 0.4152046783625731 0.0126953125 0.02631578947368421
0.0 0.4150390625 0.39766081871345027 0.009765625 0.017543859649122806
0.0 0.35107421875 0.3888888888888889 0.0068359375 0.011695906432748537
0.0 0.32763671875 0.41885964912280704 0.0087890625 0.01608187134502924
0.0 0.33984375 0.4100877192982456 0.005859375 0.013157894736842105
0.0 0.37841796875 0.42251461988304095 0.0107421875 0.017543859649122806
0.0 0.39453125 0.4480994152046784 0.013671875 0.024853801169590642
0.0 0.5380859375 0.39985380116959063 0.009765625 0.01608187134502924
0.0 0.49755859375 0.40862573099415206 0.0107421875 0.01608187134502924
0.0 0.48291015625 0.41154970760233917 0.0107421875 0.019005847953216373
0.0 0.46826171875 0.4502923976608187 0.0185546875 0.02631578947368421
0.0 0.82177734375 0.5007309941520468 0.0302734375 0.05116959064327485
0.0 0.92724609375 0.47076023391812866 0.0146484375 0.029239766081871343
0.0 0.97900390625 0.39985380116959063 0.0126953125 0.021929824561403508
0.0 0.94482421875 0.40058479532163743 0.0107421875 0.02046783625730994
0.0 0.8447265625 0.39473684210526316 0.009765625 0.014619883040935672
0.0 0.88037109375 0.40131578947368424 0.0087890625 0.01608187134502924
0.0 0.93115234375 0.3932748538011696 0.0087890625 0.014619883040935672
0.0 0.818359375 0.42616959064327486 0.017578125 0.021929824561403508
