0.0 0.17626953125 0.3206442166910688 0.0712890625 0.17569546120058566
0.0 0.23681640625 0.3389458272327965 0.0283203125 0.05417276720351391
0.0 0.2841796875 0.40775988286969256 0.0546875 0.10102489019033675
0.0 0.32177734375 0.34260614934114203 0.0283203125 0.055636896046852125
0.0 0.38427734375 0.35505124450951686 0.0400390625 0.0746705710102489
0.0 0.37841796875 0.4267935578330893 0.0595703125 0.08931185944363104
0.0 0.421875 0.36822840409956076 0.017578125 0.03367496339677892
0.0 0.44384765625 0.37774524158125916 0.0126953125 0.017569546120058566
0.0 0.46142578125 0.34992679355783307 0.0302734375 0.04978038067349927
0.0 0.51708984375 0.3718887262079063 0.0380859375 0.07027818448023426
0.0 0.57373046875 0.363103953147877 0.0244140625 0.055636896046852125
0.0 0.6201171875 0.34260614934114203 0.033203125 0.05856515373352855
0.0 0.50146484375 0.1581259150805271 0.0068359375 0.014641288433382138
0.0 0.52294921875 0.1617862371888726 0.0087890625 0.016105417276720352
0.0 0.56201171875 0.15739385065885797 0.0048828125 0.016105417276720352
0.0 0.58544921875 0.0951683748169839 0.0068359375 0.017569546120058566
0.0 0.6328125 0.095900439238653 0.0078125 0.016105417276720352
0.0 0.64990234375 0.17496339677891654 0.0068359375 0.013177159590043924
0.0 0.53955078125 0.19765739385065886 0.0068359375 0.014641288433382138
0.0 0.75537109375 0.2642752562225476 0.0673828125 0.12152269399707175
0.0 0.94140625 0.3594436310395315 0.109375 0.17715959004392387
