0.0 0.90966796875 0.4084158415841584 0.0615234375 0.09158415841584158
0.0 0.95556640625 0.32301980198019803 0.0244140625 0.04950495049504951
0.0 0.98291015625 0.3248762376237624 0.0205078125 0.03341584158415842
0.0 0.73681640625 0.48205445544554454 0.0732421875 0.10272277227722772
0.0 0.80712890625 0.6986386138613861 0.1533203125 0.2438118811881188
0.0 0.7626953125 0.30816831683168316 0.017578125 0.027227722772277228
0.0 0.6728515625 0.3756188118811881 0.029296875 0.04579207920792079
0.0 0.61572265625 0.19245049504950495 0.0068359375 0.011138613861386138
0.0 0.59814453125 0.35705445544554454 0.0205078125 0.04084158415841584
0.0 0.48388671875 0.34467821782178215 0.0302734375 0.050742574257425746
0.0 0.51318359375 0.33910891089108913 0.0224609375 0.03712871287128713
0.0 0.46728515625 0.5488861386138614 0.0966796875 0.16955445544554457
0.0 0.44873046875 0.4034653465346535 0.0576171875 0.09405940594059406
0.0 0.51611328125 0.42264851485148514 0.0283203125 0.04579207920792079
0.0 0.2138671875 0.43316831683168316 0.0390625 0.06930693069306931
0.0 0.34326171875 0.4931930693069307 0.0615234375 0.1051980198019802
0.0 0.1552734375 0.46163366336633666 0.052734375 0.09900990099009901
0.0 0.15283203125 0.3966584158415842 0.0498046875 0.07054455445544554
0.0 0.20166015625 0.35767326732673266 0.0126953125 0.019801980198019802
