0.0 0.0751953125 0.2917771883289125 0.033203125 0.050397877984084884
0.0 0.20068359375 0.2612732095490716 0.0380859375 0.058355437665782495
0.0 0.3681640625 0.3693633952254642 0.021484375 0.033156498673740056
0.0 0.4541015625 0.3594164456233422 0.021484375 0.03183023872679045
0.0 0.513671875 0.34416445623342173 0.021484375 0.03580901856763926
0.0 0.64501953125 0.38726790450928383 0.0107421875 0.03183023872679045
0.0 0.63330078125 0.37002652519893897 0.0185546875 0.026525198938992044
0.0 0.7119140625 0.4204244031830239 0.013671875 0.01856763925729443
0.0 0.7373046875 0.41644562334217505 0.017578125 0.023872679045092837
0.0 0.787109375 0.34880636604774534 0.029296875 0.042440318302387266
0.0 0.85205078125 0.3905835543766578 0.0107421875 0.025198938992042442
0.0 0.8955078125 0.3620689655172414 0.02734375 0.03713527851458886
0.0 0.99365234375 0.39456233421750664 0.0126953125 0.03580901856763926
0.0 0.96630859375 0.3773209549071618 0.0283203125 0.033156498673740056
