0.0 0.86865234375 0.56640625 0.0341796875 0.125
0.0 0.85791015625 0.4264322916666667 0.0185546875 0.048177083333333336
0.0 0.57666015625 0.775390625 0.0751953125 0.11848958333333333
0.0 0.61376953125 0.4752604166666667 0.0263671875 0.06510416666666667
0.0 0.43359375 0.546875 0.0234375 0.08072916666666667
0.0 0.91357421875 0.4069010416666667 0.0205078125 0.045572916666666664
0.0 0.97900390625 0.2708333333333333 0.0126953125 0.020833333333333332
0.0 0.84765625 0.3821614583333333 0.015625 0.032552083333333336
0.0 0.8935546875 0.3561197916666667 0.01953125 0.032552083333333336
0.0 0.9365234375 0.2936197916666667 0.01171875 0.016927083333333332
0.0 0.88671875 0.2942708333333333 0.01171875 0.020833333333333332
0.0 0.833984375 0.287109375 0.01171875 0.01953125
0.0 0.8125 0.3248697916666667 0.015625 0.024739583333333332
0.0 0.82470703125 0.357421875 0.0146484375 0.022135416666666668
0.0 0.783203125 0.3639322916666667 0.025390625 0.04296875
0.0 0.79150390625 0.2805989583333333 0.0126953125 0.016927083333333332
0.0 0.779296875 0.326171875 0.013671875 0.024739583333333332
0.0 0.98779296875 0.3391927083333333 0.0107421875 0.022135416666666668
0.0 0.98583984375 0.5065104166666666 0.0283203125 0.08333333333333333
0.0 0.73095703125 0.38671875 0.0263671875 0.036458333333333336
0.0 0.75244140625 0.458984375 0.0302734375 0.05859375
0.0 0.716796875 0.3567708333333333 0.01953125 0.03125
0.0 0.7470703125 0.3359375 0.017578125 0.026041666666666668
0.0 0.755859375 0.2610677083333333 0.01171875 0.01953125
0.0 0.740234375 0.3170572916666667 0.01171875 0.022135416666666668
0.0 0.7177734375 0.2779947916666667 0.01171875 0.01953125
0.0 0.701171875 0.2805989583333333 0.013671875 0.01953125
0.0 0.6884765625 0.3294270833333333 0.013671875 0.0234375
0.0 0.66162109375 0.322265625 0.0126953125 0.024739583333333332
0.0 0.62646484375 0.3411458333333333 0.0126953125 0.028645833333333332
0.0 0.66162109375 0.255859375 0.0087890625 0.016927083333333332
0.0 0.658203125 0.2766927083333333 0.0078125 0.016927083333333332
0.0 0.640625 0.2565104166666667 0.009765625 0.018229166666666668
0.0 0.6298828125 0.3209635416666667 0.009765625 0.01953125
0.0 0.62158203125 0.25390625 0.0087890625 0.018229166666666668
0.0 0.58251953125 0.3346354166666667 0.0068359375 0.028645833333333332
0.0 0.59521484375 0.2623697916666667 0.0068359375 0.014322916666666666
0.0 0.57763671875 0.263671875 0.0068359375 0.016927083333333332
0.0 0.572265625 0.259765625 0.009765625 0.016927083333333332
0.0 0.49755859375 0.3190104166666667 0.0126953125 0.020833333333333332
0.0 0.5263671875 0.2545572916666667 0.009765625 0.014322916666666666
0.0 0.53759765625 0.328125 0.0107421875 0.018229166666666668
0.0 0.53515625 0.302734375 0.01171875 0.016927083333333332
0.0 0.482421875 0.3072916666666667 0.01171875 0.0234375
0.0 0.50634765625 0.265625 0.0087890625 0.015625
0.0 0.46923828125 0.2662760416666667 0.0087890625 0.016927083333333332
0.0 0.4453125 0.24934895833333334 0.0078125 0.014322916666666666
0.0 0.4140625 0.24674479166666666 0.009765625 0.016927083333333332
0.0 0.52587890625 0.42578125 0.0263671875 0.046875
0.0 0.46484375 0.3528645833333333 0.009765625 0.03125
0.0 0.51123046875 0.3177083333333333 0.0087890625 0.026041666666666668
0.0 0.40283203125 0.4140625 0.0205078125 0.057291666666666664
0.0 0.59326171875 0.4088541666666667 0.0166015625 0.041666666666666664
0.0 0.2900390625 0.2513020833333333 0.0078125 0.013020833333333334
0.0 0.33447265625 0.2604166666666667 0.0068359375 0.013020833333333334
0.0 0.35205078125 0.2740885416666667 0.0068359375 0.01171875
0.0 0.2744140625 0.2649739583333333 0.0078125 0.01171875
0.0 0.25537109375 0.2630208333333333 0.0068359375 0.013020833333333334
0.0 0.2451171875 0.2604166666666667 0.0078125 0.013020833333333334
0.0 0.2236328125 0.259765625 0.0078125 0.01171875
0.0 0.45556640625 0.3209635416666667 0.0126953125 0.024739583333333332
0.0 0.41259765625 0.3131510416666667 0.0107421875 0.01953125
0.0 0.44482421875 0.3046875 0.0107421875 0.018229166666666668
0.0 0.14892578125 0.28125 0.0068359375 0.010416666666666666
0.0 0.029296875 0.2643229166666667 0.0078125 0.018229166666666668
0.0 0.177734375 0.3020833333333333 0.0078125 0.013020833333333334
0.0 0.93505859375 0.34375 0.0185546875 0.03125
0.0 0.30419921875 0.2532552083333333 0.0068359375 0.014322916666666666
0.0 0.3837890625 0.2975260416666667 0.0078125 0.01171875
