0.0 0.78515625 0.4947916666666667 0.015625 0.020833333333333332
0.0 0.7568359375 0.5143229166666666 0.0146484375 0.020833333333333332
0.0 0.703125 0.4986979166666667 0.017578125 0.028645833333333332
0.0 0.6826171875 0.48046875 0.015625 0.022135416666666668
0.0 0.6376953125 0.4674479166666667 0.0224609375 0.04296875
0.0 0.6162109375 0.4544270833333333 0.025390625 0.0390625
0.0 0.55859375 0.4947916666666667 0.01953125 0.026041666666666668
0.0 0.5068359375 0.46484375 0.0205078125 0.044270833333333336
0.0 0.4951171875 0.4869791666666667 0.013671875 0.0234375
0.0 0.583984375 0.5 0.01171875 0.01953125
0.0 0.4091796875 0.453125 0.0263671875 0.040364583333333336
0.0 0.3681640625 0.4765625 0.0263671875 0.033854166666666664
0.0 0.27734375 0.4739583333333333 0.01953125 0.033854166666666664
0.0 0.25390625 0.4765625 0.0205078125 0.045572916666666664
0.0 0.216796875 0.46875 0.0185546875 0.040364583333333336
0.0 0.0947265625 0.4505208333333333 0.0205078125 0.048177083333333336
0.0 0.0078125 0.4596354166666667 0.0283203125 0.044270833333333336
