0.0 0.70703125 0.484375 0.06640625 0.1232638888888889
0.0 0.830078125 0.3732638888888889 0.044921875 0.09027777777777778
0.0 0.7685546875 0.3715277777777778 0.037109375 0.07465277777777778
0.0 0.6962890625 0.3819444444444444 0.0576171875 0.10243055555555555
0.0 0.6318359375 0.3645833333333333 0.046875 0.09027777777777778
0.0 0.9599609375 0.1892361111111111 0.0244140625 0.059027777777777776
0.0 0.66796875 0.22395833333333334 0.0302734375 0.0625
0.0 0.583984375 0.2708333333333333 0.02734375 0.04513888888888889
0.0 0.744140625 0.23958333333333334 0.015625 0.050347222222222224
0.0 0.8544921875 0.22395833333333334 0.0146484375 0.046875
0.0 0.5166015625 0.3888888888888889 0.041015625 0.0798611111111111
0.0 0.4990234375 0.2951388888888889 0.0380859375 0.08159722222222222
0.0 0.388671875 0.3541666666666667 0.0380859375 0.08159722222222222
0.0 0.4296875 0.2864583333333333 0.033203125 0.078125
0.0 0.451171875 0.2170138888888889 0.0224609375 0.059027777777777776
0.0 0.5322265625 0.22569444444444445 0.025390625 0.057291666666666664
0.0 0.2529296875 0.3888888888888889 0.0419921875 0.08854166666666667
0.0 0.0693359375 0.5416666666666666 0.0771484375 0.140625
0.0 0.1826171875 0.5434027777777778 0.0654296875 0.12152777777777778
0.0 0.15234375 0.3697916666666667 0.04296875 0.07465277777777778
0.0 0.15234375 0.2777777777777778 0.0263671875 0.05381944444444445
0.0 0.2373046875 0.2569444444444444 0.029296875 0.06076388888888889
0.0 0.306640625 0.2361111111111111 0.0263671875 0.052083333333333336
0.0 0.384765625 0.2482638888888889 0.0244140625 0.050347222222222224
0.0 0.0029296875 0.4826388888888889 0.0517578125 0.11458333333333333
0.0 0.318359375 0.3350694444444444 0.0595703125 0.1388888888888889
0.0 0.2509765625 0.1875 0.01953125 0.03993055555555555
0.0 0.3662109375 0.2378472222222222 0.0185546875 0.036458333333333336
0.0 0.9228515625 0.5989583333333334 0.0654296875 0.16493055555555555
0.0 0.015625 0.3072916666666667 0.0234375 0.057291666666666664
