0.0 0.439453125 0.7347560975609756 0.013671875 0.057926829268292686
0.0 0.470703125 0.6707317073170732 0.015625 0.054878048780487805
0.0 0.3837890625 0.6524390243902439 0.009765625 0.042682926829268296
0.0 0.42578125 0.5426829268292683 0.0087890625 0.042682926829268296
0.0 0.365234375 0.6951219512195121 0.0126953125 0.04878048780487805
0.0 0.36328125 0.5213414634146342 0.013671875 0.04573170731707317
0.0 0.3310546875 0.5579268292682927 0.0126953125 0.04573170731707317
0.0 0.5751953125 0.7469512195121951 0.0166015625 0.057926829268292686
0.0 0.59765625 0.5792682926829268 0.009765625 0.039634146341463415
0.0 0.6533203125 0.7591463414634146 0.0107421875 0.036585365853658534
0.0 0.6748046875 0.6371951219512195 0.0185546875 0.06707317073170732
0.0 0.341796875 0.9390243902439024 0.0322265625 0.06097560975609756
0.0 0.453125 0.5762195121951219 0.017578125 0.054878048780487805
0.0 0.283203125 0.725609756097561 0.0185546875 0.06097560975609756
0.0 0.2919921875 0.5884146341463414 0.0146484375 0.051829268292682924
0.0 0.267578125 0.5884146341463414 0.0146484375 0.051829268292682924
0.0 0.2421875 0.8445121951219512 0.0185546875 0.057926829268292686
0.0 0.21875 0.5274390243902439 0.01171875 0.042682926829268296
0.0 0.390625 0.5274390243902439 0.009765625 0.039634146341463415
0.0 0.2177734375 0.46646341463414637 0.0078125 0.03048780487804878
0.0 0.240234375 0.45426829268292684 0.0078125 0.03048780487804878
0.0 0.2275390625 0.4634146341463415 0.009765625 0.03353658536585366
0.0 0.5751953125 0.45121951219512196 0.009765625 0.036585365853658534
0.0 0.5693359375 0.6036585365853658 0.0126953125 0.051829268292682924
0.0 0.2099609375 0.5945121951219512 0.013671875 0.04878048780487805
0.0 0.333984375 0.8079268292682927 0.0234375 0.07621951219512195
0.0 0.0869140625 0.676829268292683 0.013671875 0.054878048780487805
0.0 0.0419921875 0.5975609756097561 0.013671875 0.054878048780487805
0.0 0.0166015625 0.7073170731707317 0.01953125 0.0701219512195122
0.0 0.0146484375 0.5579268292682927 0.013671875 0.04878048780487805
0.0 0.2744140625 0.3780487804878049 0.009765625 0.042682926829268296
0.0 0.3125 0.3902439024390244 0.01171875 0.042682926829268296
0.0 0.1259765625 0.600609756097561 0.013671875 0.06097560975609756
0.0 0.3662109375 0.3932926829268293 0.0107421875 0.042682926829268296
0.0 0.3173828125 0.4481707317073171 0.0107421875 0.042682926829268296
0.0 0.314453125 0.4969512195121951 0.01171875 0.04573170731707317
0.0 0.3134765625 0.5274390243902439 0.009765625 0.04573170731707317
0.0 0.4169921875 0.42073170731707316 0.0078125 0.03048780487804878
0.0 0.8515625 0.600609756097561 0.009765625 0.03353658536585366
0.0 0.81640625 0.5426829268292683 0.009765625 0.03353658536585366
0.0 0.7998046875 0.4969512195121951 0.0078125 0.03048780487804878
0.0 0.716796875 0.4481707317073171 0.0087890625 0.03353658536585366
0.0 0.8232421875 0.375 0.0087890625 0.027439024390243903
0.0 0.8134765625 0.3871951219512195 0.0078125 0.03048780487804878
0.0 0.7666015625 0.43902439024390244 0.0107421875 0.036585365853658534
0.0 0.6484375 0.4573170731707317 0.0087890625 0.027439024390243903
0.0 0.6484375 0.4115853658536585 0.009765625 0.03353658536585366
0.0 0.634765625 0.45426829268292684 0.005859375 0.024390243902439025
0.0 0.63671875 0.4176829268292683 0.0078125 0.03048780487804878
0.0 0.625 0.4024390243902439 0.005859375 0.021341463414634148
0.0 0.607421875 0.42378048780487804 0.005859375 0.024390243902439025
0.0 0.4208984375 0.6859756097560976 0.01171875 0.054878048780487805
0.0 0.4892578125 0.6036585365853658 0.0107421875 0.042682926829268296
0.0 0.4697265625 0.43597560975609756 0.0107421875 0.036585365853658534
0.0 0.443359375 0.4603658536585366 0.0126953125 0.042682926829268296
0.0 0.544921875 0.9329268292682927 0.0380859375 0.06707317073170732
0.0 0.4560546875 0.850609756097561 0.015625 0.051829268292682924
0.0 0.4248046875 0.42073170731707316 0.0087890625 0.039634146341463415
0.0 0.3974609375 0.4115853658536585 0.0078125 0.042682926829268296
0.0 0.5224609375 0.45121951219512196 0.0087890625 0.027439024390243903
0.0 0.5302734375 0.47560975609756095 0.009765625 0.036585365853658534
0.0 0.919921875 0.43597560975609756 0.0078125 0.036585365853658534
0.0 0.9453125 0.5457317073170732 0.0087890625 0.03048780487804878
0.0 0.8984375 0.4176829268292683 0.0087890625 0.03353658536585366
0.0 0.7490234375 0.4481707317073171 0.0087890625 0.03353658536585366
0.0 0.7734375 0.5426829268292683 0.0078125 0.03048780487804878
0.0 0.3984375 0.38414634146341464 0.005859375 0.024390243902439025
0.0 0.4443359375 0.39939024390243905 0.0078125 0.024390243902439025
