0.0 0.9150390625 0.4816983894582723 0.0751953125 0.14494875549048317
0.0 0.896484375 0.5592972181551976 0.0400390625 0.10980966325036604
0.0 0.759765625 0.5344070278184481 0.068359375 0.10248901903367497
0.0 0.85546875 0.39092240117130306 0.0390625 0.07906295754026355
0.0 0.734375 0.3938506588579795 0.0517578125 0.09370424597364568
0.0 0.8232421875 0.3601756954612006 0.0205078125 0.0424597364568082
0.0 0.724609375 0.37774524158125916 0.0185546875 0.036603221083455345
0.0 0.7216796875 0.3484626647144949 0.0126953125 0.01903367496339678
0.0 0.927734375 0.32503660322108346 0.0068359375 0.013177159590043924
0.0 0.8984375 0.44216691068814057 0.0439453125 0.10834553440702782
0.0 0.6318359375 0.43923865300146414 0.046875 0.11420204978038068
0.0 0.591796875 0.4011713030746706 0.048828125 0.10248901903367497
0.0 0.53515625 0.5007320644216691 0.0478515625 0.08784773060029283
0.0 0.5361328125 0.43484626647144947 0.04296875 0.06734992679355783
0.0 0.47265625 0.575402635431918 0.0517578125 0.0951683748169839
0.0 0.5146484375 0.43191800878477304 0.02734375 0.07174231332357248
0.0 0.4853515625 0.4260614934114202 0.03125 0.06881405563689605
0.0 0.4306640625 0.43191800878477304 0.046875 0.09224011713030747
0.0 0.4970703125 0.3513909224011713 0.013671875 0.02635431918008785
0.0 0.3896484375 0.5080527086383602 0.0361328125 0.07613469985358712
0.0 0.3291015625 0.465592972181552 0.0498046875 0.09809663250366032
0.0 0.318359375 0.4128843338213763 0.03515625 0.0746705710102489
0.0 0.3544921875 0.3733528550512445 0.0283203125 0.0527086383601757
0.0 0.421875 0.40263543191800877 0.015625 0.04978038067349927
0.0 0.2646484375 0.4128843338213763 0.04296875 0.08199121522693997
0.0 0.1904296875 0.4582723279648609 0.052734375 0.08784773060029283
0.0 0.1552734375 0.4377745241581259 0.037109375 0.0746705710102489
0.0 0.0458984375 0.48755490483162517 0.05859375 0.09956076134699854
0.0 0.1064453125 0.4685212298682284 0.0361328125 0.0629575402635432
0.0 0.193359375 0.3718887262079063 0.0322265625 0.0527086383601757
0.0 0.0732421875 0.3411420204978038 0.0322265625 0.040995607613469986
0.0 0.025390625 0.40702781844802344 0.0458984375 0.08638360175695461
0.0 0.0009765625 0.5915080527086384 0.0673828125 0.13030746705710103
0.0 0.1474609375 0.35871156661786235 0.0126953125 0.020497803806734993
0.0 0.1796875 0.3367496339677892 0.01171875 0.021961932650073207
0.0 0.11328125 0.37042459736456806 0.0126953125 0.024890190336749635
0.0 0.4013671875 0.34992679355783307 0.0146484375 0.03513909224011713
0.0 0.5419921875 0.3557833089311859 0.009765625 0.016105417276720352
0.0 0.5498046875 0.33382137628111275 0.0087890625 0.014641288433382138
0.0 0.515625 0.3528550512445095 0.0087890625 0.013177159590043924
0.0 0.5302734375 0.34553440702781846 0.0087890625 0.014641288433382138
0.0 0.5322265625 0.32650073206442165 0.009765625 0.014641288433382138
0.0 0.54296875 0.38799414348462663 0.0107421875 0.021961932650073207
0.0 0.5205078125 0.3733528550512445 0.0087890625 0.014641288433382138
0.0 0.4326171875 0.3513909224011713 0.01171875 0.01903367496339678
0.0 0.5576171875 0.3601756954612006 0.01171875 0.017569546120058566
0.0 0.8828125 0.7320644216691069 0.048828125 0.1390922401171303
