0.0 0.1064453125 0.024890190336749635 0.033203125 0.04685212298682284
0.0 0.17138671875 0.06076134699853587 0.0400390625 0.06588579795021962
0.0 0.18115234375 0.16910688140556368 0.0634765625 0.13616398243045388
0.0 0.51904296875 0.12225475841874085 0.0361328125 0.0629575402635432
0.0 0.62841796875 0.17496339677891654 0.1123046875 0.19765739385065886
0.0 0.73828125 0.05856515373352855 0.021484375 0.03806734992679356
0.0 0.75439453125 0.11859443631039532 0.0205078125 0.04685212298682284
0.0 0.79833984375 0.060029282576866766 0.0126953125 0.03806734992679356
0.0 0.7861328125 0.08857979502196194 0.013671875 0.03074670571010249
0.0 0.841796875 0.06588579795021962 0.01953125 0.03806734992679356
0.0 0.751953125 0.005124450951683748 0.0 0.0014641288433382138
0.0 0.87060546875 0.07979502196193265 0.0146484375 0.027818448023426062
0.0 0.896484375 0.09004392386530015 0.021484375 0.03953147877013177
0.0 0.92822265625 0.06222547584187409 0.0224609375 0.0424597364568082
0.0 0.93798828125 0.07833089311859444 0.0283203125 0.03953147877013177
0.0 0.86669921875 0.21156661786237188 0.0673828125 0.0951683748169839
0.0 0.9931640625 0.1486090775988287 0.013671875 0.05710102489019034
0.0 0.99169921875 0.08565153733528551 0.0166015625 0.05124450951683748
0.0 0.564453125 0.05124450951683748 0.033203125 0.06149341142020498
