0.0 0.1201171875 0.66015625 0.0048828125 0.005208333333333333
0.0 0.0478515625 0.6171875 0.00390625 0.00390625
0.0 0.0478515625 0.6744791666666666 0.0029296875 0.00390625
0.0 0.04296875 0.6705729166666666 0.0029296875 0.0026041666666666665
0.0 0.1669921875 0.6471354166666666 0.00390625 0.006510416666666667
0.0 0.12890625 0.7252604166666666 0.0087890625 0.013020833333333334
0.0 0.09765625 0.71484375 0.009765625 0.018229166666666668
0.0 0.1025390625 0.6861979166666666 0.005859375 0.010416666666666666
0.0 0.046875 0.6666666666666666 0.00390625 0.00390625
0.0 0.0234375 0.7057291666666666 0.0078125 0.010416666666666666
0.0 0.0244140625 0.65625 0.0048828125 0.009114583333333334
0.0 0.1484375 0.64453125 0.0029296875 0.006510416666666667
0.0 0.1220703125 0.7591145833333334 0.0126953125 0.01953125
0.0 0.1435546875 0.7395833333333334 0.0078125 0.014322916666666666
0.0 0.1533203125 0.7513020833333334 0.0107421875 0.015625
0.0 0.14453125 0.7721354166666666 0.0146484375 0.0234375
0.0 0.208984375 0.76171875 0.01171875 0.0234375
0.0 0.251953125 0.8111979166666666 0.009765625 0.018229166666666668
0.0 0.1484375 0.8385416666666666 0.015625 0.022135416666666668
0.0 0.193359375 0.8697916666666666 0.0107421875 0.028645833333333332
0.0 0.015625 0.7903645833333334 0.0068359375 0.01953125
0.0 0.1826171875 0.8346354166666666 0.0068359375 0.014322916666666666
0.0 0.017578125 0.7565104166666666 0.005859375 0.014322916666666666
0.0 0.3173828125 0.8971354166666666 0.0224609375 0.037760416666666664
0.0 0.2666015625 0.8294270833333334 0.0185546875 0.026041666666666668
0.0 0.328125 0.8216145833333334 0.0166015625 0.028645833333333332
0.0 0.138671875 0.9440104166666666 0.013671875 0.032552083333333336
0.0 0.205078125 0.84765625 0.0078125 0.0234375
0.0 0.2890625 0.9635416666666666 0.029296875 0.033854166666666664
0.0 0.3486328125 0.79296875 0.009765625 0.016927083333333332
0.0 0.015625 0.9622395833333334 0.0068359375 0.024739583333333332
0.0 0.2822265625 0.6653645833333334 0.0048828125 0.009114583333333334
0.0 0.2080078125 0.6666666666666666 0.005859375 0.0078125
0.0 0.2294921875 0.6940104166666666 0.00390625 0.0078125
0.0 0.2900390625 0.6627604166666666 0.005859375 0.009114583333333334
0.0 0.35546875 0.7395833333333334 0.0087890625 0.014322916666666666
0.0 0.291015625 0.72265625 0.0078125 0.009114583333333334
0.0 0.251953125 0.7096354166666666 0.0078125 0.01171875
0.0 0.2705078125 0.7083333333333334 0.00390625 0.009114583333333334
0.0 0.1943359375 0.7161458333333334 0.009765625 0.013020833333333334
0.0 0.326171875 0.6796875 0.0087890625 0.01171875
0.0 0.28125 0.69921875 0.0107421875 0.01171875
0.0 0.4111328125 0.6692708333333334 0.0078125 0.013020833333333334
0.0 0.453125 0.67578125 0.0087890625 0.010416666666666666
0.0 0.3369140625 0.6614583333333334 0.0048828125 0.005208333333333333
0.0 0.328125 0.6627604166666666 0.0078125 0.005208333333333333
0.0 0.4267578125 0.6966145833333334 0.00390625 0.013020833333333334
0.0 0.3369140625 0.703125 0.0048828125 0.010416666666666666
0.0 0.359375 0.66796875 0.0048828125 0.009114583333333334
0.0 0.3671875 0.66796875 0.005859375 0.006510416666666667
0.0 0.3896484375 0.6705729166666666 0.00390625 0.00390625
0.0 0.4013671875 0.9466145833333334 0.0341796875 0.052083333333333336
0.0 0.6640625 0.9322916666666666 0.0244140625 0.03125
0.0 0.5478515625 0.7877604166666666 0.0068359375 0.013020833333333334
0.0 0.490234375 0.7591145833333334 0.0087890625 0.013020833333333334
0.0 0.40234375 0.74609375 0.0087890625 0.010416666666666666
0.0 0.4267578125 0.7356770833333334 0.0107421875 0.015625
0.0 0.494140625 0.73828125 0.00390625 0.013020833333333334
0.0 0.3671875 0.8658854166666666 0.015625 0.022135416666666668
0.0 0.509765625 0.8802083333333334 0.01171875 0.022135416666666668
0.0 0.533203125 0.6875 0.005859375 0.009114583333333334
0.0 0.61328125 0.7669270833333334 0.009765625 0.022135416666666668
0.0 0.6015625 0.734375 0.0068359375 0.01171875
0.0 0.505859375 0.6549479166666666 0.0107421875 0.013020833333333334
0.0 0.53515625 0.6705729166666666 0.00390625 0.006510416666666667
0.0 0.587890625 0.6927083333333334 0.0048828125 0.0078125
0.0 0.611328125 0.6901041666666666 0.0048828125 0.0078125
0.0 0.46484375 0.6471354166666666 0.0029296875 0.00390625
0.0 0.4814453125 0.6497395833333334 0.00390625 0.006510416666666667
0.0 0.4736328125 0.7213541666666666 0.0107421875 0.014322916666666666
0.0 0.4619140625 0.6966145833333334 0.0087890625 0.014322916666666666
0.0 0.654296875 0.80859375 0.0107421875 0.016927083333333332
0.0 0.7177734375 0.8190104166666666 0.0166015625 0.01953125
0.0 0.576171875 0.8177083333333334 0.005859375 0.016927083333333332
0.0 0.7431640625 0.8098958333333334 0.01171875 0.018229166666666668
0.0 0.7431640625 0.6067708333333334 0.0078125 0.013020833333333334
0.0 0.865234375 0.7486979166666666 0.0107421875 0.016927083333333332
0.0 0.7705078125 0.796875 0.0146484375 0.01953125
0.0 0.796875 0.8190104166666666 0.0068359375 0.016927083333333332
0.0 0.775390625 0.8841145833333334 0.01953125 0.028645833333333332
0.0 0.8564453125 0.8802083333333334 0.0078125 0.022135416666666668
0.0 0.896484375 0.9361979166666666 0.0244140625 0.033854166666666664
0.0 0.888671875 0.8203125 0.0146484375 0.022135416666666668
0.0 0.7646484375 0.7669270833333334 0.0126953125 0.0234375
0.0 0.6806640625 0.7044270833333334 0.005859375 0.01171875
0.0 0.7724609375 0.7122395833333334 0.0078125 0.010416666666666666
0.0 0.83203125 0.7122395833333334 0.0068359375 0.01171875
0.0 0.8173828125 0.7174479166666666 0.005859375 0.01171875
0.0 0.736328125 0.74609375 0.00390625 0.013020833333333334
0.0 0.9052734375 0.6809895833333334 0.0078125 0.01171875
0.0 0.9580078125 0.7981770833333334 0.0126953125 0.01953125
0.0 0.9228515625 0.76953125 0.01171875 0.018229166666666668
0.0 0.974609375 0.765625 0.0048828125 0.014322916666666666
0.0 0.9765625 0.8033854166666666 0.0126953125 0.016927083333333332
0.0 0.9921875 0.7278645833333334 0.0068359375 0.01171875
0.0 0.8251953125 0.6770833333333334 0.005859375 0.009114583333333334
0.0 0.8017578125 0.66796875 0.005859375 0.0078125
0.0 0.86328125 0.6393229166666666 0.00390625 0.005208333333333333
0.0 0.87109375 0.640625 0.0048828125 0.00390625
0.0 0.962890625 0.6588541666666666 0.0048828125 0.006510416666666667
0.0 0.845703125 0.6393229166666666 0.0068359375 0.0078125
0.0 0.8134765625 0.65625 0.005859375 0.005208333333333333
0.0 0.953125 0.6328125 0.00390625 0.006510416666666667
0.0 0.859375 0.6653645833333334 0.0048828125 0.005208333333333333
0.0 0.9306640625 0.6328125 0.00390625 0.006510416666666667
0.0 0.9384765625 0.6315104166666666 0.00390625 0.005208333333333333
0.0 0.845703125 0.6341145833333334 0.0029296875 0.00390625
0.0 0.84765625 0.6315104166666666 0.0029296875 0.00390625
0.0 0.8779296875 0.6315104166666666 0.0029296875 0.005208333333333333
0.0 0.8818359375 0.62890625 0.0029296875 0.00390625
0.0 0.9130859375 0.65234375 0.0048828125 0.0078125
0.0 0.8154296875 0.6484375 0.0048828125 0.00390625
0.0 0.798828125 0.6809895833333334 0.0068359375 0.009114583333333334
0.0 0.7880859375 0.6692708333333334 0.0048828125 0.006510416666666667
0.0 0.791015625 0.65625 0.0048828125 0.005208333333333333
0.0 0.796875 0.66015625 0.0029296875 0.00390625
0.0 0.8818359375 0.640625 0.005859375 0.01171875
0.0 0.892578125 0.6263020833333334 0.005859375 0.009114583333333334
0.0 0.958984375 0.6302083333333334 0.001953125 0.00390625
0.0 0.859375 0.68359375 0.0048828125 0.0078125
0.0 0.91796875 0.6575520833333334 0.0048828125 0.0078125
0.0 0.9384765625 0.6549479166666666 0.00390625 0.005208333333333333
0.0 0.8515625 0.6354166666666666 0.0029296875 0.00390625
0.0 0.5966796875 0.9791666666666666 0.01953125 0.01953125
0.0 0.728515625 0.984375 0.0068359375 0.014322916666666666
0.0 0.072265625 0.7434895833333334 0.0087890625 0.014322916666666666
0.0 0.3017578125 0.671875 0.0048828125 0.009114583333333334
0.0 0.9072265625 0.66796875 0.0048828125 0.006510416666666667
0.0 0.8720703125 0.6614583333333334 0.00390625 0.00390625
0.0 0.8349609375 0.65234375 0.0048828125 0.0078125
0.0 0.798828125 0.6263020833333334 0.00390625 0.006510416666666667
0.0 0.923828125 0.640625 0.0048828125 0.006510416666666667
0.0 0.9384765625 0.6393229166666666 0.0048828125 0.0078125
0.0 0.9833984375 0.640625 0.0048828125 0.0078125
0.0 0.890625 0.6484375 0.0087890625 0.010416666666666666
0.0 0.8994140625 0.6484375 0.00390625 0.0078125
0.0 0.8330078125 0.6236979166666666 0.00390625 0.006510416666666667
0.0 0.8544921875 0.6197916666666666 0.00390625 0.006510416666666667
0.0 0.869140625 0.6276041666666666 0.0048828125 0.005208333333333333
0.0 0.8642578125 0.6328125 0.00390625 0.005208333333333333
0.0 0.8193359375 0.6705729166666666 0.005859375 0.0078125
0.0 0.82421875 0.6549479166666666 0.0029296875 0.006510416666666667
0.0 0.810546875 0.6393229166666666 0.0029296875 0.005208333333333333
0.0 0.900390625 0.62890625 0.0029296875 0.005208333333333333
0.0 0.5302734375 0.64453125 0.005859375 0.01171875
0.0 0.458984375 0.6627604166666666 0.00390625 0.0078125
0.0 0.4306640625 0.6614583333333334 0.005859375 0.01171875
0.0 0.4892578125 0.671875 0.005859375 0.0078125
0.0 0.470703125 0.66015625 0.005859375 0.0078125
0.0 0.4736328125 0.640625 0.005859375 0.009114583333333334
0.0 0.4990234375 0.6315104166666666 0.0048828125 0.009114583333333334
0.0 0.5205078125 0.640625 0.005859375 0.013020833333333334
0.0 0.3974609375 0.6770833333333334 0.005859375 0.013020833333333334
0.0 0.6123046875 0.7005208333333334 0.00390625 0.0078125
0.0 0.6201171875 0.6875 0.0048828125 0.005208333333333333
0.0 0.533203125 0.6302083333333334 0.00390625 0.0078125
0.0 0.5400390625 0.6302083333333334 0.00390625 0.006510416666666667
0.0 0.4951171875 0.6302083333333334 0.00390625 0.010416666666666666
0.0 0.392578125 0.65625 0.0078125 0.0078125
0.0 0.345703125 0.66015625 0.0048828125 0.006510416666666667
0.0 0.490234375 0.6510416666666666 0.0029296875 0.005208333333333333
0.0 0.353515625 0.6731770833333334 0.0029296875 0.0078125
0.0 0.3662109375 0.6549479166666666 0.005859375 0.0078125
0.0 0.3232421875 0.66015625 0.009765625 0.015625
0.0 0.326171875 0.65234375 0.0048828125 0.006510416666666667
0.0 0.130859375 0.6692708333333334 0.00390625 0.006510416666666667
0.0 0.1630859375 0.6614583333333334 0.005859375 0.0078125
0.0 0.134765625 0.6549479166666666 0.005859375 0.010416666666666666
0.0 0.1298828125 0.6822916666666666 0.0068359375 0.010416666666666666
0.0 0.1298828125 0.6497395833333334 0.00390625 0.009114583333333334
0.0 0.1044921875 0.64453125 0.005859375 0.006510416666666667
0.0 0.0791015625 0.6471354166666666 0.00390625 0.005208333333333333
0.0 0.1748046875 0.6640625 0.0048828125 0.0078125
0.0 0.158203125 0.6471354166666666 0.005859375 0.0078125
0.0 0.1728515625 0.6419270833333334 0.0048828125 0.006510416666666667
0.0 0.142578125 0.6315104166666666 0.005859375 0.010416666666666666
0.0 0.0732421875 0.67578125 0.0048828125 0.006510416666666667
0.0 0.029296875 0.6041666666666666 0.00390625 0.005208333333333333
0.0 0.0419921875 0.6197916666666666 0.0048828125 0.009114583333333334
0.0 0.0283203125 0.6393229166666666 0.0068359375 0.01171875
0.0 0.0361328125 0.6614583333333334 0.005859375 0.0078125
0.0 0.0205078125 0.6380208333333334 0.0068359375 0.01171875
0.0 0.0205078125 0.6549479166666666 0.00390625 0.010416666666666666
0.0 0.0537109375 0.67578125 0.009765625 0.018229166666666668
0.0 0.1474609375 0.6236979166666666 0.005859375 0.0078125
0.0 0.8291015625 0.7552083333333334 0.0078125 0.015625
0.0 0.7880859375 0.63671875 0.0078125 0.013020833333333334
0.0 0.8662109375 0.734375 0.0087890625 0.014322916666666666
0.0 0.6611328125 0.6145833333333334 0.0068359375 0.014322916666666666
0.0 0.5927734375 0.6575520833333334 0.0048828125 0.010416666666666666
0.0 0.357421875 0.7005208333333334 0.005859375 0.010416666666666666
0.0 0.205078125 0.6419270833333334 0.0078125 0.013020833333333334
0.0 0.1884765625 0.6549479166666666 0.0087890625 0.010416666666666666
0.0 0.21484375 0.7356770833333334 0.0078125 0.015625
0.0 0.1015625 0.8151041666666666 0.0087890625 0.018229166666666668
0.0 0.228515625 0.8125 0.01171875 0.020833333333333332
0.0 0.314453125 0.7513020833333334 0.0107421875 0.018229166666666668
0.0 0.3232421875 0.7669270833333334 0.01171875 0.016927083333333332
