0.0 0.01220703125 0.92109375 0.0166015625 0.0578125
0.0 0.03857421875 0.9140625 0.0263671875 0.05
0.0 0.1044921875 0.9265625 0.021484375 0.0375
0.0 0.16015625 0.62421875 0.009765625 0.0234375
0.0 0.17724609375 0.634375 0.0126953125 0.01875
0.0 0.1875 0.7109375 0.013671875 0.025
0.0 0.2724609375 0.753125 0.013671875 0.03125
0.0 0.2255859375 0.78984375 0.013671875 0.0390625
0.0 0.32421875 0.74765625 0.01171875 0.0328125
0.0 0.16943359375 0.80625 0.0126953125 0.034375
0.0 0.19287109375 0.825 0.0166015625 0.034375
0.0 0.1904296875 0.875 0.025390625 0.04375
0.0 0.25830078125 0.97578125 0.0302734375 0.0484375
0.0 0.244140625 0.86484375 0.017578125 0.0390625
0.0 0.3017578125 0.8484375 0.025390625 0.053125
0.0 0.31982421875 0.8328125 0.0126953125 0.034375
0.0 0.376953125 0.65 0.017578125 0.015625
0.0 0.3515625 0.6796875 0.017578125 0.028125
0.0 0.3486328125 0.75 0.017578125 0.0375
0.0 0.380859375 0.72890625 0.017578125 0.0328125
0.0 0.384765625 0.68828125 0.009765625 0.0234375
0.0 0.40771484375 0.73046875 0.0126953125 0.0296875
0.0 0.40380859375 0.70546875 0.0107421875 0.0203125
0.0 0.400390625 0.81953125 0.021484375 0.0421875
0.0 0.43017578125 0.80546875 0.0166015625 0.0328125
0.0 0.39013671875 0.921875 0.0244140625 0.05625
0.0 0.4501953125 0.878125 0.0234375 0.046875
0.0 0.486328125 0.790625 0.015625 0.034375
0.0 0.52197265625 0.9 0.0166015625 0.03125
0.0 0.4580078125 0.6234375 0.0078125 0.01875
0.0 0.443359375 0.6515625 0.0078125 0.015625
0.0 0.4892578125 0.58046875 0.0078125 0.0171875
0.0 0.44091796875 0.7390625 0.0126953125 0.03125
0.0 0.4619140625 0.7328125 0.01171875 0.03125
0.0 0.5615234375 0.6609375 0.0078125 0.021875
0.0 0.57958984375 0.70625 0.0146484375 0.028125
0.0 0.4580078125 0.6984375 0.009765625 0.00625
0.0 0.56884765625 0.86171875 0.0166015625 0.0359375
0.0 0.6083984375 0.8171875 0.015625 0.028125
0.0 0.67822265625 0.79609375 0.0126953125 0.0328125
0.0 0.57568359375 0.76015625 0.0107421875 0.0265625
0.0 0.59326171875 0.69453125 0.0107421875 0.0234375
0.0 0.62646484375 0.70625 0.0166015625 0.028125
0.0 0.68701171875 0.646875 0.0068359375 0.01875
0.0 0.72607421875 0.65 0.0087890625 0.021875
0.0 0.74755859375 0.65703125 0.0107421875 0.0203125
0.0 0.78662109375 0.653125 0.0107421875 0.021875
0.0 0.76025390625 0.6328125 0.0087890625 0.015625
0.0 0.75390625 0.778125 0.015625 0.03125
0.0 0.7890625 0.7140625 0.015625 0.025
0.0 0.8369140625 0.72734375 0.01171875 0.0265625
0.0 0.814453125 0.63671875 0.0078125 0.0140625
0.0 0.77392578125 0.896875 0.0185546875 0.040625
0.0 0.79833984375 0.878125 0.0146484375 0.040625
0.0 0.7265625 0.721875 0.01171875 0.03125
0.0 0.80126953125 0.61484375 0.0087890625 0.0171875
0.0 0.85107421875 0.5953125 0.0087890625 0.015625
0.0 0.89892578125 0.59921875 0.0048828125 0.0140625
0.0 0.92041015625 0.590625 0.0087890625 0.01875
0.0 0.9765625 0.57109375 0.005859375 0.0140625
0.0 0.87109375 0.68203125 0.013671875 0.0234375
0.0 0.9404296875 0.74921875 0.017578125 0.0359375
0.0 0.9228515625 0.84140625 0.015625 0.0359375
0.0 0.8427734375 0.79140625 0.01953125 0.0453125
