0.0 0.04296875 0.3118594436310395 0.017578125 0.043923865300146414
0.0 0.1162109375 0.3294289897510981 0.0087890625 0.03806734992679356
0.0 0.267578125 0.4363103953147877 0.01171875 0.03806734992679356
0.0 0.42578125 0.4172767203513909 0.009765625 0.03513909224011713
0.0 0.44921875 0.4055636896046852 0.01171875 0.03513909224011713
0.0 0.451171875 0.45973645680819913 0.009765625 0.03513909224011713
0.0 0.6396484375 0.4333821376281113 0.0166015625 0.03367496339677892
0.0 0.6455078125 0.48755490483162517 0.0185546875 0.03953147877013177
0.0 0.7861328125 0.4128843338213763 0.0146484375 0.032210834553440704
0.0 0.8583984375 0.5651537335285505 0.0107421875 0.03367496339677892
0.0 0.7548828125 0.7496339677891655 0.0087890625 0.036603221083455345
0.0 0.8974609375 0.6691068814055637 0.0087890625 0.03953147877013177
0.0 0.5478515625 0.6339677891654466 0.009765625 0.04685212298682284
