0.0 0.0107421875 0.19741100323624594 0.0224609375 0.028047464940668825
0.0 0.01953125 0.2308522114347357 0.025390625 0.036677454153182305
0.0 0.07421875 0.21574973031283712 0.0205078125 0.02696871628910464
0.0 0.0849609375 0.24379719525350593 0.015625 0.02481121898597627
0.0 0.1201171875 0.22545846817691478 0.0185546875 0.030204962243797196
0.0 0.1572265625 0.24379719525350593 0.0234375 0.03344120819848975
0.0 0.146484375 0.2632146709816613 0.017578125 0.030204962243797196
0.0 0.11328125 0.26105717367853293 0.0205078125 0.039913700107874865
0.0 0.09375 0.3149946062567422 0.025390625 0.02696871628910464
0.0 0.001953125 0.284789644012945 0.0224609375 0.04422869471413161
0.0 0.04296875 0.30852211434735705 0.0234375 0.038834951456310676
0.0 0.0693359375 0.325782092772384 0.0146484375 0.03344120819848975
0.0 0.0537109375 0.36030204962243795 0.0224609375 0.03344120819848975
0.0 0.1826171875 0.3516720604099245 0.0263671875 0.04422869471413161
0.0 0.154296875 0.3149946062567422 0.01953125 0.04962243797195254
0.0 0.1904296875 0.27292340884573896 0.0107421875 0.017259978425026967
0.0 0.224609375 0.27292340884573896 0.015625 0.034519956850053934
0.0 0.24609375 0.25026968716289105 0.021484375 0.038834951456310676
0.0 0.275390625 0.26537216828478966 0.025390625 0.03559870550161812
0.0 0.26171875 0.238403451995685 0.017578125 0.025889967637540454
0.0 0.294921875 0.3117583603020496 0.0234375 0.039913700107874865
0.0 0.27734375 0.3408845738942826 0.025390625 0.040992448759439054
0.0 0.2021484375 0.4045307443365696 0.0498046875 0.06580366774541532
0.0 0.3427734375 0.25674217907227614 0.015625 0.03344120819848975
0.0 0.3779296875 0.29341963322545844 0.0302734375 0.06796116504854369
0.0 0.48046875 0.3635382955771305 0.048828125 0.0593311758360302
0.0 0.8955078125 0.39374325782092773 0.0458984375 0.061488673139158574
0.0 0.4140625 0.2783171521035599 0.0126953125 0.018338727076591153
0.0 0.9775390625 0.3969795037756203 0.01171875 0.023732470334412083
0.0 0.8447265625 0.35275080906148865 0.0283203125 0.05609492988133765
0.0 0.0009765625 0.33980582524271846 0.01171875 0.043149946062567425
0.0 0.39453125 0.3505933117583603 0.015625 0.03559870550161812
0.0 0.447265625 0.2891046386192017 0.01953125 0.020496224379719527
