0.0 0.1005859375 0.4649122807017544 0.0126953125 0.023391812865497075
0.0 0.0673828125 0.4502923976608187 0.009765625 0.023391812865497075
0.0 0.0439453125 0.4415204678362573 0.01171875 0.02631578947368421
0.0 0.0322265625 0.40350877192982454 0.01171875 0.021929824561403508
0.0 0.0205078125 0.38596491228070173 0.0107421875 0.02046783625730994
0.0 0.166015625 0.42251461988304095 0.009765625 0.021929824561403508
0.0 0.107421875 0.39035087719298245 0.0078125 0.02046783625730994
0.0 0.126953125 0.30701754385964913 0.009765625 0.023391812865497075
0.0 0.134765625 0.3786549707602339 0.0185546875 0.024853801169590642
0.0 0.2158203125 0.3713450292397661 0.0087890625 0.021929824561403508
0.0 0.203125 0.34210526315789475 0.0107421875 0.019005847953216373
0.0 0.263671875 0.3201754385964912 0.0068359375 0.01608187134502924
0.0 0.2861328125 0.3216374269005848 0.0087890625 0.013157894736842105
0.0 0.216796875 0.3991228070175439 0.0107421875 0.01608187134502924
0.0 0.1904296875 0.4473684210526316 0.0107421875 0.024853801169590642
0.0 0.1162109375 0.3508771929824561 0.009765625 0.024853801169590642
0.0 0.1826171875 0.39473684210526316 0.0107421875 0.024853801169590642
0.0 0.2763671875 0.44298245614035087 0.0107421875 0.023391812865497075
0.0 0.2294921875 0.4137426900584795 0.0087890625 0.02046783625730994
0.0 0.22265625 0.4678362573099415 0.01171875 0.023391812865497075
0.0 0.2451171875 0.47514619883040937 0.0146484375 0.021929824561403508
0.0 0.2783203125 0.489766081871345 0.013671875 0.02631578947368421
0.0 0.3388671875 0.3932748538011696 0.0107421875 0.02046783625730994
0.0 0.3828125 0.4868421052631579 0.0126953125 0.027777777777777776
0.0 0.4443359375 0.48830409356725146 0.0126953125 0.021929824561403508
0.0 0.3828125 0.38011695906432746 0.0107421875 0.019005847953216373
0.0 0.4072265625 0.36988304093567254 0.0107421875 0.019005847953216373
0.0 0.44921875 0.37280701754385964 0.0107421875 0.01608187134502924
0.0 0.4775390625 0.38011695906432746 0.0078125 0.01608187134502924
0.0 0.2509765625 0.533625730994152 0.0146484375 0.024853801169590642
0.0 0.2197265625 0.5380116959064327 0.01171875 0.024853801169590642
0.0 0.2177734375 0.5029239766081871 0.013671875 0.021929824561403508
0.0 0.310546875 0.4473684210526316 0.0146484375 0.029239766081871343
0.0 0.3564453125 0.43128654970760233 0.0107421875 0.019005847953216373
0.0 0.2548828125 0.3684210526315789 0.013671875 0.02046783625730994
0.0 0.2734375 0.3669590643274854 0.013671875 0.02046783625730994
0.0 0.3359375 0.5730994152046783 0.015625 0.021929824561403508
0.0 0.51171875 0.5497076023391813 0.0146484375 0.02046783625730994
0.0 0.5419921875 0.4166666666666667 0.01171875 0.017543859649122806
0.0 0.583984375 0.40497076023391815 0.01171875 0.024853801169590642
0.0 0.6103515625 0.4093567251461988 0.009765625 0.02631578947368421
0.0 0.603515625 0.3611111111111111 0.01171875 0.02046783625730994
0.0 0.529296875 0.39473684210526316 0.0078125 0.017543859649122806
0.0 0.609375 0.5248538011695907 0.0126953125 0.02046783625730994
0.0 0.57421875 0.4853801169590643 0.01171875 0.023391812865497075
0.0 0.4462890625 0.6008771929824561 0.0185546875 0.03216374269005848
0.0 0.4189453125 0.6038011695906432 0.017578125 0.023391812865497075
0.0 0.373046875 0.6096491228070176 0.0185546875 0.029239766081871343
0.0 0.591796875 0.5628654970760234 0.0146484375 0.027777777777777776
0.0 0.63671875 0.5657894736842105 0.015625 0.029239766081871343
0.0 0.5185546875 0.6052631578947368 0.0166015625 0.024853801169590642
0.0 0.47265625 0.5818713450292398 0.0166015625 0.03070175438596491
0.0 0.5986328125 0.4342105263157895 0.0107421875 0.027777777777777776
0.0 0.5126953125 0.5116959064327485 0.0107421875 0.019005847953216373
0.0 0.7880859375 0.3435672514619883 0.009765625 0.021929824561403508
0.0 0.826171875 0.347953216374269 0.0087890625 0.02046783625730994
0.0 0.7060546875 0.4298245614035088 0.0126953125 0.023391812865497075
0.0 0.6826171875 0.43128654970760233 0.01171875 0.02631578947368421
0.0 0.673828125 0.49415204678362573 0.015625 0.02631578947368421
0.0 0.7275390625 0.5087719298245614 0.0126953125 0.023391812865497075
0.0 0.7255859375 0.4766081871345029 0.0126953125 0.024853801169590642
0.0 0.75390625 0.4722222222222222 0.01171875 0.024853801169590642
0.0 0.767578125 0.5233918128654971 0.0146484375 0.023391812865497075
0.0 0.80078125 0.5131578947368421 0.01171875 0.017543859649122806
0.0 0.79296875 0.5628654970760234 0.013671875 0.03070175438596491
0.0 0.7822265625 0.5833333333333334 0.015625 0.02631578947368421
0.0 0.7353515625 0.5716374269005848 0.0166015625 0.024853801169590642
0.0 0.7509765625 0.5745614035087719 0.017578125 0.029239766081871343
0.0 0.654296875 0.5701754385964912 0.01171875 0.02631578947368421
0.0 0.87109375 0.38742690058479534 0.013671875 0.017543859649122806
0.0 0.8115234375 0.42251461988304095 0.013671875 0.02046783625730994
0.0 0.869140625 0.5394736842105263 0.01171875 0.02631578947368421
0.0 0.7587890625 0.39035087719298245 0.0107421875 0.019005847953216373
0.0 0.861328125 0.4502923976608187 0.01171875 0.02631578947368421
0.0 0.8896484375 0.29678362573099415 0.009765625 0.02046783625730994
0.0 0.87890625 0.33187134502923976 0.009765625 0.021929824561403508
0.0 0.8076171875 0.3508771929824561 0.01171875 0.019005847953216373
0.0 0.9658203125 0.5789473684210527 0.0166015625 0.039473684210526314
0.0 0.966796875 0.5467836257309941 0.01171875 0.024853801169590642
0.0 0.876953125 0.5555555555555556 0.015625 0.03070175438596491
0.0 0.8427734375 0.5614035087719298 0.01171875 0.027777777777777776
0.0 0.6572265625 0.5950292397660819 0.0146484375 0.03216374269005848
0.0 0.703125 0.6242690058479532 0.017578125 0.03070175438596491
0.0 0.751953125 0.6345029239766082 0.0166015625 0.03508771929824561
0.0 0.76171875 0.6052631578947368 0.0146484375 0.021929824561403508
0.0 0.83203125 0.6111111111111112 0.015625 0.029239766081871343
0.0 0.9169921875 0.6096491228070176 0.015625 0.021929824561403508
0.0 0.9287109375 0.6622807017543859 0.0185546875 0.02631578947368421
0.0 0.96484375 0.6637426900584795 0.0146484375 0.03216374269005848
0.0 0.8505859375 0.6447368421052632 0.01953125 0.038011695906432746
0.0 0.90625 0.6535087719298246 0.0146484375 0.027777777777777776
0.0 0.6240234375 0.4824561403508772 0.013671875 0.017543859649122806
0.0 0.0791015625 0.5833333333333334 0.0146484375 0.027777777777777776
0.0 0.048828125 0.5760233918128655 0.0166015625 0.029239766081871343
0.0 0.048828125 0.6067251461988304 0.0166015625 0.02046783625730994
0.0 0.154296875 0.5175438596491229 0.0126953125 0.02631578947368421
0.0 0.1865234375 0.5497076023391813 0.013671875 0.03070175438596491
0.0 0.15234375 0.6008771929824561 0.015625 0.027777777777777776
0.0 0.1708984375 0.6213450292397661 0.0146484375 0.03216374269005848
0.0 0.1962890625 0.597953216374269 0.0107421875 0.029239766081871343
0.0 0.2138671875 0.6125730994152047 0.0126953125 0.038011695906432746
0.0 0.1884765625 0.631578947368421 0.01171875 0.03216374269005848
0.0 0.1416015625 0.6345029239766082 0.0146484375 0.024853801169590642
0.0 0.1552734375 0.6593567251461988 0.0166015625 0.029239766081871343
0.0 0.1337890625 0.6798245614035088 0.015625 0.038011695906432746
0.0 0.0791015625 0.6827485380116959 0.0166015625 0.03508771929824561
0.0 0.1240234375 0.7558479532163743 0.017578125 0.03654970760233918
0.0 0.150390625 0.7719298245614035 0.01953125 0.039473684210526314
0.0 0.1689453125 0.7514619883040936 0.03515625 0.09502923976608187
0.0 0.1181640625 0.7017543859649122 0.0205078125 0.04532163742690058
0.0 0.0185546875 0.7646198830409356 0.0185546875 0.038011695906432746
0.0 0.0107421875 0.7953216374269005 0.0185546875 0.03654970760233918
0.0 0.064453125 0.5394736842105263 0.0146484375 0.02631578947368421
0.0 0.0029296875 0.5029239766081871 0.0068359375 0.04093567251461988
0.0 0.041015625 0.6535087719298246 0.017578125 0.02631578947368421
0.0 0.072265625 0.6111111111111112 0.017578125 0.029239766081871343
0.0 0.23828125 0.5877192982456141 0.0185546875 0.03070175438596491
0.0 0.3056640625 0.5833333333333334 0.013671875 0.03216374269005848
0.0 0.3330078125 0.6228070175438597 0.017578125 0.03508771929824561
0.0 0.28125 0.6198830409356725 0.0185546875 0.023391812865497075
0.0 0.2421875 0.631578947368421 0.0146484375 0.039473684210526314
0.0 0.28515625 0.6622807017543859 0.0166015625 0.03070175438596491
0.0 0.3447265625 0.695906432748538 0.017578125 0.03654970760233918
0.0 0.2822265625 0.695906432748538 0.0166015625 0.02631578947368421
0.0 0.259765625 0.7105263157894737 0.0205078125 0.039473684210526314
0.0 0.142578125 0.49707602339181284 0.01171875 0.023391812865497075
0.0 0.1748046875 0.4853801169590643 0.0146484375 0.023391812865497075
0.0 0.37890625 0.7207602339181286 0.01953125 0.038011695906432746
0.0 0.3837890625 0.7807017543859649 0.01953125 0.03508771929824561
0.0 0.390625 0.6842105263157895 0.0146484375 0.03216374269005848
0.0 0.3984375 0.6578947368421053 0.015625 0.033625730994152045
0.0 0.4873046875 0.6345029239766082 0.015625 0.03216374269005848
0.0 0.509765625 0.6447368421052632 0.0166015625 0.03508771929824561
0.0 0.486328125 0.6125730994152047 0.0126953125 0.021929824561403508
0.0 0.568359375 0.7090643274853801 0.0185546875 0.04093567251461988
0.0 0.6748046875 0.652046783625731 0.0107421875 0.027777777777777776
0.0 0.6962890625 0.6710526315789473 0.01171875 0.03216374269005848
0.0 0.6259765625 0.6476608187134503 0.0126953125 0.03070175438596491
0.0 0.6015625 0.6578947368421053 0.013671875 0.033625730994152045
0.0 0.630859375 0.6988304093567251 0.017578125 0.038011695906432746
0.0 0.58203125 0.7997076023391813 0.0234375 0.04093567251461988
0.0 0.8662109375 0.7470760233918129 0.01953125 0.043859649122807015
0.0 0.916015625 0.7558479532163743 0.017578125 0.03654970760233918
0.0 0.8828125 0.7865497076023392 0.0166015625 0.04239766081871345
0.0 0.9169921875 0.8318713450292398 0.0185546875 0.03508771929824561
0.0 0.8857421875 0.8347953216374269 0.0185546875 0.03654970760233918
0.0 0.8193359375 0.7543859649122807 0.0185546875 0.04239766081871345
0.0 0.84375 0.7105263157894737 0.0146484375 0.03070175438596491
0.0 0.9345703125 0.4780701754385965 0.0107421875 0.024853801169590642
0.0 0.9375 0.4502923976608187 0.01171875 0.021929824561403508
0.0 0.9609375 0.3128654970760234 0.005859375 0.013157894736842105
0.0 0.94140625 0.3026315789473684 0.0087890625 0.019005847953216373
0.0 0.248046875 0.7514619883040936 0.017578125 0.049707602339181284
0.0 0.28125 0.7514619883040936 0.0185546875 0.04532163742690058
0.0 0.259765625 0.8128654970760234 0.021484375 0.039473684210526314
0.0 0.927734375 0.7266081871345029 0.0166015625 0.02631578947368421
0.0 0.8837890625 0.6944444444444444 0.017578125 0.024853801169590642
0.0 0.923828125 0.5116959064327485 0.0078125 0.013157894736842105
0.0 0.94921875 0.5029239766081871 0.01171875 0.021929824561403508
0.0 0.740234375 0.43567251461988304 0.0146484375 0.024853801169590642
0.0 0.7265625 0.37719298245614036 0.0146484375 0.019005847953216373
0.0 0.822265625 0.31432748538011696 0.0107421875 0.019005847953216373
0.0 0.7998046875 0.6418128654970761 0.0126953125 0.02046783625730994
0.0 0.9443359375 0.5891812865497076 0.0146484375 0.027777777777777776
0.0 0.9833984375 0.5423976608187134 0.009765625 0.017543859649122806
0.0 0.134765625 0.5804093567251462 0.013671875 0.027777777777777776
0.0 0.134765625 0.5482456140350878 0.013671875 0.02631578947368421
0.0 0.02734375 0.5730994152046783 0.0146484375 0.02631578947368421
0.0 0.0244140625 0.72953216374269 0.0126953125 0.02631578947368421
0.0 0.322265625 0.6754385964912281 0.009765625 0.024853801169590642
0.0 0.0185546875 0.5292397660818714 0.0126953125 0.023391812865497075
