0.0 0.216796875 0.5245358090185677 0.0859375 0.16843501326259946
0.0 0.36474609375 0.39986737400530503 0.0439453125 0.07824933687002653
0.0 0.037109375 0.4171087533156499 0.0546875 0.11007957559681697
0.0 0.10009765625 0.29310344827586204 0.0166015625 0.03978779840848806
0.0 0.19384765625 0.26657824933687 0.0224609375 0.03713527851458886
0.0 0.2470703125 0.276525198938992 0.033203125 0.054376657824933686
0.0 0.2490234375 0.35145888594164454 0.03515625 0.05305039787798409
0.0 0.19140625 0.3958885941644562 0.0390625 0.054376657824933686
0.0 0.31640625 0.3812997347480106 0.0390625 0.06763925729442971
0.0 0.42724609375 0.3859416445623342 0.0517578125 0.10610079575596817
0.0 0.357421875 0.2486737400530504 0.029296875 0.04376657824933687
0.0 0.28955078125 0.24336870026525198 0.0244140625 0.04907161803713528
0.0 0.24951171875 0.22480106100795755 0.0263671875 0.04376657824933687
0.0 0.21533203125 0.2002652519893899 0.0166015625 0.026525198938992044
0.0 0.33740234375 0.3222811671087533 0.0380859375 0.04774535809018567
0.0 0.29296875 0.1962864721485411 0.0234375 0.034482758620689655
0.0 0.4345703125 0.21551724137931033 0.02734375 0.033156498673740056
0.0 0.37744140625 0.20424403183023873 0.0126953125 0.015915119363395226
0.0 0.81591796875 0.45225464190981435 0.1083984375 0.17771883289124668
0.0 0.9501953125 0.6916445623342176 0.09375 0.20822281167108753
0.0 0.66650390625 0.3229442970822281 0.0380859375 0.07824933687002653
0.0 0.62841796875 0.31896551724137934 0.0400390625 0.05172413793103448
0.0 0.75927734375 0.2645888594164456 0.0380859375 0.04376657824933687
0.0 0.79443359375 0.27254641909814326 0.0263671875 0.04907161803713528
0.0 0.505859375 0.20490716180371352 0.0234375 0.027851458885941646
0.0 0.59814453125 0.1896551724137931 0.0185546875 0.021220159151193633
0.0 0.52587890625 0.24469496021220158 0.0244140625 0.03050397877984085
0.0 0.56982421875 0.28050397877984085 0.0263671875 0.03580901856763926
0.0 0.509765625 0.3587533156498674 0.04296875 0.08885941644562334
0.0 0.76953125 0.39986737400530503 0.033203125 0.05702917771883289
0.0 0.7041015625 0.2838196286472148 0.025390625 0.026525198938992044
0.0 0.55029296875 0.129973474801061 0.0107421875 0.015915119363395226
0.0 0.48828125 0.1929708222811671 0.017578125 0.027851458885941646
0.0 0.51025390625 0.1206896551724138 0.0107421875 0.01856763925729443
0.0 0.49755859375 0.11140583554376658 0.0068359375 0.007957559681697613
0.0 0.51806640625 0.0643236074270557 0.0087890625 0.014588859416445624
0.0 0.83935546875 0.22546419098143236 0.0224609375 0.058355437665782495
0.0 0.8759765625 0.2526525198938992 0.0234375 0.054376657824933686
0.0 0.9306640625 0.34283819628647216 0.029296875 0.07824933687002653
0.0 0.93994140625 0.24469496021220158 0.0380859375 0.05968169761273209
0.0 0.201171875 0.13660477453580902 0.009765625 0.01856763925729443
0.0 0.21923828125 0.11936339522546419 0.0048828125 0.007957559681697613
0.0 0.2275390625 0.1206896551724138 0.005859375 0.010610079575596816
0.0 0.1875 0.15119363395225463 0.005859375 0.010610079575596816
0.0 0.1640625 0.07692307692307693 0.00390625 0.005305039787798408
0.0 0.0810546875 0.15716180371352786 0.0078125 0.011936339522546418
0.0 0.14697265625 0.1903183023872679 0.0068359375 0.006631299734748011
0.0 0.1435546875 0.1903183023872679 0.00390625 0.006631299734748011
0.0 0.099609375 0.0610079575596817 0.005859375 0.005305039787798408
0.0 0.0830078125 0.07692307692307693 0.00390625 0.005305039787798408
0.0 0.20263671875 0.10676392572944297 0.0048828125 0.006631299734748011
0.0 0.17822265625 0.11870026525198939 0.0048828125 0.006631299734748011
0.0 0.1669921875 0.1220159151193634 0.005859375 0.007957559681697613
0.0 0.24462890625 0.16180371352785147 0.0048828125 0.007957559681697613
0.0 0.26904296875 0.16511936339522545 0.0068359375 0.011936339522546418
0.0 0.97802734375 0.20689655172413793 0.0166015625 0.034482758620689655
0.0 0.88330078125 0.15981432360742706 0.0107421875 0.014588859416445624
0.0 0.986328125 0.16777188328912468 0.0234375 0.022546419098143235
0.0 0.90283203125 0.17042440318302388 0.0126953125 0.01989389920424403
0.0 0.81201171875 0.14058355437665782 0.0068359375 0.007957559681697613
0.0 0.8291015625 0.1253315649867374 0.00390625 0.006631299734748011
0.0 0.93310546875 0.13527851458885942 0.0068359375 0.007957559681697613
0.0 0.91015625 0.1989389920424403 0.017578125 0.03978779840848806
0.0 0.93701171875 0.20358090185676392 0.0244140625 0.038461538461538464
0.0 0.41552734375 0.10344827586206896 0.0068359375 0.007957559681697613
0.0 0.45263671875 0.1319628647214854 0.0068359375 0.011936339522546418
0.0 0.42919921875 0.1226790450928382 0.0048828125 0.006631299734748011
0.0 0.43115234375 0.10875331564986737 0.0048828125 0.005305039787798408
0.0 0.3544921875 0.09615384615384616 0.00390625 0.003978779840848806
0.0 0.3486328125 0.09151193633952255 0.001953125 0.002652519893899204
0.0 0.31787109375 0.14986737400530503 0.0087890625 0.013262599469496022
0.0 0.01220703125 0.22944297082228116 0.0185546875 0.021220159151193633
0.0 0.0869140625 0.21286472148541113 0.025390625 0.027851458885941646
0.0 0.0517578125 0.22679045092838196 0.01953125 0.042440318302387266
0.0 0.17236328125 0.7115384615384616 0.1103515625 0.20291777188328913
0.0 0.57373046875 0.8216180371352785 0.0791015625 0.14456233421750664
0.0 0.35107421875 0.8309018567639257 0.1044921875 0.14721485411140584
0.0 0.51171875 0.49403183023872677 0.09375 0.16578249336870027
0.0 0.68603515625 0.5417771883289124 0.0341796875 0.11273209549071618
0.0 0.43408203125 0.2964190981432361 0.0224609375 0.027851458885941646
0.0 0.73681640625 0.35543766578249336 0.0224609375 0.034482758620689655
0.0 0.720703125 0.35013262599469497 0.01953125 0.04509283819628647
0.0 0.8623046875 0.16312997347480107 0.013671875 0.021220159151193633
0.0 0.83203125 0.1903183023872679 0.01953125 0.025198938992042442
0.0 0.69287109375 0.2506631299734748 0.0107421875 0.029177718832891247
0.0 0.76171875 0.3302387267904509 0.015625 0.03713527851458886
0.0 0.7177734375 0.3123342175066313 0.015625 0.022546419098143235
0.0 0.95458984375 0.11405835543766578 0.0048828125 0.007957559681697613
0.0 0.94482421875 0.12931034482758622 0.0068359375 0.011936339522546418
0.0 0.9404296875 0.1253315649867374 0.005859375 0.009283819628647215
0.0 0.87841796875 0.1286472148541114 0.0087890625 0.010610079575596816
0.0 0.884765625 0.11671087533156499 0.005859375 0.007957559681697613
0.0 0.8759765625 0.11604774535809019 0.005859375 0.006631299734748011
0.0 0.85400390625 0.10610079575596817 0.0029296875 0.005305039787798408
0.0 0.84814453125 0.12002652519893899 0.0048828125 0.006631299734748011
0.0 0.8544921875 0.11538461538461539 0.005859375 0.007957559681697613
0.0 0.837890625 0.13527851458885942 0.0078125 0.010610079575596816
0.0 0.8671875 0.1883289124668435 0.0078125 0.010610079575596816
0.0 0.8203125 0.1783819628647215 0.015625 0.033156498673740056
0.0 0.78564453125 0.14721485411140584 0.0126953125 0.023872679045092837
0.0 0.8056640625 0.13262599469496023 0.005859375 0.010610079575596816
0.0 0.7939453125 0.1259946949602122 0.005859375 0.010610079575596816
0.0 0.7890625 0.21551724137931033 0.0234375 0.033156498673740056
0.0 0.744140625 0.21816976127320956 0.021484375 0.033156498673740056
0.0 0.7109375 0.21419098143236073 0.015625 0.022546419098143235
0.0 0.92138671875 0.1856763925729443 0.0166015625 0.034482758620689655
0.0 0.9716796875 0.1306366047745358 0.005859375 0.006631299734748011
0.0 0.6318359375 0.19960212201591512 0.015625 0.03580901856763926
0.0 0.5947265625 0.22281167108753316 0.017578125 0.03183023872679045
0.0 0.46484375 0.1206896551724138 0.005859375 0.007957559681697613
0.0 0.5673828125 0.11737400530503979 0.005859375 0.009283819628647215
0.0 0.5810546875 0.1259946949602122 0.005859375 0.010610079575596816
0.0 0.53515625 0.12798408488063662 0.005859375 0.009283819628647215
0.0 0.484375 0.1246684350132626 0.0078125 0.013262599469496022
0.0 0.45361328125 0.10145888594164457 0.0048828125 0.006631299734748011
0.0 0.46533203125 0.10610079575596817 0.0048828125 0.007957559681697613
0.0 0.4306640625 0.09681697612732096 0.00390625 0.007957559681697613
0.0 0.53466796875 0.09946949602122016 0.0087890625 0.013262599469496022
0.0 0.4169921875 0.08753315649867374 0.005859375 0.007957559681697613
0.0 0.4228515625 0.08355437665782493 0.005859375 0.010610079575596816
0.0 0.4111328125 0.11472148541114058 0.005859375 0.009283819628647215
0.0 0.4033203125 0.1286472148541114 0.00390625 0.007957559681697613
0.0 0.18408203125 0.13992042440318303 0.0087890625 0.011936339522546418
0.0 0.16748046875 0.14522546419098142 0.0068359375 0.014588859416445624
0.0 0.1572265625 0.13527851458885942 0.005859375 0.013262599469496022
0.0 0.1513671875 0.14389920424403183 0.005859375 0.009283819628647215
0.0 0.09033203125 0.14389920424403183 0.0087890625 0.011936339522546418
0.0 0.18701171875 0.11074270557029178 0.0087890625 0.011936339522546418
0.0 0.22509765625 0.09018567639257294 0.0068359375 0.007957559681697613
0.0 0.232421875 0.07758620689655173 0.00390625 0.006631299734748011
0.0 0.2509765625 0.08620689655172414 0.005859375 0.010610079575596816
0.0 0.23046875 0.15318302387267904 0.005859375 0.009283819628647215
0.0 0.25634765625 0.16114058355437666 0.0087890625 0.011936339522546418
0.0 0.279296875 0.15782493368700265 0.0078125 0.013262599469496022
0.0 0.28955078125 0.15517241379310345 0.0048828125 0.013262599469496022
0.0 0.32666015625 0.1359416445623342 0.0048828125 0.009283819628647215
0.0 0.376953125 0.15517241379310345 0.009765625 0.013262599469496022
0.0 0.20703125 0.09283819628647215 0.005859375 0.007957559681697613
0.0 0.14990234375 0.09681697612732096 0.0068359375 0.010610079575596816
0.0 0.16259765625 0.09350132625994695 0.0048828125 0.009283819628647215
0.0 0.13916015625 0.07427055702917772 0.0048828125 0.007957559681697613
0.0 0.259765625 0.10543766578249338 0.005859375 0.009283819628647215
0.0 0.041015625 0.10610079575596817 0.00390625 0.005305039787798408
0.0 0.0341796875 0.14588859416445624 0.005859375 0.010610079575596816
0.0 0.0244140625 0.16909814323607428 0.0078125 0.009283819628647215
0.0 0.09765625 0.123342175066313 0.005859375 0.010610079575596816
0.0 0.10498046875 0.11007957559681697 0.0068359375 0.010610079575596816
0.0 0.11181640625 0.08819628647214854 0.0048828125 0.009283819628647215
0.0 0.091796875 0.10145888594164457 0.005859375 0.009283819628647215
0.0 0.08154296875 0.11206896551724138 0.0068359375 0.009283819628647215
0.0 0.07958984375 0.14389920424403183 0.0048828125 0.009283819628647215
0.0 0.04833984375 0.09748010610079576 0.0068359375 0.009283819628647215
0.0 0.16064453125 0.16976127320954906 0.0048828125 0.007957559681697613
0.0 0.16845703125 0.1989389920424403 0.0068359375 0.015915119363395226
0.0 0.32177734375 0.2612732095490716 0.0146484375 0.029177718832891247
0.0 0.0673828125 0.10212201591511937 0.005859375 0.010610079575596816
0.0 0.05322265625 0.14124668435013263 0.0068359375 0.009283819628647215
0.0 0.02587890625 0.1253315649867374 0.0048828125 0.009283819628647215
0.0 0.0419921875 0.1220159151193634 0.005859375 0.010610079575596816
0.0 0.015625 0.1253315649867374 0.005859375 0.011936339522546418
0.0 0.0439453125 0.07891246684350132 0.00390625 0.006631299734748011
0.0 0.05615234375 0.07957559681697612 0.0048828125 0.007957559681697613
0.0 0.07763671875 0.09350132625994695 0.0048828125 0.006631299734748011
0.0 0.08984375 0.09350132625994695 0.005859375 0.009283819628647215
0.0 0.0283203125 0.09880636604774536 0.00390625 0.006631299734748011
0.0 0.154296875 0.06697612732095491 0.00390625 0.003978779840848806
0.0 0.173828125 0.09151193633952255 0.00390625 0.005305039787798408
0.0 0.13134765625 0.14588859416445624 0.0068359375 0.007957559681697613
0.0 0.1240234375 0.13262599469496023 0.005859375 0.010610079575596816
0.0 0.1025390625 0.1319628647214854 0.00390625 0.009283819628647215
0.0 0.078125 0.07360742705570292 0.00390625 0.006631299734748011
0.0 0.068359375 0.07161803713527852 0.00390625 0.005305039787798408
0.0 0.05078125 0.0656498673740053 0.00390625 0.006631299734748011
0.0 0.0322265625 0.07957559681697612 0.00390625 0.007957559681697613
0.0 0.037109375 0.1259946949602122 0.00390625 0.005305039787798408
0.0 0.044921875 0.1346153846153846 0.005859375 0.011936339522546418
0.0 0.19140625 0.123342175066313 0.005859375 0.007957559681697613
0.0 0.19775390625 0.10344827586206896 0.0048828125 0.013262599469496022
0.0 0.19970703125 0.08687002652519894 0.0048828125 0.006631299734748011
0.0 0.18310546875 0.0623342175066313 0.0029296875 0.005305039787798408
0.0 0.17041015625 0.07493368700265252 0.0048828125 0.009283819628647215
0.0 0.1982421875 0.05636604774535809 0.00390625 0.009283819628647215
0.0 0.21630859375 0.08090185676392574 0.0048828125 0.007957559681697613
0.0 0.201171875 0.07625994694960213 0.00390625 0.006631299734748011
0.0 0.11083984375 0.055039787798408485 0.0029296875 0.006631299734748011
0.0 0.14404296875 0.0610079575596817 0.0048828125 0.005305039787798408
0.0 0.06201171875 0.0603448275862069 0.0029296875 0.003978779840848806
0.0 0.02099609375 0.09416445623342175 0.0029296875 0.005305039787798408
0.0 0.05615234375 0.11074270557029178 0.0048828125 0.006631299734748011
0.0 0.05517578125 0.12931034482758622 0.0048828125 0.006631299734748011
0.0 0.048828125 0.15981432360742706 0.005859375 0.011936339522546418
0.0 0.0703125 0.13726790450928383 0.005859375 0.017241379310344827
0.0 0.07666015625 0.1240053050397878 0.0048828125 0.009283819628647215
0.0 0.0205078125 0.10875331564986737 0.005859375 0.010610079575596816
0.0 0.0146484375 0.16047745358090185 0.005859375 0.013262599469496022
0.0 0.015625 0.1843501326259947 0.005859375 0.007957559681697613
0.0 0.05712890625 0.1810344827586207 0.0048828125 0.006631299734748011
0.0 0.15625 0.10676392572944297 0.0078125 0.009283819628647215
0.0 0.14306640625 0.14588859416445624 0.0048828125 0.007957559681697613
0.0 0.17138671875 0.10543766578249338 0.0048828125 0.009283819628647215
0.0 0.185546875 0.09748010610079576 0.005859375 0.006631299734748011
0.0 0.16748046875 0.08554376657824933 0.0068359375 0.009283819628647215
0.0 0.1474609375 0.08488063660477453 0.005859375 0.010610079575596816
0.0 0.07861328125 0.08620689655172414 0.0048828125 0.007957559681697613
0.0 0.0615234375 0.09549071618037135 0.005859375 0.010610079575596816
0.0 0.05859375 0.08355437665782493 0.0078125 0.007957559681697613
0.0 0.02001953125 0.08222811671087533 0.0048828125 0.007957559681697613
0.0 0.01708984375 0.0709549071618037 0.0029296875 0.006631299734748011
0.0 0.02880859375 0.04840848806366048 0.0048828125 0.006631299734748011
0.0 0.0380859375 0.04840848806366048 0.005859375 0.006631299734748011
0.0 0.17041015625 0.04111405835543767 0.0048828125 0.007957559681697613
0.0 0.20947265625 0.0616710875331565 0.0068359375 0.009283819628647215
0.0 0.201171875 0.0629973474801061 0.00390625 0.006631299734748011
0.0 0.2158203125 0.059018567639257294 0.005859375 0.011936339522546418
0.0 0.1640625 0.05702917771883289 0.00390625 0.007957559681697613
0.0 0.14404296875 0.06697612732095491 0.0048828125 0.003978779840848806
0.0 0.1318359375 0.07029177718832891 0.00390625 0.007957559681697613
0.0 0.15576171875 0.09217506631299735 0.0048828125 0.006631299734748011
0.0 0.8359375 0.123342175066313 0.00390625 0.005305039787798408
0.0 0.9287109375 0.11737400530503979 0.00390625 0.006631299734748011
0.0 0.2646484375 0.08554376657824933 0.005859375 0.006631299734748011
0.0 0.2939453125 0.09416445623342175 0.005859375 0.007957559681697613
0.0 0.58056640625 0.10543766578249338 0.0068359375 0.009283819628647215
0.0 0.47265625 0.08952254641909814 0.005859375 0.011936339522546418
0.0 0.42431640625 0.1830238726790451 0.0126953125 0.015915119363395226
0.0 0.1640625 0.24336870026525198 0.015625 0.038461538461538464
0.0 0.18310546875 0.2506631299734748 0.0166015625 0.034482758620689655
