0.0 0.4873046875 0.7657393850658858 0.064453125 0.12298682284040996
0.0 0.4208984375 0.5095168374816984 0.052734375 0.10248901903367497
0.0 0.1923828125 0.4707174231332357 0.0546875 0.0746705710102489
0.0 0.0693359375 0.1822840409956076 0.044921875 0.07759882869692533
0.0 0.78564453125 0.13177159590043924 0.0380859375 0.07906295754026355
0.0 0.4423828125 0.16251830161054173 0.033203125 0.06149341142020498
0.0 0.64599609375 0.07027818448023426 0.0322265625 0.05856515373352855
0.0 0.70068359375 0.1705710102489019 0.0322265625 0.06881405563689605
0.0 0.6171875 0.35651537335285505 0.0625 0.0746705710102489
0.0 0.72119140625 0.4670571010248902 0.0458984375 0.09956076134699854
0.0 0.69580078125 0.3052708638360176 0.0341796875 0.060029282576866766
0.0 0.81787109375 0.07759882869692533 0.0166015625 0.04685212298682284
0.0 0.8017578125 0.03806734992679356 0.02734375 0.05856515373352855
0.0 0.86376953125 0.10907759882869693 0.0322265625 0.05710102489019034
0.0 0.9091796875 0.10029282576866765 0.02734375 0.05417276720351391
0.0 0.77783203125 0.053440702781844804 0.0205078125 0.04538799414348463
0.0 0.90673828125 0.2005856515373353 0.0283203125 0.05856515373352855
0.0 0.9345703125 0.4443631039531479 0.033203125 0.10102489019033675
0.0 0.97607421875 0.040995607613469986 0.0126953125 0.03513909224011713
0.0 0.6513671875 0.1698389458272328 0.013671875 0.055636896046852125
0.0 0.78662109375 0.794289897510981 0.0498046875 0.10102489019033675
0.0 0.9619140625 0.7379209370424598 0.048828125 0.09370424597364568
0.0 0.66552734375 0.5512445095168375 0.0478515625 0.10102489019033675
0.0 0.93896484375 0.5871156661786238 0.0576171875 0.1054172767203514
0.0 0.8369140625 0.9568081991215227 0.03515625 0.08638360175695461
0.0 0.302734375 0.47144948755490484 0.046875 0.09370424597364568
0.0 0.28466796875 0.32430453879941434 0.0400390625 0.06881405563689605
0.0 0.99560546875 0.19985358711566617 0.0087890625 0.05417276720351391
0.0 0.720703125 0.02562225475841874 0.01953125 0.03074670571010249
