0.0 0.0634765625 0.3118594436310395 0.123046875 0.1054172767203514
0.0 0.4365234375 0.29282576866764276 0.107421875 0.10322108345534407
0.0 0.4921875 0.22620790629575402 0.0244140625 0.022693997071742314
0.0 0.544921875 0.14202049780380674 0.033203125 0.038799414348462666
0.0 0.5947265625 0.23206442166910687 0.0263671875 0.021961932650073207
0.0 0.61328125 0.2767203513909224 0.0302734375 0.04319180087847731
0.0 0.3994140625 0.26061493411420206 0.0205078125 0.024158125915080528
0.0 0.3837890625 0.2657393850658858 0.0244140625 0.02635431918008785
0.0 0.6787109375 0.22620790629575402 0.0322265625 0.030014641288433383
0.0 0.72265625 0.21815519765739386 0.02734375 0.02635431918008785
0.0 0.791015625 0.20790629575402636 0.0302734375 0.0314787701317716
0.0 0.853515625 0.20497803806734993 0.0263671875 0.02635431918008785
0.0 0.697265625 0.2642752562225476 0.09765625 0.09370424597364568
0.0 0.7861328125 0.2562225475841874 0.0537109375 0.06661786237188873
0.0 0.9375 0.2042459736456808 0.0283203125 0.027818448023426062
0.0 0.9794921875 0.20131771595900438 0.0205078125 0.024890190336749635
0.0 0.9638671875 0.23060029282576866 0.0361328125 0.03367496339677892
0.0 0.927734375 0.3052708638360176 0.072265625 0.0629575402635432
