0.0 0.22705078125 0.4375 0.0048828125 0.010416666666666666
0.0 0.259765625 0.4420572916666667 0.005859375 0.01171875
0.0 0.18896484375 0.5065104166666666 0.0068359375 0.018229166666666668
0.0 0.240234375 0.4889322916666667 0.009765625 0.022135416666666668
0.0 0.28662109375 0.4680989583333333 0.0068359375 0.016927083333333332
0.0 0.2783203125 0.4830729166666667 0.009765625 0.015625
0.0 0.328125 0.4654947916666667 0.0078125 0.016927083333333332
0.0 0.34130859375 0.4609375 0.0087890625 0.015625
0.0 0.34765625 0.4986979166666667 0.0078125 0.018229166666666668
0.0 0.48681640625 0.47265625 0.0068359375 0.015625
0.0 0.52734375 0.4596354166666667 0.009765625 0.020833333333333332
0.0 0.541015625 0.4765625 0.01171875 0.018229166666666668
0.0 0.552734375 0.4583333333333333 0.0078125 0.018229166666666668
0.0 0.5361328125 0.4557291666666667 0.009765625 0.018229166666666668
0.0 0.5712890625 0.4329427083333333 0.0078125 0.016927083333333332
0.0 0.5810546875 0.4388020833333333 0.009765625 0.015625
0.0 0.6025390625 0.49609375 0.01953125 0.046875
0.0 0.63232421875 0.4700520833333333 0.0107421875 0.0234375
0.0 0.65185546875 0.4954427083333333 0.0126953125 0.024739583333333332
0.0 0.65380859375 0.4010416666666667 0.0087890625 0.018229166666666668
0.0 0.68701171875 0.443359375 0.0126953125 0.029947916666666668
0.0 0.7177734375 0.4361979166666667 0.009765625 0.018229166666666668
0.0 0.724609375 0.4446614583333333 0.01171875 0.01953125
0.0 0.79443359375 0.435546875 0.0185546875 0.06640625
0.0 0.80419921875 0.4661458333333333 0.0126953125 0.033854166666666664
0.0 0.84814453125 0.416015625 0.0166015625 0.03515625
0.0 0.8740234375 0.44140625 0.013671875 0.020833333333333332
0.0 0.89208984375 0.517578125 0.0224609375 0.037760416666666664
0.0 0.97412109375 0.4635416666666667 0.0107421875 0.026041666666666668
0.0 0.916015625 0.455078125 0.01171875 0.02734375
0.0 0.9921875 0.5455729166666666 0.015625 0.028645833333333332
0.0 0.6220703125 0.4752604166666667 0.015625 0.018229166666666668
0.0 0.21728515625 0.4778645833333333 0.0068359375 0.013020833333333334
0.0 0.14208984375 0.49609375 0.0068359375 0.015625
0.0 0.11279296875 0.498046875 0.0068359375 0.014322916666666666
0.0 0.02978515625 0.5006510416666666 0.0087890625 0.016927083333333332
0.0 0.10400390625 0.509765625 0.0068359375 0.016927083333333332
0.0 0.07861328125 0.4973958333333333 0.0087890625 0.013020833333333334
