0.0 0.05859375 0.5455729166666666 0.021484375 0.04296875
0.0 0.1455078125 0.6067708333333334 0.017578125 0.03125
0.0 0.255859375 0.5611979166666666 0.0234375 0.0390625
0.0 0.3271484375 0.57421875 0.0234375 0.037760416666666664
0.0 0.3544921875 0.5768229166666666 0.0166015625 0.029947916666666668
0.0 0.43359375 0.578125 0.0146484375 0.02734375
0.0 0.40625 0.6106770833333334 0.0224609375 0.033854166666666664
0.0 0.5244140625 0.6106770833333334 0.01953125 0.03125
0.0 0.583984375 0.5872395833333334 0.025390625 0.036458333333333336
0.0 0.6416015625 0.5625 0.015625 0.028645833333333332
0.0 0.607421875 0.5416666666666666 0.0263671875 0.0546875
0.0 0.7060546875 0.55078125 0.021484375 0.041666666666666664
0.0 0.83984375 0.5677083333333334 0.0263671875 0.045572916666666664
0.0 0.9638671875 0.55078125 0.0234375 0.033854166666666664
0.0 0.453125 0.59765625 0.0224609375 0.040364583333333336
