0.0 0.21044921875 0.3136094674556213 0.0146484375 0.03550295857988166
0.0 0.28759765625 0.34023668639053256 0.0166015625 0.03550295857988166
0.0 0.115234375 0.5384615384615384 0.03515625 0.10059171597633136
0.0 0.12890625 0.7921597633136095 0.05078125 0.09319526627218935
0.0 0.36328125 0.6272189349112426 0.05078125 0.11834319526627218
0.0 0.2783203125 0.8180473372781065 0.08203125 0.22485207100591717
0.0 0.7353515625 0.2655325443786982 0.03125 0.05473372781065089
0.0 0.8359375 0.2958579881656805 0.0390625 0.07692307692307693
0.0 0.61572265625 0.514792899408284 0.0263671875 0.05917159763313609
0.0 0.6689453125 0.602810650887574 0.046875 0.09615384615384616
0.0 0.66015625 0.6568047337278107 0.041015625 0.08284023668639054
0.0 0.66162109375 0.5569526627218935 0.0283203125 0.07248520710059171
0.0 0.916015625 0.3032544378698225 0.017578125 0.029585798816568046
0.0 0.7216796875 0.5547337278106509 0.0390625 0.038461538461538464
0.0 0.64990234375 0.5059171597633136 0.0263671875 0.05325443786982249
0.0 0.681640625 0.4948224852071006 0.015625 0.042899408284023666
