0.0 0.376953125 0.6461086637298091 0.0390625 0.0763582966226138
0.0 0.029296875 0.27606461086637296 0.005859375 0.011747430249632892
0.0 0.00927734375 0.2834067547723935 0.0068359375 0.011747430249632892
0.0 0.0302734375 0.30469897209985314 0.009765625 0.016152716593245228
0.0 0.04736328125 0.28707782672540383 0.0068359375 0.013215859030837005
0.0 0.05419921875 0.27606461086637296 0.0068359375 0.014684287812041116
0.0 0.02392578125 0.26945668135095446 0.0087890625 0.016152716593245228
0.0 0.033203125 0.25697503671071953 0.0078125 0.011747430249632892
0.0 0.06103515625 0.23715124816446403 0.0068359375 0.010279001468428781
0.0 0.046875 0.25624082232011747 0.005859375 0.010279001468428781
0.0 0.08837890625 0.26945668135095446 0.0068359375 0.013215859030837005
0.0 0.107421875 0.2687224669603524 0.0078125 0.014684287812041116
0.0 0.1044921875 0.24669603524229075 0.005859375 0.011747430249632892
0.0 0.08447265625 0.2841409691629956 0.0068359375 0.013215859030837005
0.0 0.087890625 0.2958883994126285 0.0078125 0.013215859030837005
0.0 0.09228515625 0.2922173274596182 0.0068359375 0.011747430249632892
0.0 0.0703125 0.29148311306901614 0.0078125 0.013215859030837005
0.0 0.052734375 0.31718061674008813 0.009765625 0.014684287812041116
0.0 0.0498046875 0.3568281938325991 0.009765625 0.01762114537444934
0.0 0.00732421875 0.3744493392070485 0.0087890625 0.020558002936857563
0.0 0.04248046875 0.39280469897209985 0.0107421875 0.016152716593245228
0.0 0.04541015625 0.4251101321585903 0.0107421875 0.016152716593245228
0.0 0.07421875 0.3854625550660793 0.009765625 0.01908957415565345
0.0 0.08984375 0.41483113069016153 0.009765625 0.01908957415565345
0.0 0.06103515625 0.4309838472834068 0.0107421875 0.016152716593245228
0.0 0.0986328125 0.35315712187958886 0.009765625 0.016152716593245228
0.0 0.09228515625 0.3267254038179148 0.0087890625 0.016152716593245228
0.0 0.06884765625 0.26505139500734215 0.0068359375 0.016152716593245228
0.0 0.0966796875 0.26505139500734215 0.0078125 0.016152716593245228
0.0 0.10693359375 0.302496328928047 0.0087890625 0.01762114537444934
0.0 0.11083984375 0.2878120411160059 0.0068359375 0.011747430249632892
0.0 0.12353515625 0.3487518355359765 0.0087890625 0.016152716593245228
0.0 0.13134765625 0.394273127753304 0.0107421875 0.016152716593245228
0.0 0.11181640625 0.42731277533039647 0.0107421875 0.020558002936857563
0.0 0.14501953125 0.35829662261380324 0.0087890625 0.01762114537444934
0.0 0.13134765625 0.3186490455212922 0.0087890625 0.014684287812041116
0.0 0.12890625 0.3039647577092511 0.0078125 0.011747430249632892
0.0 0.142578125 0.28193832599118945 0.0078125 0.011747430249632892
0.0 0.13916015625 0.2540381791483113 0.0068359375 0.011747430249632892
0.0 0.16015625 0.2591776798825257 0.0078125 0.013215859030837005
0.0 0.17822265625 0.276798825256975 0.0068359375 0.013215859030837005
0.0 0.18408203125 0.27165932452276065 0.0068359375 0.011747430249632892
0.0 0.1826171875 0.25624082232011747 0.005859375 0.013215859030837005
0.0 0.1953125 0.26505139500734215 0.005859375 0.010279001468428781
0.0 0.20263671875 0.28267254038179146 0.0068359375 0.013215859030837005
0.0 0.1796875 0.3069016152716593 0.0078125 0.014684287812041116
0.0 0.16015625 0.31718061674008813 0.0078125 0.014684287812041116
0.0 0.1474609375 0.3274596182085169 0.009765625 0.01762114537444934
0.0 0.1728515625 0.40748898678414097 0.009765625 0.016152716593245228
0.0 0.19482421875 0.4185022026431718 0.0107421875 0.020558002936857563
0.0 0.18603515625 0.33186490455212925 0.0107421875 0.01762114537444934
0.0 0.22119140625 0.24155653450807635 0.0087890625 0.013215859030837005
0.0 0.23193359375 0.3957415565345081 0.0107421875 0.01908957415565345
0.0 0.2451171875 0.3898678414096916 0.01171875 0.01908957415565345
0.0 0.279296875 0.4089574155653451 0.009765625 0.01908957415565345
0.0 0.2529296875 0.33627019089574156 0.0078125 0.01762114537444934
0.0 0.23779296875 0.3245227606461087 0.0087890625 0.014684287812041116
0.0 0.2470703125 0.3076358296622614 0.0078125 0.013215859030837005
0.0 0.271484375 0.302496328928047 0.0078125 0.014684287812041116
0.0 0.27978515625 0.33480176211453744 0.0068359375 0.014684287812041116
0.0 0.28857421875 0.31644640234948607 0.0068359375 0.013215859030837005
0.0 0.28466796875 0.2856093979441997 0.0068359375 0.013215859030837005
0.0 0.2431640625 0.27826725403817915 0.005859375 0.010279001468428781
0.0 0.23681640625 0.26725403817914833 0.0068359375 0.011747430249632892
0.0 0.2197265625 0.28487518355359764 0.0078125 0.011747430249632892
0.0 0.2197265625 0.26725403817914833 0.0078125 0.014684287812041116
0.0 0.23583984375 0.25036710719530103 0.0068359375 0.013215859030837005
0.0 0.26025390625 0.2643171806167401 0.0068359375 0.011747430249632892
0.0 0.19677734375 0.35389133627019087 0.0107421875 0.01762114537444934
0.0 0.19091796875 0.24008810572687225 0.0068359375 0.010279001468428781
0.0 0.169921875 0.2525697503671072 0.0078125 0.011747430249632892
0.0 0.27685546875 0.24669603524229075 0.0068359375 0.014684287812041116
0.0 0.28955078125 0.27165932452276065 0.0068359375 0.011747430249632892
0.0 0.27490234375 0.2709251101321586 0.0087890625 0.013215859030837005
0.0 0.26025390625 0.2834067547723935 0.0087890625 0.01762114537444934
0.0 0.20654296875 0.2621145374449339 0.0068359375 0.016152716593245228
0.0 0.2509765625 0.2195301027900147 0.005859375 0.010279001468428781
0.0 0.24853515625 0.23861967694566813 0.0068359375 0.013215859030837005
0.0 0.23095703125 0.2356828193832599 0.0068359375 0.013215859030837005
0.0 0.20361328125 0.3142437591776799 0.0068359375 0.014684287812041116
0.0 0.22021484375 0.34287812041116006 0.0087890625 0.016152716593245228
0.0 0.12744140625 0.2276064610866373 0.0068359375 0.011747430249632892
0.0 0.17431640625 0.19530102790014683 0.0068359375 0.011747430249632892
0.0 0.203125 0.22026431718061673 0.005859375 0.00881057268722467
0.0 0.21533203125 0.2305433186490455 0.0048828125 0.00881057268722467
0.0 0.220703125 0.22320117474302498 0.005859375 0.00881057268722467
0.0 0.23291015625 0.2055800293685756 0.0048828125 0.00881057268722467
0.0 0.25048828125 0.19897209985315711 0.0048828125 0.010279001468428781
0.0 0.2724609375 0.2055800293685756 0.00390625 0.00881057268722467
0.0 0.279296875 0.20337738619676946 0.00390625 0.007342143906020558
0.0 0.29052734375 0.21071953010279001 0.0048828125 0.007342143906020558
0.0 0.3017578125 0.2011747430249633 0.00390625 0.00881057268722467
0.0 0.298828125 0.2195301027900147 0.005859375 0.010279001468428781
0.0 0.322265625 0.24155653450807635 0.005859375 0.010279001468428781
0.0 0.322265625 0.263582966226138 0.005859375 0.010279001468428781
0.0 0.30224609375 0.25477239353891334 0.0068359375 0.010279001468428781
0.0 0.291015625 0.25844346549192365 0.005859375 0.00881057268722467
0.0 0.27685546875 0.2195301027900147 0.0048828125 0.010279001468428781
0.0 0.3173828125 0.20411160058737152 0.005859375 0.00881057268722467
0.0 0.30712890625 0.223935389133627 0.0048828125 0.010279001468428781
0.0 0.33837890625 0.21879588839941264 0.0048828125 0.00881057268722467
0.0 0.3427734375 0.22466960352422907 0.005859375 0.00881057268722467
0.0 0.34521484375 0.20631424375917767 0.0048828125 0.010279001468428781
0.0 0.3544921875 0.2092511013215859 0.00390625 0.007342143906020558
0.0 0.36328125 0.20484581497797358 0.00390625 0.007342143906020558
0.0 0.3720703125 0.2055800293685756 0.00390625 0.00881057268722467
0.0 0.36669921875 0.18795888399412627 0.0048828125 0.00881057268722467
0.0 0.3544921875 0.19309838472834068 0.00390625 0.007342143906020558
0.0 0.3369140625 0.19089574155653452 0.00390625 0.00881057268722467
0.0 0.34912109375 0.24375917767988253 0.0048828125 0.00881057268722467
0.0 0.36572265625 0.2393538913362702 0.0048828125 0.00881057268722467
0.0 0.3642578125 0.22540381791483113 0.00390625 0.007342143906020558
0.0 0.37353515625 0.22026431718061673 0.0048828125 0.00881057268722467
0.0 0.3759765625 0.2540381791483113 0.005859375 0.011747430249632892
0.0 0.36279296875 0.2643171806167401 0.0048828125 0.00881057268722467
0.0 0.3466796875 0.26138032305433184 0.005859375 0.00881057268722467
0.0 0.34814453125 0.27165932452276065 0.0048828125 0.00881057268722467
0.0 0.34375 0.28267254038179146 0.005859375 0.010279001468428781
0.0 0.3095703125 0.18502202643171806 0.005859375 0.00881057268722467
0.0 0.2939453125 0.19089574155653452 0.005859375 0.00881057268722467
0.0 0.30810546875 0.33186490455212925 0.0087890625 0.014684287812041116
0.0 0.32763671875 0.29955947136563876 0.0087890625 0.011747430249632892
0.0 0.33447265625 0.3436123348017621 0.0087890625 0.014684287812041116
0.0 0.35986328125 0.31718061674008813 0.0068359375 0.011747430249632892
0.0 0.3857421875 0.3010279001468429 0.0078125 0.014684287812041116
0.0 0.40234375 0.2922173274596182 0.0078125 0.011747430249632892
0.0 0.40966796875 0.29955947136563876 0.0068359375 0.014684287812041116
0.0 0.4169921875 0.2745961820851689 0.005859375 0.011747430249632892
0.0 0.4365234375 0.27165932452276065 0.005859375 0.00881057268722467
0.0 0.4345703125 0.2922173274596182 0.005859375 0.014684287812041116
0.0 0.453125 0.290014684287812 0.005859375 0.010279001468428781
0.0 0.455078125 0.3142437591776799 0.0078125 0.014684287812041116
0.0 0.4306640625 0.3274596182085169 0.0078125 0.011747430249632892
0.0 0.37744140625 0.3311306901615272 0.0087890625 0.016152716593245228
0.0 0.3876953125 0.3619676945668135 0.009765625 0.016152716593245228
0.0 0.43115234375 0.37958883994126286 0.0107421875 0.01908957415565345
0.0 0.45751953125 0.38619676945668135 0.0087890625 0.014684287812041116
0.0 0.45703125 0.4067547723935389 0.009765625 0.020558002936857563
0.0 0.43310546875 0.43612334801762115 0.0107421875 0.01762114537444934
0.0 0.4228515625 0.44273127753303965 0.01171875 0.022026431718061675
0.0 0.40185546875 0.3876651982378855 0.0107421875 0.020558002936857563
0.0 0.3154296875 0.34801762114537443 0.009765625 0.01762114537444934
0.0 0.310546875 0.39060205580029367 0.01171875 0.01762114537444934
0.0 0.29150390625 0.37591776798825255 0.0087890625 0.014684287812041116
0.0 0.33544921875 0.4052863436123348 0.0107421875 0.023494860499265784
0.0 0.357421875 0.3935389133627019 0.009765625 0.020558002936857563
0.0 0.384765625 0.3964757709251101 0.01171875 0.023494860499265784
0.0 0.30810546875 0.44640234948604995 0.0126953125 0.020558002936857563
0.0 0.466796875 0.4588839941262849 0.013671875 0.027900146842878122
0.0 0.43701171875 0.4654919236417034 0.0126953125 0.020558002936857563
0.0 0.34912109375 0.36490455212922174 0.0107421875 0.01908957415565345
0.0 0.314453125 0.4713656387665198 0.01171875 0.020558002936857563
0.0 0.3369140625 0.47944199706314244 0.013671875 0.024963289280469897
0.0 0.34765625 0.4765051395007342 0.009765625 0.022026431718061675
0.0 0.36279296875 0.47723935389133626 0.0126953125 0.020558002936857563
0.0 0.38818359375 0.4955947136563877 0.0166015625 0.027900146842878122
0.0 0.400390625 0.46402349486049926 0.01171875 0.02643171806167401
0.0 0.46923828125 0.3920704845814978 0.0126953125 0.01762114537444934
0.0 0.47998046875 0.4170337738619677 0.0107421875 0.020558002936857563
0.0 0.49072265625 0.3656387665198238 0.0087890625 0.020558002936857563
0.0 0.4775390625 0.3458149779735683 0.009765625 0.016152716593245228
0.0 0.48486328125 0.31718061674008813 0.0087890625 0.01762114537444934
0.0 0.5234375 0.3399412628487518 0.0078125 0.013215859030837005
0.0 0.52197265625 0.3707782672540382 0.0107421875 0.01908957415565345
0.0 0.4912109375 0.44052863436123346 0.01171875 0.023494860499265784
0.0 0.51953125 0.4845814977973568 0.01171875 0.020558002936857563
0.0 0.51806640625 0.5205580029368576 0.0146484375 0.027900146842878122
0.0 0.4873046875 0.5198237885462555 0.013671875 0.023494860499265784
0.0 0.32958984375 0.5242290748898678 0.0166015625 0.02936857562408223
0.0 0.52587890625 0.4177679882525698 0.0107421875 0.01908957415565345
0.0 0.5322265625 0.44419970631424377 0.01171875 0.027900146842878122
0.0 0.38232421875 0.22540381791483113 0.0048828125 0.010279001468428781
0.0 0.3896484375 0.23788546255506607 0.005859375 0.011747430249632892
0.0 0.38623046875 0.2657856093979442 0.0068359375 0.011747430249632892
0.0 0.3974609375 0.2540381791483113 0.005859375 0.00881057268722467
0.0 0.41162109375 0.24155653450807635 0.0068359375 0.010279001468428781
0.0 0.42724609375 0.23861967694566813 0.0068359375 0.010279001468428781
0.0 0.4384765625 0.2488986784140969 0.005859375 0.010279001468428781
0.0 0.44775390625 0.24522760646108663 0.0048828125 0.00881057268722467
0.0 0.45068359375 0.22246696035242292 0.0048828125 0.010279001468428781
0.0 0.431640625 0.21365638766519823 0.005859375 0.010279001468428781
0.0 0.4501953125 0.2092511013215859 0.005859375 0.010279001468428781
0.0 0.46728515625 0.26064610866372984 0.0048828125 0.010279001468428781
0.0 0.45166015625 0.2687224669603524 0.0068359375 0.011747430249632892
0.0 0.47607421875 0.290014684287812 0.0068359375 0.013215859030837005
0.0 0.50341796875 0.2966226138032305 0.0068359375 0.011747430249632892
0.0 0.5068359375 0.2599118942731278 0.005859375 0.00881057268722467
0.0 0.51806640625 0.2555066079295154 0.0048828125 0.00881057268722467
0.0 0.52734375 0.27165932452276065 0.005859375 0.011747430249632892
0.0 0.5380859375 0.30323054331864907 0.0078125 0.013215859030837005
0.0 0.51025390625 0.3120411160058737 0.0087890625 0.013215859030837005
0.0 0.4853515625 0.26284875183553597 0.005859375 0.011747430249632892
0.0 0.5029296875 0.2422907488986784 0.005859375 0.00881057268722467
0.0 0.52685546875 0.22834067547723935 0.0068359375 0.013215859030837005
0.0 0.4833984375 0.23788546255506607 0.0078125 0.011747430249632892
0.0 0.4912109375 0.20190895741556533 0.005859375 0.010279001468428781
0.0 0.4775390625 0.18869309838472834 0.005859375 0.010279001468428781
0.0 0.482421875 0.2092511013215859 0.005859375 0.013215859030837005
0.0 0.54638671875 0.2701908957415565 0.0068359375 0.011747430249632892
0.0 0.56689453125 0.24375917767988253 0.0068359375 0.00881057268722467
0.0 0.5751953125 0.2261380323054332 0.005859375 0.00881057268722467
0.0 0.5859375 0.24302496328928047 0.005859375 0.010279001468428781
0.0 0.5693359375 0.23715124816446403 0.005859375 0.010279001468428781
0.0 0.5498046875 0.30983847283406757 0.0078125 0.014684287812041116
0.0 0.5234375 0.31277533039647576 0.009765625 0.014684287812041116
0.0 0.54833984375 0.38179148311306904 0.0107421875 0.01762114537444934
0.0 0.583984375 0.3700440528634361 0.0078125 0.014684287812041116
0.0 0.60009765625 0.3920704845814978 0.0107421875 0.020558002936857563
0.0 0.61083984375 0.3744493392070485 0.0087890625 0.014684287812041116
0.0 0.54931640625 0.2173274596182085 0.0068359375 0.011747430249632892
0.0 0.6123046875 0.2276064610866373 0.005859375 0.011747430249632892
0.0 0.60595703125 0.25183553597650515 0.0048828125 0.010279001468428781
0.0 0.62890625 0.28193832599118945 0.005859375 0.011747430249632892
0.0 0.6240234375 0.2701908957415565 0.005859375 0.011747430249632892
0.0 0.61572265625 0.2966226138032305 0.0068359375 0.011747430249632892
0.0 0.62451171875 0.29955947136563876 0.0068359375 0.011747430249632892
0.0 0.62646484375 0.31718061674008813 0.0068359375 0.014684287812041116
0.0 0.64208984375 0.2958883994126285 0.0068359375 0.013215859030837005
0.0 0.654296875 0.315712187958884 0.005859375 0.011747430249632892
0.0 0.6630859375 0.36123348017621143 0.009765625 0.014684287812041116
0.0 0.67236328125 0.3245227606461087 0.0068359375 0.014684287812041116
0.0 0.66943359375 0.30323054331864907 0.0068359375 0.013215859030837005
0.0 0.65771484375 0.2790014684287812 0.0068359375 0.011747430249632892
0.0 0.64208984375 0.2790014684287812 0.0068359375 0.011747430249632892
0.0 0.63134765625 0.25624082232011747 0.0068359375 0.013215859030837005
0.0 0.65087890625 0.23494860499265785 0.0068359375 0.014684287812041116
0.0 0.6376953125 0.2261380323054332 0.005859375 0.00881057268722467
0.0 0.66357421875 0.2511013215859031 0.0048828125 0.00881057268722467
0.0 0.66455078125 0.23715124816446403 0.0048828125 0.010279001468428781
0.0 0.65673828125 0.2511013215859031 0.0048828125 0.00881057268722467
0.0 0.6748046875 0.2790014684287812 0.005859375 0.011747430249632892
0.0 0.69189453125 0.28193832599118945 0.0048828125 0.011747430249632892
0.0 0.6904296875 0.30837004405286345 0.0078125 0.014684287812041116
0.0 0.69287109375 0.33627019089574156 0.0068359375 0.014684287812041116
0.0 0.7080078125 0.2812041116005874 0.005859375 0.013215859030837005
0.0 0.6962890625 0.2511013215859031 0.005859375 0.011747430249632892
0.0 0.701171875 0.2621145374449339 0.005859375 0.010279001468428781
0.0 0.68408203125 0.2525697503671072 0.0048828125 0.00881057268722467
0.0 0.7119140625 0.23641703377386197 0.005859375 0.00881057268722467
0.0 0.70361328125 0.23201174743024963 0.0048828125 0.00881057268722467
0.0 0.7158203125 0.2701908957415565 0.005859375 0.011747430249632892
0.0 0.72607421875 0.28046989720998533 0.0068359375 0.011747430249632892
0.0 0.71728515625 0.32966226138032306 0.0087890625 0.016152716593245228
0.0 0.74609375 0.3370044052863436 0.0078125 0.016152716593245228
0.0 0.74560546875 0.315712187958884 0.0068359375 0.011747430249632892
0.0 0.7646484375 0.3208516886930984 0.0078125 0.013215859030837005
0.0 0.7646484375 0.28854625550660795 0.005859375 0.013215859030837005
0.0 0.76953125 0.2701908957415565 0.005859375 0.011747430249632892
0.0 0.748046875 0.290014684287812 0.005859375 0.010279001468428781
0.0 0.73095703125 0.3039647577092511 0.0068359375 0.011747430249632892
0.0 0.740234375 0.27606461086637296 0.0078125 0.011747430249632892
0.0 0.75537109375 0.2665198237885463 0.0068359375 0.013215859030837005
0.0 0.7724609375 0.2422907488986784 0.005859375 0.011747430249632892
0.0 0.669921875 0.22173274596182085 0.005859375 0.00881057268722467
0.0 0.7021484375 0.4045521292217327 0.009765625 0.016152716593245228
0.0 0.72607421875 0.40161527165932454 0.0107421875 0.01908957415565345
0.0 0.755859375 0.40308370044052866 0.009765625 0.01908957415565345
0.0 0.748046875 0.3641703377386197 0.0078125 0.01762114537444934
0.0 0.7802734375 0.28707782672540383 0.005859375 0.010279001468428781
0.0 0.78466796875 0.2488986784140969 0.0048828125 0.010279001468428781
0.0 0.7998046875 0.2687224669603524 0.005859375 0.00881057268722467
0.0 0.79541015625 0.25183553597650515 0.0048828125 0.007342143906020558
0.0 0.810546875 0.24522760646108663 0.00390625 0.00881057268722467
0.0 0.81298828125 0.26725403817914833 0.0048828125 0.00881057268722467
0.0 0.806640625 0.2753303964757709 0.005859375 0.010279001468428781
0.0 0.79248046875 0.30837004405286345 0.0068359375 0.011747430249632892
0.0 0.787109375 0.3252569750367107 0.0078125 0.013215859030837005
0.0 0.78076171875 0.34801762114537443 0.0087890625 0.014684287812041116
0.0 0.77392578125 0.37591776798825255 0.0087890625 0.014684287812041116
0.0 0.81494140625 0.3201174743024963 0.0068359375 0.014684287812041116
0.0 0.82421875 0.276798825256975 0.005859375 0.010279001468428781
0.0 0.83056640625 0.2657856093979442 0.0048828125 0.00881057268722467
0.0 0.8330078125 0.2907488986784141 0.0078125 0.011747430249632892
0.0 0.82568359375 0.31130690161527164 0.0068359375 0.011747430249632892
0.0 0.8427734375 0.276798825256975 0.005859375 0.010279001468428781
0.0 0.86474609375 0.2525697503671072 0.0068359375 0.011747430249632892
0.0 0.8837890625 0.2540381791483113 0.005859375 0.011747430249632892
0.0 0.8935546875 0.24522760646108663 0.005859375 0.00881057268722467
0.0 0.86279296875 0.2841409691629956 0.0068359375 0.013215859030837005
0.0 0.8515625 0.29515418502202645 0.005859375 0.011747430249632892
0.0 0.841796875 0.30983847283406757 0.0078125 0.014684287812041116
0.0 0.8369140625 0.3252569750367107 0.005859375 0.013215859030837005
0.0 0.8623046875 0.3069016152716593 0.005859375 0.011747430249632892
0.0 0.8798828125 0.27826725403817915 0.005859375 0.010279001468428781
0.0 0.8798828125 0.2936857562408223 0.005859375 0.011747430249632892
0.0 0.88330078125 0.30983847283406757 0.0068359375 0.011747430249632892
0.0 0.904296875 0.28707782672540383 0.005859375 0.010279001468428781
0.0 0.908203125 0.30837004405286345 0.005859375 0.011747430249632892
0.0 0.923828125 0.290014684287812 0.005859375 0.010279001468428781
0.0 0.9501953125 0.28046989720998533 0.005859375 0.011747430249632892
0.0 0.94873046875 0.3201174743024963 0.0068359375 0.011747430249632892
0.0 0.923828125 0.3201174743024963 0.0078125 0.011747430249632892
0.0 0.89697265625 0.3502202643171806 0.0068359375 0.013215859030837005
0.0 0.89990234375 0.3120411160058737 0.0068359375 0.010279001468428781
0.0 0.86328125 0.34287812041116006 0.009765625 0.013215859030837005
0.0 0.88232421875 0.35315712187958886 0.0087890625 0.013215859030837005
0.0 0.83056640625 0.34948604992657856 0.0087890625 0.014684287812041116
0.0 0.81103515625 0.36930983847283405 0.0068359375 0.013215859030837005
0.0 0.80126953125 0.3832599118942731 0.0068359375 0.014684287812041116
0.0 0.81884765625 0.38179148311306904 0.0087890625 0.014684287812041116
0.0 0.8232421875 0.4008810572687225 0.009765625 0.01762114537444934
0.0 0.8388671875 0.40381791483113066 0.0078125 0.01762114537444934
0.0 0.8642578125 0.4052863436123348 0.0078125 0.014684287812041116
0.0 0.89013671875 0.38252569750367105 0.0087890625 0.016152716593245228
0.0 0.89501953125 0.40969162995594716 0.0087890625 0.01762114537444934
0.0 0.9208984375 0.40308370044052866 0.009765625 0.022026431718061675
0.0 0.943359375 0.381057268722467 0.009765625 0.01908957415565345
0.0 0.919921875 0.3575624082232012 0.0078125 0.016152716593245228
0.0 0.947265625 0.34287812041116006 0.0078125 0.013215859030837005
0.0 0.9462890625 0.4089574155653451 0.009765625 0.01908957415565345
0.0 0.86474609375 0.42584434654919234 0.0107421875 0.020558002936857563
0.0 0.9912109375 0.28267254038179146 0.005859375 0.010279001468428781
0.0 0.95947265625 0.28267254038179146 0.0048828125 0.010279001468428781
0.0 0.8466796875 0.37298091042584436 0.0078125 0.014684287812041116
0.0 0.8310546875 0.43759177679882527 0.009765625 0.023494860499265784
0.0 0.8076171875 0.4618208516886931 0.009765625 0.01908957415565345
0.0 0.8486328125 0.4618208516886931 0.009765625 0.01908957415565345
0.0 0.9736328125 0.4265785609397944 0.009765625 0.01908957415565345
0.0 0.9814453125 0.36270190895741555 0.0078125 0.014684287812041116
0.0 0.97216796875 0.39941262848751835 0.0087890625 0.023494860499265784
0.0 0.9169921875 0.4456681350954479 0.01171875 0.022026431718061675
0.0 0.87890625 0.46916299559471364 0.009765625 0.022026431718061675
0.0 0.86279296875 0.4853157121879589 0.0107421875 0.022026431718061675
0.0 0.8994140625 0.4985315712187959 0.01171875 0.022026431718061675
0.0 0.90625 0.5220264317180616 0.01171875 0.024963289280469897
0.0 0.935546875 0.49265785609397944 0.013671875 0.024963289280469897
0.0 0.96240234375 0.4845814977973568 0.0126953125 0.023494860499265784
0.0 0.9677734375 0.513215859030837 0.013671875 0.027900146842878122
0.0 0.947265625 0.5572687224669604 0.013671875 0.01908957415565345
0.0 0.89013671875 0.5609397944199707 0.0107421875 0.01762114537444934
0.0 0.87841796875 0.540381791483113 0.0126953125 0.023494860499265784
0.0 0.8564453125 0.5190895741556535 0.01171875 0.024963289280469897
0.0 0.8369140625 0.5293685756240822 0.013671875 0.024963289280469897
0.0 0.86328125 0.5631424375917768 0.01171875 0.01908957415565345
0.0 0.71044921875 0.4236417033773862 0.0126953125 0.022026431718061675
0.0 0.7587890625 0.43245227606461084 0.009765625 0.022026431718061675
0.0 0.79736328125 0.43612334801762115 0.0107421875 0.01762114537444934
0.0 0.7880859375 0.4552129221732746 0.009765625 0.01762114537444934
0.0 0.7939453125 0.5014684287812041 0.01171875 0.022026431718061675
0.0 0.7890625 0.5345080763582967 0.013671875 0.023494860499265784
0.0 0.80615234375 0.5624082232011748 0.0146484375 0.023494860499265784
0.0 0.83544921875 0.6079295154185022 0.0146484375 0.032305433186490456
0.0 0.88671875 0.6468428781204112 0.017578125 0.027900146842878122
0.0 0.71533203125 0.45374449339207046 0.0107421875 0.020558002936857563
0.0 0.736328125 0.4889867841409692 0.01171875 0.020558002936857563
0.0 0.7060546875 0.49926578560939794 0.013671875 0.023494860499265784
0.0 0.68359375 0.46402349486049926 0.01171875 0.020558002936857563
0.0 0.6435546875 0.44933920704845814 0.0078125 0.014684287812041116
0.0 0.63525390625 0.4111600587371512 0.0107421875 0.01762114537444934
0.0 0.58935546875 0.4185022026431718 0.0126953125 0.023494860499265784
0.0 0.62646484375 0.4522760646108664 0.0107421875 0.020558002936857563
0.0 0.599609375 0.527165932452276 0.015625 0.02936857562408223
0.0 0.6416015625 0.5330396475770925 0.01171875 0.023494860499265784
0.0 0.66650390625 0.552863436123348 0.0146484375 0.030837004405286344
0.0 0.70947265625 0.5558002936857562 0.0166015625 0.027900146842878122
0.0 0.67431640625 0.4845814977973568 0.0107421875 0.020558002936857563
0.0 0.72216796875 0.5286343612334802 0.0126953125 0.023494860499265784
0.0 0.751953125 0.5499265785609398 0.013671875 0.027900146842878122
0.0 0.78759765625 0.6035242290748899 0.0146484375 0.02643171806167401
0.0 0.82470703125 0.6769456681350955 0.0185546875 0.0381791483113069
0.0 0.83740234375 0.6600587371512482 0.0185546875 0.039647577092511016
0.0 0.7822265625 0.6534508076358296 0.017578125 0.02936857562408223
0.0 0.75537109375 0.6490455212922174 0.0185546875 0.032305433186490456
0.0 0.7548828125 0.6189427312775331 0.015625 0.024963289280469897
0.0 0.73681640625 0.6284875183553598 0.0146484375 0.02936857562408223
0.0 0.69921875 0.6064610866372981 0.015625 0.02936857562408223
0.0 0.67578125 0.6226138032305433 0.017578125 0.032305433186490456
0.0 0.6943359375 0.6703377386196769 0.015625 0.030837004405286344
0.0 0.7451171875 0.6967694566813509 0.017578125 0.033773861967694566
0.0 0.6796875 0.697503671071953 0.021484375 0.032305433186490456
0.0 0.64794921875 0.6593245227606461 0.0185546875 0.02936857562408223
0.0 0.62646484375 0.6020558002936858 0.0166015625 0.032305433186490456
0.0 0.56005859375 0.5440528634361234 0.0107421875 0.01908957415565345
0.0 0.56689453125 0.4309838472834068 0.0146484375 0.024963289280469897
0.0 0.53955078125 0.4170337738619677 0.0087890625 0.014684287812041116
0.0 0.541015625 0.2474302496328928 0.005859375 0.010279001468428781
0.0 0.54150390625 0.1960352422907489 0.0048828125 0.010279001468428781
0.0 0.55517578125 0.19970631424375918 0.0048828125 0.00881057268722467
0.0 0.62890625 0.8083700440528634 0.017578125 0.027900146842878122
0.0 0.66650390625 0.8105726872246696 0.0244140625 0.04698972099853157
0.0 0.69384765625 0.8032305433186491 0.0185546875 0.02936857562408223
0.0 0.736328125 0.7452276064610867 0.01953125 0.03671071953010279
0.0 0.791015625 0.7481644640234949 0.029296875 0.06607929515418502
0.0 0.869140625 0.7980910425844346 0.017578125 0.03671071953010279
0.0 0.91943359375 0.7342143906020558 0.0185546875 0.0381791483113069
0.0 0.88671875 0.6901615271659325 0.015625 0.03524229074889868
0.0 0.9833984375 0.8252569750367107 0.017578125 0.03524229074889868
0.0 0.90625 0.5807635829662261 0.015625 0.024963289280469897
0.0 0.9267578125 0.5624082232011748 0.015625 0.023494860499265784
0.0 0.861328125 0.6116005873715125 0.017578125 0.024963289280469897
0.0 0.9287109375 0.6666666666666666 0.01953125 0.02936857562408223
0.0 0.95849609375 0.631424375917768 0.0185546875 0.02643171806167401
0.0 0.97705078125 0.5807635829662261 0.0166015625 0.027900146842878122
0.0 0.40087890625 0.5829662261380323 0.0185546875 0.032305433186490456
0.0 0.412109375 0.5462555066079295 0.015625 0.02643171806167401
0.0 0.43505859375 0.5580029368575624 0.0126953125 0.020558002936857563
0.0 0.4501953125 0.552863436123348 0.015625 0.033773861967694566
0.0 0.474609375 0.5587371512481645 0.015625 0.022026431718061675
0.0 0.4931640625 0.5983847283406755 0.015625 0.027900146842878122
0.0 0.47119140625 0.6321585903083701 0.0166015625 0.027900146842878122
0.0 0.51416015625 0.6424375917767988 0.0146484375 0.027900146842878122
0.0 0.5283203125 0.6365638766519823 0.01953125 0.03671071953010279
0.0 0.466796875 0.6798825256975036 0.01953125 0.032305433186490456
0.0 0.46337890625 0.7422907488986784 0.0205078125 0.030837004405286344
0.0 0.51513671875 0.7180616740088106 0.0185546875 0.032305433186490456
0.0 0.56591796875 0.76431718061674 0.0341796875 0.05726872246696035
0.0 0.2373046875 0.4500734214390602 0.013671875 0.022026431718061675
0.0 0.2763671875 0.4698972099853157 0.01171875 0.020558002936857563
0.0 0.25439453125 0.44640234948604995 0.0107421875 0.020558002936857563
0.0 0.2421875 0.4955947136563877 0.015625 0.027900146842878122
0.0 0.326171875 0.5029368575624082 0.01171875 0.022026431718061675
0.0 0.24609375 0.5704845814977973 0.017578125 0.027900146842878122
0.0 0.201171875 0.540381791483113 0.015625 0.02936857562408223
0.0 0.2060546875 0.5036710719530103 0.013671875 0.020558002936857563
0.0 0.189453125 0.473568281938326 0.01171875 0.01908957415565345
0.0 0.16650390625 0.5058737151248165 0.0166015625 0.024963289280469897
0.0 0.15869140625 0.4419970631424376 0.0126953125 0.01762114537444934
0.0 0.14404296875 0.46402349486049926 0.0126953125 0.023494860499265784
0.0 0.13671875 0.4845814977973568 0.013671875 0.023494860499265784
0.0 0.15185546875 0.5491923641703378 0.0166015625 0.02643171806167401
0.0 0.21484375 0.6093979441997063 0.017578125 0.032305433186490456
0.0 0.15283203125 0.6255506607929515 0.0166015625 0.02643171806167401
0.0 0.1630859375 0.6696035242290749 0.017578125 0.023494860499265784
0.0 0.22705078125 0.6651982378854625 0.0166015625 0.023494860499265784
0.0 0.31884765625 0.7180616740088106 0.0185546875 0.02936857562408223
0.0 0.2841796875 0.7547723935389133 0.01953125 0.03524229074889868
0.0 0.2392578125 0.7474302496328928 0.021484375 0.03524229074889868
0.0 0.22216796875 0.7173274596182085 0.0166015625 0.033773861967694566
0.0 0.20654296875 0.7709251101321586 0.0244140625 0.049926578560939794
0.0 0.1806640625 0.737151248164464 0.021484375 0.032305433186490456
0.0 0.27587890625 0.6475770925110133 0.0185546875 0.02936857562408223
0.0 0.0048828125 0.43612334801762115 0.009765625 0.020558002936857563
0.0 0.04931640625 0.4552129221732746 0.0126953125 0.023494860499265784
0.0 0.0205078125 0.4654919236417034 0.01171875 0.020558002936857563
0.0 0.0341796875 0.48384728340675476 0.01171875 0.022026431718061675
0.0 0.09423828125 0.4720998531571219 0.0126953125 0.022026431718061675
0.0 0.099609375 0.4552129221732746 0.009765625 0.020558002936857563
0.0 0.12158203125 0.5293685756240822 0.0146484375 0.027900146842878122
0.0 0.07421875 0.5073421439060205 0.015625 0.027900146842878122
0.0 0.08984375 0.539647577092511 0.015625 0.027900146842878122
0.0 0.01904296875 0.5837004405286343 0.0166015625 0.027900146842878122
0.0 0.05322265625 0.5925110132158591 0.0166015625 0.030837004405286344
0.0 0.09130859375 0.591776798825257 0.0146484375 0.02643171806167401
0.0 0.119140625 0.6292217327459618 0.017578125 0.027900146842878122
0.0 0.05908203125 0.6622613803230544 0.0185546875 0.032305433186490456
0.0 0.01806640625 0.6622613803230544 0.0185546875 0.02936857562408223
0.0 0.1005859375 0.6953010279001468 0.01953125 0.027900146842878122
0.0 0.1220703125 0.8252569750367107 0.0234375 0.0381791483113069
0.0 0.08056640625 0.7422907488986784 0.0205078125 0.030837004405286344
0.0 0.04052734375 0.7312775330396476 0.0185546875 0.02643171806167401
0.0 0.06005859375 0.9757709251101322 0.0595703125 0.048458149779735685
0.0 0.9765625 0.3377386196769457 0.005859375 0.011747430249632892
0.0 0.98046875 0.31644640234948607 0.005859375 0.013215859030837005
0.0 0.83056640625 0.5726872246696035 0.0146484375 0.020558002936857563
0.0 0.42236328125 0.6035242290748899 0.0146484375 0.02643171806167401
0.0 0.4404296875 0.5227606461086637 0.01171875 0.020558002936857563
0.0 0.2666015625 0.4500734214390602 0.009765625 0.022026431718061675
0.0 0.1923828125 0.591776798825257 0.01953125 0.02936857562408223
