0.0 0.10009765625 0.3287760416666667 0.0419921875 0.055989583333333336
0.0 0.11328125 0.267578125 0.0234375 0.03515625
0.0 0.2080078125 0.3125 0.05859375 0.09635416666666667
0.0 0.27685546875 0.341796875 0.0361328125 0.05078125
0.0 0.314453125 0.2786458333333333 0.01953125 0.026041666666666668
0.0 0.3759765625 0.3248697916666667 0.029296875 0.05078125
0.0 0.39453125 0.3046875 0.021484375 0.046875
0.0 0.3955078125 0.265625 0.025390625 0.033854166666666664
0.0 0.4306640625 0.3138020833333333 0.033203125 0.059895833333333336
0.0 0.53076171875 0.2819010416666667 0.0205078125 0.032552083333333336
0.0 0.52880859375 0.24348958333333334 0.0205078125 0.033854166666666664
0.0 0.4833984375 0.326171875 0.0546875 0.09244791666666667
0.0 0.5693359375 0.3561197916666667 0.0234375 0.04296875
0.0 0.58642578125 0.27734375 0.0244140625 0.0390625
0.0 0.61083984375 0.2747395833333333 0.0205078125 0.033854166666666664
0.0 0.626953125 0.365234375 0.02734375 0.045572916666666664
0.0 0.65771484375 0.28515625 0.0244140625 0.03125
0.0 0.67431640625 0.3561197916666667 0.0517578125 0.09244791666666667
0.0 0.7353515625 0.30859375 0.025390625 0.041666666666666664
0.0 0.76171875 0.34375 0.021484375 0.0390625
0.0 0.7587890625 0.279296875 0.01953125 0.040364583333333336
0.0 0.77734375 0.30859375 0.029296875 0.049479166666666664
0.0 0.8310546875 0.3424479166666667 0.060546875 0.10416666666666667
0.0 0.89794921875 0.3411458333333333 0.0302734375 0.052083333333333336
0.0 0.8818359375 0.306640625 0.01953125 0.029947916666666668
0.0 0.92431640625 0.3450520833333333 0.0263671875 0.0546875
0.0 0.94189453125 0.337890625 0.0185546875 0.029947916666666668
0.0 0.9892578125 0.3828125 0.021484375 0.052083333333333336
0.0 0.80322265625 0.294921875 0.0126953125 0.024739583333333332
0.0 0.5068359375 0.3391927083333333 0.025390625 0.04296875
0.0 0.14990234375 0.2760416666666667 0.0205078125 0.033854166666666664
0.0 0.93798828125 0.3287760416666667 0.0009765625 0.00390625
