0.0 0.0107421875 0.434654919236417 0.0224609375 0.05433186490455213
0.0 0.1708984375 0.4831130690161527 0.0517578125 0.11894273127753303
0.0 0.2001953125 0.3803230543318649 0.029296875 0.049926578560939794
0.0 0.4296875 0.49632892804698975 0.041015625 0.08663729809104258
0.0 0.4091796875 0.4170337738619677 0.017578125 0.032305433186490456
0.0 0.50390625 0.44933920704845814 0.013671875 0.02936857562408223
0.0 0.4990234375 0.39941262848751835 0.0107421875 0.02936857562408223
0.0 0.484375 0.38179148311306904 0.013671875 0.023494860499265784
0.0 0.466796875 0.39794419970631423 0.009765625 0.023494860499265784
0.0 0.396484375 0.32305433186490456 0.0048828125 0.010279001468428781
0.0 0.3759765625 0.3201174743024963 0.0048828125 0.010279001468428781
0.0 0.5224609375 0.38179148311306904 0.0087890625 0.022026431718061675
0.0 0.60546875 0.3832599118942731 0.0068359375 0.011747430249632892
0.0 0.58984375 0.5491923641703378 0.05859375 0.12481644640234948
0.0 0.583984375 0.43171806167400884 0.017578125 0.04405286343612335
0.0 0.66796875 0.3935389133627019 0.0283203125 0.05433186490455213
0.0 0.611328125 0.3920704845814978 0.01171875 0.02643171806167401
0.0 0.7578125 0.3832599118942731 0.015625 0.032305433186490456
0.0 0.802734375 0.3803230543318649 0.01171875 0.03671071953010279
0.0 0.7451171875 0.36270190895741555 0.0068359375 0.01908957415565345
0.0 0.548828125 0.3568281938325991 0.0078125 0.01762114537444934
0.0 0.568359375 0.3377386196769457 0.0068359375 0.011747430249632892
0.0 0.857421875 0.4170337738619677 0.0205078125 0.048458149779735685
0.0 0.8896484375 0.4419970631424376 0.0224609375 0.04405286343612335
0.0 0.9130859375 0.39060205580029367 0.0166015625 0.0381791483113069
0.0 0.9501953125 0.4067547723935389 0.0166015625 0.03524229074889868
0.0 0.970703125 0.3832599118942731 0.0126953125 0.02643171806167401
0.0 0.8935546875 0.5756240822320118 0.052734375 0.11013215859030837
0.0 0.63671875 0.4185022026431718 0.0166015625 0.03524229074889868
