0.0 0.0 0.5967741935483871 0.0087890625 0.036656891495601175
0.0 0.033203125 0.6011730205278593 0.0146484375 0.024926686217008796
0.0 0.05859375 0.6070381231671554 0.013671875 0.03225806451612903
0.0 0.0703125 0.6304985337243402 0.0107421875 0.021994134897360705
0.0 0.0830078125 0.6436950146627566 0.0126953125 0.02785923753665689
0.0 0.078125 0.5953079178885631 0.013671875 0.024926686217008796
0.0 0.1005859375 0.5953079178885631 0.0185546875 0.039589442815249266
0.0 0.1201171875 0.6085043988269795 0.017578125 0.030791788856304986
0.0 0.1435546875 0.6275659824046921 0.0107421875 0.01906158357771261
0.0 0.1494140625 0.6085043988269795 0.0126953125 0.021994134897360705
0.0 0.16015625 0.6114369501466276 0.0166015625 0.03519061583577713
0.0 0.11328125 0.5718475073313783 0.0126953125 0.021994134897360705
0.0 0.0087890625 0.8284457478005866 0.0283203125 0.05718475073313783
0.0 0.1357421875 0.9237536656891495 0.037109375 0.0718475073313783
0.0 0.001953125 0.7727272727272727 0.0087890625 0.03519061583577713
0.0 0.0107421875 0.7668621700879765 0.009765625 0.02346041055718475
0.0 0.0439453125 0.8343108504398827 0.0107421875 0.02785923753665689
0.0 0.0537109375 0.8636363636363636 0.021484375 0.04105571847507331
0.0 0.1318359375 0.7976539589442815 0.015625 0.03372434017595308
0.0 0.056640625 0.7947214076246334 0.0146484375 0.030791788856304986
0.0 0.1953125 0.5615835777126099 0.03515625 0.06304985337243402
0.0 0.2373046875 0.5850439882697948 0.009765625 0.01466275659824047
0.0 0.2744140625 0.6480938416422287 0.0107421875 0.024926686217008796
0.0 0.2978515625 0.6436950146627566 0.0166015625 0.024926686217008796
0.0 0.3193359375 0.6466275659824047 0.0185546875 0.03372434017595308
0.0 0.2529296875 0.8343108504398827 0.01953125 0.04252199413489736
0.0 0.2646484375 0.7961876832844574 0.0146484375 0.030791788856304986
0.0 0.306640625 0.7771260997067448 0.017578125 0.03225806451612903
0.0 0.296875 0.7947214076246334 0.017578125 0.02932551319648094
0.0 0.3701171875 0.8460410557184751 0.0263671875 0.04985337243401759
0.0 0.3828125 0.8064516129032258 0.0185546875 0.036656891495601175
0.0 0.375 0.7947214076246334 0.013671875 0.02785923753665689
0.0 0.3701171875 0.7976539589442815 0.01171875 0.024926686217008796
0.0 0.3369140625 0.6363636363636364 0.0126953125 0.02346041055718475
0.0 0.373046875 0.592375366568915 0.0078125 0.016129032258064516
0.0 0.373046875 0.6070381231671554 0.01171875 0.02346041055718475
0.0 0.35546875 0.6451612903225806 0.015625 0.03372434017595308
0.0 0.3662109375 0.6290322580645161 0.013671875 0.02785923753665689
0.0 0.384765625 0.6231671554252199 0.0107421875 0.02346041055718475
0.0 0.3837890625 0.6539589442815249 0.015625 0.02932551319648094
0.0 0.4052734375 0.6510263929618768 0.0146484375 0.02346041055718475
0.0 0.4189453125 0.6524926686217009 0.0107421875 0.024926686217008796
0.0 0.4365234375 0.6275659824046921 0.0126953125 0.026392961876832845
0.0 0.41796875 0.7888563049853372 0.0205078125 0.039589442815249266
0.0 0.43359375 0.7888563049853372 0.015625 0.02932551319648094
0.0 0.4560546875 0.7712609970674487 0.013671875 0.02785923753665689
0.0 0.4716796875 0.7903225806451613 0.017578125 0.030791788856304986
0.0 0.4892578125 0.8005865102639296 0.0166015625 0.02785923753665689
0.0 0.521484375 0.7917888563049853 0.0166015625 0.030791788856304986
0.0 0.529296875 0.7624633431085044 0.009765625 0.021994134897360705
0.0 0.5400390625 0.782991202346041 0.0146484375 0.03225806451612903
0.0 0.5234375 0.8225806451612904 0.0234375 0.045454545454545456
0.0 0.4482421875 0.8548387096774194 0.021484375 0.04252199413489736
0.0 0.4775390625 0.844574780058651 0.0283203125 0.05278592375366569
0.0 0.501953125 0.9384164222873901 0.0283203125 0.05718475073313783
0.0 0.515625 0.9193548387096774 0.0400390625 0.07331378299120235
0.0 0.4443359375 0.6217008797653959 0.01171875 0.024926686217008796
0.0 0.4609375 0.6334310850439883 0.0126953125 0.024926686217008796
0.0 0.5029296875 0.6510263929618768 0.0126953125 0.026392961876832845
0.0 0.5234375 0.6510263929618768 0.01171875 0.020527859237536656
0.0 0.525390625 0.6187683284457478 0.0078125 0.02346041055718475
0.0 0.5400390625 0.6392961876832844 0.009765625 0.01906158357771261
0.0 0.544921875 0.6656891495601173 0.0087890625 0.016129032258064516
0.0 0.5576171875 0.655425219941349 0.0107421875 0.020527859237536656
0.0 0.5751953125 0.6348973607038123 0.0087890625 0.021994134897360705
0.0 0.5693359375 0.7639296187683284 0.0146484375 0.024926686217008796
0.0 0.5546875 0.8005865102639296 0.0146484375 0.02932551319648094
0.0 0.5908203125 0.7741935483870968 0.0146484375 0.02785923753665689
0.0 0.609375 0.7697947214076246 0.009765625 0.02346041055718475
0.0 0.6337890625 0.7697947214076246 0.013671875 0.024926686217008796
0.0 0.6025390625 0.8005865102639296 0.015625 0.039589442815249266
0.0 0.6083984375 0.8240469208211144 0.0224609375 0.04105571847507331
0.0 0.615234375 0.8988269794721407 0.017578125 0.04252199413489736
0.0 0.5556640625 0.8123167155425219 0.0205078125 0.04838709677419355
0.0 0.5615234375 0.8401759530791789 0.0283203125 0.05278592375366569
0.0 0.6474609375 0.9281524926686217 0.025390625 0.05278592375366569
0.0 0.65625 0.9222873900293255 0.037109375 0.07331378299120235
0.0 0.6591796875 0.7903225806451613 0.013671875 0.02785923753665689
0.0 0.66796875 0.8225806451612904 0.013671875 0.024926686217008796
0.0 0.68359375 0.7771260997067448 0.0078125 0.021994134897360705
0.0 0.6953125 0.7741935483870968 0.0107421875 0.01906158357771261
0.0 0.6630859375 0.8695014662756598 0.0244140625 0.03225806451612903
0.0 0.6875 0.8533724340175953 0.0185546875 0.051319648093841645
0.0 0.69140625 0.8885630498533724 0.0283203125 0.045454545454545456
0.0 0.7265625 0.782991202346041 0.015625 0.03812316715542522
0.0 0.751953125 0.7961876832844574 0.015625 0.026392961876832845
0.0 0.7373046875 0.8489736070381232 0.0283203125 0.045454545454545456
0.0 0.71484375 0.8167155425219942 0.0185546875 0.03812316715542522
0.0 0.591796875 0.6275659824046921 0.0107421875 0.02346041055718475
0.0 0.62109375 0.6480938416422287 0.0087890625 0.021994134897360705
0.0 0.6259765625 0.6642228739002932 0.0107421875 0.020527859237536656
0.0 0.6357421875 0.6495601173020528 0.0107421875 0.01906158357771261
0.0 0.6435546875 0.6378299120234604 0.0087890625 0.01906158357771261
0.0 0.6806640625 0.6407624633431085 0.0107421875 0.02346041055718475
0.0 0.7021484375 0.6715542521994134 0.0087890625 0.01466275659824047
0.0 0.693359375 0.6788856304985337 0.0087890625 0.01906158357771261
0.0 0.671875 0.6451612903225806 0.0068359375 0.016129032258064516
0.0 0.7216796875 0.6510263929618768 0.0078125 0.01906158357771261
0.0 0.7392578125 0.6407624633431085 0.009765625 0.026392961876832845
0.0 0.755859375 0.658357771260997 0.0087890625 0.021994134897360705
0.0 0.767578125 0.6378299120234604 0.0087890625 0.020527859237536656
0.0 0.7685546875 0.6304985337243402 0.009765625 0.020527859237536656
0.0 0.7919921875 0.6363636363636364 0.009765625 0.01906158357771261
0.0 0.80078125 0.658357771260997 0.01171875 0.026392961876832845
0.0 0.8125 0.6466275659824047 0.009765625 0.01906158357771261
0.0 0.751953125 0.5997067448680352 0.0068359375 0.013196480938416423
0.0 0.734375 0.6011730205278593 0.0078125 0.016129032258064516
0.0 0.7822265625 0.6422287390029325 0.0078125 0.011730205278592375
0.0 0.74609375 0.6422287390029325 0.009765625 0.01466275659824047
0.0 0.82421875 0.6495601173020528 0.009765625 0.01906158357771261
0.0 0.826171875 0.6422287390029325 0.0087890625 0.01466275659824047
0.0 0.859375 0.658357771260997 0.0078125 0.017595307917888565
0.0 0.8583984375 0.6392961876832844 0.0078125 0.016129032258064516
0.0 0.833984375 0.6964809384164223 0.0087890625 0.02346041055718475
0.0 0.900390625 0.6436950146627566 0.009765625 0.02346041055718475
0.0 0.9208984375 0.6671554252199413 0.0078125 0.016129032258064516
0.0 0.9423828125 0.6480938416422287 0.009765625 0.017595307917888565
0.0 0.9345703125 0.6495601173020528 0.0068359375 0.013196480938416423
0.0 0.970703125 0.6334310850439883 0.0087890625 0.016129032258064516
0.0 0.9853515625 0.6539589442815249 0.0087890625 0.01906158357771261
0.0 0.97265625 0.6671554252199413 0.0087890625 0.017595307917888565
0.0 0.9912109375 0.6627565982404692 0.0087890625 0.01906158357771261
0.0 0.9462890625 0.7580645161290323 0.0146484375 0.02785923753665689
0.0 0.9189453125 0.7624633431085044 0.013671875 0.02346041055718475
0.0 0.873046875 0.7932551319648093 0.015625 0.02785923753665689
0.0 0.7685546875 0.7683284457478006 0.0078125 0.01906158357771261
0.0 0.7783203125 0.7741935483870968 0.013671875 0.02785923753665689
0.0 0.779296875 0.8093841642228738 0.0166015625 0.030791788856304986
0.0 0.78125 0.844574780058651 0.0107421875 0.021994134897360705
0.0 0.7587890625 0.9017595307917888 0.0234375 0.04838709677419355
0.0 0.7900390625 0.7653958944281525 0.01171875 0.017595307917888565
0.0 0.818359375 0.7844574780058651 0.013671875 0.02346041055718475
0.0 0.8134765625 0.8607038123167156 0.021484375 0.039589442815249266
0.0 0.8193359375 0.7595307917888563 0.0126953125 0.020527859237536656
0.0 0.8310546875 0.7771260997067448 0.0107421875 0.01906158357771261
0.0 0.8408203125 0.7844574780058651 0.0146484375 0.02785923753665689
0.0 0.8486328125 0.8123167155425219 0.0205078125 0.039589442815249266
0.0 0.8994140625 0.8123167155425219 0.017578125 0.039589442815249266
0.0 0.90625 0.8357771260997068 0.0205078125 0.04252199413489736
0.0 0.8955078125 0.7375366568914956 0.0087890625 0.01906158357771261
0.0 0.9287109375 0.7624633431085044 0.0126953125 0.02785923753665689
0.0 0.98046875 0.7771260997067448 0.0126953125 0.02932551319648094
0.0 0.9794921875 0.8093841642228738 0.0205078125 0.04252199413489736
0.0 0.9619140625 0.8255131964809385 0.021484375 0.03812316715542522
0.0 0.9501953125 0.8680351906158358 0.03515625 0.06744868035190615
0.0 0.95703125 0.9120234604105572 0.033203125 0.06598240469208211
