0.0 0.96875 0.14322916666666666 0.02734375 0.057291666666666664
0.0 0.90234375 0.11284722222222222 0.03125 0.05555555555555555
0.0 0.9248046875 0.06510416666666667 0.03515625 0.06076388888888889
0.0 0.91015625 0.1657986111111111 0.03515625 0.0642361111111111
0.0 0.84716796875 0.109375 0.0322265625 0.0625
0.0 0.85302734375 0.035590277777777776 0.0224609375 0.046875
0.0 0.80322265625 0.10590277777777778 0.0341796875 0.06597222222222222
0.0 0.9052734375 0.2482638888888889 0.033203125 0.06597222222222222
0.0 0.86474609375 0.2803819444444444 0.0419921875 0.07465277777777778
0.0 0.73583984375 0.11979166666666667 0.0341796875 0.07291666666666667
0.0 0.7490234375 0.08854166666666667 0.025390625 0.05555555555555555
0.0 0.6962890625 0.1545138888888889 0.03125 0.06944444444444445
0.0 0.77197265625 0.2578125 0.0380859375 0.06770833333333333
0.0 0.72265625 0.28125 0.041015625 0.0798611111111111
0.0 0.65380859375 0.21006944444444445 0.0302734375 0.05555555555555555
0.0 0.630859375 0.059027777777777776 0.03125 0.0625
0.0 0.59716796875 0.04079861111111111 0.0283203125 0.050347222222222224
0.0 0.60107421875 0.11805555555555555 0.0283203125 0.059027777777777776
0.0 0.5791015625 0.1623263888888889 0.03515625 0.06770833333333333
0.0 0.58935546875 0.2864583333333333 0.0341796875 0.06597222222222222
0.0 0.4833984375 0.2170138888888889 0.033203125 0.07291666666666667
0.0 0.51806640625 0.059895833333333336 0.0341796875 0.06770833333333333
0.0 0.55810546875 0.06684027777777778 0.0283203125 0.06076388888888889
0.0 0.490234375 0.03732638888888889 0.0234375 0.046875
0.0 0.4931640625 0.1623263888888889 0.0234375 0.046875
0.0 0.44091796875 0.0859375 0.0302734375 0.06076388888888889
0.0 0.416015625 0.1371527777777778 0.03125 0.05555555555555555
0.0 0.39794921875 0.10416666666666667 0.0341796875 0.04861111111111111
0.0 0.3916015625 0.028645833333333332 0.025390625 0.050347222222222224
0.0 0.341796875 0.044270833333333336 0.03515625 0.06076388888888889
0.0 0.29443359375 0.043402777777777776 0.0322265625 0.0625
0.0 0.3134765625 0.1111111111111111 0.03125 0.05555555555555555
0.0 0.36572265625 0.15364583333333334 0.0361328125 0.06076388888888889
0.0 0.294921875 0.16145833333333334 0.03125 0.0625
0.0 0.353515625 0.21614583333333334 0.033203125 0.057291666666666664
0.0 0.31689453125 0.2152777777777778 0.0322265625 0.05555555555555555
0.0 0.189453125 0.0703125 0.029296875 0.057291666666666664
0.0 0.06103515625 0.06684027777777778 0.0302734375 0.06076388888888889
0.0 0.1416015625 0.08506944444444445 0.03515625 0.06597222222222222
0.0 0.115234375 0.0876736111111111 0.02734375 0.06076388888888889
0.0 0.2265625 0.1328125 0.033203125 0.0642361111111111
0.0 0.232421875 0.0859375 0.029296875 0.05381944444444445
0.0 0.2431640625 0.06076388888888889 0.02734375 0.052083333333333336
0.0 0.03857421875 0.10503472222222222 0.0302734375 0.05381944444444445
0.0 0.025390625 0.025173611111111112 0.021484375 0.046875
0.0 0.087890625 0.13194444444444445 0.03125 0.06597222222222222
0.0 0.16552734375 0.12760416666666666 0.0322265625 0.06076388888888889
0.0 0.17578125 0.1996527777777778 0.04296875 0.0763888888888889
0.0 0.1513671875 0.1953125 0.03515625 0.07118055555555555
0.0 0.0537109375 0.18489583333333334 0.033203125 0.07465277777777778
0.0 0.24853515625 0.22395833333333334 0.0380859375 0.0763888888888889
0.0 0.826171875 0.4149305555555556 0.048828125 0.08680555555555555
0.0 0.7568359375 0.4270833333333333 0.044921875 0.08333333333333333
0.0 0.75390625 0.5546875 0.04296875 0.109375
0.0 0.818359375 0.5347222222222222 0.044921875 0.10416666666666667
0.0 0.8701171875 0.375 0.037109375 0.07291666666666667
0.0 0.78759765625 0.3255208333333333 0.0341796875 0.057291666666666664
0.0 0.7177734375 0.3940972222222222 0.0390625 0.09027777777777778
0.0 0.677734375 0.3350694444444444 0.037109375 0.08680555555555555
0.0 0.609375 0.3654513888888889 0.03515625 0.07118055555555555
0.0 0.59765625 0.4565972222222222 0.044921875 0.09027777777777778
0.0 0.990234375 0.4227430555555556 0.017578125 0.08506944444444445
0.0 0.91552734375 0.4869791666666667 0.0458984375 0.0954861111111111
0.0 0.9248046875 0.6380208333333334 0.05078125 0.10243055555555555
0.0 0.6103515625 0.6336805555555556 0.046875 0.10069444444444445
0.0 0.5361328125 0.4227430555555556 0.03125 0.07465277777777778
0.0 0.42626953125 0.5 0.0537109375 0.09375
0.0 0.4677734375 0.5095486111111112 0.041015625 0.08854166666666667
0.0 0.42236328125 0.3220486111111111 0.0400390625 0.08506944444444445
0.0 0.5029296875 0.8914930555555556 0.044921875 0.1371527777777778
0.0 0.30712890625 0.8177083333333334 0.0615234375 0.13194444444444445
0.0 0.396484375 0.6006944444444444 0.05078125 0.10416666666666667
0.0 0.361328125 0.5355902777777778 0.041015625 0.08506944444444445
0.0 0.36474609375 0.4644097222222222 0.0341796875 0.0642361111111111
0.0 0.32763671875 0.2907986111111111 0.0439453125 0.08506944444444445
0.0 0.2626953125 0.2847222222222222 0.03515625 0.06597222222222222
0.0 0.25244140625 0.3515625 0.0380859375 0.078125
0.0 0.25146484375 0.4166666666666667 0.0478515625 0.08333333333333333
0.0 0.13623046875 0.3159722222222222 0.0341796875 0.06597222222222222
0.0 0.1552734375 0.3932291666666667 0.0390625 0.07118055555555555
0.0 0.078125 0.4505208333333333 0.033203125 0.06076388888888889
0.0 0.22607421875 0.6128472222222222 0.0595703125 0.11805555555555555
0.0 0.2001953125 0.5043402777777778 0.044921875 0.0920138888888889
0.0 0.142578125 0.7378472222222222 0.0546875 0.11458333333333333
0.0 0.03515625 0.6762152777777778 0.03515625 0.10243055555555555
0.0 0.0576171875 0.8585069444444444 0.044921875 0.11284722222222222
0.0 0.38623046875 0.2230902777777778 0.0185546875 0.046875
0.0 0.94482421875 0.3871527777777778 0.0322265625 0.06944444444444445
0.0 0.013671875 0.4340277777777778 0.02734375 0.08333333333333333
0.0 0.0107421875 0.2690972222222222 0.021484375 0.0625
0.0 0.0078125 0.16145833333333334 0.015625 0.07291666666666667
0.0 0.75244140625 0.043402777777777776 0.0244140625 0.07291666666666667
0.0 0.67919921875 0.013020833333333334 0.0283203125 0.026041666666666668
