0.0 0.740234375 0.4837239583333333 0.03515625 0.05859375
0.0 0.62060546875 0.4908854166666667 0.0322265625 0.059895833333333336
0.0 0.50341796875 0.474609375 0.0400390625 0.06380208333333333
0.0 0.7919921875 0.3216145833333333 0.021484375 0.028645833333333332
0.0 0.73681640625 0.3268229166666667 0.0185546875 0.026041666666666668
0.0 0.6552734375 0.3313802083333333 0.017578125 0.032552083333333336
0.0 0.2470703125 0.4908854166666667 0.041015625 0.0703125
0.0 0.38037109375 0.43359375 0.0283203125 0.044270833333333336
0.0 0.3076171875 0.3203125 0.017578125 0.03125
0.0 0.19970703125 0.3684895833333333 0.0224609375 0.033854166666666664
0.0 0.1435546875 0.462890625 0.017578125 0.032552083333333336
0.0 0.076171875 0.396484375 0.0234375 0.048177083333333336
0.0 0.48046875 0.3274739583333333 0.009765625 0.016927083333333332
0.0 0.9443359375 0.33203125 0.009765625 0.018229166666666668
0.0 0.97705078125 0.322265625 0.0068359375 0.014322916666666666
0.0 0.2587890625 0.4075520833333333 0.025390625 0.041666666666666664
