0.0 0.359375 0.3099870298313878 0.00390625 0.009079118028534372
0.0 0.3818359375 0.3099870298313878 0.00390625 0.007782101167315175
0.0 0.3955078125 0.32555123216601817 0.00390625 0.009079118028534372
0.0 0.359375 0.3229571984435798 0.00390625 0.009079118028534372
0.0 0.3701171875 0.3553826199740597 0.0068359375 0.011673151750972763
0.0 0.3837890625 0.3346303501945525 0.00390625 0.00648508430609598
0.0 0.37890625 0.3463035019455253 0.0078125 0.011673151750972763
0.0 0.39453125 0.3540856031128405 0.005859375 0.009079118028534372
0.0 0.4111328125 0.3450064850843061 0.0068359375 0.01556420233463035
0.0 0.416015625 0.36964980544747084 0.0078125 0.011673151750972763
0.0 0.4384765625 0.3229571984435798 0.0048828125 0.009079118028534372
0.0 0.447265625 0.33852140077821014 0.0068359375 0.007782101167315175
0.0 0.4326171875 0.3852140077821012 0.009765625 0.01556420233463035
0.0 0.447265625 0.35149156939040205 0.005859375 0.009079118028534372
0.0 0.42578125 0.3346303501945525 0.00390625 0.00648508430609598
0.0 0.455078125 0.3540856031128405 0.005859375 0.010376134889753566
0.0 0.470703125 0.3203631647211414 0.0029296875 0.00648508430609598
0.0 0.46875 0.36835278858625164 0.005859375 0.009079118028534372
0.0 0.4853515625 0.3346303501945525 0.0078125 0.009079118028534372
0.0 0.490234375 0.3553826199740597 0.0087890625 0.011673151750972763
0.0 0.4951171875 0.3450064850843061 0.0048828125 0.009079118028534372
0.0 0.5029296875 0.3553826199740597 0.005859375 0.01297016861219196
0.0 0.482421875 0.3164721141374838 0.00390625 0.00648508430609598
0.0 0.5 0.3203631647211414 0.0048828125 0.00648508430609598
0.0 0.3779296875 0.4085603112840467 0.0068359375 0.014267185473411154
0.0 0.39453125 0.3981841763942931 0.0078125 0.018158236057068743
0.0 0.453125 0.4033722438391699 0.0068359375 0.009079118028534372
0.0 0.48046875 0.4059662775616083 0.005859375 0.01297016861219196
0.0 0.47265625 0.40077821011673154 0.005859375 0.014267185473411154
0.0 0.4892578125 0.36835278858625164 0.005859375 0.01297016861219196
0.0 0.5146484375 0.35667963683527887 0.0068359375 0.011673151750972763
0.0 0.4931640625 0.4046692607003891 0.0068359375 0.01556420233463035
0.0 0.49609375 0.38780804150453957 0.0068359375 0.010376134889753566
0.0 0.509765625 0.38261997405966275 0.0078125 0.01297016861219196
0.0 0.5205078125 0.3450064850843061 0.0048828125 0.009079118028534372
0.0 0.5341796875 0.36186770428015563 0.0068359375 0.009079118028534372
0.0 0.537109375 0.35149156939040205 0.00390625 0.009079118028534372
0.0 0.53125 0.38132295719844356 0.0068359375 0.011673151750972763
0.0 0.55078125 0.35667963683527887 0.00390625 0.007782101167315175
0.0 0.505859375 0.41374837872892345 0.0068359375 0.011673151750972763
0.0 0.53125 0.4098573281452659 0.0078125 0.016861219195849545
0.0 0.546875 0.37094682230869 0.0068359375 0.011673151750972763
0.0 0.5498046875 0.39169909208819714 0.0107421875 0.01556420233463035
0.0 0.5517578125 0.42023346303501946 0.0087890625 0.01297016861219196
0.0 0.5693359375 0.3670557717250324 0.0048828125 0.009079118028534372
0.0 0.5849609375 0.3670557717250324 0.0078125 0.007782101167315175
0.0 0.603515625 0.41893644617380027 0.0078125 0.01556420233463035
0.0 0.5966796875 0.36186770428015563 0.0068359375 0.014267185473411154
0.0 0.5146484375 0.4409857328145266 0.0107421875 0.01556420233463035
0.0 0.5654296875 0.4163424124513619 0.005859375 0.014267185473411154
0.0 0.609375 0.3476005188067445 0.005859375 0.01297016861219196
0.0 0.609375 0.364461738002594 0.005859375 0.011673151750972763
0.0 0.625 0.377431906614786 0.0068359375 0.016861219195849545
0.0 0.646484375 0.38261997405966275 0.0087890625 0.011673151750972763
0.0 0.65625 0.3527885862516213 0.0048828125 0.010376134889753566
0.0 0.6240234375 0.36186770428015563 0.0048828125 0.010376134889753566
0.0 0.6513671875 0.33852140077821014 0.0048828125 0.010376134889753566
0.0 0.6708984375 0.3657587548638132 0.0068359375 0.010376134889753566
0.0 0.6884765625 0.3722438391699092 0.0068359375 0.010376134889753566
0.0 0.697265625 0.35019455252918286 0.0048828125 0.009079118028534372
0.0 0.7060546875 0.35797665369649806 0.0078125 0.010376134889753566
0.0 0.7138671875 0.39299610894941633 0.0068359375 0.010376134889753566
0.0 0.732421875 0.4085603112840467 0.0078125 0.01297016861219196
0.0 0.705078125 0.3722438391699092 0.0068359375 0.014267185473411154
0.0 0.7197265625 0.3787289234760052 0.0078125 0.01556420233463035
0.0 0.7294921875 0.35019455252918286 0.0068359375 0.010376134889753566
0.0 0.7294921875 0.3333333333333333 0.005859375 0.010376134889753566
0.0 0.8134765625 0.3359273670557717 0.0048828125 0.010376134889753566
0.0 0.767578125 0.38132295719844356 0.0068359375 0.011673151750972763
0.0 0.7744140625 0.3631647211413748 0.005859375 0.009079118028534372
0.0 0.7568359375 0.3735408560311284 0.0078125 0.014267185473411154
0.0 0.77734375 0.40077821011673154 0.0078125 0.01297016861219196
0.0 0.7841796875 0.41115434500648507 0.0078125 0.01297016861219196
0.0 0.791015625 0.4033722438391699 0.0078125 0.010376134889753566
0.0 0.796875 0.38002594033722437 0.0107421875 0.018158236057068743
0.0 0.7998046875 0.43060959792477305 0.0087890625 0.01556420233463035
0.0 0.8095703125 0.41245136186770426 0.009765625 0.011673151750972763
0.0 0.8193359375 0.4163424124513619 0.0078125 0.01297016861219196
0.0 0.84375 0.4383916990920882 0.0107421875 0.014267185473411154
0.0 0.8251953125 0.3942931258106355 0.005859375 0.011673151750972763
0.0 0.841796875 0.3955901426718547 0.0087890625 0.014267185473411154
0.0 0.802734375 0.33852140077821014 0.0048828125 0.010376134889753566
0.0 0.818359375 0.3787289234760052 0.0068359375 0.011673151750972763
0.0 0.83203125 0.36835278858625164 0.0078125 0.010376134889753566
0.0 0.8642578125 0.3553826199740597 0.0048828125 0.007782101167315175
0.0 0.8896484375 0.35019455252918286 0.005859375 0.010376134889753566
0.0 0.884765625 0.38002594033722437 0.0078125 0.01556420233463035
0.0 0.861328125 0.38780804150453957 0.0078125 0.01297016861219196
0.0 0.89453125 0.3735408560311284 0.0068359375 0.010376134889753566
0.0 0.888671875 0.4163424124513619 0.0087890625 0.01297016861219196
0.0 0.87890625 0.44357976653696496 0.009765625 0.014267185473411154
0.0 0.8671875 0.4267185473411154 0.0087890625 0.018158236057068743
0.0 0.91015625 0.40207522697795073 0.0107421875 0.014267185473411154
0.0 0.9228515625 0.3657587548638132 0.0087890625 0.01297016861219196
0.0 0.94140625 0.383916990920882 0.0087890625 0.01297016861219196
0.0 0.9345703125 0.41893644617380027 0.0078125 0.014267185473411154
0.0 0.953125 0.4396887159533074 0.01171875 0.01556420233463035
0.0 0.9326171875 0.45525291828793774 0.0087890625 0.011673151750972763
0.0 0.9140625 0.44487678339818415 0.0087890625 0.010376134889753566
0.0 0.9140625 0.46433203631647213 0.0107421875 0.014267185473411154
0.0 0.8779296875 0.4682230869001297 0.01171875 0.018158236057068743
0.0 0.8896484375 0.45525291828793774 0.0107421875 0.01556420233463035
0.0 0.5009765625 0.46303501945525294 0.0107421875 0.016861219195849545
0.0 0.52734375 0.49286640726329445 0.0107421875 0.01556420233463035
0.0 0.5361328125 0.4656290531776913 0.0087890625 0.014267185473411154
0.0 0.5537109375 0.45136186770428016 0.009765625 0.014267185473411154
0.0 0.546875 0.5330739299610895 0.01171875 0.020752269779507133
0.0 0.587890625 0.48508430609597925 0.009765625 0.011673151750972763
0.0 0.5478515625 0.48508430609597925 0.0078125 0.01297016861219196
0.0 0.5927734375 0.437094682230869 0.005859375 0.01556420233463035
0.0 0.6044921875 0.4474708171206226 0.009765625 0.018158236057068743
0.0 0.63671875 0.4345006485084306 0.0078125 0.01297016861219196
0.0 0.640625 0.46173800259403375 0.0087890625 0.011673151750972763
0.0 0.6396484375 0.4773022049286641 0.01171875 0.016861219195849545
0.0 0.6611328125 0.4669260700389105 0.0068359375 0.016861219195849545
0.0 0.6669921875 0.4785992217898833 0.0107421875 0.01297016861219196
0.0 0.69140625 0.48508430609597925 0.009765625 0.016861219195849545
0.0 0.6953125 0.4669260700389105 0.009765625 0.01556420233463035
0.0 0.70703125 0.4695201037613489 0.0107421875 0.01556420233463035
0.0 0.7236328125 0.45525291828793774 0.009765625 0.01556420233463035
0.0 0.697265625 0.5343709468223087 0.0126953125 0.02204928664072633
0.0 0.7255859375 0.49546044098573283 0.009765625 0.018158236057068743
0.0 0.73046875 0.5330739299610895 0.01171875 0.016861219195849545
0.0 0.7119140625 0.5538261997405967 0.01171875 0.01556420233463035
0.0 0.7236328125 0.556420233463035 0.0146484375 0.02204928664072633
0.0 0.7431640625 0.47341115434500647 0.0087890625 0.016861219195849545
0.0 0.7548828125 0.47600518806744485 0.009765625 0.014267185473411154
0.0 0.74609375 0.45525291828793774 0.009765625 0.014267185473411154
0.0 0.744140625 0.5447470817120622 0.0107421875 0.020752269779507133
0.0 0.7568359375 0.5512321660181583 0.0087890625 0.020752269779507133
0.0 0.6767578125 0.5590142671854734 0.0107421875 0.02204928664072633
0.0 0.626953125 0.5369649805447471 0.009765625 0.018158236057068743
0.0 0.638671875 0.5512321660181583 0.0107421875 0.016861219195849545
0.0 0.6005859375 0.522697795071336 0.0087890625 0.016861219195849545
0.0 0.611328125 0.5356679636835279 0.009765625 0.01556420233463035
0.0 0.5810546875 0.5590142671854734 0.013671875 0.019455252918287938
0.0 0.3974609375 0.5317769130998703 0.009765625 0.01556420233463035
0.0 0.3994140625 0.5797665369649806 0.0126953125 0.020752269779507133
0.0 0.3955078125 0.6316472114137484 0.0126953125 0.023346303501945526
0.0 0.4462890625 0.6264591439688716 0.013671875 0.023346303501945526
0.0 0.447265625 0.5836575875486382 0.0107421875 0.023346303501945526
0.0 0.458984375 0.6044098573281452 0.013671875 0.019455252918287938
0.0 0.474609375 0.5797665369649806 0.01171875 0.016861219195849545
0.0 0.4736328125 0.6186770428015564 0.0126953125 0.01556420233463035
0.0 0.50390625 0.5525291828793775 0.0107421875 0.019455252918287938
0.0 0.5283203125 0.5940337224383917 0.015625 0.019455252918287938
0.0 0.4912109375 0.5239948119325551 0.01171875 0.014267185473411154
0.0 0.48046875 0.5460440985732814 0.009765625 0.019455252918287938
0.0 0.5439453125 0.562905317769131 0.01171875 0.02204928664072633
0.0 0.4921875 0.6536964980544747 0.013671875 0.020752269779507133
0.0 0.5048828125 0.6329442282749675 0.0107421875 0.018158236057068743
0.0 0.5517578125 0.642023346303502 0.0126953125 0.020752269779507133
0.0 0.556640625 0.5862516212710766 0.0087890625 0.016861219195849545
0.0 0.521484375 0.6251621271076524 0.0087890625 0.018158236057068743
0.0 0.296875 0.6653696498054474 0.015625 0.023346303501945526
0.0 0.2646484375 0.6549935149156939 0.013671875 0.02204928664072633
0.0 0.291015625 0.6329442282749675 0.0087890625 0.018158236057068743
0.0 0.326171875 0.6511024643320363 0.0146484375 0.019455252918287938
0.0 0.2587890625 0.7185473411154345 0.015625 0.02464332036316472
0.0 0.2900390625 0.7211413748378729 0.0146484375 0.027237354085603113
0.0 0.357421875 0.7120622568093385 0.0166015625 0.0311284046692607
0.0 0.37890625 0.7380025940337225 0.015625 0.02594033722438392
0.0 0.373046875 0.6562905317769131 0.013671875 0.027237354085603113
0.0 0.34765625 0.622568093385214 0.01171875 0.023346303501945526
0.0 0.3369140625 0.6173800259403373 0.0107421875 0.020752269779507133
0.0 0.375 0.5901426718547341 0.0078125 0.016861219195849545
0.0 0.3271484375 0.74189364461738 0.009765625 0.018158236057068743
0.0 0.22265625 0.6549935149156939 0.01171875 0.023346303501945526
0.0 0.193359375 0.6964980544747081 0.015625 0.02594033722438392
0.0 0.20703125 0.6212710765239948 0.0107421875 0.020752269779507133
0.0 0.0048828125 0.6653696498054474 0.015625 0.02594033722438392
0.0 0.01171875 0.728923476005188 0.017578125 0.027237354085603113
0.0 0.03515625 0.7315175097276264 0.01171875 0.02204928664072633
0.0 0.0478515625 0.7626459143968871 0.0166015625 0.027237354085603113
0.0 0.0546875 0.6511024643320363 0.009765625 0.016861219195849545
0.0 0.0673828125 0.6770428015564203 0.0146484375 0.018158236057068743
0.0 0.0673828125 0.708171206225681 0.0126953125 0.018158236057068743
0.0 0.0927734375 0.7600518806744487 0.0166015625 0.028534370946822308
0.0 0.08203125 0.77431906614786 0.01171875 0.023346303501945526
0.0 0.1474609375 0.6796368352788587 0.0126953125 0.027237354085603113
0.0 0.126953125 0.7509727626459144 0.009765625 0.018158236057068743
0.0 0.1640625 0.6809338521400778 0.013671875 0.023346303501945526
0.0 0.16015625 0.7302204928664072 0.013671875 0.020752269779507133
0.0 0.171875 0.8054474708171206 0.0146484375 0.02594033722438392
0.0 0.19140625 0.754863813229572 0.01171875 0.018158236057068743
0.0 0.025390625 0.8313878080415046 0.0166015625 0.0324254215304799
0.0 0.029296875 0.8106355382619974 0.015625 0.011673151750972763
0.0 0.087890625 0.9105058365758755 0.01953125 0.03501945525291829
0.0 0.08203125 0.8819714656290532 0.0185546875 0.02594033722438392
0.0 0.0625 0.8184176394293126 0.015625 0.028534370946822308
0.0 0.1259765625 0.8404669260700389 0.01953125 0.029831387808041506
0.0 0.2099609375 0.8858625162127107 0.0205078125 0.0311284046692607
0.0 0.0 0.9649805447470817 0.013671875 0.0324254215304799
0.0 0.0263671875 0.9779507133592736 0.0205078125 0.020752269779507133
0.0 0.1572265625 0.6355382619974059 0.01171875 0.02464332036316472
0.0 0.2333984375 0.77431906614786 0.01953125 0.027237354085603113
0.0 0.2568359375 0.767833981841764 0.0146484375 0.028534370946822308
0.0 0.28125 0.808041504539559 0.017578125 0.027237354085603113
0.0 0.2373046875 0.8482490272373541 0.0205078125 0.0311284046692607
0.0 0.310546875 0.8508430609597925 0.01953125 0.0324254215304799
0.0 0.326171875 0.8067444876783398 0.01953125 0.028534370946822308
0.0 0.3251953125 0.7872892347600519 0.0146484375 0.016861219195849545
0.0 0.3330078125 0.8560311284046692 0.01953125 0.0324254215304799
0.0 0.330078125 0.9714656290531777 0.0166015625 0.028534370946822308
0.0 0.4091796875 0.8897535667963683 0.0166015625 0.029831387808041506
0.0 0.4404296875 0.7626459143968871 0.015625 0.027237354085603113
0.0 0.48828125 0.9092088197146563 0.0185546875 0.0311284046692607
0.0 0.3916015625 0.6121919584954605 0.009765625 0.019455252918287938
0.0 0.4267578125 0.7016861219195849 0.0166015625 0.027237354085603113
0.0 0.4453125 0.688715953307393 0.0166015625 0.02594033722438392
0.0 0.4453125 0.6640726329442282 0.013671875 0.019455252918287938
0.0 0.462890625 0.7042801556420234 0.0146484375 0.02594033722438392
0.0 0.5 0.728923476005188 0.0166015625 0.028534370946822308
0.0 0.51171875 0.6627756160830091 0.013671875 0.02204928664072633
0.0 0.52734375 0.682230869001297 0.0146484375 0.02464332036316472
0.0 0.583984375 0.6783398184176395 0.0146484375 0.02594033722438392
0.0 0.4970703125 0.8171206225680934 0.0185546875 0.028534370946822308
0.0 0.587890625 0.754863813229572 0.015625 0.027237354085603113
0.0 0.607421875 0.6588845654993515 0.0126953125 0.023346303501945526
0.0 0.5751953125 0.5953307392996109 0.0107421875 0.01556420233463035
0.0 0.572265625 0.5278858625162127 0.0087890625 0.01297016861219196
0.0 0.568359375 0.5525291828793775 0.0107421875 0.016861219195849545
0.0 0.595703125 0.5732814526588845 0.01171875 0.019455252918287938
0.0 0.619140625 0.5966277561608301 0.0068359375 0.02204928664072633
0.0 0.646484375 0.5758754863813229 0.01171875 0.020752269779507133
0.0 0.6787109375 0.603112840466926 0.0126953125 0.02204928664072633
0.0 0.6923828125 0.7717250324254216 0.0166015625 0.028534370946822308
0.0 0.642578125 0.7431906614785992 0.0166015625 0.02464332036316472
0.0 0.640625 0.7029831387808041 0.0126953125 0.02204928664072633
0.0 0.6904296875 0.7055771725032426 0.0166015625 0.027237354085603113
0.0 0.6376953125 0.6627756160830091 0.009765625 0.018158236057068743
0.0 0.724609375 0.682230869001297 0.01171875 0.023346303501945526
0.0 0.8173828125 0.7833981841763943 0.0146484375 0.02204928664072633
0.0 0.7900390625 0.6666666666666666 0.013671875 0.02464332036316472
0.0 0.857421875 0.6601815823605707 0.015625 0.02464332036316472
0.0 0.6611328125 0.669260700389105 0.01171875 0.027237354085603113
0.0 0.677734375 0.6523994811932555 0.01171875 0.02464332036316472
0.0 0.837890625 0.6498054474708171 0.01171875 0.016861219195849545
0.0 0.875 0.6394293125810635 0.0126953125 0.018158236057068743
0.0 0.6689453125 0.5252918287937743 0.0087890625 0.01297016861219196
0.0 0.6669921875 0.5486381322957199 0.009765625 0.01556420233463035
0.0 0.6845703125 0.62905317769131 0.015625 0.02204928664072633
0.0 0.7265625 0.6095979247730221 0.0126953125 0.016861219195849545
0.0 0.7421875 0.5862516212710766 0.0146484375 0.02464332036316472
0.0 0.7705078125 0.5732814526588845 0.01171875 0.020752269779507133
0.0 0.80078125 0.62905317769131 0.01171875 0.018158236057068743
0.0 0.7490234375 0.6277561608300908 0.0126953125 0.02204928664072633
0.0 0.8525390625 0.4578469520103761 0.009765625 0.018158236057068743
0.0 0.78125 0.48378728923476005 0.01171875 0.01556420233463035
0.0 0.77734375 0.5136186770428015 0.0068359375 0.01297016861219196
0.0 0.7744140625 0.4656290531776913 0.0078125 0.01297016861219196
0.0 0.8095703125 0.5175097276264592 0.01171875 0.01556420233463035
0.0 0.8193359375 0.5071335927367056 0.01171875 0.020752269779507133
0.0 0.841796875 0.5123216601815823 0.0078125 0.014267185473411154
0.0 0.8544921875 0.5136186770428015 0.0107421875 0.020752269779507133
0.0 0.787109375 0.543450064850843 0.009765625 0.010376134889753566
0.0 0.8095703125 0.5395590142671854 0.0126953125 0.02204928664072633
0.0 0.771484375 0.6446173800259404 0.0078125 0.016861219195849545
0.0 0.822265625 0.5719844357976653 0.01171875 0.020752269779507133
0.0 0.8212890625 0.62905317769131 0.0146484375 0.018158236057068743
0.0 0.8447265625 0.5758754863813229 0.0126953125 0.019455252918287938
0.0 0.8564453125 0.5486381322957199 0.013671875 0.019455252918287938
0.0 0.8681640625 0.5771725032425421 0.0126953125 0.020752269779507133
0.0 0.90234375 0.6199740596627756 0.0146484375 0.020752269779507133
0.0 0.916015625 0.5992217898832685 0.0126953125 0.019455252918287938
0.0 0.916015625 0.5577172503242542 0.009765625 0.018158236057068743
0.0 0.93359375 0.5719844357976653 0.01171875 0.020752269779507133
0.0 0.9306640625 0.6433203631647212 0.0126953125 0.02464332036316472
0.0 0.95703125 0.5538261997405967 0.0126953125 0.019455252918287938
0.0 0.9736328125 0.5784695201037614 0.009765625 0.01556420233463035
0.0 0.9384765625 0.5369649805447471 0.0126953125 0.016861219195849545
0.0 0.8740234375 0.5265888456549935 0.0107421875 0.01297016861219196
0.0 0.8955078125 0.51621271076524 0.01171875 0.02204928664072633
0.0 0.984375 0.6005188067444877 0.0078125 0.018158236057068743
0.0 0.9912109375 0.6070038910505836 0.0068359375 0.014267185473411154
0.0 0.962890625 0.5136186770428015 0.01171875 0.019455252918287938
0.0 0.9775390625 0.543450064850843 0.009765625 0.014267185473411154
0.0 0.9169921875 0.5006485084306096 0.009765625 0.016861219195849545
0.0 0.96875 0.49286640726329445 0.013671875 0.01556420233463035
0.0 0.9775390625 0.5149156939040207 0.0068359375 0.01556420233463035
0.0 0.984375 0.38002594033722437 0.0078125 0.011673151750972763
0.0 0.98828125 0.3631647211413748 0.0068359375 0.011673151750972763
0.0 0.9375 0.4915693904020752 0.0087890625 0.018158236057068743
0.0 0.1240234375 0.8067444876783398 0.01953125 0.027237354085603113
0.0 0.525390625 0.5369649805447471 0.01171875 0.018158236057068743
0.0 0.6611328125 0.7042801556420234 0.015625 0.02464332036316472
0.0 0.673828125 0.49286640726329445 0.009765625 0.011673151750972763
0.0 0.6162109375 0.48508430609597925 0.0126953125 0.018158236057068743
0.0 0.6708984375 0.4591439688715953 0.0078125 0.01297016861219196
0.0 0.43359375 0.35149156939040205 0.0068359375 0.011673151750972763
0.0 0.5 0.4461738002594034 0.009765625 0.016861219195849545
0.0 0.6298828125 0.36057068741893644 0.0068359375 0.014267185473411154
0.0 0.744140625 0.4046692607003891 0.009765625 0.016861219195849545
0.0 0.7392578125 0.38780804150453957 0.0068359375 0.010376134889753566
0.0 0.7529296875 0.4293125810635538 0.0087890625 0.01297016861219196
0.0 0.7802734375 0.437094682230869 0.0078125 0.01297016861219196
0.0 0.8330078125 0.45265888456549935 0.005859375 0.018158236057068743
0.0 0.8154296875 0.437094682230869 0.0068359375 0.01297016861219196
0.0 0.74609375 0.5045395590142672 0.01171875 0.016861219195849545
0.0 0.6923828125 0.5071335927367056 0.009765625 0.014267185473411154
0.0 0.70703125 0.5123216601815823 0.0078125 0.01556420233463035
0.0 0.701171875 0.603112840466926 0.009765625 0.014267185473411154
0.0 0.685546875 0.39948119325551235 0.0068359375 0.009079118028534372
0.0 0.6748046875 0.39169909208819714 0.009765625 0.011673151750972763
0.0 0.96875 0.4254215304798962 0.0107421875 0.016861219195849545
0.0 0.9580078125 0.3787289234760052 0.0087890625 0.011673151750972763
0.0 0.951171875 0.41893644617380027 0.0068359375 0.010376134889753566
0.0 0.326171875 0.4085603112840467 0.0107421875 0.016861219195849545
