0.0 0.9111328125 0.6370262390670554 0.0546875 0.11078717201166181
0.0 0.83984375 0.7252186588921283 0.041015625 0.07142857142857142
0.0 0.8203125 0.6749271137026239 0.021484375 0.04081632653061224
0.0 0.8388671875 0.6530612244897959 0.01171875 0.02040816326530612
0.0 0.8056640625 0.6909620991253644 0.01953125 0.04081632653061224
0.0 0.82177734375 0.7448979591836735 0.0263671875 0.052478134110787174
0.0 0.58056640625 0.672740524781341 0.0595703125 0.12099125364431487
0.0 0.50048828125 0.6865889212827988 0.0263671875 0.052478134110787174
0.0 0.484375 0.7558309037900874 0.03125 0.05393586005830904
0.0 0.42578125 0.7011661807580175 0.072265625 0.13702623906705538
0.0 0.37060546875 0.75 0.0302734375 0.056851311953352766
0.0 0.63330078125 0.5408163265306123 0.1396484375 0.27113702623906705
0.0 0.3466796875 0.6858600583090378 0.021484375 0.033527696793002916
0.0 0.31884765625 0.7026239067055393 0.0361328125 0.06705539358600583
0.0 0.3701171875 0.7966472303206997 0.04296875 0.08309037900874636
0.0 0.34423828125 0.8316326530612245 0.0361328125 0.07434402332361516
0.0 0.26806640625 0.8126822157434402 0.0869140625 0.1793002915451895
0.0 0.2548828125 0.6275510204081632 0.0234375 0.04518950437317784
0.0 0.2080078125 0.6712827988338192 0.0625 0.12099125364431487
0.0 0.17236328125 0.6997084548104956 0.0458984375 0.07871720116618076
0.0 0.0869140625 0.7485422740524781 0.060546875 0.10641399416909621
0.0 0.02294921875 0.6975218658892128 0.0380859375 0.08017492711370262
0.0 0.1318359375 0.6683673469387755 0.013671875 0.021865889212827987
0.0 0.0078125 0.7660349854227405 0.015625 0.08309037900874636
0.0 0.1435546875 0.7106413994169096 0.021484375 0.048104956268221574
0.0 0.1279296875 0.7048104956268222 0.025390625 0.05393586005830904
0.0 0.861328125 0.7084548104956269 0.033203125 0.0641399416909621
