0.0 0.119140625 0.36911764705882355 0.0234375 0.03823529411764706
0.0 0.1611328125 0.3588235294117647 0.01171875 0.020588235294117647
0.0 0.208984375 0.36323529411764705 0.01953125 0.03529411764705882
0.0 0.2705078125 0.3698529411764706 0.01953125 0.03676470588235294
0.0 0.28125 0.36764705882352944 0.013671875 0.03235294117647059
0.0 0.306640625 0.37058823529411766 0.017578125 0.03235294117647059
0.0 0.384765625 0.35073529411764703 0.021484375 0.039705882352941174
0.0 0.4287109375 0.40294117647058825 0.021484375 0.03529411764705882
0.0 0.47412109375 0.375 0.0166015625 0.03529411764705882
0.0 0.533203125 0.35955882352941176 0.01171875 0.039705882352941174
0.0 0.57763671875 0.3669117647058823 0.0185546875 0.030882352941176472
0.0 0.60888671875 0.37720588235294117 0.0224609375 0.04264705882352941
0.0 0.6689453125 0.3764705882352941 0.01953125 0.03235294117647059
0.0 0.7197265625 0.37720588235294117 0.013671875 0.022058823529411766
0.0 0.80615234375 0.3911764705882353 0.0263671875 0.047058823529411764
0.0 0.85791015625 0.3889705882352941 0.0087890625 0.016176470588235296
0.0 0.876953125 0.38529411764705884 0.005859375 0.011764705882352941
0.0 0.76904296875 0.3801470588235294 0.0107421875 0.025
0.0 0.9443359375 0.38529411764705884 0.0078125 0.020588235294117647
0.0 0.92578125 0.38823529411764707 0.0078125 0.014705882352941176
0.0 0.99609375 0.39044117647058824 0.005859375 0.022058823529411766
0.0 0.9892578125 0.3963235294117647 0.009765625 0.016176470588235296
