0.0 0.6806640625 0.6620450606585788 0.060546875 0.17677642980935876
0.0 0.58740234375 0.6889081455805892 0.0498046875 0.1265164644714038
0.0 0.8564453125 0.6109185441941074 0.056640625 0.14731369150779897
0.0 0.34521484375 0.1707105719237435 0.0419921875 0.1022530329289428
0.0 0.29736328125 0.3778162911611785 0.0537109375 0.09358752166377816
0.0 0.39404296875 0.23310225303292895 0.0322265625 0.08492201039861352
0.0 0.24658203125 0.036395147313691506 0.0400390625 0.0658578856152513
0.0 0.3916015625 0.05719237435008666 0.033203125 0.07972270363951472
0.0 0.11572265625 0.3093587521663778 0.0380859375 0.11611785095320624
0.0 0.53076171875 0.41421143847487 0.0556640625 0.14904679376083188
0.0 0.60009765625 0.2781629116117851 0.0537109375 0.12305025996533796
0.0 0.54296875 0.2920277296360485 0.046875 0.09532062391681109
0.0 0.525390625 0.23310225303292895 0.04296875 0.07105719237435008
0.0 0.6923828125 0.5407279029462738 0.056640625 0.10745233968804159
0.0 0.51904296875 0.03119584055459272 0.0341796875 0.06239168110918544
0.0 0.47021484375 0.14991334488734837 0.0263671875 0.0779896013864818
0.0 0.572265625 0.04679376083188908 0.041015625 0.09012131715771231
0.0 0.716796875 0.08232235701906412 0.04296875 0.09532062391681109
0.0 0.7724609375 0.049393414211438474 0.044921875 0.09185441941074524
0.0 0.8818359375 0.05285961871750433 0.037109375 0.09532062391681109
0.0 0.81689453125 0.16291161178509533 0.0419921875 0.10398613518197573
0.0 0.8095703125 0.3431542461005199 0.05078125 0.12478336221837089
0.0 0.68603515625 0.21663778162911612 0.0341796875 0.0831889081455806
0.0 0.85009765625 0.26776429809358754 0.0419921875 0.09878682842287695
0.0 0.91064453125 0.44280762564991333 0.0556640625 0.0779896013864818
0.0 0.9755859375 0.574523396880416 0.048828125 0.1265164644714038
0.0 0.087890625 0.4445407279029463 0.033203125 0.12305025996533796
0.0 0.154296875 0.02512998266897747 0.03515625 0.05025996533795494
