0.0 0.8984375 0.0 0.048828125 0.08854166666666667
0.0 0.806640625 0.024305555555555556 0.0458984375 0.09027777777777778
0.0 0.740234375 0.0 0.0439453125 0.078125
0.0 0.6806640625 0.0 0.046875 0.06597222222222222
0.0 0.5712890625 0.03125 0.05078125 0.0763888888888889
0.0 0.595703125 0.11284722222222222 0.044921875 0.09027777777777778
0.0 0.646484375 0.09722222222222222 0.044921875 0.078125
0.0 0.6630859375 0.1388888888888889 0.044921875 0.08333333333333333
0.0 0.6953125 0.21354166666666666 0.033203125 0.08680555555555555
0.0 0.7978515625 0.11284722222222222 0.0498046875 0.09895833333333333
0.0 0.888671875 0.1857638888888889 0.03125 0.11284722222222222
0.0 0.845703125 0.21354166666666666 0.048828125 0.08854166666666667
0.0 0.794921875 0.21875 0.0546875 0.1267361111111111
0.0 0.81640625 0.3402777777777778 0.052734375 0.1111111111111111
0.0 0.705078125 0.3333333333333333 0.033203125 0.08854166666666667
0.0 0.650390625 0.2881944444444444 0.0595703125 0.10590277777777778
0.0 0.6259765625 0.3454861111111111 0.0556640625 0.16145833333333334
0.0 0.8359375 0.3940972222222222 0.0673828125 0.11805555555555555
0.0 0.94921875 0.2743055555555556 0.05078125 0.12152777777777778
0.0 0.857421875 0.4878472222222222 0.064453125 0.11979166666666667
0.0 0.947265625 0.4375 0.052734375 0.13541666666666666
0.0 0.958984375 0.6041666666666666 0.041015625 0.13368055555555555
0.0 0.58203125 0.5746527777777778 0.0791015625 0.16145833333333334
0.0 0.513671875 0.010416666666666666 0.04296875 0.08333333333333333
0.0 0.484375 0.08159722222222222 0.0419921875 0.08854166666666667
0.0 0.56640625 0.17881944444444445 0.041015625 0.109375
0.0 0.4755859375 0.16493055555555555 0.0595703125 0.1371527777777778
0.0 0.4296875 0.1267361111111111 0.048828125 0.10243055555555555
0.0 0.3896484375 0.022569444444444444 0.05078125 0.10069444444444445
0.0 0.328125 0.010416666666666666 0.0419921875 0.0920138888888889
0.0 0.349609375 0.2569444444444444 0.0556640625 0.11284722222222222
0.0 0.314453125 0.10069444444444445 0.048828125 0.1111111111111111
0.0 0.3232421875 0.2309027777777778 0.0439453125 0.09722222222222222
0.0 0.47265625 0.3871527777777778 0.06640625 0.11631944444444445
0.0 0.423828125 0.2951388888888889 0.05078125 0.0920138888888889
0.0 0.404296875 0.5607638888888888 0.0654296875 0.13368055555555555
0.0 0.3876953125 0.6614583333333334 0.083984375 0.171875
0.0 0.4541015625 0.8645833333333334 0.087890625 0.13541666666666666
0.0 0.5322265625 0.8125 0.0693359375 0.1736111111111111
0.0 0.2734375 0.001736111111111111 0.044921875 0.0954861111111111
0.0 0.234375 0.017361111111111112 0.0361328125 0.09027777777777778
0.0 0.2119140625 0.06944444444444445 0.03515625 0.10416666666666667
0.0 0.232421875 0.1701388888888889 0.046875 0.12152777777777778
0.0 0.2666015625 0.1579861111111111 0.025390625 0.0920138888888889
0.0 0.1845703125 0.006944444444444444 0.04296875 0.09722222222222222
0.0 0.15234375 0.05381944444444445 0.052734375 0.1284722222222222
0.0 0.0712890625 0.06944444444444445 0.05078125 0.10243055555555555
0.0 0.134765625 0.003472222222222222 0.0322265625 0.07118055555555555
0.0 0.0390625 0.1111111111111111 0.04296875 0.09027777777777778
0.0 0.013671875 0.1284722222222222 0.0439453125 0.10243055555555555
0.0 0.1142578125 0.14583333333333334 0.05078125 0.11979166666666667
0.0 0.06640625 0.2170138888888889 0.05078125 0.11458333333333333
0.0 0.0126953125 0.2170138888888889 0.0595703125 0.109375
0.0 0.181640625 0.2725694444444444 0.056640625 0.1232638888888889
0.0 0.2470703125 0.3524305555555556 0.048828125 0.11805555555555555
0.0 0.1455078125 0.4409722222222222 0.048828125 0.125
0.0 0.1025390625 0.4930555555555556 0.05859375 0.1232638888888889
0.0 0.048828125 0.3402777777777778 0.04296875 0.1076388888888889
0.0 0.16015625 0.8125 0.0791015625 0.1875
0.0 0.0107421875 0.6753472222222222 0.0625 0.16666666666666666
0.0 0.0 0.017361111111111112 0.03125 0.09895833333333333
0.0 0.3583984375 0.09027777777777778 0.0322265625 0.09375
0.0 0.388671875 0.1753472222222222 0.037109375 0.10416666666666667
0.0 0.55078125 0.4201388888888889 0.044921875 0.109375
0.0 0.421875 0.001736111111111111 0.037109375 0.06944444444444445
0.0 0.4970703125 0.3246527777777778 0.0556640625 0.09722222222222222
0.0 0.248046875 0.4635416666666667 0.068359375 0.1579861111111111
0.0 0.0615234375 0.012152777777777778 0.041015625 0.06076388888888889
0.0 0.1640625 0.9201388888888888 0.072265625 0.0798611111111111
0.0 0.96875 0.0920138888888889 0.03125 0.109375
0.0 0.9140625 0.08333333333333333 0.041015625 0.08680555555555555
