0.0 0.041015625 0.28810975609756095 0.0166015625 0.04573170731707317
0.0 0.0654296875 0.2774390243902439 0.0205078125 0.054878048780487805
0.0 0.0908203125 0.2896341463414634 0.01953125 0.038109756097560975
0.0 0.154296875 0.2896341463414634 0.01953125 0.041158536585365856
0.0 0.1923828125 0.31859756097560976 0.0126953125 0.025914634146341462
0.0 0.2080078125 0.3323170731707317 0.015625 0.041158536585365856
0.0 0.2255859375 0.3246951219512195 0.0234375 0.042682926829268296
0.0 0.2353515625 0.28810975609756095 0.0166015625 0.036585365853658534
0.0 0.2177734375 0.2926829268292683 0.0166015625 0.03353658536585366
0.0 0.3369140625 0.3429878048780488 0.017578125 0.03201219512195122
0.0 0.4169921875 0.3399390243902439 0.0380859375 0.09146341463414634
0.0 0.3955078125 0.31097560975609756 0.0185546875 0.04420731707317073
0.0 0.3876953125 0.2865853658536585 0.0185546875 0.036585365853658534
0.0 0.4677734375 0.2728658536585366 0.0185546875 0.04878048780487805
0.0 0.5078125 0.31402439024390244 0.01953125 0.04420731707317073
0.0 0.5634765625 0.3384146341463415 0.0205078125 0.03201219512195122
0.0 0.6181640625 0.3277439024390244 0.013671875 0.041158536585365856
0.0 0.6337890625 0.3323170731707317 0.0166015625 0.038109756097560975
0.0 0.6904296875 0.3018292682926829 0.0185546875 0.025914634146341462
0.0 0.703125 0.3567073170731707 0.01953125 0.039634146341463415
0.0 0.7314453125 0.3201219512195122 0.021484375 0.04878048780487805
0.0 0.8046875 0.3231707317073171 0.0234375 0.04573170731707317
0.0 0.8740234375 0.3429878048780488 0.0244140625 0.05030487804878049
0.0 0.94140625 0.3399390243902439 0.03125 0.053353658536585365
