0.0 0.736328125 0.13002680965147453 0.099609375 0.1836461126005362
0.0 0.2197265625 0.5737265415549598 0.0166015625 0.030831099195710455
0.0 0.150390625 0.5871313672922251 0.01953125 0.032171581769437
0.0 0.0283203125 0.5857908847184986 0.01953125 0.032171581769437
0.0 0.5634765625 0.8605898123324397 0.0166015625 0.032171581769437
0.0 0.0849609375 0.8458445040214477 0.0390625 0.06836461126005362
0.0 0.47265625 0.5630026809651475 0.0185546875 0.03351206434316354
0.0 0.6123046875 0.5495978552278821 0.013671875 0.021447721179624665
0.0 0.5419921875 0.6501340482573726 0.0146484375 0.02680965147453083
0.0 0.583984375 0.6380697050938338 0.0126953125 0.021447721179624665
0.0 0.5673828125 0.6474530831099196 0.009765625 0.022788203753351208
0.0 0.443359375 0.6595174262734584 0.0107421875 0.01876675603217158
0.0 0.4638671875 0.6635388739946381 0.0107421875 0.01742627345844504
0.0 0.4609375 0.6327077747989276 0.0107421875 0.01876675603217158
0.0 0.5322265625 0.6099195710455764 0.009765625 0.0160857908847185
0.0 0.5498046875 0.6260053619302949 0.0087890625 0.0160857908847185
0.0 0.5634765625 0.6260053619302949 0.0087890625 0.01876675603217158
0.0 0.6708984375 0.5495978552278821 0.0166015625 0.02680965147453083
0.0 0.306640625 0.6045576407506702 0.0146484375 0.022788203753351208
0.0 0.341796875 0.564343163538874 0.013671875 0.022788203753351208
0.0 0.2890625 0.5924932975871313 0.0107421875 0.020107238605898123
0.0 0.26171875 0.5817694369973191 0.01171875 0.020107238605898123
0.0 0.2451171875 0.5831099195710456 0.0107421875 0.01876675603217158
0.0 0.1826171875 0.6166219839142091 0.017578125 0.02546916890080429
0.0 0.1767578125 0.5871313672922251 0.013671875 0.021447721179624665
0.0 0.2021484375 0.579088471849866 0.0126953125 0.022788203753351208
0.0 0.181640625 0.5683646112600537 0.01171875 0.020107238605898123
0.0 0.064453125 0.6152815013404825 0.015625 0.030831099195710455
0.0 0.076171875 0.579088471849866 0.01171875 0.021447721179624665
0.0 0.0888671875 0.5723860589812333 0.0107421875 0.01742627345844504
0.0 0.126953125 0.5482573726541555 0.0107421875 0.020107238605898123
0.0 0.05859375 0.5804289544235925 0.009765625 0.0160857908847185
0.0 0.1015625 0.6501340482573726 0.0126953125 0.020107238605898123
0.0 0.1044921875 0.613941018766756 0.0146484375 0.01876675603217158
0.0 0.138671875 0.6085790884718498 0.0126953125 0.021447721179624665
0.0 0.1064453125 0.6863270777479893 0.0146484375 0.01876675603217158
0.0 0.076171875 0.7211796246648794 0.013671875 0.024128686327077747
0.0 0.095703125 0.725201072386059 0.01171875 0.020107238605898123
0.0 0.2861328125 0.8431635388739946 0.01953125 0.036193029490616625
