0.0 0.81689453125 0.6965217391304348 0.0654296875 0.15478260869565216
0.0 0.90185546875 0.6565217391304348 0.0439453125 0.10608695652173913
0.0 0.60205078125 0.5539130434782609 0.0693359375 0.15130434782608695
0.0 0.41845703125 0.7365217391304347 0.0771484375 0.1408695652173913
0.0 0.33251953125 0.5982608695652174 0.0537109375 0.11130434782608696
0.0 0.45703125 0.4973913043478261 0.15625 0.2573913043478261
0.0 0.18603515625 0.4643478260869565 0.0478515625 0.09739130434782609
0.0 0.25390625 0.9208695652173913 0.0859375 0.15130434782608695
0.0 0.076171875 0.8695652173913043 0.07421875 0.12521739130434784
0.0 0.013671875 0.6652173913043479 0.02734375 0.09913043478260869
0.0 0.00830078125 0.548695652173913 0.0166015625 0.05391304347826087
0.0 0.033203125 0.3556521739130435 0.037109375 0.0817391304347826
0.0 0.00732421875 0.3582608695652174 0.0146484375 0.06608695652173913
0.0 0.2060546875 0.30434782608695654 0.037109375 0.07652173913043478
0.0 0.32373046875 0.3130434782608696 0.0419921875 0.08347826086956522
0.0 0.00927734375 0.2417391304347826 0.0185546875 0.04521739130434783
0.0 0.0751953125 0.1956521739130435 0.013671875 0.02608695652173913
0.0 0.2958984375 0.1356521739130435 0.033203125 0.059130434782608696
0.0 0.189453125 0.10782608695652174 0.029296875 0.05565217391304348
0.0 0.263671875 0.10347826086956521 0.029296875 0.057391304347826085
0.0 0.08154296875 0.12347826086956522 0.0361328125 0.06608695652173913
0.0 0.70751953125 0.38869565217391305 0.0576171875 0.11652173913043479
0.0 0.82568359375 0.3452173913043478 0.0380859375 0.09217391304347826
0.0 0.6083984375 0.2782608695652174 0.046875 0.09391304347826086
0.0 0.919921875 0.2026086956521739 0.04296875 0.09565217391304348
0.0 0.91748046875 0.3634782608695652 0.0439453125 0.10434782608695652
0.0 0.794921875 0.11478260869565217 0.033203125 0.07652173913043478
0.0 0.65185546875 0.0782608695652174 0.0419921875 0.08347826086956522
0.0 0.54931640625 0.10521739130434783 0.0322265625 0.07478260869565218
0.0 0.509765625 0.16869565217391305 0.041015625 0.08
0.0 0.40234375 0.20782608695652174 0.037109375 0.06782608695652174
0.0 0.4599609375 0.06869565217391305 0.029296875 0.06086956521739131
0.0 0.546875 0.04 0.02734375 0.04521739130434783
0.0 0.27392578125 0.022608695652173914 0.0244140625 0.04521739130434783
0.0 0.244140625 0.030434782608695653 0.01953125 0.043478260869565216
0.0 0.18408203125 0.05391304347826087 0.0263671875 0.04869565217391304
0.0 0.1220703125 0.05478260869565217 0.021484375 0.04695652173913043
0.0 0.19580078125 0.008695652173913044 0.0166015625 0.017391304347826087
0.0 0.0078125 0.03739130434782609 0.009765625 0.02608695652173913
0.0 0.0517578125 0.17043478260869566 0.01953125 0.03130434782608696
