0.0 0.0361328125 0.4 0.0302734375 0.044
0.0 0.126953125 0.4026666666666667 0.0234375 0.04133333333333333
0.0 0.1318359375 0.432 0.025390625 0.042666666666666665
0.0 0.2373046875 0.43066666666666664 0.0234375 0.04
0.0 0.3115234375 0.38666666666666666 0.0224609375 0.03866666666666667
0.0 0.3466796875 0.43466666666666665 0.02734375 0.04666666666666667
0.0 0.4755859375 0.44266666666666665 0.017578125 0.03866666666666667
0.0 0.5 0.4226666666666667 0.0234375 0.03866666666666667
0.0 0.556640625 0.44266666666666665 0.021484375 0.044
0.0 0.6767578125 0.4146666666666667 0.0244140625 0.04533333333333334
0.0 0.728515625 0.4706666666666667 0.017578125 0.03866666666666667
0.0 0.7802734375 0.4826666666666667 0.0234375 0.034666666666666665
0.0 0.9443359375 0.43866666666666665 0.0263671875 0.042666666666666665
