0.0 0.9169921875 0.42053789731051344 0.0224609375 0.03300733496332518
0.0 0.7998046875 0.4547677261613692 0.01953125 0.028117359413202935
0.0 0.5361328125 0.4669926650366748 0.0166015625 0.02567237163814181
0.0 0.576171875 0.4547677261613692 0.01171875 0.019559902200488997
0.0 0.1279296875 0.460880195599022 0.0126953125 0.02689486552567237
0.0 0.33203125 0.21271393643031786 0.0146484375 0.02567237163814181
0.0 0.3505859375 0.2114914425427873 0.013671875 0.028117359413202935
0.0 0.2548828125 0.48655256723716384 0.0205078125 0.042787286063569685
0.0 0.419921875 0.44621026894865523 0.015625 0.028117359413202935
0.0 0.6474609375 0.33374083129584353 0.0234375 0.040342298288508556
0.0 0.150390625 0.45843520782396086 0.009765625 0.017114914425427872
0.0 0.16796875 0.4559902200488998 0.0078125 0.01589242053789731
