0.0 0.1171875 0.7247340425531915 0.0380859375 0.0625
0.0 0.115234375 0.6276595744680851 0.0390625 0.06914893617021277
0.0 0.4765625 0.6236702127659575 0.0263671875 0.0425531914893617
0.0 0.142578125 0.5797872340425532 0.0087890625 0.017287234042553192
0.0 0.193359375 0.6117021276595744 0.01171875 0.023936170212765957
0.0 0.3046875 0.6329787234042553 0.013671875 0.023936170212765957
0.0 0.255859375 0.5704787234042553 0.009765625 0.014627659574468085
0.0 0.2880859375 0.5824468085106383 0.0068359375 0.014627659574468085
0.0 0.1904296875 0.589095744680851 0.0087890625 0.015957446808510637
0.0 0.20703125 0.5797872340425532 0.01171875 0.017287234042553192
0.0 0.1630859375 0.5771276595744681 0.0078125 0.014627659574468085
0.0 0.3271484375 0.5944148936170213 0.0087890625 0.02127659574468085
0.0 0.3056640625 0.5851063829787234 0.0087890625 0.015957446808510637
0.0 0.4150390625 0.5944148936170213 0.009765625 0.017287234042553192
0.0 0.51171875 0.6263297872340425 0.0146484375 0.027925531914893616
0.0 0.5751953125 0.5877659574468085 0.01171875 0.0199468085106383
0.0 0.6298828125 0.6037234042553191 0.0126953125 0.022606382978723406
0.0 0.5537109375 0.7646276595744681 0.0400390625 0.041223404255319146
0.0 0.3857421875 0.5731382978723404 0.0068359375 0.013297872340425532
0.0 0.6591796875 0.5691489361702128 0.0068359375 0.007978723404255319
0.0 0.66796875 0.589095744680851 0.0048828125 0.009308510638297872
0.0 0.6611328125 0.6037234042553191 0.0068359375 0.017287234042553192
0.0 0.6376953125 0.5837765957446809 0.0048828125 0.005319148936170213
0.0 0.6142578125 0.601063829787234 0.0087890625 0.013297872340425532
0.0 0.603515625 0.5877659574468085 0.005859375 0.009308510638297872
0.0 0.59765625 0.5784574468085106 0.0068359375 0.013297872340425532
0.0 0.55078125 0.586436170212766 0.0068359375 0.007978723404255319
0.0 0.556640625 0.598404255319149 0.005859375 0.010638297872340425
0.0 0.5517578125 0.5997340425531915 0.0048828125 0.009308510638297872
0.0 0.5390625 0.5917553191489362 0.0078125 0.013297872340425532
0.0 0.5234375 0.6050531914893617 0.0087890625 0.02127659574468085
0.0 0.626953125 0.5797872340425532 0.0068359375 0.009308510638297872
0.0 0.658203125 0.5811170212765957 0.0087890625 0.013297872340425532
0.0 0.4736328125 0.6077127659574468 0.0107421875 0.013297872340425532
0.0 0.4609375 0.5731382978723404 0.0078125 0.015957446808510637
0.0 0.4755859375 0.589095744680851 0.0078125 0.013297872340425532
0.0 0.48046875 0.5731382978723404 0.005859375 0.010638297872340425
0.0 0.37890625 0.5930851063829787 0.005859375 0.011968085106382979
0.0 0.3681640625 0.5904255319148937 0.00390625 0.010638297872340425
0.0 0.3642578125 0.5904255319148937 0.0048828125 0.011968085106382979
0.0 0.3701171875 0.5917553191489362 0.0048828125 0.011968085106382979
0.0 0.3447265625 0.5824468085106383 0.0078125 0.011968085106382979
0.0 0.3505859375 0.5757978723404256 0.005859375 0.010638297872340425
0.0 0.4404296875 0.5944148936170213 0.005859375 0.009308510638297872
0.0 0.0703125 0.5811170212765957 0.0087890625 0.013297872340425532
0.0 0.0888671875 0.5837765957446809 0.0068359375 0.011968085106382979
0.0 0.130859375 0.5784574468085106 0.005859375 0.011968085106382979
0.0 0.169921875 0.5877659574468085 0.0048828125 0.010638297872340425
0.0 0.240234375 0.586436170212766 0.0078125 0.009308510638297872
0.0 0.2509765625 0.5797872340425532 0.0048828125 0.009308510638297872
0.0 0.404296875 0.589095744680851 0.0068359375 0.011968085106382979
0.0 0.3984375 0.586436170212766 0.0068359375 0.013297872340425532
0.0 0.4912109375 0.5784574468085106 0.0078125 0.013297872340425532
0.0 0.958984375 0.6037234042553191 0.0224609375 0.03856382978723404
0.0 0.982421875 0.6662234042553191 0.017578125 0.05186170212765957
