0.0 0.22265625 0.4235500878734622 0.099609375 0.1968365553602812
0.0 0.345703125 0.36291739894551844 0.060546875 0.12478031634446397
0.0 0.41845703125 0.30140597539543057 0.0478515625 0.08963093145869948
0.0 0.49462890625 0.23022847100175747 0.0185546875 0.03866432337434095
0.0 0.5234375 0.2179261862917399 0.02734375 0.070298769771529
0.0 0.443359375 0.2820738137082601 0.01953125 0.054481546572934976
0.0 0.5546875 0.2056239015817223 0.017578125 0.0421792618629174
0.0 0.29443359375 0.2530755711775044 0.0205078125 0.0421792618629174
0.0 0.59033203125 0.2697715289982425 0.0205078125 0.040421792618629174
0.0 0.6455078125 0.05536028119507909 0.029296875 0.054481546572934976
0.0 0.73828125 0.20650263620386644 0.033203125 0.10720562390158173
0.0 0.693359375 0.23110720562390158 0.029296875 0.07908611599297012
0.0 0.8134765625 0.15289982425307558 0.0390625 0.0843585237258348
0.0 0.67529296875 0.28295254833040423 0.0205078125 0.0492091388400703
0.0 0.88818359375 0.24165202108963094 0.0205078125 0.05799648506151142
0.0 0.591796875 0.3409490333919156 0.01953125 0.070298769771529
0.0 0.61767578125 0.3383128295254833 0.0361328125 0.08963093145869948
0.0 0.66943359375 0.5333919156414763 0.0576171875 0.18101933216168717
0.0 0.74169921875 0.5588752196836555 0.1162109375 0.281195079086116
0.0 0.0517578125 0.29086115992970124 0.01171875 0.029876977152899824
0.0 0.11376953125 0.3022847100175747 0.0107421875 0.0210896309314587
