0.0 0.05322265625 0.46176046176046176 0.0263671875 0.046176046176046176
0.0 0.0927734375 0.4329004329004329 0.04296875 0.06926406926406926
0.0 0.1806640625 0.49567099567099565 0.109375 0.18037518037518038
0.0 0.3359375 0.4213564213564214 0.04296875 0.09812409812409813
0.0 0.42236328125 0.5007215007215007 0.0732421875 0.15007215007215008
0.0 0.5615234375 0.494949494949495 0.158203125 0.2972582972582973
0.0 0.64697265625 0.5324675324675324 0.0771484375 0.1471861471861472
0.0 0.716796875 0.34415584415584416 0.0546875 0.10822510822510822
0.0 0.89892578125 0.40115440115440115 0.0615234375 0.12121212121212122
0.0 0.990234375 0.45815295815295815 0.017578125 0.047619047619047616
