0.0 0.0166015625 0.27205882352941174 0.0625 0.11176470588235295
0.0 0.171875 0.19852941176470587 0.05859375 0.1
0.0 0.3310546875 0.325 0.068359375 0.13529411764705881
0.0 0.458984375 0.21323529411764705 0.0498046875 0.1
0.0 0.2470703125 0.27058823529411763 0.02734375 0.045588235294117645
0.0 0.0791015625 0.31029411764705883 0.0302734375 0.052941176470588235
0.0 0.111328125 0.3176470588235294 0.02734375 0.047058823529411764
0.0 0.1318359375 0.31323529411764706 0.0224609375 0.030882352941176472
0.0 0.2724609375 0.31176470588235294 0.0185546875 0.030882352941176472
0.0 0.3291015625 0.26176470588235295 0.0263671875 0.06911764705882353
0.0 0.3603515625 0.3 0.0244140625 0.04264705882352941
0.0 0.4052734375 0.2852941176470588 0.0263671875 0.047058823529411764
0.0 0.5810546875 0.26323529411764707 0.03125 0.06911764705882353
0.0 0.6455078125 0.26029411764705884 0.03125 0.06911764705882353
0.0 0.7353515625 0.2323529411764706 0.0634765625 0.15441176470588236
0.0 0.86328125 0.225 0.037109375 0.07352941176470588
0.0 0.93359375 0.23676470588235293 0.0283203125 0.047058823529411764
