0.0 0.099609375 0.06470588235294118 0.01171875 0.022058823529411766
0.0 0.0341796875 0.07058823529411765 0.0078125 0.014705882352941176
0.0 0.18359375 0.08529411764705883 0.00390625 0.007352941176470588
0.0 0.203125 0.08235294117647059 0.00390625 0.008823529411764706
0.0 0.1337890625 0.08823529411764706 0.00390625 0.0058823529411764705
0.0 0.0 0.060294117647058824 0.00390625 0.014705882352941176
0.0 0.013671875 0.08823529411764706 0.0048828125 0.008823529411764706
0.0 0.2578125 0.052941176470588235 0.009765625 0.01911764705882353
0.0 0.28515625 0.04852941176470588 0.009765625 0.01764705882352941
0.0 0.326171875 0.04852941176470588 0.005859375 0.011764705882352941
0.0 0.373046875 0.058823529411764705 0.009765625 0.01764705882352941
0.0 0.419921875 0.057352941176470586 0.0087890625 0.014705882352941176
0.0 0.4345703125 0.057352941176470586 0.0068359375 0.014705882352941176
0.0 0.3896484375 0.06323529411764706 0.0078125 0.014705882352941176
0.0 0.6103515625 0.07205882352941176 0.005859375 0.011764705882352941
0.0 0.6640625 0.07794117647058824 0.005859375 0.010294117647058823
0.0 0.712890625 0.075 0.00390625 0.010294117647058823
0.0 0.6806640625 0.07205882352941176 0.005859375 0.010294117647058823
0.0 0.5625 0.075 0.005859375 0.010294117647058823
0.0 0.525390625 0.07205882352941176 0.00390625 0.008823529411764706
0.0 0.5517578125 0.06911764705882353 0.00390625 0.007352941176470588
0.0 0.7421875 0.054411764705882354 0.013671875 0.022058823529411766
0.0 0.775390625 0.07205882352941176 0.00390625 0.008823529411764706
0.0 0.8369140625 0.07941176470588235 0.0048828125 0.008823529411764706
0.0 0.69921875 0.07352941176470588 0.00390625 0.007352941176470588
0.0 0.7373046875 0.07205882352941176 0.0048828125 0.008823529411764706
0.0 0.228515625 0.07941176470588235 0.0048828125 0.007352941176470588
