0.0 0.1396484375 0.36074270557029176 0.01953125 0.03713527851458886
0.0 0.2451171875 0.47944297082228116 0.095703125 0.17108753315649866
0.0 0.37255859375 0.3759946949602122 0.0302734375 0.04111405835543767
0.0 0.48046875 0.3647214854111406 0.029296875 0.03978779840848806
0.0 0.1875 0.373342175066313 0.01953125 0.01989389920424403
0.0 0.1044921875 0.37002652519893897 0.01171875 0.01856763925729443
0.0 0.560546875 0.43103448275862066 0.0390625 0.058355437665782495
0.0 0.923828125 0.5603448275862069 0.12109375 0.2002652519893899
0.0 0.65625 0.6810344827586207 0.123046875 0.17904509283819628
0.0 0.68212890625 0.42572944297082227 0.0224609375 0.058355437665782495
0.0 0.775390625 0.40716180371352784 0.05078125 0.06896551724137931
0.0 0.5869140625 0.363395225464191 0.017578125 0.03713527851458886
0.0 0.541015625 0.35344827586206895 0.03125 0.05172413793103448
0.0 0.62109375 0.3587533156498674 0.013671875 0.025198938992042442
0.0 0.37744140625 0.1783819628647215 0.0107421875 0.017241379310344827
0.0 0.38671875 0.2513262599469496 0.009765625 0.014588859416445624
0.0 0.4375 0.2964190981432361 0.00390625 0.003978779840848806
0.0 0.4443359375 0.256631299734748 0.005859375 0.009283819628647215
0.0 0.4248046875 0.27122015915119363 0.00390625 0.006631299734748011
0.0 0.1513671875 0.2891246684350133 0.005859375 0.007957559681697613
