0.0 0.3173828125 0.6339677891654466 0.056640625 0.1171303074670571
0.0 0.142578125 0.6559297218155198 0.05078125 0.09956076134699854
0.0 0.072265625 0.7474377745241582 0.0625 0.10980966325036604
0.0 0.35693359375 0.7920937042459737 0.0654296875 0.12884333821376281
0.0 0.25390625 0.6207906295754027 0.033203125 0.06442166910688141
0.0 0.27001953125 0.5651537335285505 0.0263671875 0.06442166910688141
0.0 0.47509765625 0.8462664714494875 0.0908203125 0.25768667642752563
0.0 0.54443359375 0.4699853587115666 0.0634765625 0.13177159590043924
0.0 0.72265625 0.5629575402635432 0.08203125 0.17715959004392387
0.0 0.9013671875 0.34699853587115664 0.03515625 0.06734992679355783
0.0 0.8427734375 0.47218155197657397 0.033203125 0.08052708638360176
0.0 0.60888671875 0.45168374816983897 0.0283203125 0.060029282576866766
