0.0 0.0146484375 0.7050067658998647 0.01953125 0.037889039242219216
0.0 0.0 0.7198917456021651 0.013671875 0.028416779431664412
0.0 0.0439453125 0.713125845737483 0.013671875 0.02165087956698241
0.0 0.3046875 0.6968876860622463 0.0087890625 0.02165087956698241
0.0 0.365234375 0.5520974289580515 0.0791015625 0.12449255751014884
0.0 0.734375 0.42760487144790255 0.076171875 0.14884979702300405
0.0 0.9833984375 0.15832205683355885 0.015625 0.035182679296346414
0.0 0.9111328125 0.18673883626522328 0.01953125 0.035182679296346414
0.0 0.826171875 0.2855209742895805 0.0146484375 0.029769959404600813
0.0 0.783203125 0.3017591339648173 0.015625 0.02706359945872801
0.0 0.7421875 0.34370771312584575 0.01171875 0.02435723951285521
0.0 0.6083984375 0.38565629228687415 0.0107421875 0.013531799729364006
0.0 0.517578125 0.4479025710419486 0.0107421875 0.014884979702300407
0.0 0.4990234375 0.44113667117726657 0.009765625 0.012178619756427604
0.0 0.4931640625 0.44925575101488496 0.009765625 0.012178619756427604
0.0 0.4580078125 0.4587280108254398 0.0078125 0.016238159675236806
0.0 0.4130859375 0.4844384303112314 0.0078125 0.013531799729364006
0.0 0.4091796875 0.4884979702300406 0.005859375 0.009472259810554804
0.0 0.3232421875 0.6914749661705006 0.0048828125 0.005412719891745603
0.0 0.1201171875 0.5453315290933695 0.0654296875 0.10284167794316644
