0.0 0.1904296875 0.34699853587115664 0.0927734375 0.1683748169838946
0.0 0.4033203125 0.36749633967789164 0.046875 0.07174231332357248
0.0 0.0654296875 0.3235724743777452 0.0322265625 0.06588579795021962
0.0 0.021484375 0.3513909224011713 0.017578125 0.0424597364568082
0.0 0.689453125 0.39824304538799415 0.060546875 0.11127379209370425
0.0 0.615234375 0.3323572474377745 0.0302734375 0.0527086383601757
0.0 0.5146484375 0.3089311859443631 0.0322265625 0.06149341142020498
0.0 0.5712890625 0.37774524158125916 0.0234375 0.0424597364568082
0.0 0.869140625 0.44363103953147875 0.0810546875 0.12884333821376281
0.0 0.7802734375 0.3689604685212299 0.0205078125 0.024890190336749635
0.0 0.83203125 0.3484626647144949 0.0185546875 0.03513909224011713
0.0 0.8916015625 0.31478770131771594 0.0166015625 0.06734992679355783
0.0 0.296875 0.3645680819912152 0.041015625 0.05710102489019034
