0.0 0.0283203125 0.7465277777777778 0.033203125 0.09027777777777778
0.0 0.07763671875 0.5234375 0.0673828125 0.0920138888888889
0.0 0.31689453125 0.4045138888888889 0.0830078125 0.2222222222222222
0.0 0.5205078125 0.3958333333333333 0.0625 0.16666666666666666
0.0 0.0419921875 0.2126736111111111 0.056640625 0.16145833333333334
0.0 0.7119140625 0.2847222222222222 0.0703125 0.19791666666666666
0.0 0.15185546875 0.24479166666666666 0.0322265625 0.06944444444444445
0.0 0.11572265625 0.21006944444444445 0.0283203125 0.05555555555555555
0.0 0.12841796875 0.1371527777777778 0.0244140625 0.059027777777777776
0.0 0.17041015625 0.1293402777777778 0.0224609375 0.06076388888888889
0.0 0.1455078125 0.1284722222222222 0.01171875 0.020833333333333332
0.0 0.103515625 0.1076388888888889 0.017578125 0.034722222222222224
0.0 0.107421875 0.1467013888888889 0.015625 0.029513888888888888
0.0 0.09521484375 0.1953125 0.0146484375 0.03993055555555555
0.0 0.0205078125 0.109375 0.01171875 0.041666666666666664
0.0 0.02880859375 0.10677083333333333 0.0048828125 0.015625
0.0 0.01904296875 0.07725694444444445 0.0087890625 0.015625
0.0 0.0283203125 0.012152777777777778 0.009765625 0.024305555555555556
0.0 0.10107421875 0.04774305555555555 0.0087890625 0.019097222222222224
0.0 0.15478515625 0.059895833333333336 0.0126953125 0.026041666666666668
0.0 0.1728515625 0.0798611111111111 0.017578125 0.03125
0.0 0.19189453125 0.06770833333333333 0.0087890625 0.013888888888888888
0.0 0.19873046875 0.08854166666666667 0.0146484375 0.034722222222222224
0.0 0.08740234375 0.04513888888888889 0.0126953125 0.027777777777777776
0.0 0.07470703125 0.043402777777777776 0.0107421875 0.020833333333333332
0.0 0.31591796875 0.015625 0.0068359375 0.013888888888888888
0.0 0.2001953125 0.05555555555555555 0.01171875 0.027777777777777776
0.0 0.09130859375 0.022569444444444444 0.0068359375 0.010416666666666666
0.0 0.08447265625 0.015625 0.0146484375 0.03125
0.0 0.13671875 0.0642361111111111 0.0078125 0.013888888888888888
0.0 0.12841796875 0.043402777777777776 0.0048828125 0.010416666666666666
0.0 0.1318359375 0.05642361111111111 0.0078125 0.015625
0.0 0.12939453125 0.016493055555555556 0.0068359375 0.008680555555555556
0.0 0.2470703125 0.23697916666666666 0.0234375 0.043402777777777776
0.0 0.21337890625 0.1423611111111111 0.0224609375 0.052083333333333336
0.0 0.23388671875 0.22135416666666666 0.0185546875 0.036458333333333336
0.0 0.287109375 0.24131944444444445 0.048828125 0.09027777777777778
0.0 0.3779296875 0.15625 0.03515625 0.09375
0.0 0.3330078125 0.036458333333333336 0.005859375 0.006944444444444444
0.0 0.38671875 0.09461805555555555 0.015625 0.03298611111111111
0.0 0.412109375 0.0876736111111111 0.013671875 0.029513888888888888
0.0 0.396484375 0.09635416666666667 0.005859375 0.022569444444444444
0.0 0.431640625 0.04513888888888889 0.0078125 0.013888888888888888
0.0 0.412109375 0.04600694444444445 0.01171875 0.022569444444444444
0.0 0.39599609375 0.05381944444444445 0.0087890625 0.013888888888888888
0.0 0.3701171875 0.029513888888888888 0.0078125 0.010416666666666666
0.0 0.41064453125 0.17274305555555555 0.0205078125 0.036458333333333336
0.0 0.47705078125 0.09375 0.0146484375 0.03819444444444445
0.0 0.43408203125 0.09114583333333333 0.0146484375 0.022569444444444444
0.0 0.48681640625 0.140625 0.0224609375 0.04513888888888889
0.0 0.5224609375 0.14149305555555555 0.0390625 0.08506944444444445
0.0 0.5458984375 0.1310763888888889 0.013671875 0.036458333333333336
0.0 0.5703125 0.1267361111111111 0.01171875 0.027777777777777776
0.0 0.5869140625 0.1328125 0.005859375 0.019097222222222224
0.0 0.6484375 0.09288194444444445 0.01171875 0.012152777777777778
0.0 0.64892578125 0.052083333333333336 0.0185546875 0.04861111111111111
0.0 0.662109375 0.058159722222222224 0.015625 0.046875
0.0 0.67822265625 0.04600694444444445 0.0107421875 0.022569444444444444
0.0 0.685546875 0.0390625 0.005859375 0.012152777777777778
0.0 0.69287109375 0.049479166666666664 0.0068359375 0.019097222222222224
0.0 0.72265625 0.0642361111111111 0.01953125 0.041666666666666664
0.0 0.72314453125 0.026909722222222224 0.0126953125 0.022569444444444444
0.0 0.6865234375 0.12152777777777778 0.03515625 0.06597222222222222
0.0 0.64892578125 0.11631944444444445 0.0126953125 0.034722222222222224
0.0 0.66162109375 0.1015625 0.0087890625 0.022569444444444444
0.0 0.6611328125 0.1293402777777778 0.01171875 0.026041666666666668
0.0 0.58154296875 0.17447916666666666 0.0126953125 0.022569444444444444
0.0 0.6005859375 0.15625 0.01171875 0.024305555555555556
0.0 0.75244140625 0.11197916666666667 0.0126953125 0.036458333333333336
0.0 0.75732421875 0.0798611111111111 0.0126953125 0.020833333333333332
0.0 0.76416015625 0.008680555555555556 0.0087890625 0.013888888888888888
0.0 0.767578125 0.017361111111111112 0.009765625 0.013888888888888888
0.0 0.6484375 0.010416666666666666 0.009765625 0.020833333333333332
0.0 0.68701171875 0.018229166666666668 0.0068359375 0.019097222222222224
0.0 0.79150390625 0.024305555555555556 0.0087890625 0.020833333333333332
0.0 0.83056640625 0.05381944444444445 0.0087890625 0.024305555555555556
0.0 0.84375 0.029513888888888888 0.01171875 0.03125
0.0 0.7666015625 0.1293402777777778 0.0234375 0.057291666666666664
0.0 0.79443359375 0.11631944444444445 0.0166015625 0.03819444444444445
0.0 0.77783203125 0.07291666666666667 0.0126953125 0.027777777777777776
0.0 0.8193359375 0.09722222222222222 0.015625 0.041666666666666664
0.0 0.86767578125 0.078125 0.0205078125 0.04513888888888889
0.0 0.8955078125 0.0876736111111111 0.013671875 0.019097222222222224
0.0 0.8056640625 0.2013888888888889 0.02734375 0.059027777777777776
0.0 0.8427734375 0.1753472222222222 0.044921875 0.08680555555555555
0.0 0.86279296875 0.3263888888888889 0.0615234375 0.1423611111111111
0.0 0.9619140625 0.2109375 0.046875 0.08854166666666667
0.0 0.91064453125 0.20833333333333334 0.0244140625 0.052083333333333336
0.0 0.958984375 0.1267361111111111 0.03125 0.041666666666666664
0.0 0.90234375 0.1293402777777778 0.013671875 0.029513888888888888
0.0 0.8916015625 0.043402777777777776 0.005859375 0.017361111111111112
0.0 0.58251953125 0.2638888888888889 0.0068359375 0.017361111111111112
0.0 0.4169921875 0.030381944444444444 0.009765625 0.015625
0.0 0.44580078125 0.042534722222222224 0.0048828125 0.012152777777777778
