0.0 0.0205078125 0.3940972222222222 0.099609375 0.2152777777777778
0.0 0.091796875 0.2621527777777778 0.08203125 0.1753472222222222
0.0 0.22265625 0.3194444444444444 0.037109375 0.08333333333333333
0.0 0.40625 0.12152777777777778 0.0859375 0.2204861111111111
0.0 0.505859375 0.2638888888888889 0.0234375 0.05555555555555555
0.0 0.5712890625 0.2881944444444444 0.029296875 0.078125
0.0 0.62109375 0.3888888888888889 0.025390625 0.07291666666666667
0.0 0.7177734375 0.2829861111111111 0.060546875 0.13020833333333334
0.0 0.7822265625 0.3177083333333333 0.0302734375 0.0642361111111111
0.0 0.908203125 0.2326388888888889 0.0654296875 0.13194444444444445
