0.0 0.7578125 0.28753993610223644 0.0146484375 0.025559105431309903
0.0 0.7880859375 0.2539936102236422 0.0166015625 0.03514376996805112
0.0 0.814453125 0.26357827476038337 0.013671875 0.03035143769968051
0.0 0.810546875 0.23162939297124602 0.015625 0.03194888178913738
0.0 0.8603515625 0.26357827476038337 0.015625 0.03354632587859425
0.0 0.9072265625 0.2571884984025559 0.013671875 0.027156549520766772
0.0 0.9326171875 0.26677316293929715 0.015625 0.03194888178913738
0.0 0.9755859375 0.2539936102236422 0.013671875 0.025559105431309903
0.0 0.5380859375 0.26517571884984026 0.015625 0.03194888178913738
0.0 0.5595703125 0.26677316293929715 0.015625 0.02875399361022364
0.0 0.5966796875 0.24920127795527156 0.0146484375 0.03354632587859425
0.0 0.6279296875 0.2731629392971246 0.013671875 0.025559105431309903
0.0 0.615234375 0.28115015974440893 0.01171875 0.019169329073482427
0.0 0.6708984375 0.2507987220447284 0.0146484375 0.027156549520766772
0.0 0.7255859375 0.26198083067092653 0.015625 0.03354632587859425
0.0 0.234375 0.2364217252396166 0.0166015625 0.03354632587859425
0.0 0.255859375 0.24440894568690097 0.0146484375 0.023961661341853034
0.0 0.2861328125 0.22523961661341854 0.0166015625 0.027156549520766772
0.0 0.3359375 0.2220447284345048 0.013671875 0.027156549520766772
0.0 0.3544921875 0.2571884984025559 0.0146484375 0.023961661341853034
0.0 0.380859375 0.2539936102236422 0.013671875 0.02875399361022364
0.0 0.40234375 0.2571884984025559 0.0146484375 0.025559105431309903
0.0 0.4326171875 0.2539936102236422 0.015625 0.03194888178913738
0.0 0.4765625 0.24440894568690097 0.017578125 0.03514376996805112
0.0 0.2744140625 0.22843450479233227 0.0146484375 0.03354632587859425
0.0 0.1572265625 0.24281150159744408 0.0166015625 0.02875399361022364
0.0 0.095703125 0.19808306709265175 0.0185546875 0.03354632587859425
0.0 0.025390625 0.24440894568690097 0.0166015625 0.027156549520766772
0.0 0.9765625 0.6996805111821086 0.015625 0.03194888178913738
0.0 0.888671875 0.7124600638977636 0.017578125 0.03035143769968051
0.0 0.8408203125 0.6805111821086262 0.015625 0.03194888178913738
0.0 0.7314453125 0.6677316293929713 0.0185546875 0.03354632587859425
0.0 0.0029296875 0.6725239616613419 0.013671875 0.023961661341853034
0.0 0.0380859375 0.6980830670926518 0.013671875 0.025559105431309903
0.0 0.0791015625 0.6725239616613419 0.0166015625 0.036741214057507986
0.0 0.0615234375 0.65814696485623 0.015625 0.03194888178913738
