0.0 0.8369140625 0.37780713342140027 0.021484375 0.034346103038309116
0.0 0.87890625 0.36988110964332893 0.01953125 0.036988110964332896
0.0 0.716796875 0.3903566710700132 0.021484375 0.035667107001321
0.0 0.578125 0.4009247027741083 0.017578125 0.03038309114927345
0.0 0.5546875 0.40158520475561427 0.015625 0.026420079260237782
0.0 0.537109375 0.37846763540290623 0.017578125 0.03038309114927345
0.0 0.5087890625 0.3817701453104359 0.017578125 0.02906208718626156
0.0 0.57763671875 0.36856010568031705 0.0166015625 0.026420079260237782
0.0 0.3359375 0.39299867899603697 0.017578125 0.02774108322324967
0.0 0.251953125 0.36591809775429324 0.01171875 0.021136063408190225
0.0 0.19873046875 0.37780713342140027 0.0166015625 0.023778071334214
0.0 0.21826171875 0.35535006605019814 0.0107421875 0.015852047556142668
0.0 0.0205078125 0.3665785997357992 0.013671875 0.022457067371202115
0.0 0.15625 0.36922060766182296 0.013671875 0.022457067371202115
0.0 0.13037109375 0.38969616908850724 0.0146484375 0.018494055482166448
0.0 0.98876953125 0.42140026420079263 0.0185546875 0.031704095112285335
0.0 0.93896484375 0.4194187582562748 0.0185546875 0.02774108322324967
