0.0 0.005859375 0.4309895833333333 0.01171875 0.057291666666666664
0.0 0.15625 0.4427083333333333 0.009765625 0.018229166666666668
0.0 0.16357421875 0.4290364583333333 0.0068359375 0.016927083333333332
0.0 0.1357421875 0.4283854166666667 0.009765625 0.018229166666666668
0.0 0.119140625 0.41796875 0.0078125 0.018229166666666668
0.0 0.3125 0.4029947916666667 0.025390625 0.045572916666666664
0.0 0.4140625 0.4303385416666667 0.029296875 0.04296875
0.0 0.39794921875 0.4283854166666667 0.0107421875 0.020833333333333332
0.0 0.4267578125 0.4225260416666667 0.01953125 0.029947916666666668
0.0 0.546875 0.4153645833333333 0.02734375 0.046875
0.0 0.56884765625 0.4342447916666667 0.0263671875 0.04296875
0.0 0.58251953125 0.4075520833333333 0.0107421875 0.018229166666666668
0.0 0.61962890625 0.4134114583333333 0.0146484375 0.024739583333333332
0.0 0.6318359375 0.4251302083333333 0.025390625 0.045572916666666664
0.0 0.654296875 0.4134114583333333 0.015625 0.029947916666666668
0.0 0.7216796875 0.41796875 0.041015625 0.06510416666666667
0.0 0.68359375 0.4166666666666667 0.0078125 0.015625
0.0 0.76416015625 0.3997395833333333 0.0048828125 0.010416666666666666
0.0 0.82470703125 0.4134114583333333 0.0087890625 0.016927083333333332
0.0 0.8291015625 0.4427083333333333 0.00390625 0.010416666666666666
0.0 0.88525390625 0.4153645833333333 0.0068359375 0.013020833333333334
0.0 0.84130859375 0.4205729166666667 0.0068359375 0.015625
0.0 0.85986328125 0.4212239583333333 0.0244140625 0.05078125
0.0 0.94384765625 0.458984375 0.0302734375 0.055989583333333336
