0.0 0.974609375 0.1476608187134503 0.0244140625 0.0891812865497076
0.0 0.92578125 0.1111111111111111 0.046875 0.0847953216374269
0.0 0.8173828125 0.14181286549707603 0.056640625 0.09064327485380116
0.0 0.7763671875 0.1871345029239766 0.0791015625 0.12134502923976608
0.0 0.77734375 0.33771929824561403 0.09375 0.1739766081871345
0.0 0.7685546875 0.11842105263157894 0.0234375 0.043859649122807015
0.0 0.6630859375 0.11403508771929824 0.04296875 0.08187134502923976
0.0 0.6396484375 0.14912280701754385 0.0244140625 0.04532163742690058
0.0 0.6142578125 0.1783625730994152 0.0234375 0.03216374269005848
0.0 0.6240234375 0.15204678362573099 0.013671875 0.021929824561403508
0.0 0.5869140625 0.14035087719298245 0.017578125 0.029239766081871343
0.0 0.4921875 0.15935672514619884 0.060546875 0.11695906432748537
0.0 0.544921875 0.18128654970760233 0.03515625 0.09064327485380116
0.0 0.4619140625 0.14327485380116958 0.037109375 0.07017543859649122
0.0 0.43359375 0.40350877192982454 0.0908203125 0.16228070175438597
0.0 0.359375 0.2675438596491228 0.0673828125 0.11695906432748537
0.0 0.330078125 0.2412280701754386 0.02734375 0.054093567251461985
0.0 0.2666015625 0.22076023391812866 0.0361328125 0.05555555555555555
0.0 0.1435546875 0.23391812865497075 0.064453125 0.1023391812865497
0.0 0.0 0.20029239766081872 0.076171875 0.1827485380116959
