0.0 0.9677734375 0.4279513888888889 0.0390625 0.08506944444444445
0.0 0.74755859375 0.3428819444444444 0.0244140625 0.05381944444444445
0.0 0.8603515625 0.3203125 0.0234375 0.0642361111111111
0.0 0.66796875 0.4105902777777778 0.025390625 0.057291666666666664
0.0 0.205078125 0.3975694444444444 0.041015625 0.09027777777777778
0.0 0.3037109375 0.3454861111111111 0.029296875 0.04513888888888889
0.0 0.2822265625 0.7395833333333334 0.0546875 0.2673611111111111
0.0 0.23681640625 0.3585069444444444 0.0185546875 0.043402777777777776
0.0 0.26220703125 0.3411458333333333 0.0146484375 0.03298611111111111
0.0 0.0810546875 0.4565972222222222 0.0234375 0.06944444444444445
