0.0 0.525390625 0.3095588235294118 0.0390625 0.054411764705882354
0.0 0.44189453125 0.15 0.0439453125 0.07941176470588235
0.0 0.29638671875 0.31985294117647056 0.0322265625 0.051470588235294115
0.0 0.27197265625 0.32426470588235295 0.0263671875 0.051470588235294115
0.0 0.1005859375 0.3522058823529412 0.025390625 0.045588235294117645
0.0 0.13134765625 0.35073529411764703 0.0283203125 0.04852941176470588
0.0 0.015625 0.6529411764705882 0.03125 0.15588235294117647
0.0 0.75048828125 0.6102941176470589 0.0146484375 0.029411764705882353
0.0 0.82763671875 0.6220588235294118 0.0185546875 0.023529411764705882
0.0 0.9140625 0.6220588235294118 0.025390625 0.041176470588235294
