0.0 0.9033203125 0.5370611183355006 0.05078125 0.0858257477243173
0.0 0.7763671875 0.45513654096228867 0.044921875 0.07282184655396619
0.0 0.7333984375 0.39271781534460337 0.044921875 0.08062418725617686
0.0 0.68212890625 0.5728218465539662 0.0517578125 0.08452535760728218
0.0 0.4833984375 0.577373211963589 0.046875 0.0754226267880364
0.0 0.2265625 0.6618985695708712 0.06640625 0.06501950585175553
0.0 0.14208984375 0.3049414824447334 0.0595703125 0.08192457737321196
0.0 0.958984375 0.035110533159947985 0.052734375 0.07022106631989597
0.0 0.37158203125 0.9466840052015605 0.0537109375 0.10143042912873862
0.0 0.4833984375 0.8732119635890767 0.056640625 0.09492847854356307
0.0 0.89306640625 0.26918075422626786 0.0517578125 0.0988296488946684
0.0 0.7158203125 0.08907672301690507 0.033203125 0.0741222366710013
0.0 0.8125 0.323146944083225 0.04296875 0.08712613784135241
