0.0 0.859375 0.8111979166666666 0.0107421875 0.018229166666666668
0.0 0.953125 0.7018229166666666 0.0087890625 0.014322916666666666
0.0 0.9140625 0.6953125 0.0068359375 0.014322916666666666
0.0 0.93359375 0.69140625 0.0068359375 0.010416666666666666
0.0 0.8935546875 0.7018229166666666 0.0087890625 0.015625
0.0 0.7333984375 0.7799479166666666 0.01171875 0.018229166666666668
0.0 0.6435546875 0.7890625 0.013671875 0.024739583333333332
0.0 0.6279296875 0.7565104166666666 0.01171875 0.018229166666666668
0.0 0.484375 0.8697916666666666 0.0146484375 0.022135416666666668
0.0 0.4501953125 0.8802083333333334 0.0126953125 0.01953125
0.0 0.9814453125 0.5807291666666666 0.0126953125 0.022135416666666668
0.0 0.974609375 0.6653645833333334 0.0087890625 0.01953125
0.0 0.1025390625 0.9505208333333334 0.017578125 0.032552083333333336
0.0 0.0068359375 0.9166666666666666 0.0126953125 0.029947916666666668
0.0 0.0361328125 0.9934895833333334 0.0205078125 0.006510416666666667
0.0 0.2607421875 0.7526041666666666 0.0107421875 0.020833333333333332
0.0 0.5458984375 0.68359375 0.0068359375 0.014322916666666666
0.0 0.1357421875 0.5729166666666666 0.0068359375 0.013020833333333334
0.0 0.0703125 0.5729166666666666 0.0068359375 0.01171875
0.0 0.19140625 0.56640625 0.0048828125 0.010416666666666666
0.0 0.205078125 0.4973958333333333 0.0087890625 0.013020833333333334
0.0 0.0791015625 0.5377604166666666 0.0087890625 0.014322916666666666
0.0 0.1953125 0.6002604166666666 0.0078125 0.013020833333333334
0.0 0.298828125 0.6549479166666666 0.00390625 0.010416666666666666
0.0 0.0849609375 0.6940104166666666 0.0068359375 0.016927083333333332
0.0 0.6669921875 0.6354166666666666 0.0048828125 0.01171875
