0.0 0.34375 0.00390625 0.0517578125 0.0556640625
0.0 0.2216796875 0.076171875 0.0576171875 0.0693359375
0.0 0.142578125 0.0751953125 0.05078125 0.0615234375
0.0 0.150390625 0.185546875 0.06640625 0.072265625
0.0 0.3134765625 0.173828125 0.0615234375 0.0625
0.0 0.400390625 0.0810546875 0.060546875 0.0986328125
0.0 0.677734375 0.0517578125 0.0546875 0.056640625
0.0 0.71484375 0.103515625 0.044921875 0.05078125
0.0 0.7802734375 0.107421875 0.0546875 0.068359375
0.0 0.7626953125 0.1884765625 0.0615234375 0.07421875
0.0 0.61328125 0.185546875 0.056640625 0.0673828125
0.0 0.49609375 0.2705078125 0.0546875 0.083984375
0.0 0.6025390625 0.3017578125 0.0615234375 0.099609375
0.0 0.716796875 0.4287109375 0.0673828125 0.078125
0.0 0.1416015625 0.484375 0.05078125 0.0859375
0.0 0.568359375 0.7802734375 0.03125 0.1162109375
