0.0 0.861328125 0.4088541666666667 0.0859375 0.14583333333333334
0.0 0.7255859375 0.56640625 0.0771484375 0.12369791666666667
0.0 0.5625 0.41796875 0.080078125 0.13020833333333334
0.0 0.4365234375 0.54296875 0.0703125 0.11979166666666667
0.0 0.2822265625 0.5768229166666666 0.0771484375 0.11979166666666667
0.0 0.0986328125 0.4921875 0.087890625 0.13671875
0.0 0.3251953125 0.5208333333333334 0.0380859375 0.061197916666666664
0.0 0.2001953125 0.4674479166666667 0.0107421875 0.022135416666666668
0.0 0.6904296875 0.5091145833333334 0.0263671875 0.053385416666666664
0.0 0.7919921875 0.50390625 0.037109375 0.06380208333333333
0.0 0.8037109375 0.4348958333333333 0.0166015625 0.029947916666666668
