0.0 0.916015625 0.3580729166666667 0.044921875 0.06640625
0.0 0.88671875 0.3997395833333333 0.01171875 0.01953125
0.0 0.8642578125 0.4166666666666667 0.01953125 0.02734375
0.0 0.85546875 0.3815104166666667 0.013671875 0.02734375
0.0 0.7890625 0.4244791666666667 0.0166015625 0.02734375
0.0 0.8212890625 0.4075520833333333 0.0107421875 0.016927083333333332
0.0 0.8134765625 0.421875 0.0078125 0.013020833333333334
0.0 0.8349609375 0.35546875 0.009765625 0.014322916666666666
0.0 0.8876953125 0.3671875 0.005859375 0.010416666666666666
0.0 0.80859375 0.4049479166666667 0.009765625 0.016927083333333332
0.0 0.7958984375 0.39453125 0.0087890625 0.014322916666666666
0.0 0.796875 0.3763020833333333 0.0068359375 0.01171875
0.0 0.7734375 0.3919270833333333 0.0078125 0.014322916666666666
0.0 0.751953125 0.4205729166666667 0.0166015625 0.024739583333333332
0.0 0.720703125 0.3971354166666667 0.017578125 0.022135416666666668
0.0 0.6494140625 0.3997395833333333 0.017578125 0.026041666666666668
0.0 0.6767578125 0.3841145833333333 0.009765625 0.014322916666666666
0.0 0.7431640625 0.4166666666666667 0.0087890625 0.015625
0.0 0.75 0.4075520833333333 0.0078125 0.013020833333333334
0.0 0.6962890625 0.41015625 0.0078125 0.013020833333333334
0.0 0.6787109375 0.4244791666666667 0.0126953125 0.01953125
0.0 0.6728515625 0.4166666666666667 0.01171875 0.01953125
0.0 0.6640625 0.3971354166666667 0.005859375 0.010416666666666666
0.0 0.5849609375 0.421875 0.015625 0.01953125
0.0 0.640625 0.4114583333333333 0.0087890625 0.015625
0.0 0.62890625 0.421875 0.0107421875 0.016927083333333332
0.0 0.6201171875 0.4127604166666667 0.0107421875 0.015625
0.0 0.62109375 0.40234375 0.009765625 0.015625
0.0 0.5869140625 0.40234375 0.0126953125 0.016927083333333332
0.0 0.578125 0.4036458333333333 0.0107421875 0.018229166666666668
0.0 0.5537109375 0.4244791666666667 0.0166015625 0.0234375
0.0 0.5625 0.4088541666666667 0.0126953125 0.01953125
0.0 0.5400390625 0.4127604166666667 0.0107421875 0.015625
0.0 0.50390625 0.41015625 0.0146484375 0.016927083333333332
0.0 0.4931640625 0.4205729166666667 0.009765625 0.014322916666666666
0.0 0.4814453125 0.421875 0.0146484375 0.0234375
0.0 0.4326171875 0.4205729166666667 0.017578125 0.026041666666666668
0.0 0.4248046875 0.4205729166666667 0.0107421875 0.015625
0.0 0.416015625 0.4140625 0.009765625 0.015625
0.0 0.38671875 0.4192708333333333 0.009765625 0.015625
0.0 0.3818359375 0.4244791666666667 0.009765625 0.014322916666666666
0.0 0.36328125 0.42578125 0.0146484375 0.0234375
0.0 0.337890625 0.4348958333333333 0.009765625 0.013020833333333334
0.0 0.3310546875 0.4231770833333333 0.0107421875 0.015625
0.0 0.3447265625 0.4270833333333333 0.005859375 0.009114583333333334
0.0 0.26953125 0.4453125 0.0146484375 0.026041666666666668
0.0 0.2568359375 0.4296875 0.013671875 0.01953125
0.0 0.2705078125 0.42578125 0.009765625 0.015625
0.0 0.20703125 0.4440104166666667 0.013671875 0.01953125
0.0 0.244140625 0.4348958333333333 0.0107421875 0.018229166666666668
0.0 0.2177734375 0.4309895833333333 0.0126953125 0.024739583333333332
0.0 0.109375 0.5247395833333334 0.0517578125 0.06380208333333333
0.0 0.169921875 0.42578125 0.0234375 0.037760416666666664
0.0 0.140625 0.4231770833333333 0.0068359375 0.013020833333333334
0.0 0.154296875 0.4114583333333333 0.0068359375 0.009114583333333334
0.0 0.1513671875 0.4713541666666667 0.0068359375 0.01171875
0.0 0.0849609375 0.453125 0.0107421875 0.015625
0.0 0.12109375 0.4466145833333333 0.009765625 0.01953125
0.0 0.1044921875 0.4192708333333333 0.0078125 0.01171875
0.0 0.126953125 0.4140625 0.0087890625 0.01171875
0.0 0.1513671875 0.3971354166666667 0.005859375 0.010416666666666666
0.0 0.107421875 0.3776041666666667 0.005859375 0.01171875
0.0 0.087890625 0.4309895833333333 0.0078125 0.016927083333333332
0.0 0.0693359375 0.4375 0.0107421875 0.014322916666666666
0.0 0.0400390625 0.4505208333333333 0.015625 0.026041666666666668
0.0 0.0146484375 0.44140625 0.009765625 0.014322916666666666
0.0 0.05078125 0.43359375 0.0087890625 0.013020833333333334
0.0 0.017578125 0.4713541666666667 0.0107421875 0.016927083333333332
