0.0 0.974609375 0.39767054908485855 0.009765625 0.021630615640599003
0.0 0.966796875 0.36605657237936773 0.01171875 0.02329450915141431
0.0 0.927734375 0.3544093178036606 0.009765625 0.016638935108153077
0.0 0.92578125 0.37603993344425957 0.009765625 0.016638935108153077
0.0 0.8974609375 0.3560732113144759 0.01171875 0.024958402662229616
0.0 0.8916015625 0.3627287853577371 0.0087890625 0.021630615640599003
0.0 0.8642578125 0.3577371048252912 0.017578125 0.03161397670549085
0.0 0.84375 0.3594009983361065 0.01171875 0.019966722129783693
0.0 0.81640625 0.34941763727121466 0.0087890625 0.018302828618968387
0.0 0.796875 0.3793677204658902 0.0166015625 0.03494176372712146
0.0 0.802734375 0.34941763727121466 0.0078125 0.013311148086522463
0.0 0.7880859375 0.3410981697171381 0.0078125 0.014975041597337771
0.0 0.712890625 0.3843594009983361 0.021484375 0.04492512479201331
0.0 0.7392578125 0.33610648918469216 0.0146484375 0.03161397670549085
0.0 0.7021484375 0.33444259567387685 0.0146484375 0.026622296173044926
0.0 0.6533203125 0.3410981697171381 0.03515625 0.07653910149750416
0.0 0.6240234375 0.3161397670549085 0.02734375 0.05823627287853577
0.0 0.4892578125 0.2096505823627288 0.0322265625 0.07986688851913477
0.0 0.4609375 0.2961730449251248 0.0166015625 0.033277870216306155
0.0 0.298828125 0.2911813643926789 0.029296875 0.059900166389351084
0.0 0.3720703125 0.2079866888519135 0.037109375 0.07487520798668885
0.0 0.2373046875 0.23460898502495842 0.013671875 0.03161397670549085
0.0 0.16015625 0.17803660565723795 0.0390625 0.07487520798668885
0.0 0.033203125 0.16472545757071547 0.0302734375 0.05823627287853577
