0.0 0.9697265625 0.8448023426061494 0.029296875 0.05710102489019034
0.0 0.91796875 0.6910688140556369 0.0107421875 0.024890190336749635
0.0 0.8671875 0.6617862371888726 0.0126953125 0.029282576866764276
0.0 0.822265625 0.6720351390922401 0.013671875 0.04978038067349927
0.0 0.69921875 0.6120058565153733 0.0087890625 0.024890190336749635
0.0 0.720703125 0.6090775988286969 0.0087890625 0.024890190336749635
0.0 0.5244140625 0.20497803806734993 0.01171875 0.024890190336749635
0.0 0.7666015625 0.7320644216691069 0.0107421875 0.040995607613469986
0.0 0.759765625 0.7452415812591509 0.0078125 0.027818448023426062
0.0 0.322265625 0.9224011713030746 0.013671875 0.024890190336749635
0.0 0.291015625 0.9648609077598829 0.0107421875 0.027818448023426062
0.0 0.19921875 0.95900439238653 0.0107421875 0.02635431918008785
0.0 0.2109375 0.986822840409956 0.0146484375 0.01171303074670571
0.0 0.533203125 0.424597364568082 0.01953125 0.03074670571010249
0.0 0.57421875 0.5256222547584187 0.0205078125 0.03367496339677892
0.0 0.4365234375 0.6178623718887262 0.021484375 0.03367496339677892
