0.0 0.0 0.14361702127659576 0.0869140625 0.15558510638297873
0.0 0.09375 0.27393617021276595 0.0419921875 0.07313829787234043
0.0 0.1259765625 0.2859042553191489 0.0322265625 0.06515957446808511
0.0 0.162109375 0.27393617021276595 0.060546875 0.09707446808510638
0.0 0.2109375 0.3204787234042553 0.021484375 0.0398936170212766
0.0 0.2431640625 0.3151595744680851 0.0244140625 0.05319148936170213
0.0 0.2578125 0.3058510638297872 0.046875 0.06648936170212766
0.0 0.287109375 0.1595744680851064 0.095703125 0.1768617021276596
0.0 0.3994140625 0.2912234042553192 0.0625 0.11436170212765957
0.0 0.4755859375 0.32978723404255317 0.0654296875 0.07313829787234043
0.0 0.5087890625 0.20877659574468085 0.091796875 0.1595744680851064
0.0 0.6171875 0.2872340425531915 0.0361328125 0.05851063829787234
0.0 0.6142578125 0.31648936170212766 0.0390625 0.08111702127659574
0.0 0.728515625 0.26595744680851063 0.0771484375 0.1422872340425532
0.0 0.8134765625 0.31117021276595747 0.0634765625 0.11569148936170212
0.0 0.927734375 0.3151595744680851 0.0458984375 0.09441489361702128
0.0 0.9619140625 0.34441489361702127 0.0380859375 0.09042553191489362
0.0 0.990234375 0.28058510638297873 0.009765625 0.015957446808510637
