0.0 0.93603515625 0.591796875 0.0576171875 0.08463541666666667
0.0 0.81787109375 0.4270833333333333 0.0068359375 0.010416666666666666
0.0 0.07421875 0.6432291666666666 0.0390625 0.08854166666666667
0.0 0.07177734375 0.4635416666666667 0.0068359375 0.010416666666666666
0.0 0.01611328125 0.4739583333333333 0.0068359375 0.010416666666666666
0.0 0.49658203125 0.4622395833333333 0.0107421875 0.018229166666666668
0.0 0.365234375 0.4479166666666667 0.013671875 0.018229166666666668
0.0 0.98974609375 0.4283854166666667 0.0126953125 0.018229166666666668
0.0 0.53955078125 0.4173177083333333 0.0048828125 0.006510416666666667
0.0 0.5341796875 0.4192708333333333 0.00390625 0.005208333333333333
0.0 0.58056640625 0.431640625 0.0048828125 0.006510416666666667
