0.0 0.6298828125 0.3168 0.15234375 0.1536
0.0 0.4443359375 0.808 0.056640625 0.0496
0.0 0.361328125 0.75 0.029296875 0.0488
0.0 0.2470703125 0.7232 0.04296875 0.0336
0.0 0.1484375 0.6788 0.01953125 0.0232
0.0 0.1259765625 0.6496 0.01171875 0.0176
0.0 0.0595703125 0.6624 0.017578125 0.0256
0.0 0.044921875 0.6608 0.0234375 0.0272
0.0 0.02587890625 0.6396 0.0185546875 0.0152
0.0 0.0068359375 0.638 0.013671875 0.0184
0.0 0.01904296875 0.6176 0.0068359375 0.008
0.0 0.02001953125 0.6068 0.0087890625 0.0072
0.0 0.0361328125 0.6004 0.009765625 0.0056
0.0 0.0185546875 0.5888 0.00390625 0.0032
0.0 0.02880859375 0.584 0.0029296875 0.0048
0.0 0.03515625 0.5856 0.00390625 0.0032
0.0 0.04052734375 0.5808 0.0029296875 0.0032
0.0 0.14697265625 0.566 0.0029296875 0.0024
0.0 0.11669921875 0.564 0.0029296875 0.0032
0.0 0.09130859375 0.5652 0.0029296875 0.0024
0.0 0.03515625 0.5672 0.00390625 0.0032
0.0 0.0595703125 0.566 0.00390625 0.0024
0.0 0.06396484375 0.5652 0.0029296875 0.0024
0.0 0.03955078125 0.5612 0.0029296875 0.004
0.0 0.04443359375 0.566 0.0029296875 0.0024
0.0 0.02099609375 0.5616 0.0029296875 0.0032
0.0 0.01708984375 0.5644 0.0029296875 0.0024
0.0 0.009765625 0.5644 0.00390625 0.004
0.0 0.0009765625 0.564 0.001953125 0.0032
0.0 0.05419921875 0.584 0.0029296875 0.0032
0.0 0.07568359375 0.5624 0.0029296875 0.0032
0.0 0.02490234375 0.5716 0.0029296875 0.0024
0.0 0.02197265625 0.568 0.0029296875 0.0032
0.0 0.00390625 0.5644 0.001953125 0.0024
0.0 0.904296875 0.4636 0.0078125 0.0072
0.0 0.91259765625 0.462 0.0048828125 0.0072
0.0 0.9111328125 0.5016 0.005859375 0.0064
0.0 0.90966796875 0.4732 0.0087890625 0.0072
0.0 0.85791015625 0.4448 0.0068359375 0.0112
0.0 0.2880859375 0.546 0.00390625 0.004
0.0 0.296875 0.5456 0.00390625 0.0048
0.0 0.306640625 0.5476 0.00390625 0.004
0.0 0.30078125 0.5436 0.00390625 0.004
0.0 0.30615234375 0.5396 0.0029296875 0.004
0.0 0.30908203125 0.5356 0.0029296875 0.004
0.0 0.3076171875 0.5292 0.00390625 0.004
0.0 0.31884765625 0.5264 0.0029296875 0.0048
0.0 0.31689453125 0.5376 0.0029296875 0.0032
0.0 0.3251953125 0.5412 0.00390625 0.004
0.0 0.31005859375 0.5164 0.0048828125 0.004
0.0 0.30322265625 0.5196 0.0048828125 0.004
0.0 0.28759765625 0.5216 0.0029296875 0.0032
0.0 0.28564453125 0.5304 0.0048828125 0.0032
0.0 0.291015625 0.532 0.00390625 0.0032
0.0 0.27392578125 0.55 0.0029296875 0.0024
0.0 0.271484375 0.5352 0.00390625 0.0032
0.0 0.28125 0.5268 0.00390625 0.0024
0.0 0.26806640625 0.5488 0.0029296875 0.0032
0.0 0.2685546875 0.5536 0.00390625 0.0032
0.0 0.2626953125 0.5556 0.00390625 0.004
0.0 0.35595703125 0.5284 0.0048828125 0.004
0.0 0.36083984375 0.5308 0.0029296875 0.004
0.0 0.33935546875 0.528 0.0029296875 0.0032
0.0 0.34912109375 0.5332 0.0048828125 0.004
0.0 0.35400390625 0.5016 0.0048828125 0.0048
0.0 0.3798828125 0.4988 0.00390625 0.004
0.0 0.39013671875 0.4944 0.0048828125 0.0048
0.0 0.42041015625 0.4904 0.0048828125 0.0048
0.0 0.43212890625 0.4908 0.0048828125 0.0056
0.0 0.4130859375 0.5148 0.00390625 0.0056
0.0 0.40771484375 0.5096 0.0048828125 0.0032
0.0 0.46875 0.4892 0.005859375 0.0056
0.0 0.4990234375 0.4968 0.005859375 0.0064
0.0 0.49267578125 0.5072 0.0048828125 0.0048
0.0 0.4677734375 0.508 0.005859375 0.0048
0.0 0.43798828125 0.5016 0.0048828125 0.0048
0.0 0.42724609375 0.5032 0.0068359375 0.0064
0.0 0.3974609375 0.518 0.005859375 0.0056
0.0 0.44140625 0.4848 0.005859375 0.0064
0.0 0.44921875 0.4796 0.005859375 0.0072
