0.0 0.8984375 0.5833333333333334 0.03125 0.059027777777777776
0.0 0.9208984375 0.5546875 0.025390625 0.06076388888888889
0.0 0.9326171875 0.4956597222222222 0.013671875 0.026041666666666668
0.0 0.91748046875 0.4826388888888889 0.0126953125 0.027777777777777776
0.0 0.86962890625 0.4921875 0.0146484375 0.029513888888888888
0.0 0.85107421875 0.5911458333333334 0.0185546875 0.03993055555555555
0.0 0.83544921875 0.5538194444444444 0.0166015625 0.034722222222222224
0.0 0.8046875 0.5954861111111112 0.0234375 0.041666666666666664
0.0 0.78662109375 0.6059027777777778 0.0166015625 0.034722222222222224
0.0 0.75830078125 0.6085069444444444 0.0283203125 0.046875
0.0 0.73583984375 0.6015625 0.0185546875 0.036458333333333336
0.0 0.7294921875 0.5946180555555556 0.01171875 0.029513888888888888
0.0 0.671875 0.6067708333333334 0.02734375 0.05381944444444445
0.0 0.65478515625 0.6180555555555556 0.0166015625 0.03819444444444445
0.0 0.595703125 0.6475694444444444 0.013671875 0.027777777777777776
0.0 0.603515625 0.7092013888888888 0.01953125 0.029513888888888888
0.0 0.63037109375 0.6536458333333334 0.0126953125 0.029513888888888888
0.0 0.54833984375 0.6979166666666666 0.0166015625 0.041666666666666664
0.0 0.52880859375 0.6614583333333334 0.0185546875 0.041666666666666664
0.0 0.58984375 0.6119791666666666 0.01171875 0.022569444444444444
0.0 0.46728515625 0.6961805555555556 0.0224609375 0.052083333333333336
0.0 0.400390625 0.6909722222222222 0.021484375 0.04861111111111111
0.0 0.38720703125 0.7022569444444444 0.0087890625 0.026041666666666668
0.0 0.34912109375 0.703125 0.0166015625 0.04513888888888889
0.0 0.3759765625 0.6944444444444444 0.009765625 0.027777777777777776
0.0 0.4501953125 0.7109375 0.017578125 0.03993055555555555
0.0 0.314453125 0.7638888888888888 0.017578125 0.04513888888888889
0.0 0.2802734375 0.7664930555555556 0.017578125 0.036458333333333336
0.0 0.2939453125 0.7178819444444444 0.013671875 0.026041666666666668
0.0 0.25390625 0.7491319444444444 0.015625 0.03993055555555555
0.0 0.2763671875 0.7109375 0.009765625 0.022569444444444444
0.0 0.5 0.6762152777777778 0.015625 0.026041666666666668
0.0 0.20751953125 0.8072916666666666 0.0146484375 0.034722222222222224
0.0 0.1181640625 0.8012152777777778 0.01171875 0.03298611111111111
0.0 0.14794921875 0.7847222222222222 0.0146484375 0.03125
0.0 0.16845703125 0.7769097222222222 0.0107421875 0.029513888888888888
0.0 0.07958984375 0.8038194444444444 0.0107421875 0.027777777777777776
0.0 0.556640625 0.6354166666666666 0.01171875 0.027777777777777776
0.0 0.634765625 0.6206597222222222 0.009765625 0.019097222222222224
0.0 0.943359375 0.5277777777777778 0.017578125 0.04513888888888889
