0.0 0.91259765625 0.5458984375 0.0341796875 0.072265625
0.0 0.95166015625 0.5419921875 0.0126953125 0.033203125
0.0 0.8525390625 0.490234375 0.02734375 0.06640625
0.0 0.8212890625 0.5458984375 0.033203125 0.064453125
0.0 0.751953125 0.4169921875 0.03515625 0.068359375
0.0 0.93505859375 0.41796875 0.0244140625 0.0546875
0.0 0.94384765625 0.36328125 0.0166015625 0.04296875
0.0 0.85693359375 0.435546875 0.0224609375 0.0546875
0.0 0.7275390625 0.357421875 0.013671875 0.03515625
0.0 0.70263671875 0.4375 0.0244140625 0.05078125
0.0 0.685546875 0.373046875 0.017578125 0.0390625
0.0 0.71044921875 0.388671875 0.0205078125 0.05859375
0.0 0.634765625 0.4208984375 0.03125 0.064453125
0.0 0.72021484375 0.6318359375 0.0341796875 0.076171875
0.0 0.69140625 0.779296875 0.03125 0.0703125
0.0 0.5849609375 0.6162109375 0.046875 0.115234375
0.0 0.59326171875 0.4541015625 0.0380859375 0.087890625
0.0 0.67578125 0.4326171875 0.021484375 0.060546875
0.0 0.615234375 0.861328125 0.0390625 0.11328125
0.0 0.5048828125 0.8740234375 0.078125 0.185546875
0.0 0.4462890625 0.6376953125 0.064453125 0.142578125
0.0 0.5087890625 0.5185546875 0.04296875 0.099609375
0.0 0.53515625 0.455078125 0.029296875 0.0703125
0.0 0.498046875 0.42578125 0.025390625 0.0625
0.0 0.29345703125 0.7490234375 0.0810546875 0.216796875
0.0 0.17626953125 0.595703125 0.0458984375 0.12890625
0.0 0.2099609375 0.52734375 0.04296875 0.10546875
0.0 0.2626953125 0.470703125 0.033203125 0.078125
0.0 0.2998046875 0.42578125 0.01953125 0.0546875
0.0 0.42626953125 0.498046875 0.0302734375 0.08984375
0.0 0.44482421875 0.4892578125 0.0263671875 0.068359375
0.0 0.0458984375 0.3330078125 0.013671875 0.041015625
0.0 0.0654296875 0.3291015625 0.015625 0.044921875
0.0 0.0302734375 0.3125 0.013671875 0.0390625
0.0 0.02099609375 0.451171875 0.0419921875 0.14453125
0.0 0.2578125 0.3935546875 0.01953125 0.052734375
0.0 0.2431640625 0.3642578125 0.017578125 0.052734375
0.0 0.22509765625 0.4794921875 0.0244140625 0.083984375
0.0 0.26220703125 0.333984375 0.0107421875 0.03515625
0.0 0.5087890625 0.3427734375 0.02734375 0.068359375
0.0 0.541015625 0.2900390625 0.015625 0.041015625
0.0 0.40234375 0.345703125 0.021484375 0.0546875
0.0 0.37451171875 0.3818359375 0.0283203125 0.060546875
0.0 0.0859375 0.7021484375 0.05078125 0.107421875
0.0 0.078125 0.5283203125 0.041015625 0.103515625
0.0 0.1240234375 0.5439453125 0.029296875 0.080078125
0.0 0.482421875 0.310546875 0.015625 0.04296875
0.0 0.42919921875 0.3779296875 0.0205078125 0.052734375
