0.0 0.005859375 0.3072916666666667 0.0166015625 0.041666666666666664
0.0 0.0244140625 0.3454861111111111 0.0400390625 0.07118055555555555
0.0 0.0986328125 0.3177083333333333 0.0205078125 0.029513888888888888
0.0 0.099609375 0.3472222222222222 0.0107421875 0.029513888888888888
0.0 0.1298828125 0.3159722222222222 0.0126953125 0.03993055555555555
0.0 0.158203125 0.2152777777777778 0.0615234375 0.13020833333333334
0.0 0.2685546875 0.2204861111111111 0.0400390625 0.08333333333333333
0.0 0.3193359375 0.19791666666666666 0.0302734375 0.057291666666666664
0.0 0.3271484375 0.3194444444444444 0.0751953125 0.1684027777777778
0.0 0.4453125 0.2048611111111111 0.033203125 0.0625
0.0 0.39453125 0.1701388888888889 0.0263671875 0.05555555555555555
0.0 0.0830078125 0.2482638888888889 0.0234375 0.052083333333333336
0.0 0.60546875 0.21006944444444445 0.02734375 0.041666666666666664
0.0 0.7041015625 0.1892361111111111 0.033203125 0.06597222222222222
0.0 0.763671875 0.1371527777777778 0.046875 0.13368055555555555
0.0 0.6201171875 0.2621527777777778 0.087890625 0.2222222222222222
0.0 0.9404296875 0.1875 0.05859375 0.1423611111111111
