0.0 0.9150390625 0.7637931034482759 0.0380859375 0.07413793103448275
0.0 0.9677734375 0.8568965517241379 0.0322265625 0.08275862068965517
0.0 0.744140625 0.7655172413793103 0.0380859375 0.07586206896551724
0.0 0.8369140625 0.7017241379310345 0.0361328125 0.08448275862068966
0.0 0.916015625 0.7086206896551724 0.033203125 0.07413793103448275
0.0 0.9345703125 0.6103448275862069 0.03125 0.06206896551724138
0.0 0.8203125 0.6448275862068965 0.025390625 0.05172413793103448
0.0 0.6875 0.7344827586206897 0.033203125 0.06896551724137931
0.0 0.6357421875 0.9 0.041015625 0.08620689655172414
0.0 0.6396484375 0.803448275862069 0.03125 0.056896551724137934
0.0 0.8603515625 0.656896551724138 0.025390625 0.05517241379310345
0.0 0.890625 0.6103448275862069 0.025390625 0.05344827586206897
0.0 0.82421875 0.5741379310344827 0.0224609375 0.03793103448275862
0.0 0.7822265625 0.5913793103448276 0.0234375 0.04310344827586207
0.0 0.9013671875 0.5775862068965517 0.0205078125 0.034482758620689655
0.0 0.9482421875 0.5310344827586206 0.01953125 0.03620689655172414
0.0 0.9140625 0.5293103448275862 0.0185546875 0.03620689655172414
0.0 0.880859375 0.4810344827586207 0.017578125 0.032758620689655175
0.0 0.84375 0.5275862068965518 0.0185546875 0.029310344827586206
0.0 0.974609375 0.5 0.015625 0.034482758620689655
0.0 0.740234375 0.6362068965517241 0.0234375 0.05344827586206897
0.0 0.771484375 0.5620689655172414 0.017578125 0.03793103448275862
0.0 0.79296875 0.5137931034482759 0.0146484375 0.029310344827586206
0.0 0.552734375 0.65 0.03125 0.05862068965517241
0.0 0.564453125 0.5758620689655173 0.0205078125 0.041379310344827586
0.0 0.603515625 0.5637931034482758 0.0185546875 0.03793103448275862
0.0 0.6201171875 0.5120689655172413 0.017578125 0.03620689655172414
0.0 0.6572265625 0.4517241379310345 0.0146484375 0.03103448275862069
0.0 0.5751953125 0.5258620689655172 0.0185546875 0.03620689655172414
0.0 0.5478515625 0.5465517241379311 0.0185546875 0.034482758620689655
0.0 0.5498046875 0.503448275862069 0.017578125 0.029310344827586206
0.0 0.583984375 0.49137931034482757 0.0146484375 0.02586206896551724
0.0 0.603515625 0.47586206896551725 0.0107421875 0.029310344827586206
0.0 0.6064453125 0.43275862068965515 0.0146484375 0.029310344827586206
0.0 0.5537109375 0.4603448275862069 0.0166015625 0.027586206896551724
0.0 0.48046875 0.5637931034482758 0.01953125 0.03793103448275862
0.0 0.5048828125 0.5051724137931034 0.0146484375 0.03103448275862069
0.0 0.46875 0.6172413793103448 0.0205078125 0.04482758620689655
0.0 0.5048828125 0.46206896551724136 0.013671875 0.02586206896551724
0.0 0.541015625 0.453448275862069 0.0107421875 0.022413793103448276
0.0 0.5654296875 0.41379310344827586 0.013671875 0.02586206896551724
0.0 0.4853515625 0.4379310344827586 0.01171875 0.02413793103448276
0.0 0.513671875 0.4224137931034483 0.0126953125 0.022413793103448276
0.0 0.6357421875 0.4206896551724138 0.0146484375 0.027586206896551724
0.0 0.6708984375 0.43103448275862066 0.015625 0.02586206896551724
0.0 0.6904296875 0.41724137931034483 0.0107421875 0.02413793103448276
0.0 0.712890625 0.4396551724137931 0.013671875 0.029310344827586206
0.0 0.7216796875 0.4103448275862069 0.0126953125 0.020689655172413793
0.0 0.3994140625 0.7068965517241379 0.0283203125 0.04655172413793104
0.0 0.4541015625 0.49482758620689654 0.017578125 0.034482758620689655
0.0 0.4208984375 0.5103448275862069 0.0205078125 0.039655172413793106
0.0 0.4404296875 0.4672413793103448 0.017578125 0.03103448275862069
0.0 0.3916015625 0.4982758620689655 0.017578125 0.034482758620689655
0.0 0.412109375 0.4362068965517241 0.0126953125 0.027586206896551724
0.0 0.3359375 0.5793103448275863 0.021484375 0.04482758620689655
0.0 0.3720703125 0.5568965517241379 0.0205078125 0.039655172413793106
0.0 0.3173828125 0.5465517241379311 0.0205078125 0.03793103448275862
0.0 0.28125 0.5413793103448276 0.015625 0.029310344827586206
0.0 0.2841796875 0.49137931034482757 0.015625 0.03103448275862069
0.0 0.2734375 0.5982758620689655 0.0185546875 0.039655172413793106
0.0 0.263671875 0.5517241379310345 0.0146484375 0.03103448275862069
0.0 0.2705078125 0.4362068965517241 0.0126953125 0.027586206896551724
0.0 0.3203125 0.46379310344827585 0.013671875 0.03103448275862069
0.0 0.3408203125 0.46551724137931033 0.013671875 0.03103448275862069
0.0 0.3798828125 0.453448275862069 0.0126953125 0.022413793103448276
0.0 0.3779296875 0.4827586206896552 0.01171875 0.027586206896551724
0.0 0.439453125 0.4396551724137931 0.0146484375 0.027586206896551724
0.0 0.427734375 0.41206896551724137 0.01171875 0.02413793103448276
0.0 0.4453125 0.3758620689655172 0.01171875 0.020689655172413793
0.0 0.48828125 0.4051724137931034 0.0107421875 0.022413793103448276
0.0 0.4716796875 0.44310344827586207 0.009765625 0.020689655172413793
0.0 0.533203125 0.4086206896551724 0.01171875 0.02413793103448276
0.0 0.33984375 0.41206896551724137 0.0126953125 0.02586206896551724
0.0 0.3662109375 0.4241379310344828 0.0126953125 0.029310344827586206
0.0 0.3818359375 0.4103448275862069 0.0126953125 0.02413793103448276
0.0 0.3125 0.4189655172413793 0.01171875 0.027586206896551724
0.0 0.279296875 0.4224137931034483 0.013671875 0.02413793103448276
0.0 0.2734375 0.3879310344827586 0.01171875 0.02586206896551724
0.0 0.2880859375 0.3758620689655172 0.01171875 0.020689655172413793
0.0 0.326171875 0.3896551724137931 0.01171875 0.02413793103448276
0.0 0.3515625 0.3724137931034483 0.0126953125 0.02586206896551724
0.0 0.375 0.3810344827586207 0.0107421875 0.022413793103448276
0.0 0.390625 0.3724137931034483 0.009765625 0.022413793103448276
0.0 0.4072265625 0.39827586206896554 0.0087890625 0.020689655172413793
0.0 0.3173828125 0.3810344827586207 0.009765625 0.01896551724137931
0.0 0.259765625 0.3620689655172414 0.009765625 0.01896551724137931
0.0 0.279296875 0.3689655172413793 0.0078125 0.015517241379310345
0.0 0.2724609375 0.3413793103448276 0.0068359375 0.017241379310344827
0.0 0.298828125 0.33793103448275863 0.0068359375 0.017241379310344827
0.0 0.3310546875 0.3603448275862069 0.005859375 0.015517241379310345
0.0 0.33203125 0.33793103448275863 0.0087890625 0.015517241379310345
0.0 0.365234375 0.3586206896551724 0.0078125 0.017241379310344827
0.0 0.37890625 0.3603448275862069 0.0087890625 0.01896551724137931
0.0 0.390625 0.35172413793103446 0.0087890625 0.013793103448275862
0.0 0.3720703125 0.3413793103448276 0.0087890625 0.01896551724137931
0.0 0.3828125 0.32413793103448274 0.0087890625 0.017241379310344827
0.0 0.359375 0.33275862068965517 0.0107421875 0.017241379310344827
0.0 0.3515625 0.32241379310344825 0.0068359375 0.015517241379310345
0.0 0.3681640625 0.3120689655172414 0.0078125 0.017241379310344827
0.0 0.3203125 0.3258620689655172 0.0087890625 0.015517241379310345
0.0 0.3369140625 0.32241379310344825 0.0078125 0.015517241379310345
0.0 0.3291015625 0.2982758620689655 0.005859375 0.013793103448275862
0.0 0.3212890625 0.2913793103448276 0.0068359375 0.01206896551724138
0.0 0.3134765625 0.31551724137931036 0.005859375 0.013793103448275862
0.0 0.2998046875 0.3017241379310345 0.0068359375 0.01206896551724138
0.0 0.2900390625 0.3103448275862069 0.0078125 0.015517241379310345
0.0 0.265625 0.32068965517241377 0.0087890625 0.013793103448275862
0.0 0.26953125 0.30517241379310345 0.0078125 0.015517241379310345
0.0 0.2783203125 0.2896551724137931 0.0068359375 0.015517241379310345
0.0 0.3046875 0.2810344827586207 0.005859375 0.015517241379310345
0.0 0.40625 0.33275862068965517 0.0078125 0.017241379310344827
0.0 0.421875 0.35517241379310344 0.0087890625 0.017241379310344827
0.0 0.4150390625 0.33793103448275863 0.0068359375 0.01896551724137931
0.0 0.4248046875 0.31896551724137934 0.0078125 0.015517241379310345
0.0 0.443359375 0.33620689655172414 0.0068359375 0.015517241379310345
0.0 0.4580078125 0.31724137931034485 0.0078125 0.017241379310344827
0.0 0.486328125 0.35517241379310344 0.009765625 0.020689655172413793
0.0 0.4775390625 0.35 0.0087890625 0.017241379310344827
0.0 0.4677734375 0.34655172413793106 0.0078125 0.01896551724137931
0.0 0.4755859375 0.3103448275862069 0.0068359375 0.017241379310344827
0.0 0.48046875 0.3 0.0068359375 0.015517241379310345
0.0 0.45703125 0.29310344827586204 0.0078125 0.017241379310344827
0.0 0.4296875 0.2982758620689655 0.0068359375 0.015517241379310345
0.0 0.4130859375 0.2913793103448276 0.0078125 0.013793103448275862
0.0 0.4033203125 0.3086206896551724 0.0078125 0.013793103448275862
0.0 0.3974609375 0.3 0.0078125 0.017241379310344827
0.0 0.4072265625 0.2827586206896552 0.0078125 0.013793103448275862
0.0 0.384765625 0.29310344827586204 0.0068359375 0.010344827586206896
0.0 0.3544921875 0.296551724137931 0.005859375 0.015517241379310345
0.0 0.3681640625 0.2775862068965517 0.005859375 0.01206896551724138
0.0 0.345703125 0.2810344827586207 0.0048828125 0.01206896551724138
0.0 0.3544921875 0.2775862068965517 0.005859375 0.01206896551724138
0.0 0.361328125 0.2672413793103448 0.0048828125 0.01206896551724138
0.0 0.3349609375 0.27241379310344827 0.0078125 0.013793103448275862
0.0 0.322265625 0.2603448275862069 0.005859375 0.008620689655172414
0.0 0.3134765625 0.2672413793103448 0.0048828125 0.010344827586206896
0.0 0.3349609375 0.25689655172413794 0.0048828125 0.01206896551724138
0.0 0.34375 0.25517241379310346 0.00390625 0.010344827586206896
0.0 0.2998046875 0.27241379310344827 0.0068359375 0.01206896551724138
0.0 0.2861328125 0.2672413793103448 0.005859375 0.013793103448275862
0.0 0.29296875 0.2672413793103448 0.005859375 0.008620689655172414
0.0 0.2705078125 0.28620689655172415 0.0078125 0.01206896551724138
0.0 0.2490234375 0.2913793103448276 0.005859375 0.015517241379310345
0.0 0.2568359375 0.2896551724137931 0.0048828125 0.01206896551724138
0.0 0.4404296875 0.2793103448275862 0.0068359375 0.013793103448275862
0.0 0.4296875 0.27241379310344827 0.005859375 0.013793103448275862
0.0 0.451171875 0.27241379310344827 0.0068359375 0.015517241379310345
0.0 0.466796875 0.25517241379310346 0.005859375 0.013793103448275862
0.0 0.5810546875 0.3896551724137931 0.013671875 0.02413793103448276
0.0 0.6279296875 0.39482758620689656 0.01171875 0.02586206896551724
0.0 0.666015625 0.3913793103448276 0.0126953125 0.020689655172413793
0.0 0.654296875 0.41206896551724137 0.0126953125 0.02586206896551724
0.0 0.705078125 0.3896551724137931 0.01171875 0.027586206896551724
0.0 0.689453125 0.3741379310344828 0.01171875 0.02413793103448276
0.0 0.7431640625 0.3758620689655172 0.0146484375 0.02586206896551724
0.0 0.73046875 0.3724137931034483 0.01171875 0.02413793103448276
0.0 0.7060546875 0.35172413793103446 0.0126953125 0.020689655172413793
0.0 0.7236328125 0.3413793103448276 0.0087890625 0.01896551724137931
0.0 0.685546875 0.3568965517241379 0.0126953125 0.022413793103448276
0.0 0.611328125 0.3275862068965517 0.009765625 0.01896551724137931
0.0 0.59765625 0.35344827586206895 0.0087890625 0.01896551724137931
0.0 0.5771484375 0.3431034482758621 0.0107421875 0.020689655172413793
0.0 0.568359375 0.38620689655172413 0.0087890625 0.020689655172413793
0.0 0.5478515625 0.39482758620689656 0.0126953125 0.022413793103448276
0.0 0.5498046875 0.35344827586206895 0.0107421875 0.01896551724137931
0.0 0.5361328125 0.3741379310344828 0.0107421875 0.017241379310344827
0.0 0.525390625 0.3879310344827586 0.009765625 0.02413793103448276
0.0 0.521484375 0.36551724137931035 0.0087890625 0.017241379310344827
0.0 0.53125 0.33275862068965517 0.0087890625 0.013793103448275862
0.0 0.55859375 0.3137931034482759 0.0078125 0.017241379310344827
0.0 0.5751953125 0.31551724137931036 0.0087890625 0.017241379310344827
0.0 0.58984375 0.32241379310344825 0.0068359375 0.015517241379310345
0.0 0.6005859375 0.32413793103448274 0.0087890625 0.01896551724137931
0.0 0.5185546875 0.32241379310344825 0.0087890625 0.017241379310344827
0.0 0.544921875 0.30689655172413793 0.0078125 0.017241379310344827
0.0 0.53125 0.31551724137931036 0.0048828125 0.010344827586206896
0.0 0.5283203125 0.296551724137931 0.0068359375 0.013793103448275862
0.0 0.5390625 0.2913793103448276 0.0068359375 0.01896551724137931
0.0 0.4921875 0.29310344827586204 0.005859375 0.01206896551724138
0.0 0.5068359375 0.2827586206896552 0.009765625 0.017241379310344827
0.0 0.5419921875 0.2810344827586207 0.0068359375 0.010344827586206896
0.0 0.5517578125 0.3 0.0078125 0.013793103448275862
0.0 0.5703125 0.29482758620689653 0.0068359375 0.017241379310344827
0.0 0.5732421875 0.2775862068965517 0.0078125 0.015517241379310345
0.0 0.55078125 0.2689655172413793 0.005859375 0.01206896551724138
0.0 0.6015625 0.2982758620689655 0.005859375 0.010344827586206896
0.0 0.625 0.29482758620689653 0.0068359375 0.01206896551724138
0.0 0.6337890625 0.30517241379310345 0.0087890625 0.017241379310344827
0.0 0.6171875 0.2827586206896552 0.0068359375 0.013793103448275862
0.0 0.607421875 0.27586206896551724 0.0078125 0.01206896551724138
0.0 0.6474609375 0.28793103448275864 0.0078125 0.015517241379310345
0.0 0.6396484375 0.2827586206896552 0.005859375 0.013793103448275862
0.0 0.66796875 0.3396551724137931 0.0087890625 0.020689655172413793
0.0 0.6435546875 0.3586206896551724 0.0087890625 0.015517241379310345
0.0 0.7138671875 0.32241379310344825 0.0068359375 0.017241379310344827
0.0 0.7333984375 0.3120689655172414 0.0087890625 0.020689655172413793
0.0 0.7470703125 0.3482758620689655 0.009765625 0.020689655172413793
0.0 0.765625 0.3293103448275862 0.009765625 0.020689655172413793
0.0 0.7646484375 0.4051724137931034 0.0126953125 0.02413793103448276
0.0 0.7666015625 0.3758620689655172 0.0107421875 0.02413793103448276
0.0 0.78515625 0.47586206896551725 0.0146484375 0.029310344827586206
0.0 0.7822265625 0.42931034482758623 0.013671875 0.02586206896551724
0.0 0.7822265625 0.3568965517241379 0.0087890625 0.020689655172413793
0.0 0.798828125 0.3413793103448276 0.0087890625 0.020689655172413793
0.0 0.794921875 0.3137931034482759 0.0078125 0.01896551724137931
0.0 0.78125 0.31896551724137934 0.009765625 0.01896551724137931
0.0 0.74609375 0.30689655172413793 0.0078125 0.017241379310344827
0.0 0.763671875 0.3103448275862069 0.0078125 0.013793103448275862
0.0 0.734375 0.29310344827586204 0.0087890625 0.015517241379310345
0.0 0.724609375 0.296551724137931 0.0078125 0.013793103448275862
0.0 0.712890625 0.30517241379310345 0.0068359375 0.015517241379310345
0.0 0.689453125 0.2982758620689655 0.0068359375 0.013793103448275862
0.0 0.6591796875 0.31551724137931036 0.0087890625 0.017241379310344827
0.0 0.642578125 0.32413793103448274 0.0068359375 0.017241379310344827
0.0 0.6826171875 0.28448275862068967 0.0068359375 0.015517241379310345
0.0 0.66796875 0.27413793103448275 0.005859375 0.010344827586206896
0.0 0.66015625 0.25517241379310346 0.0068359375 0.013793103448275862
0.0 0.646484375 0.2689655172413793 0.0068359375 0.015517241379310345
0.0 0.6337890625 0.2620689655172414 0.005859375 0.01206896551724138
0.0 0.6181640625 0.2517241379310345 0.0068359375 0.01206896551724138
0.0 0.6474609375 0.25 0.005859375 0.015517241379310345
0.0 0.701171875 0.31724137931034485 0.0068359375 0.01896551724137931
0.0 0.6796875 0.3103448275862069 0.0068359375 0.01206896551724138
0.0 0.7099609375 0.28793103448275864 0.0078125 0.015517241379310345
0.0 0.7099609375 0.27413793103448275 0.0068359375 0.01206896551724138
0.0 0.73046875 0.25689655172413794 0.0078125 0.013793103448275862
0.0 0.705078125 0.25689655172413794 0.005859375 0.008620689655172414
0.0 0.7099609375 0.2637931034482759 0.0068359375 0.01206896551724138
0.0 0.7001953125 0.27413793103448275 0.0068359375 0.01206896551724138
0.0 0.96875 0.4603448275862069 0.0166015625 0.03103448275862069
0.0 0.9833984375 0.4413793103448276 0.0166015625 0.03103448275862069
0.0 0.93359375 0.4396551724137931 0.017578125 0.027586206896551724
0.0 0.9130859375 0.47413793103448276 0.017578125 0.032758620689655175
0.0 0.87890625 0.453448275862069 0.0166015625 0.027586206896551724
0.0 0.8935546875 0.42758620689655175 0.0146484375 0.02586206896551724
0.0 0.8759765625 0.41206896551724137 0.015625 0.027586206896551724
0.0 0.8232421875 0.46206896551724136 0.0166015625 0.027586206896551724
0.0 0.8291015625 0.503448275862069 0.017578125 0.03103448275862069
0.0 0.814453125 0.4396551724137931 0.015625 0.029310344827586206
0.0 0.8388671875 0.4206896551724138 0.015625 0.027586206896551724
0.0 0.8544921875 0.4 0.013671875 0.02586206896551724
0.0 0.830078125 0.4 0.0126953125 0.02413793103448276
0.0 0.8046875 0.4 0.015625 0.027586206896551724
0.0 0.8046875 0.36724137931034484 0.0126953125 0.02413793103448276
0.0 0.822265625 0.36551724137931035 0.0087890625 0.020689655172413793
0.0 0.8369140625 0.3706896551724138 0.0107421875 0.02413793103448276
0.0 0.8701171875 0.3706896551724138 0.0107421875 0.022413793103448276
0.0 0.89453125 0.36551724137931035 0.0107421875 0.02413793103448276
0.0 0.9267578125 0.41724137931034483 0.013671875 0.027586206896551724
0.0 0.9169921875 0.39827586206896554 0.017578125 0.032758620689655175
0.0 0.94140625 0.4 0.0107421875 0.02413793103448276
0.0 0.9267578125 0.36724137931034484 0.01171875 0.022413793103448276
0.0 0.9521484375 0.36551724137931035 0.0126953125 0.022413793103448276
0.0 0.984375 0.38620689655172413 0.013671875 0.027586206896551724
0.0 0.9736328125 0.3913793103448276 0.0126953125 0.02586206896551724
0.0 0.984375 0.36724137931034484 0.0126953125 0.02586206896551724
0.0 0.9453125 0.3396551724137931 0.0107421875 0.022413793103448276
0.0 0.927734375 0.3275862068965517 0.0107421875 0.01896551724137931
0.0 0.916015625 0.35 0.0107421875 0.022413793103448276
0.0 0.90234375 0.34655172413793106 0.01171875 0.022413793103448276
0.0 0.8896484375 0.33448275862068966 0.009765625 0.015517241379310345
0.0 0.9072265625 0.32068965517241377 0.0107421875 0.01896551724137931
0.0 0.8740234375 0.3482758620689655 0.0107421875 0.01896551724137931
0.0 0.86328125 0.33275862068965517 0.0107421875 0.017241379310344827
0.0 0.8349609375 0.3482758620689655 0.01171875 0.017241379310344827
0.0 0.828125 0.33620689655172414 0.01171875 0.020689655172413793
0.0 0.83984375 0.3137931034482759 0.0078125 0.01896551724137931
0.0 0.8046875 0.3137931034482759 0.0078125 0.010344827586206896
0.0 0.8681640625 0.3086206896551724 0.0087890625 0.013793103448275862
0.0 0.8935546875 0.3086206896551724 0.0087890625 0.01896551724137931
0.0 0.880859375 0.3103448275862069 0.009765625 0.017241379310344827
0.0 0.8828125 0.2896551724137931 0.0087890625 0.017241379310344827
0.0 0.8720703125 0.2896551724137931 0.009765625 0.01896551724137931
0.0 0.9716796875 0.3448275862068966 0.009765625 0.020689655172413793
0.0 0.98046875 0.3293103448275862 0.009765625 0.01896551724137931
0.0 0.9951171875 0.3137931034482759 0.0048828125 0.017241379310344827
0.0 0.9755859375 0.3137931034482759 0.0078125 0.017241379310344827
0.0 0.9189453125 0.3137931034482759 0.0107421875 0.01896551724137931
0.0 0.94140625 0.2793103448275862 0.009765625 0.017241379310344827
0.0 0.9189453125 0.28448275862068967 0.0087890625 0.01206896551724138
0.0 0.90625 0.296551724137931 0.0078125 0.017241379310344827
0.0 0.9091796875 0.2793103448275862 0.0078125 0.017241379310344827
0.0 0.8974609375 0.28793103448275864 0.0078125 0.017241379310344827
0.0 0.884765625 0.2637931034482759 0.0068359375 0.013793103448275862
0.0 0.87890625 0.27241379310344827 0.0078125 0.015517241379310345
0.0 0.8662109375 0.2706896551724138 0.0087890625 0.017241379310344827
0.0 0.8544921875 0.27241379310344827 0.0087890625 0.015517241379310345
0.0 0.845703125 0.3017241379310345 0.0087890625 0.015517241379310345
0.0 0.833984375 0.3017241379310345 0.0068359375 0.01206896551724138
0.0 0.8056640625 0.3017241379310345 0.0078125 0.01896551724137931
0.0 0.4970703125 0.3120689655172414 0.0087890625 0.017241379310344827
0.0 0.501953125 0.3620689655172414 0.009765625 0.020689655172413793
0.0 0.3896484375 0.2775862068965517 0.0078125 0.01206896551724138
0.0 0.3857421875 0.2655172413793103 0.0068359375 0.015517241379310345
0.0 0.5205078125 0.2482758620689655 0.0068359375 0.01206896551724138
0.0 0.5107421875 0.2603448275862069 0.0048828125 0.010344827586206896
0.0 0.5947265625 0.253448275862069 0.005859375 0.01206896551724138
0.0 0.6103515625 0.3017241379310345 0.0078125 0.015517241379310345
0.0 0.5205078125 0.27241379310344827 0.0078125 0.015517241379310345
0.0 0.498046875 0.28448275862068967 0.0087890625 0.013793103448275862
0.0 0.6513671875 0.3724137931034483 0.009765625 0.01896551724137931
0.0 0.96875 0.2655172413793103 0.0068359375 0.01206896551724138
0.0 0.98046875 0.2827586206896552 0.005859375 0.01206896551724138
0.0 0.990234375 0.2620689655172414 0.0078125 0.015517241379310345
0.0 0.833984375 0.27413793103448275 0.009765625 0.015517241379310345
0.0 0.833984375 0.23448275862068965 0.005859375 0.013793103448275862
0.0 0.8349609375 0.25689655172413794 0.0078125 0.015517241379310345
0.0 0.8115234375 0.2810344827586207 0.0087890625 0.015517241379310345
0.0 0.4150390625 0.5706896551724138 0.021484375 0.04310344827586207
0.0 0.8125 0.32413793103448274 0.009765625 0.01896551724137931
0.0 0.81640625 0.3086206896551724 0.0087890625 0.013793103448275862
0.0 0.4169921875 0.39655172413793105 0.009765625 0.020689655172413793
0.0 0.2919921875 0.4103448275862069 0.01171875 0.020689655172413793
0.0 0.494140625 0.33793103448275863 0.0107421875 0.020689655172413793
