0.0 0.19384765625 0.9027777777777778 0.0478515625 0.1423611111111111
0.0 0.2197265625 0.7942708333333334 0.04296875 0.109375
0.0 0.29833984375 0.5529513888888888 0.0283203125 0.036458333333333336
0.0 0.19921875 0.53125 0.01953125 0.034722222222222224
0.0 0.1455078125 0.75 0.0234375 0.04861111111111111
0.0 0.1279296875 0.5355902777777778 0.021484375 0.046875
0.0 0.212890625 0.033854166666666664 0.015625 0.029513888888888888
0.0 0.23779296875 0.022569444444444444 0.0146484375 0.034722222222222224
0.0 0.26318359375 0.0390625 0.0166015625 0.03298611111111111
0.0 0.3017578125 0.10503472222222222 0.017578125 0.03993055555555555
0.0 0.31689453125 0.1032986111111111 0.0107421875 0.022569444444444444
0.0 0.3486328125 0.09461805555555555 0.013671875 0.026041666666666668
0.0 0.361328125 0.09288194444444445 0.017578125 0.03993055555555555
0.0 0.37255859375 0.11631944444444445 0.0107421875 0.024305555555555556
0.0 0.40087890625 0.1328125 0.0126953125 0.036458333333333336
0.0 0.3291015625 0.1440972222222222 0.01171875 0.024305555555555556
0.0 0.3251953125 0.13020833333333334 0.0078125 0.024305555555555556
0.0 0.2685546875 0.0998263888888889 0.01171875 0.03298611111111111
0.0 0.25830078125 0.1310763888888889 0.0185546875 0.03993055555555555
0.0 0.2333984375 0.0954861111111111 0.015625 0.027777777777777776
0.0 0.19384765625 0.10503472222222222 0.0146484375 0.026041666666666668
0.0 0.1748046875 0.1814236111111111 0.01171875 0.029513888888888888
0.0 0.2744140625 0.125 0.01171875 0.020833333333333332
0.0 0.29345703125 0.2482638888888889 0.0185546875 0.034722222222222224
0.0 0.33935546875 0.2803819444444444 0.0185546875 0.057291666666666664
0.0 0.28662109375 0.3038194444444444 0.0205078125 0.03819444444444445
0.0 0.234375 0.2673611111111111 0.01953125 0.052083333333333336
0.0 0.216796875 0.2621527777777778 0.015625 0.041666666666666664
0.0 0.19091796875 0.2899305555555556 0.0244140625 0.04861111111111111
0.0 0.16259765625 0.3472222222222222 0.0166015625 0.034722222222222224
0.0 0.12646484375 0.2638888888888889 0.0185546875 0.041666666666666664
0.0 0.11767578125 0.2795138888888889 0.0107421875 0.027777777777777776
0.0 0.3798828125 0.3090277777777778 0.01171875 0.04861111111111111
0.0 0.39794921875 0.2760416666666667 0.0107421875 0.020833333333333332
0.0 0.42529296875 0.3098958333333333 0.0126953125 0.03993055555555555
0.0 0.46337890625 0.3064236111111111 0.0166015625 0.029513888888888888
0.0 0.44970703125 0.2664930555555556 0.0068359375 0.015625
0.0 0.58544921875 0.2769097222222222 0.0107421875 0.019097222222222224
0.0 0.42919921875 0.2065972222222222 0.0087890625 0.013888888888888888
0.0 0.43701171875 0.21006944444444445 0.0068359375 0.013888888888888888
0.0 0.5029296875 0.2803819444444444 0.015625 0.029513888888888888
0.0 0.56884765625 0.2847222222222222 0.0087890625 0.017361111111111112
0.0 0.44287109375 0.2934027777777778 0.0087890625 0.024305555555555556
0.0 0.50048828125 0.3793402777777778 0.0107421875 0.026041666666666668
0.0 0.515625 0.3602430555555556 0.009765625 0.019097222222222224
0.0 0.74169921875 0.5390625 0.0068359375 0.015625
0.0 0.78857421875 0.5564236111111112 0.0087890625 0.015625
0.0 0.771484375 0.5729166666666666 0.01171875 0.034722222222222224
0.0 0.77978515625 0.5642361111111112 0.0107421875 0.017361111111111112
0.0 0.6943359375 0.5616319444444444 0.01171875 0.029513888888888888
0.0 0.70068359375 0.5486111111111112 0.0087890625 0.017361111111111112
0.0 0.6748046875 0.5807291666666666 0.013671875 0.03298611111111111
0.0 0.70068359375 0.5729166666666666 0.0146484375 0.03819444444444445
0.0 0.71533203125 0.5659722222222222 0.0087890625 0.013888888888888888
0.0 0.76953125 0.5303819444444444 0.01171875 0.015625
0.0 0.9013671875 0.5112847222222222 0.0078125 0.015625
0.0 0.869140625 0.5434027777777778 0.01171875 0.020833333333333332
0.0 0.89111328125 0.5598958333333334 0.0107421875 0.026041666666666668
0.0 0.91259765625 0.5199652777777778 0.0087890625 0.015625
0.0 0.8603515625 0.5199652777777778 0.005859375 0.015625
0.0 0.85546875 0.5208333333333334 0.0078125 0.020833333333333332
0.0 0.8515625 0.5008680555555556 0.0078125 0.015625
0.0 0.81494140625 0.5763888888888888 0.0166015625 0.034722222222222224
0.0 0.81787109375 0.5407986111111112 0.0048828125 0.008680555555555556
0.0 0.83544921875 0.515625 0.0068359375 0.013888888888888888
0.0 0.83203125 0.5104166666666666 0.005859375 0.010416666666666666
0.0 0.82470703125 0.5260416666666666 0.0048828125 0.010416666666666666
0.0 0.84912109375 0.5529513888888888 0.0166015625 0.029513888888888888
0.0 0.95166015625 0.5130208333333334 0.0048828125 0.008680555555555556
0.0 0.94677734375 0.5355902777777778 0.0068359375 0.012152777777777778
0.0 0.96826171875 0.5729166666666666 0.0166015625 0.04513888888888889
0.0 0.9228515625 0.515625 0.005859375 0.013888888888888888
0.0 0.91650390625 0.5017361111111112 0.0048828125 0.006944444444444444
0.0 0.9560546875 0.5798611111111112 0.01953125 0.04861111111111111
0.0 0.95947265625 0.5286458333333334 0.0107421875 0.022569444444444444
0.0 0.9404296875 0.5373263888888888 0.005859375 0.015625
0.0 0.89990234375 0.5894097222222222 0.0146484375 0.03993055555555555
0.0 0.89501953125 0.5746527777777778 0.0146484375 0.03819444444444445
0.0 0.8349609375 0.5894097222222222 0.015625 0.03298611111111111
0.0 0.8720703125 0.6796875 0.041015625 0.09895833333333333
0.0 0.91015625 0.6032986111111112 0.021484375 0.036458333333333336
0.0 0.89208984375 0.5373263888888888 0.0068359375 0.012152777777777778
0.0 0.83935546875 0.5564236111111112 0.0087890625 0.019097222222222224
0.0 0.7607421875 0.5885416666666666 0.017578125 0.03125
0.0 0.75390625 0.6475694444444444 0.02734375 0.05555555555555555
0.0 0.7197265625 0.5998263888888888 0.015625 0.03298611111111111
0.0 0.73974609375 0.625 0.0166015625 0.027777777777777776
0.0 0.6650390625 0.5711805555555556 0.009765625 0.027777777777777776
0.0 0.6796875 0.6493055555555556 0.015625 0.03125
0.0 0.08984375 0.5989583333333334 0.013671875 0.041666666666666664
0.0 0.09912109375 0.6423611111111112 0.0126953125 0.027777777777777776
0.0 0.615234375 0.6866319444444444 0.017578125 0.057291666666666664
0.0 0.0400390625 0.7161458333333334 0.01953125 0.046875
