0.0 0.44482421875 0.19215686274509805 0.0908203125 0.15947712418300652
0.0 0.4912109375 0.08562091503267974 0.033203125 0.050980392156862744
0.0 0.77734375 0.134640522875817 0.0234375 0.04967320261437908
0.0 0.8759765625 0.16862745098039217 0.025390625 0.0392156862745098
0.0 0.82421875 0.16013071895424835 0.015625 0.027450980392156862
0.0 0.84423828125 0.17254901960784313 0.0146484375 0.02091503267973856
0.0 0.78466796875 0.17058823529411765 0.0087890625 0.01437908496732026
0.0 0.76953125 0.17254901960784313 0.009765625 0.02091503267973856
0.0 0.75048828125 0.20130718954248367 0.0205078125 0.04183006535947712
0.0 0.7744140625 0.1843137254901961 0.0078125 0.01568627450980392
0.0 0.3046875 0.09019607843137255 0.029296875 0.04183006535947712
0.0 0.17626953125 0.12483660130718954 0.0283203125 0.0457516339869281
0.0 0.10693359375 0.13071895424836602 0.0205078125 0.03137254901960784
0.0 0.6591796875 0.12679738562091503 0.033203125 0.06013071895424837
0.0 0.64453125 0.11764705882352941 0.02734375 0.05228758169934641
0.0 0.13427734375 0.10326797385620914 0.0166015625 0.026143790849673203
0.0 0.90673828125 0.17647058823529413 0.0107421875 0.018300653594771243
