0.0 0.017578125 0.09983566146261298 0.01953125 0.02218570254724733
0.0 0.009765625 0.13270336894001644 0.01953125 0.025472473294987676
0.0 0.06005859375 0.13763352506162696 0.0205078125 0.02218570254724733
0.0 0.2353515625 0.14215283483976993 0.029296875 0.027937551355792935
0.0 0.23681640625 0.09367296631059983 0.0205078125 0.018077239112571898
0.0 0.265625 0.09983566146261298 0.015625 0.01725554642563681
0.0 0.28466796875 0.10065735414954807 0.0205078125 0.018898931799506986
0.0 0.28466796875 0.11955628594905506 0.0166015625 0.01725554642563681
0.0 0.2978515625 0.13927691043549711 0.025390625 0.025472473294987676
0.0 0.31982421875 0.09983566146261298 0.0166015625 0.015612161051766639
0.0 0.34033203125 0.17378800328677074 0.0537109375 0.0419063270336894
0.0 0.4150390625 0.12612982744453574 0.029296875 0.025472473294987676
0.0 0.46435546875 0.13557929334428923 0.0380859375 0.03286770747740345
0.0 0.54541015625 0.10887428101889893 0.1083984375 0.12078882497945768
0.0 0.2001953125 0.12941659819227608 0.025390625 0.04519309778142974
