0.0 0.4462890625 0.27445255474452557 0.060546875 0.08759124087591241
0.0 0.193359375 0.48759124087591244 0.0458984375 0.07007299270072993
0.0 0.1015625 0.48175182481751827 0.041015625 0.06861313868613139
0.0 0.0146484375 0.5328467153284672 0.037109375 0.06861313868613139
0.0 0.337890625 0.5211678832116788 0.0244140625 0.040875912408759124
0.0 0.61328125 0.42627737226277373 0.04296875 0.07883211678832117
0.0 0.7548828125 0.48175182481751827 0.044921875 0.08175182481751825
0.0 0.8291015625 0.4364963503649635 0.06640625 0.11532846715328467
0.0 0.921875 0.4481751824817518 0.072265625 0.10656934306569343
0.0 0.5673828125 0.5080291970802919 0.0380859375 0.07007299270072993
