0.0 0.111328125 0.2865853658536585 0.037109375 0.08231707317073171
0.0 0.18310546875 0.2690548780487805 0.0205078125 0.041158536585365856
0.0 0.47509765625 0.1836890243902439 0.0673828125 0.12652439024390244
0.0 0.625 0.23932926829268292 0.013671875 0.03353658536585366
0.0 0.61767578125 0.2545731707317073 0.0126953125 0.027439024390243903
0.0 0.6650390625 0.24085365853658536 0.013671875 0.036585365853658534
0.0 0.6806640625 0.2553353658536585 0.01171875 0.022865853658536585
0.0 0.73095703125 0.2759146341463415 0.0517578125 0.08536585365853659
0.0 0.83154296875 0.20960365853658536 0.0361328125 0.07469512195121951
0.0 0.87451171875 0.23932926829268292 0.0126953125 0.027439024390243903
0.0 0.2802734375 0.26676829268292684 0.0078125 0.024390243902439025
0.0 0.31787109375 0.2576219512195122 0.0166015625 0.027439024390243903
0.0 0.208984375 0.27134146341463417 0.017578125 0.03048780487804878
0.0 0.6064453125 0.24390243902439024 0.0078125 0.018292682926829267
