0.0 0.220703125 0.40147058823529413 0.0625 0.07941176470588235
0.0 0.521484375 0.16911764705882354 0.0419921875 0.07794117647058824
0.0 0.61328125 0.2161764705882353 0.0537109375 0.11029411764705882
0.0 0.96875 0.18529411764705883 0.03125 0.13088235294117648
0.0 0.8486328125 0.039705882352941174 0.02734375 0.052941176470588235
0.0 0.978515625 0.014705882352941176 0.01953125 0.051470588235294115
0.0 0.650390625 0.09117647058823529 0.02734375 0.06470588235294118
0.0 0.466796875 0.10588235294117647 0.0322265625 0.052941176470588235
0.0 0.111328125 0.12794117647058822 0.0400390625 0.08235294117647059
0.0 0.1884765625 0.058823529411764705 0.0341796875 0.061764705882352944
0.0 0.2939453125 0.052941176470588235 0.0283203125 0.051470588235294115
0.0 0.01953125 0.0 0.0234375 0.061764705882352944
0.0 0.142578125 0.0 0.0302734375 0.05588235294117647
0.0 0.08203125 0.0058823529411764705 0.033203125 0.051470588235294115
0.0 0.228515625 0.0 0.0205078125 0.013235294117647059
0.0 0.61328125 0.010294117647058823 0.0234375 0.041176470588235294
