0.0 0.81298828125 0.7873900293255132 0.0048828125 0.005865102639296188
0.0 0.82177734375 0.8467741935483871 0.0107421875 0.02785923753665689
0.0 0.880859375 0.8702346041055719 0.015625 0.02785923753665689
0.0 0.7724609375 0.907624633431085 0.015625 0.026392961876832845
0.0 0.80859375 0.9369501466275659 0.015625 0.026392961876832845
0.0 0.857421875 0.8944281524926686 0.013671875 0.02932551319648094
0.0 0.873046875 0.9046920821114369 0.013671875 0.020527859237536656
0.0 0.11865234375 0.6275659824046921 0.0048828125 0.008797653958944282
0.0 0.0234375 0.18914956011730205 0.0078125 0.01466275659824047
0.0 0.05908203125 0.14809384164222875 0.0048828125 0.008797653958944282
0.0 0.19091796875 0.16129032258064516 0.0048828125 0.005865102639296188
0.0 0.658203125 0.9846041055718475 0.015625 0.030791788856304986
0.0 0.45849609375 0.9772727272727273 0.0224609375 0.030791788856304986
0.0 0.474609375 0.969208211143695 0.013671875 0.02932551319648094
0.0 0.48388671875 0.9538123167155426 0.0185546875 0.030791788856304986
0.0 0.51806640625 0.9435483870967742 0.0185546875 0.03372434017595308
0.0 0.5390625 0.9560117302052786 0.015625 0.02346041055718475
0.0 0.55615234375 0.9538123167155426 0.0166015625 0.02785923753665689
0.0 0.52783203125 0.9860703812316716 0.0185546875 0.02785923753665689
0.0 0.57568359375 0.9486803519061584 0.0185546875 0.03812316715542522
0.0 0.6025390625 0.876099706744868 0.013671875 0.007331378299120235
0.0 0.59912109375 0.8995601173020528 0.0166015625 0.030791788856304986
0.0 0.60791015625 0.9296187683284457 0.0166015625 0.04398826979472141
0.0 0.779296875 0.9897360703812317 0.017578125 0.020527859237536656
0.0 0.82470703125 0.9824046920821115 0.0146484375 0.03225806451612903
0.0 0.91162109375 0.9860703812316716 0.0166015625 0.024926686217008796
0.0 0.3037109375 0.9237536656891495 0.013671875 0.026392961876832845
0.0 0.41259765625 0.6759530791788856 0.0126953125 0.03519061583577713
0.0 0.3896484375 0.656891495601173 0.009765625 0.026392961876832845
0.0 0.56982421875 0.5953079178885631 0.0068359375 0.008797653958944282
0.0 0.9775390625 0.3944281524926686 0.0234375 0.05571847507331378
0.0 0.87109375 0.4560117302052786 0.0078125 0.01466275659824047
0.0 0.8583984375 0.5271260997067448 0.009765625 0.016129032258064516
0.0 0.89111328125 0.48607038123167157 0.0048828125 0.013196480938416423
0.0 0.88916015625 0.4662756598240469 0.0068359375 0.01466275659824047
0.0 0.83935546875 0.4112903225806452 0.0048828125 0.010263929618768328
0.0 0.85205078125 0.4149560117302053 0.0087890625 0.017595307917888565
0.0 0.91455078125 0.41715542521994137 0.0068359375 0.016129032258064516
0.0 0.828125 0.45821114369501464 0.00390625 0.010263929618768328
0.0 0.82421875 0.4846041055718475 0.00390625 0.007331378299120235
0.0 0.76953125 0.5205278592375366 0.01171875 0.017595307917888565
0.0 0.7802734375 0.5461876832844574 0.0078125 0.013196480938416423
0.0 0.78173828125 0.5175953079178885 0.0068359375 0.008797653958944282
0.0 0.8935546875 0.27052785923753664 0.005859375 0.007331378299120235
0.0 0.0888671875 0.5241935483870968 0.0078125 0.01906158357771261
0.0 0.00634765625 0.5065982404692082 0.0087890625 0.01906158357771261
0.0 0.02197265625 0.436950146627566 0.0068359375 0.01466275659824047
0.0 0.017578125 0.3870967741935484 0.0078125 0.011730205278592375
0.0 0.0595703125 0.49193548387096775 0.0078125 0.013196480938416423
0.0 0.056640625 0.37609970674486803 0.0078125 0.007331378299120235
0.0 0.15966796875 0.4934017595307918 0.0068359375 0.010263929618768328
0.0 0.18994140625 0.5652492668621701 0.0068359375 0.013196480938416423
0.0 0.0263671875 0.5960410557184751 0.009765625 0.013196480938416423
0.0 0.080078125 0.5168621700879765 0.0078125 0.013196480938416423
0.0 0.0302734375 0.4633431085043988 0.005859375 0.011730205278592375
0.0 0.00244140625 0.5300586510263929 0.0048828125 0.010263929618768328
0.0 0.19775390625 0.15469208211143695 0.0029296875 0.004398826979472141
0.0 0.162109375 0.16642228739002932 0.00390625 0.007331378299120235
0.0 0.17529296875 0.1532258064516129 0.0048828125 0.007331378299120235
0.0 0.0615234375 0.2529325513196481 0.00390625 0.010263929618768328
0.0 0.0546875 0.25806451612903225 0.005859375 0.008797653958944282
0.0 0.017578125 0.2558651026392962 0.005859375 0.007331378299120235
0.0 0.03955078125 0.27346041055718473 0.0068359375 0.007331378299120235
0.0 0.1201171875 0.1781524926686217 0.005859375 0.007331378299120235
0.0 0.11865234375 0.1906158357771261 0.0087890625 0.011730205278592375
0.0 0.16162109375 0.12023460410557185 0.0029296875 0.005865102639296188
0.0 0.08203125 0.24266862170087977 0.005859375 0.010263929618768328
0.0 0.0927734375 0.2529325513196481 0.005859375 0.007331378299120235
0.0 0.076171875 0.2587976539589443 0.005859375 0.013196480938416423
0.0 0.2490234375 0.1627565982404692 0.00390625 0.008797653958944282
0.0 0.166015625 0.9208211143695014 0.01953125 0.04105571847507331
0.0 0.0166015625 0.907624633431085 0.0078125 0.020527859237536656
0.0 0.30322265625 0.9838709677419355 0.0185546875 0.026392961876832845
0.0 0.37060546875 0.9721407624633431 0.0205078125 0.03519061583577713
0.0 0.3720703125 0.8489736070381232 0.013671875 0.017595307917888565
0.0 0.3701171875 0.9200879765395894 0.017578125 0.02785923753665689
0.0 0.3369140625 0.9809384164222874 0.01171875 0.02346041055718475
0.0 0.62451171875 0.874633431085044 0.0107421875 0.024926686217008796
0.0 0.6416015625 0.908357771260997 0.015625 0.02785923753665689
0.0 0.654296875 0.906891495601173 0.009765625 0.01906158357771261
0.0 0.6640625 0.9032258064516129 0.01171875 0.026392961876832845
0.0 0.65625 0.9494134897360704 0.017578125 0.024926686217008796
0.0 0.6826171875 0.9472140762463344 0.015625 0.02346041055718475
0.0 0.6962890625 0.9904692082111437 0.015625 0.01906158357771261
0.0 0.7265625 0.9574780058651027 0.009765625 0.017595307917888565
0.0 0.60498046875 0.8489736070381232 0.0087890625 0.017595307917888565
0.0 0.0927734375 0.2653958944281525 0.005859375 0.008797653958944282
0.0 0.03076171875 0.29105571847507333 0.0048828125 0.007331378299120235
0.0 0.06494140625 0.5205278592375366 0.0048828125 0.008797653958944282
0.0 0.02880859375 0.4178885630498534 0.0048828125 0.008797653958944282
0.0 0.236328125 0.5109970674486803 0.005859375 0.010263929618768328
0.0 0.17626953125 0.5197947214076246 0.0087890625 0.013196480938416423
0.0 0.16943359375 0.49266862170087977 0.0087890625 0.01466275659824047
0.0 0.17041015625 0.47214076246334313 0.0107421875 0.011730205278592375
0.0 0.10546875 0.4604105571847507 0.001953125 0.005865102639296188
0.0 0.18310546875 0.46774193548387094 0.0029296875 0.005865102639296188
0.0 0.189453125 0.46774193548387094 0.005859375 0.005865102639296188
0.0 0.806640625 0.7859237536656891 0.005859375 0.008797653958944282
0.0 0.37060546875 0.8848973607038123 0.0166015625 0.01906158357771261
0.0 0.59619140625 0.9376832844574781 0.0048828125 0.007331378299120235
0.0 0.9833984375 0.8247800586510264 0.013671875 0.016129032258064516
0.0 0.83935546875 0.9875366568914956 0.0146484375 0.01906158357771261
0.0 0.751953125 0.8174486803519062 0.015625 0.021994134897360705
0.0 0.73828125 0.8071847507331378 0.009765625 0.016129032258064516
0.0 0.78955078125 0.906158357771261 0.0146484375 0.026392961876832845
0.0 0.955078125 0.5417888563049853 0.009765625 0.016129032258064516
0.0 0.83154296875 0.5513196480938416 0.0107421875 0.01466275659824047
0.0 0.74462890625 0.5403225806451613 0.0087890625 0.013196480938416423
0.0 0.71484375 0.5425219941348973 0.0078125 0.01466275659824047
0.0 0.7939453125 0.5175953079178885 0.005859375 0.011730205278592375
0.0 0.88037109375 0.4846041055718475 0.0068359375 0.010263929618768328
0.0 0.54833984375 0.5645161290322581 0.0087890625 0.01466275659824047
0.0 0.56591796875 0.5637829912023461 0.0107421875 0.021994134897360705
0.0 0.4912109375 0.5828445747800587 0.0078125 0.016129032258064516
0.0 0.48388671875 0.5674486803519062 0.0068359375 0.01466275659824047
0.0 0.51025390625 0.5623167155425219 0.0068359375 0.013196480938416423
0.0 0.07275390625 0.3218475073313783 0.0068359375 0.013196480938416423
0.0 0.0302734375 0.3379765395894428 0.005859375 0.010263929618768328
0.0 0.0732421875 0.2001466275659824 0.00390625 0.007331378299120235
0.0 0.06640625 0.20307917888563048 0.00390625 0.007331378299120235
0.0 0.08251953125 0.4398826979472141 0.0087890625 0.01466275659824047
0.0 0.07568359375 0.43621700879765396 0.0048828125 0.013196480938416423
0.0 0.080078125 0.4237536656891496 0.005859375 0.011730205278592375
0.0 0.28076171875 0.20527859237536658 0.0068359375 0.008797653958944282
0.0 0.166015625 0.18328445747800587 0.00390625 0.008797653958944282
0.0 0.0615234375 0.14442815249266863 0.0078125 0.010263929618768328
0.0 0.04833984375 0.19208211143695014 0.0048828125 0.008797653958944282
0.0 0.279296875 0.1781524926686217 0.005859375 0.007331378299120235
0.0 0.1845703125 0.10337243401759531 0.00390625 0.007331378299120235
0.0 0.064453125 0.21041055718475074 0.005859375 0.010263929618768328
0.0 0.0615234375 0.19574780058651026 0.00390625 0.007331378299120235
0.0 0.07373046875 0.1495601173020528 0.0048828125 0.008797653958944282
0.0 0.98828125 0.12903225806451613 0.005859375 0.011730205278592375
0.0 0.978515625 0.1656891495601173 0.005859375 0.01466275659824047
0.0 0.95458984375 0.2316715542521994 0.0048828125 0.01466275659824047
0.0 0.39453125 0.9325513196480938 0.015625 0.026392961876832845
0.0 0.255859375 0.38049853372434017 0.0078125 0.016129032258064516
0.0 0.646484375 0.4802052785923754 0.0078125 0.013196480938416423
0.0 0.64013671875 0.5454545454545454 0.0107421875 0.017595307917888565
0.0 0.63720703125 0.5960410557184751 0.0107421875 0.016129032258064516
0.0 0.64013671875 0.5681818181818182 0.0087890625 0.01906158357771261
0.0 0.82080078125 0.8101173020527859 0.0087890625 0.024926686217008796
0.0 0.7568359375 0.7580645161290323 0.009765625 0.017595307917888565
0.0 0.94970703125 0.7521994134897361 0.0126953125 0.02346041055718475
0.0 0.95458984375 0.782991202346041 0.0107421875 0.02346041055718475
0.0 0.9345703125 0.7419354838709677 0.01171875 0.020527859237536656
0.0 0.92431640625 0.7565982404692082 0.0107421875 0.02346041055718475
0.0 0.9189453125 0.9318181818181818 0.013671875 0.02785923753665689
0.0 0.9013671875 0.9142228739002932 0.015625 0.030791788856304986
0.0 0.97412109375 0.8328445747800587 0.0087890625 0.017595307917888565
0.0 0.830078125 0.9596774193548387 0.005859375 0.016129032258064516
0.0 0.86767578125 0.9288856304985337 0.0166015625 0.02785923753665689
0.0 0.83203125 0.9149560117302052 0.01171875 0.01466275659824047
0.0 0.82470703125 0.9318181818181818 0.0068359375 0.013196480938416423
0.0 0.76416015625 0.7705278592375366 0.0068359375 0.016129032258064516
0.0 0.71630859375 0.9215542521994134 0.0146484375 0.01906158357771261
0.0 0.67724609375 0.9134897360703812 0.0048828125 0.011730205278592375
0.0 0.701171875 0.9186217008797654 0.005859375 0.010263929618768328
0.0 0.58203125 0.9149560117302052 0.0078125 0.01466275659824047
0.0 0.6650390625 0.8079178885630498 0.009765625 0.011730205278592375
0.0 0.77392578125 0.7675953079178885 0.0068359375 0.013196480938416423
0.0 0.15380859375 0.9648093841642229 0.0107421875 0.026392961876832845
0.0 0.12158203125 0.9244868035190615 0.0068359375 0.013196480938416423
0.0 0.13623046875 0.9200879765395894 0.0068359375 0.013196480938416423
0.0 0.140625 0.9516129032258065 0.009765625 0.020527859237536656
0.0 0.24462890625 0.9457478005865103 0.0087890625 0.01466275659824047
0.0 0.255859375 0.9552785923753666 0.0078125 0.016129032258064516
0.0 0.099609375 0.9765395894428153 0.009765625 0.03519061583577713
0.0 0.11474609375 0.9303519061583577 0.0087890625 0.016129032258064516
0.0 0.00537109375 0.9193548387096774 0.0087890625 0.01466275659824047
0.0 0.05078125 0.8973607038123167 0.0078125 0.011730205278592375
0.0 0.00927734375 0.908357771260997 0.0068359375 0.016129032258064516
0.0 0.0791015625 0.9310850439882697 0.009765625 0.01466275659824047
0.0 0.04541015625 0.46994134897360706 0.0068359375 0.016129032258064516
0.0 0.0498046875 0.44501466275659823 0.0078125 0.010263929618768328
0.0 0.0869140625 0.4010263929618768 0.00390625 0.007331378299120235
0.0 0.15380859375 0.35043988269794724 0.0087890625 0.01466275659824047
0.0 0.162109375 0.3563049853372434 0.005859375 0.008797653958944282
0.0 0.24755859375 0.39222873900293254 0.0087890625 0.013196480938416423
0.0 0.23583984375 0.36730205278592376 0.0048828125 0.013196480938416423
0.0 0.2451171875 0.35043988269794724 0.0078125 0.011730205278592375
0.0 0.2451171875 0.36950146627565983 0.005859375 0.008797653958944282
0.0 0.12060546875 0.39589442815249265 0.0048828125 0.011730205278592375
0.0 0.0517578125 0.46480938416422285 0.009765625 0.01466275659824047
0.0 0.0673828125 0.46114369501466274 0.005859375 0.010263929618768328
0.0 0.0615234375 0.46920821114369504 0.005859375 0.011730205278592375
0.0 0.07666015625 0.5021994134897361 0.0048828125 0.010263929618768328
0.0 0.8173828125 0.3181818181818182 0.015625 0.020527859237536656
0.0 0.80029296875 0.2763929618768328 0.0087890625 0.016129032258064516
0.0 0.84814453125 0.313049853372434 0.0048828125 0.007331378299120235
0.0 0.85107421875 0.32404692082111436 0.0048828125 0.005865102639296188
0.0 0.85986328125 0.2895894428152493 0.0107421875 0.016129032258064516
0.0 0.87841796875 0.3057184750733138 0.0185546875 0.01906158357771261
0.0 0.9169921875 0.2939882697947214 0.01171875 0.021994134897360705
0.0 0.93701171875 0.15542521994134897 0.0068359375 0.017595307917888565
0.0 0.9619140625 0.15175953079178886 0.0078125 0.021994134897360705
0.0 0.31982421875 0.3101173020527859 0.0087890625 0.013196480938416423
0.0 0.32177734375 0.2873900293255132 0.0068359375 0.011730205278592375
0.0 0.3134765625 0.30425219941348974 0.005859375 0.013196480938416423
0.0 0.37939453125 0.3035190615835777 0.0068359375 0.011730205278592375
0.0 0.42431640625 0.3181818181818182 0.0087890625 0.011730205278592375
0.0 0.18896484375 0.30718475073313783 0.0068359375 0.013196480938416423
0.0 0.1767578125 0.2932551319648094 0.005859375 0.008797653958944282
0.0 0.23486328125 0.1656891495601173 0.0029296875 0.005865102639296188
0.0 0.1953125 0.125366568914956 0.00390625 0.007331378299120235
0.0 0.03515625 0.25219941348973607 0.009765625 0.01466275659824047
0.0 0.32421875 0.0747800586510264 0.005859375 0.011730205278592375
0.0 0.43212890625 0.5909090909090909 0.0048828125 0.008797653958944282
0.0 0.455078125 0.6334310850439883 0.0078125 0.011730205278592375
0.0 0.2060546875 0.4046920821114369 0.005859375 0.011730205278592375
0.0 0.82861328125 0.25806451612903225 0.0126953125 0.017595307917888565
0.0 0.76904296875 0.25219941348973607 0.0107421875 0.01466275659824047
0.0 0.78125 0.2221407624633431 0.01171875 0.01906158357771261
0.0 0.71826171875 0.1935483870967742 0.0126953125 0.01466275659824047
0.0 0.52197265625 0.43621700879765396 0.0107421875 0.016129032258064516
0.0 0.4150390625 0.3966275659824047 0.009765625 0.013196480938416423
0.0 0.38525390625 0.374633431085044 0.0107421875 0.013196480938416423
0.0 0.39990234375 0.6099706744868035 0.0087890625 0.01466275659824047
0.0 0.31884765625 0.14809384164222875 0.0087890625 0.017595307917888565
0.0 0.375 0.4237536656891496 0.0078125 0.011730205278592375
