0.0 0.6845703125 0.6323529411764706 0.0087890625 0.014705882352941176
0.0 0.60546875 0.5602941176470588 0.0068359375 0.011764705882352941
0.0 0.638671875 0.5279411764705882 0.005859375 0.010294117647058823
0.0 0.6083984375 0.6411764705882353 0.0068359375 0.016176470588235296
0.0 0.5771484375 0.6220588235294118 0.0078125 0.014705882352941176
0.0 0.556640625 0.6367647058823529 0.0078125 0.013235294117647059
0.0 0.6708984375 0.6102941176470589 0.0078125 0.013235294117647059
0.0 0.5224609375 0.65 0.0087890625 0.016176470588235296
0.0 0.5556640625 0.5617647058823529 0.0068359375 0.011764705882352941
0.0 0.5263671875 0.611764705882353 0.0087890625 0.016176470588235296
0.0 0.513671875 0.5911764705882353 0.0078125 0.014705882352941176
0.0 0.509765625 0.5617647058823529 0.005859375 0.010294117647058823
0.0 0.486328125 0.5926470588235294 0.0068359375 0.013235294117647059
0.0 0.349609375 0.7147058823529412 0.009765625 0.01911764705882353
0.0 0.3857421875 0.6838235294117647 0.009765625 0.01764705882352941
0.0 0.32421875 0.7058823529411765 0.0078125 0.014705882352941176
0.0 0.2060546875 0.6985294117647058 0.0126953125 0.01911764705882353
0.0 0.2431640625 0.7235294117647059 0.0107421875 0.01764705882352941
0.0 0.2109375 0.7308823529411764 0.0078125 0.01911764705882353
0.0 0.1884765625 0.7808823529411765 0.013671875 0.022058823529411766
0.0 0.28515625 0.6426470588235295 0.0087890625 0.016176470588235296
0.0 0.2900390625 0.5794117647058824 0.0068359375 0.013235294117647059
0.0 0.23828125 0.5926470588235294 0.0068359375 0.013235294117647059
0.0 0.205078125 0.6044117647058823 0.0087890625 0.014705882352941176
0.0 0.2080078125 0.5647058823529412 0.005859375 0.010294117647058823
0.0 0.1669921875 0.638235294117647 0.009765625 0.01764705882352941
0.0 0.1318359375 0.6088235294117647 0.0078125 0.013235294117647059
0.0 0.099609375 0.5735294117647058 0.0087890625 0.011764705882352941
0.0 0.0849609375 0.6279411764705882 0.0078125 0.013235294117647059
0.0 0.041015625 0.5779411764705882 0.005859375 0.010294117647058823
0.0 0.072265625 0.6426470588235295 0.0087890625 0.014705882352941176
0.0 0.4462890625 0.5602941176470588 0.005859375 0.011764705882352941
0.0 0.4189453125 0.6647058823529411 0.0107421875 0.016176470588235296
0.0 0.45703125 0.6411764705882353 0.0087890625 0.016176470588235296
0.0 0.4033203125 0.5882352941176471 0.0078125 0.014705882352941176
0.0 0.4111328125 0.5661764705882353 0.005859375 0.013235294117647059
0.0 0.3974609375 0.5808823529411765 0.0078125 0.010294117647058823
0.0 0.396484375 0.5308823529411765 0.0048828125 0.008823529411764706
0.0 0.3828125 0.5573529411764706 0.005859375 0.010294117647058823
0.0 0.3759765625 0.5352941176470588 0.0048828125 0.008823529411764706
0.0 0.3564453125 0.5455882352941176 0.0068359375 0.013235294117647059
0.0 0.421875 0.6279411764705882 0.0078125 0.014705882352941176
0.0 0.322265625 0.6279411764705882 0.0087890625 0.014705882352941176
0.0 0.3681640625 0.5941176470588235 0.005859375 0.013235294117647059
0.0 0.318359375 0.5897058823529412 0.0087890625 0.011764705882352941
0.0 0.0849609375 0.8 0.0087890625 0.01911764705882353
0.0 0.8212890625 0.6691176470588235 0.009765625 0.016176470588235296
0.0 0.7880859375 0.6352941176470588 0.005859375 0.013235294117647059
0.0 0.736328125 0.6264705882352941 0.009765625 0.01764705882352941
0.0 0.7705078125 0.5764705882352941 0.0078125 0.011764705882352941
0.0 0.7353515625 0.6044117647058823 0.0087890625 0.014705882352941176
0.0 0.73828125 0.5764705882352941 0.0078125 0.013235294117647059
0.0 0.7060546875 0.5705882352941176 0.0087890625 0.014705882352941176
0.0 0.9189453125 0.9352941176470588 0.0166015625 0.04852941176470588
0.0 0.9658203125 0.925 0.0263671875 0.04264705882352941
0.0 0.79296875 0.9279411764705883 0.0107421875 0.03823529411764706
0.0 0.7451171875 0.9382352941176471 0.0107421875 0.03676470588235294
0.0 0.951171875 0.6264705882352941 0.01171875 0.016176470588235296
0.0 0.9267578125 0.6455882352941177 0.0078125 0.01764705882352941
0.0 0.880859375 0.7014705882352941 0.0146484375 0.025
0.0 0.8544921875 0.6132352941176471 0.0068359375 0.013235294117647059
0.0 0.9375 0.6132352941176471 0.0107421875 0.01764705882352941
0.0 0.9326171875 0.5926470588235294 0.0078125 0.011764705882352941
0.0 0.8828125 0.6102941176470589 0.0078125 0.014705882352941176
0.0 0.8720703125 0.5823529411764706 0.0078125 0.013235294117647059
0.0 0.755859375 0.7455882352941177 0.013671875 0.025
0.0 0.71484375 0.7676470588235295 0.0078125 0.025
0.0 0.6943359375 0.7470588235294118 0.013671875 0.025
0.0 0.564453125 0.7985294117647059 0.0166015625 0.027941176470588237
0.0 0.5615234375 0.7264705882352941 0.0107421875 0.025
0.0 0.607421875 0.7808823529411765 0.0078125 0.023529411764705882
0.0 0.880859375 0.5455882352941176 0.005859375 0.013235294117647059
0.0 0.8291015625 0.49558823529411766 0.00390625 0.010294117647058823
0.0 0.8037109375 0.5235294117647059 0.0048828125 0.010294117647058823
0.0 0.8076171875 0.5220588235294118 0.0048828125 0.008823529411764706
0.0 0.8427734375 0.4764705882352941 0.0048828125 0.008823529411764706
0.0 0.8046875 0.49558823529411766 0.00390625 0.008823529411764706
0.0 0.8349609375 0.5014705882352941 0.0048828125 0.008823529411764706
0.0 0.3505859375 0.888235294117647 0.017578125 0.022058823529411766
0.0 0.16796875 0.48970588235294116 0.005859375 0.008823529411764706
0.0 0.1904296875 0.4602941176470588 0.0048828125 0.007352941176470588
0.0 0.1533203125 0.46176470588235297 0.00390625 0.0058823529411764705
0.0 0.916015625 0.48970588235294116 0.0048828125 0.010294117647058823
0.0 0.916015625 0.4764705882352941 0.0048828125 0.008823529411764706
0.0 0.953125 0.4426470588235294 0.00390625 0.007352941176470588
0.0 0.9404296875 0.8117647058823529 0.0185546875 0.020588235294117647
0.0 0.564453125 0.7602941176470588 0.009765625 0.020588235294117647
0.0 0.5283203125 0.7838235294117647 0.0068359375 0.020588235294117647
0.0 0.412109375 0.47794117647058826 0.00390625 0.008823529411764706
0.0 0.4521484375 0.4808823529411765 0.0048828125 0.007352941176470588
0.0 0.4482421875 0.4632352941176471 0.00390625 0.007352941176470588
0.0 0.427734375 0.4602941176470588 0.00390625 0.007352941176470588
0.0 0.384765625 0.47352941176470587 0.00390625 0.0058823529411764705
0.0 0.396484375 0.47352941176470587 0.00390625 0.007352941176470588
0.0 0.3701171875 0.47205882352941175 0.00390625 0.007352941176470588
0.0 0.4453125 0.5073529411764706 0.00390625 0.007352941176470588
0.0 0.61328125 0.5147058823529411 0.00390625 0.010294117647058823
0.0 0.564453125 0.5117647058823529 0.0048828125 0.010294117647058823
0.0 0.5400390625 0.5323529411764706 0.0068359375 0.011764705882352941
0.0 0.57421875 0.47205882352941175 0.00390625 0.007352941176470588
0.0 0.5830078125 0.513235294117647 0.00390625 0.008823529411764706
0.0 0.58984375 0.7838235294117647 0.013671875 0.023529411764705882
0.0 0.0595703125 0.48823529411764705 0.005859375 0.008823529411764706
0.0 0.095703125 0.4970588235294118 0.0048828125 0.007352941176470588
0.0 0.0390625 0.49264705882352944 0.0048828125 0.008823529411764706
0.0 0.9501953125 0.4323529411764706 0.0048828125 0.008823529411764706
0.0 0.2421875 0.7529411764705882 0.0107421875 0.022058823529411766
0.0 0.6689453125 0.5352941176470588 0.005859375 0.013235294117647059
0.0 0.32421875 0.611764705882353 0.005859375 0.010294117647058823
0.0 0.498046875 0.5352941176470588 0.00390625 0.008823529411764706
