0.0 0.9609375 0.7179930795847751 0.01953125 0.03806228373702422
0.0 0.94140625 0.6920415224913494 0.017578125 0.03806228373702422
0.0 0.97900390625 0.6038062283737025 0.0166015625 0.03806228373702422
0.0 0.92333984375 0.6141868512110726 0.0205078125 0.03806228373702422
0.0 0.9130859375 0.5752595155709342 0.017578125 0.03633217993079585
0.0 0.869140625 0.6522491349480969 0.015625 0.031141868512110725
0.0 0.89208984375 0.6946366782006921 0.0146484375 0.03633217993079585
0.0 0.91015625 0.7110726643598616 0.015625 0.02768166089965398
0.0 0.94287109375 0.7967128027681661 0.0185546875 0.039792387543252594
0.0 0.89990234375 0.7448096885813149 0.0126953125 0.029411764705882353
0.0 0.98388671875 0.870242214532872 0.0185546875 0.04498269896193772
0.0 0.916015625 0.8529411764705882 0.01953125 0.04152249134948097
0.0 0.92333984375 0.9143598615916955 0.0205078125 0.04671280276816609
0.0 0.8857421875 0.8953287197231834 0.01953125 0.039792387543252594
0.0 0.87060546875 0.9619377162629758 0.0205078125 0.04498269896193772
0.0 0.7939453125 0.8581314878892734 0.01953125 0.04498269896193772
0.0 0.79638671875 0.9757785467128027 0.0205078125 0.04152249134948097
0.0 0.80078125 0.759515570934256 0.017578125 0.031141868512110725
0.0 0.80078125 0.6133217993079585 0.017578125 0.03633217993079585
0.0 0.8310546875 0.5795847750865052 0.013671875 0.031141868512110725
0.0 0.80322265625 0.583044982698962 0.0185546875 0.02768166089965398
0.0 0.833984375 0.7612456747404844 0.015625 0.03806228373702422
0.0 0.97998046875 0.3157439446366782 0.0146484375 0.0328719723183391
0.0 0.95068359375 0.3088235294117647 0.0146484375 0.0328719723183391
0.0 0.9560546875 0.2586505190311419 0.013671875 0.029411764705882353
0.0 0.931640625 0.3209342560553633 0.015625 0.0328719723183391
0.0 0.91796875 0.291522491349481 0.013671875 0.029411764705882353
0.0 0.92822265625 0.3711072664359862 0.0185546875 0.039792387543252594
0.0 0.8994140625 0.3494809688581315 0.015625 0.031141868512110725
0.0 0.87646484375 0.4134948096885813 0.0166015625 0.03460207612456748
0.0 0.90185546875 0.5337370242214533 0.0146484375 0.03633217993079585
0.0 0.95068359375 0.5086505190311419 0.0166015625 0.03460207612456748
0.0 0.8330078125 0.5077854671280276 0.017578125 0.0328719723183391
0.0 0.82177734375 0.47664359861591693 0.0166015625 0.03633217993079585
0.0 0.833984375 0.3754325259515571 0.017578125 0.03460207612456748
0.0 0.85302734375 0.3408304498269896 0.0146484375 0.03806228373702422
0.0 0.8427734375 0.3365051903114187 0.01171875 0.025951557093425604
0.0 0.99267578125 0.1522491349480969 0.0107421875 0.02768166089965398
0.0 0.8603515625 0.10640138408304499 0.013671875 0.029411764705882353
0.0 0.8447265625 0.05709342560553633 0.013671875 0.031141868512110725
0.0 0.8603515625 0.054498269896193774 0.01171875 0.025951557093425604
0.0 0.9033203125 0.05536332179930796 0.01171875 0.02422145328719723
0.0 0.89990234375 0.01730103806228374 0.0107421875 0.02768166089965398
0.0 0.85107421875 0.007785467128027681 0.0107421875 0.015570934256055362
0.0 0.82861328125 0.21107266435986158 0.0166015625 0.03460207612456748
0.0 0.82373046875 0.263840830449827 0.0185546875 0.0328719723183391
0.0 0.82763671875 0.11505190311418685 0.0126953125 0.0328719723183391
0.0 0.9609375 0.22577854671280276 0.013671875 0.029411764705882353
0.0 0.91455078125 0.2292387543252595 0.0107421875 0.025951557093425604
0.0 0.818359375 0.04411764705882353 0.01171875 0.029411764705882353
0.0 0.826171875 0.02162629757785467 0.009765625 0.025951557093425604
0.0 0.806640625 0.08737024221453288 0.013671875 0.029411764705882353
0.0 0.80419921875 0.16782006920415224 0.0166015625 0.02768166089965398
0.0 0.7666015625 0.1245674740484429 0.013671875 0.031141868512110725
0.0 0.7587890625 0.09429065743944637 0.01171875 0.025951557093425604
0.0 0.74267578125 0.056228373702422146 0.0107421875 0.025951557093425604
0.0 0.73974609375 0.020761245674740483 0.0087890625 0.020761245674740483
0.0 0.88671875 0.06833910034602077 0.015625 0.029411764705882353
0.0 0.712890625 0.2093425605536332 0.009765625 0.02422145328719723
0.0 0.7939453125 0.19290657439446368 0.005859375 0.012110726643598616
0.0 0.84228515625 0.19117647058823528 0.0087890625 0.029411764705882353
0.0 0.861328125 0.21885813148788927 0.009765625 0.01903114186851211
0.0 0.7138671875 0.3157439446366782 0.013671875 0.029411764705882353
0.0 0.75341796875 0.32439446366782004 0.0107421875 0.025951557093425604
0.0 0.77099609375 0.33304498269896193 0.0146484375 0.03633217993079585
0.0 0.74072265625 0.393598615916955 0.0166015625 0.029411764705882353
0.0 0.6552734375 0.2569204152249135 0.015625 0.03633217993079585
0.0 0.6416015625 0.23183391003460208 0.009765625 0.020761245674740483
0.0 0.66357421875 0.24826989619377163 0.0107421875 0.025951557093425604
0.0 0.6162109375 0.2906574394463668 0.015625 0.031141868512110725
0.0 0.62890625 0.3416955017301038 0.017578125 0.0328719723183391
0.0 0.6103515625 0.2681660899653979 0.01171875 0.02768166089965398
0.0 0.77734375 0.5086505190311419 0.015625 0.03460207612456748
0.0 0.7392578125 0.5354671280276817 0.015625 0.03633217993079585
0.0 0.7177734375 0.5250865051903114 0.013671875 0.03633217993079585
0.0 0.7470703125 0.6237024221453287 0.017578125 0.03633217993079585
0.0 0.69970703125 0.5847750865051903 0.0166015625 0.03806228373702422
0.0 0.66552734375 0.5942906574394463 0.0185546875 0.03633217993079585
0.0 0.6767578125 0.4852941176470588 0.017578125 0.0328719723183391
0.0 0.65625 0.639273356401384 0.01953125 0.03633217993079585
0.0 0.7587890625 0.7863321799307958 0.017578125 0.03633217993079585
0.0 0.740234375 0.7231833910034602 0.015625 0.03460207612456748
0.0 0.70654296875 0.7257785467128027 0.0126953125 0.025951557093425604
0.0 0.70751953125 0.7837370242214533 0.0166015625 0.03806228373702422
0.0 0.6767578125 0.6652249134948097 0.013671875 0.02249134948096886
0.0 0.7353515625 0.9238754325259516 0.01953125 0.03806228373702422
0.0 0.6025390625 0.5519031141868512 0.017578125 0.03460207612456748
0.0 0.58447265625 0.5397923875432526 0.0126953125 0.02768166089965398
0.0 0.63037109375 0.4731833910034602 0.0146484375 0.03633217993079585
0.0 0.56201171875 0.39965397923875434 0.0166015625 0.03460207612456748
0.0 0.5791015625 0.39878892733564014 0.013671875 0.029411764705882353
0.0 0.55419921875 0.5017301038062284 0.0166015625 0.03460207612456748
0.0 0.5947265625 0.04498269896193772 0.013671875 0.02768166089965398
0.0 0.595703125 0.01903114186851211 0.01171875 0.020761245674740483
0.0 0.626953125 0.04671280276816609 0.01171875 0.02768166089965398
0.0 0.63134765625 0.11072664359861592 0.0146484375 0.02768166089965398
0.0 0.53076171875 0.020761245674740483 0.0126953125 0.031141868512110725
0.0 0.501953125 0.00865051903114187 0.013671875 0.01730103806228374
0.0 0.498046875 0.04844290657439446 0.01171875 0.02768166089965398
0.0 0.4912109375 0.09429065743944637 0.013671875 0.025951557093425604
0.0 0.49365234375 0.1522491349480969 0.0146484375 0.031141868512110725
0.0 0.5048828125 0.18685121107266436 0.013671875 0.02768166089965398
0.0 0.54296875 0.13667820069204153 0.01171875 0.02422145328719723
0.0 0.560546875 0.009515570934256055 0.009765625 0.01903114186851211
0.0 0.51171875 0.00865051903114187 0.005859375 0.01730103806228374
0.0 0.630859375 0.006055363321799308 0.013671875 0.012110726643598616
0.0 0.646484375 0.07006920415224914 0.009765625 0.025951557093425604
0.0 0.66943359375 0.10813148788927336 0.0087890625 0.025951557093425604
0.0 0.43505859375 0.058823529411764705 0.0126953125 0.02768166089965398
0.0 0.4619140625 0.039792387543252594 0.009765625 0.02422145328719723
0.0 0.48046875 0.02768166089965398 0.01171875 0.02768166089965398
0.0 0.38330078125 0.023356401384083045 0.0146484375 0.025951557093425604
0.0 0.37255859375 0.01643598615916955 0.0087890625 0.015570934256055362
0.0 0.388671875 0.10986159169550173 0.009765625 0.02249134948096886
0.0 0.4169921875 0.1522491349480969 0.013671875 0.02768166089965398
0.0 0.42431640625 0.12370242214532871 0.0126953125 0.029411764705882353
0.0 0.453125 0.17474048442906576 0.009765625 0.02422145328719723
0.0 0.4443359375 0.22837370242214533 0.01171875 0.031141868512110725
0.0 0.39453125 0.17906574394463667 0.009765625 0.02249134948096886
0.0 0.31787109375 0.19117647058823528 0.0126953125 0.029411764705882353
0.0 0.3603515625 0.1375432525951557 0.01171875 0.029411764705882353
0.0 0.37548828125 0.11245674740484429 0.0107421875 0.02422145328719723
0.0 0.314453125 0.07525951557093426 0.009765625 0.029411764705882353
0.0 0.35107421875 0.25259515570934254 0.0146484375 0.03460207612456748
0.0 0.2919921875 0.1972318339100346 0.01171875 0.031141868512110725
0.0 0.47607421875 0.2586505190311419 0.0166015625 0.0328719723183391
0.0 0.4716796875 0.30017301038062283 0.015625 0.029411764705882353
0.0 0.4912109375 0.35813148788927335 0.017578125 0.03806228373702422
0.0 0.46630859375 0.35034602076124566 0.0146484375 0.0328719723183391
0.0 0.4091796875 0.29930795847750863 0.015625 0.03460207612456748
0.0 0.41943359375 0.26124567474048443 0.0126953125 0.031141868512110725
0.0 0.39599609375 0.3615916955017301 0.0146484375 0.03460207612456748
0.0 0.55517578125 0.6660899653979239 0.0107421875 0.02768166089965398
0.0 0.50146484375 0.7681660899653979 0.0166015625 0.03806228373702422
0.0 0.60400390625 0.7214532871972318 0.0166015625 0.03460207612456748
0.0 0.49609375 0.5666089965397924 0.015625 0.0328719723183391
0.0 0.4970703125 0.4852941176470588 0.015625 0.0328719723183391
0.0 0.5068359375 0.4290657439446367 0.015625 0.03806228373702422
0.0 0.44140625 0.45674740484429066 0.015625 0.031141868512110725
0.0 0.46337890625 0.47664359861591693 0.0126953125 0.025951557093425604
0.0 0.443359375 0.5268166089965398 0.015625 0.0328719723183391
0.0 0.49951171875 0.8676470588235294 0.0205078125 0.03633217993079585
0.0 0.52587890625 0.9455017301038062 0.0166015625 0.039792387543252594
0.0 0.5185546875 0.8399653979238755 0.013671875 0.025951557093425604
0.0 0.45947265625 0.833044982698962 0.0146484375 0.0328719723183391
0.0 0.41748046875 0.7846020761245674 0.0185546875 0.03633217993079585
0.0 0.42724609375 0.745674740484429 0.0146484375 0.031141868512110725
0.0 0.4365234375 0.9576124567474048 0.013671875 0.039792387543252594
0.0 0.38134765625 0.8910034602076125 0.0205078125 0.03806228373702422
0.0 0.32421875 0.4403114186851211 0.013671875 0.0328719723183391
0.0 0.35205078125 0.4749134948096886 0.0126953125 0.0328719723183391
0.0 0.40673828125 0.45761245674740486 0.0126953125 0.029411764705882353
0.0 0.37841796875 0.41782006920415227 0.0126953125 0.029411764705882353
0.0 0.32421875 0.35034602076124566 0.015625 0.025951557093425604
0.0 0.32958984375 0.3036332179930796 0.0126953125 0.029411764705882353
0.0 0.40087890625 0.6505190311418685 0.0146484375 0.03806228373702422
0.0 0.30224609375 0.6271626297577855 0.0146484375 0.0328719723183391
0.0 0.36181640625 0.8624567474048442 0.0126953125 0.02249134948096886
0.0 0.2734375 0.9230103806228374 0.0234375 0.04671280276816609
0.0 0.32421875 0.9852941176470589 0.015625 0.025951557093425604
0.0 0.24755859375 0.8512110726643599 0.0166015625 0.03806228373702422
0.0 0.2548828125 0.6955017301038062 0.01953125 0.03806228373702422
0.0 0.296875 0.7422145328719724 0.015625 0.031141868512110725
0.0 0.34912109375 0.7076124567474048 0.0166015625 0.03806228373702422
0.0 0.1484375 0.745674740484429 0.01953125 0.04152249134948097
0.0 0.10498046875 0.8555363321799307 0.0205078125 0.04325259515570934
0.0 0.080078125 0.8209342560553633 0.01953125 0.039792387543252594
0.0 0.10693359375 0.745674740484429 0.0166015625 0.04152249134948097
0.0 0.05224609375 0.7326989619377162 0.0166015625 0.04325259515570934
0.0 0.0419921875 0.9134948096885813 0.015625 0.03806228373702422
0.0 0.1298828125 0.9775086505190311 0.017578125 0.031141868512110725
0.0 0.0029296875 0.9429065743944637 0.005859375 0.031141868512110725
0.0 0.005859375 0.8157439446366782 0.01171875 0.039792387543252594
0.0 0.0634765625 0.5891003460207612 0.017578125 0.039792387543252594
0.0 0.1689453125 0.5147058823529411 0.017578125 0.039792387543252594
0.0 0.17724609375 0.5051903114186851 0.0126953125 0.031141868512110725
0.0 0.13232421875 0.6167820069204152 0.0166015625 0.04671280276816609
0.0 0.09716796875 0.6678200692041523 0.0166015625 0.03806228373702422
0.0 0.0185546875 0.643598615916955 0.017578125 0.031141868512110725
0.0 0.04541015625 0.5216262975778547 0.0126953125 0.029411764705882353
0.0 0.28173828125 0.3062283737024221 0.0126953125 0.031141868512110725
0.0 0.30810546875 0.2569204152249135 0.0126953125 0.029411764705882353
0.0 0.19970703125 0.3391003460207612 0.0146484375 0.03460207612456748
0.0 0.1962890625 0.28027681660899656 0.015625 0.031141868512110725
0.0 0.19970703125 0.2430795847750865 0.0068359375 0.015570934256055362
0.0 0.248046875 0.44809688581314877 0.013671875 0.03460207612456748
0.0 0.2001953125 0.4091695501730104 0.015625 0.0328719723183391
0.0 0.18603515625 0.4472318339100346 0.0146484375 0.029411764705882353
0.0 0.1845703125 0.32612456747404844 0.009765625 0.025951557093425604
0.0 0.2548828125 0.23961937716262977 0.013671875 0.0328719723183391
0.0 0.0947265625 0.42993079584775085 0.013671875 0.0328719723183391
0.0 0.02734375 0.3711072664359862 0.015625 0.03633217993079585
0.0 0.02294921875 0.33217993079584773 0.0166015625 0.031141868512110725
0.0 0.02001953125 0.4602076124567474 0.0146484375 0.03806228373702422
0.0 0.03857421875 0.46539792387543255 0.0146484375 0.03460207612456748
0.0 0.046875 0.30190311418685123 0.015625 0.0328719723183391
0.0 0.07421875 0.26211072664359863 0.01171875 0.029411764705882353
0.0 0.12744140625 0.2629757785467128 0.0126953125 0.031141868512110725
0.0 0.02490234375 0.28719723183391005 0.0126953125 0.031141868512110725
0.0 0.2646484375 0.06747404844290658 0.01171875 0.02768166089965398
0.0 0.27294921875 0.012110726643598616 0.0146484375 0.02422145328719723
0.0 0.22412109375 0.025951557093425604 0.0107421875 0.02422145328719723
0.0 0.1513671875 0.020761245674740483 0.0078125 0.01730103806228374
0.0 0.15087890625 0.03806228373702422 0.0087890625 0.020761245674740483
0.0 0.28125 0.12889273356401384 0.01171875 0.02249134948096886
0.0 0.25341796875 0.1314878892733564 0.0126953125 0.02768166089965398
0.0 0.1826171875 0.19896193771626297 0.01171875 0.031141868512110725
0.0 0.1806640625 0.16868512110726644 0.01171875 0.02249134948096886
0.0 0.17578125 0.12889273356401384 0.013671875 0.029411764705882353
0.0 0.1474609375 0.14359861591695502 0.01171875 0.02422145328719723
0.0 0.0869140625 0.1314878892733564 0.015625 0.031141868512110725
0.0 0.06298828125 0.07439446366782007 0.0126953125 0.02768166089965398
0.0 0.0322265625 0.1254325259515571 0.013671875 0.029411764705882353
0.0 0.0458984375 0.15657439446366783 0.013671875 0.029411764705882353
0.0 0.037109375 0.23615916955017302 0.013671875 0.029411764705882353
0.0 0.1494140625 0.2171280276816609 0.013671875 0.025951557093425604
0.0 0.07763671875 0.015570934256055362 0.0107421875 0.02422145328719723
0.0 0.2490234375 0.10207612456747404 0.01171875 0.02422145328719723
0.0 0.28564453125 0.08910034602076125 0.0107421875 0.025951557093425604
0.0 0.10205078125 0.092560553633218 0.0087890625 0.01903114186851211
0.0 0.28955078125 0.8910034602076125 0.0185546875 0.03806228373702422
0.0 0.6982421875 0.8806228373702422 0.021484375 0.04498269896193772
0.0 0.87890625 0.5268166089965398 0.017578125 0.03633217993079585
0.0 0.96044921875 0.3780276816608997 0.0146484375 0.03633217993079585
