0.0 0.02978515625 0.6985677083333334 0.0556640625 0.07421875
0.0 0.1494140625 0.6165364583333334 0.017578125 0.04296875
0.0 0.12109375 0.537109375 0.009765625 0.016927083333333332
0.0 0.19921875 0.6236979166666666 0.013671875 0.0234375
0.0 0.23583984375 0.595703125 0.0166015625 0.02734375
0.0 0.23876953125 0.6302083333333334 0.0126953125 0.026041666666666668
0.0 0.32568359375 0.68359375 0.0498046875 0.08854166666666667
0.0 0.3134765625 0.5638020833333334 0.0078125 0.013020833333333334
0.0 0.33056640625 0.5944010416666666 0.0087890625 0.014322916666666666
0.0 0.4306640625 0.728515625 0.046875 0.09244791666666667
0.0 0.46533203125 0.6634114583333334 0.0341796875 0.05078125
0.0 0.4482421875 0.5911458333333334 0.013671875 0.028645833333333332
0.0 0.3876953125 0.5865885416666666 0.015625 0.029947916666666668
0.0 0.408203125 0.5559895833333334 0.0078125 0.015625
0.0 0.43603515625 0.5520833333333334 0.0087890625 0.015625
0.0 0.556640625 0.6536458333333334 0.029296875 0.059895833333333336
0.0 0.4921875 0.56640625 0.0078125 0.015625
0.0 0.49853515625 0.572265625 0.0087890625 0.014322916666666666
0.0 0.5244140625 0.5455729166666666 0.005859375 0.013020833333333334
0.0 0.55615234375 0.5305989583333334 0.0107421875 0.029947916666666668
0.0 0.6240234375 0.5520833333333334 0.015625 0.026041666666666668
0.0 0.72216796875 0.68359375 0.0634765625 0.1328125
0.0 0.791015625 0.6171875 0.041015625 0.08072916666666667
0.0 0.84326171875 0.7526041666666666 0.0556640625 0.10677083333333333
0.0 0.94287109375 0.6334635416666666 0.0478515625 0.07682291666666667
0.0 0.70458984375 0.5533854166666666 0.0185546875 0.026041666666666668
0.0 0.64697265625 0.5286458333333334 0.0087890625 0.018229166666666668
0.0 0.84326171875 0.5546875 0.0087890625 0.018229166666666668
0.0 0.84228515625 0.52734375 0.0087890625 0.015625
0.0 0.80517578125 0.55078125 0.0087890625 0.018229166666666668
0.0 0.81494140625 0.5279947916666666 0.0107421875 0.016927083333333332
0.0 0.7822265625 0.5559895833333334 0.01171875 0.015625
0.0 0.77783203125 0.5247395833333334 0.0107421875 0.018229166666666668
0.0 0.79833984375 0.4954427083333333 0.0107421875 0.014322916666666666
0.0 0.7333984375 0.5553385416666666 0.009765625 0.016927083333333332
0.0 0.748046875 0.53125 0.0078125 0.015625
0.0 0.81494140625 0.4752604166666667 0.0068359375 0.015625
0.0 0.779296875 0.4622395833333333 0.009765625 0.015625
0.0 0.7509765625 0.4817708333333333 0.009765625 0.015625
0.0 0.7001953125 0.4908854166666667 0.009765625 0.015625
0.0 0.71875 0.46484375 0.0078125 0.013020833333333334
0.0 0.70263671875 0.4518229166666667 0.0087890625 0.013020833333333334
0.0 0.6962890625 0.4700520833333333 0.005859375 0.010416666666666666
0.0 0.67138671875 0.455078125 0.0087890625 0.014322916666666666
0.0 0.66796875 0.4348958333333333 0.005859375 0.010416666666666666
0.0 0.68896484375 0.455078125 0.0087890625 0.01171875
0.0 0.72509765625 0.4485677083333333 0.0068359375 0.01171875
0.0 0.7626953125 0.4231770833333333 0.009765625 0.013020833333333334
0.0 0.79833984375 0.45703125 0.0087890625 0.013020833333333334
0.0 0.8349609375 0.421875 0.0078125 0.015625
0.0 0.79248046875 0.4049479166666667 0.0087890625 0.013020833333333334
0.0 0.73583984375 0.4205729166666667 0.0107421875 0.013020833333333334
0.0 0.72265625 0.4114583333333333 0.0078125 0.013020833333333334
0.0 0.74365234375 0.5065104166666666 0.0087890625 0.013020833333333334
0.0 0.68212890625 0.48046875 0.0068359375 0.010416666666666666
0.0 0.662109375 0.47265625 0.0078125 0.013020833333333334
0.0 0.56298828125 0.5110677083333334 0.0068359375 0.01171875
0.0 0.576171875 0.5 0.0078125 0.013020833333333334
0.0 0.5791015625 0.5208333333333334 0.0078125 0.013020833333333334
0.0 0.59765625 0.5162760416666666 0.0078125 0.014322916666666666
0.0 0.6220703125 0.4986979166666667 0.0078125 0.013020833333333334
0.0 0.58984375 0.5416666666666666 0.005859375 0.013020833333333334
0.0 0.63427734375 0.5084635416666666 0.0087890625 0.014322916666666666
0.0 0.6513671875 0.509765625 0.005859375 0.01171875
0.0 0.66162109375 0.490234375 0.0087890625 0.014322916666666666
0.0 0.5986328125 0.443359375 0.0078125 0.014322916666666666
0.0 0.63330078125 0.44140625 0.0087890625 0.015625
0.0 0.650390625 0.4329427083333333 0.005859375 0.01171875
0.0 0.67724609375 0.3684895833333333 0.0068359375 0.013020833333333334
0.0 0.703125 0.390625 0.0078125 0.013020833333333334
0.0 0.76220703125 0.3326822916666667 0.0068359375 0.01171875
0.0 0.78466796875 0.3190104166666667 0.0087890625 0.013020833333333334
0.0 0.8173828125 0.333984375 0.0078125 0.01171875
0.0 0.7998046875 0.33203125 0.005859375 0.010416666666666666
0.0 0.79052734375 0.3704427083333333 0.0068359375 0.01171875
0.0 0.759765625 0.3743489583333333 0.0078125 0.01171875
0.0 0.77197265625 0.37109375 0.0068359375 0.013020833333333334
0.0 0.732421875 0.375 0.005859375 0.010416666666666666
0.0 0.85205078125 0.4700520833333333 0.0107421875 0.015625
0.0 0.84130859375 0.3235677083333333 0.0087890625 0.014322916666666666
0.0 0.857421875 0.3190104166666667 0.0078125 0.013020833333333334
0.0 0.8935546875 0.3001302083333333 0.009765625 0.014322916666666666
0.0 0.9169921875 0.24609375 0.0078125 0.013020833333333334
0.0 0.9423828125 0.24739583333333334 0.009765625 0.015625
0.0 0.91259765625 0.2819010416666667 0.0087890625 0.014322916666666666
0.0 0.88720703125 0.3359375 0.0107421875 0.015625
0.0 0.90478515625 0.3196614583333333 0.0087890625 0.014322916666666666
0.0 0.86328125 0.3821614583333333 0.009765625 0.014322916666666666
0.0 0.89501953125 0.3821614583333333 0.0068359375 0.014322916666666666
0.0 0.92578125 0.328125 0.0078125 0.013020833333333334
0.0 0.9423828125 0.318359375 0.0078125 0.014322916666666666
0.0 0.8623046875 0.42578125 0.0078125 0.015625
0.0 0.89599609375 0.4212239583333333 0.0087890625 0.014322916666666666
0.0 0.751953125 0.4388020833333333 0.009765625 0.018229166666666668
0.0 0.6259765625 0.4674479166666667 0.0078125 0.013020833333333334
0.0 0.59033203125 0.4954427083333333 0.0087890625 0.014322916666666666
0.0 0.60986328125 0.55078125 0.0107421875 0.018229166666666668
0.0 0.9208984375 0.3756510416666667 0.009765625 0.014322916666666666
0.0 0.9306640625 0.412109375 0.009765625 0.016927083333333332
0.0 0.94677734375 0.3704427083333333 0.0107421875 0.014322916666666666
0.0 0.9697265625 0.390625 0.009765625 0.013020833333333334
0.0 0.96630859375 0.4270833333333333 0.0107421875 0.020833333333333332
0.0 0.98681640625 0.3645833333333333 0.0126953125 0.018229166666666668
0.0 0.98876953125 0.4016927083333333 0.0087890625 0.014322916666666666
0.0 0.95166015625 0.32421875 0.0107421875 0.010416666666666666
0.0 0.97998046875 0.3255208333333333 0.0087890625 0.013020833333333334
0.0 0.9716796875 0.298828125 0.009765625 0.016927083333333332
0.0 0.84326171875 0.390625 0.0087890625 0.013020833333333334
0.0 0.87451171875 0.5579427083333334 0.0107421875 0.016927083333333332
0.0 0.8955078125 0.5221354166666666 0.01171875 0.018229166666666668
0.0 0.859375 0.4947916666666667 0.01171875 0.020833333333333332
0.0 0.87939453125 0.4694010416666667 0.0087890625 0.014322916666666666
0.0 0.8583984375 0.44921875 0.009765625 0.015625
0.0 0.91064453125 0.4583333333333333 0.0087890625 0.015625
0.0 0.912109375 0.439453125 0.01171875 0.016927083333333332
0.0 0.94873046875 0.4518229166666667 0.0107421875 0.015625
0.0 0.98095703125 0.4602864583333333 0.0126953125 0.016927083333333332
0.0 0.99267578125 0.4908854166666667 0.0146484375 0.033854166666666664
0.0 0.94580078125 0.484375 0.0126953125 0.020833333333333332
0.0 0.912109375 0.4889322916666667 0.01171875 0.01953125
0.0 0.9462890625 0.462890625 0.009765625 0.014322916666666666
0.0 0.880859375 0.494140625 0.009765625 0.016927083333333332
0.0 0.95654296875 0.5384114583333334 0.0244140625 0.045572916666666664
0.0 0.916015625 0.5598958333333334 0.0234375 0.033854166666666664
0.0 0.91064453125 0.5234375 0.0126953125 0.018229166666666668
0.0 0.25537109375 0.517578125 0.0107421875 0.014322916666666666
0.0 0.08251953125 0.666015625 0.0087890625 0.01171875
0.0 0.943359375 0.390625 0.009765625 0.013020833333333334
0.0 0.7216796875 0.5319010416666666 0.01171875 0.014322916666666666
0.0 0.7724609375 0.498046875 0.009765625 0.014322916666666666
0.0 0.763671875 0.5084635416666666 0.009765625 0.016927083333333332
0.0 0.8271484375 0.5026041666666666 0.009765625 0.015625
0.0 0.79150390625 0.4342447916666667 0.0107421875 0.016927083333333332
0.0 0.80859375 0.3372395833333333 0.0078125 0.013020833333333334
0.0 0.72265625 0.3912760416666667 0.0078125 0.014322916666666666
0.0 0.67431640625 0.4095052083333333 0.0087890625 0.01171875
0.0 0.98291015625 0.34765625 0.0107421875 0.015625
0.0 0.958984375 0.4049479166666667 0.01171875 0.018229166666666668
0.0 0.89111328125 0.4055989583333333 0.0107421875 0.016927083333333332
0.0 0.98974609375 0.38671875 0.0087890625 0.015625
0.0 0.064453125 0.6666666666666666 0.009765625 0.018229166666666668
0.0 0.3955078125 0.552734375 0.0078125 0.014322916666666666
0.0 0.74267578125 0.4069010416666667 0.0087890625 0.01171875
0.0 0.83984375 0.341796875 0.0078125 0.014322916666666666
0.0 0.81298828125 0.4153645833333333 0.0087890625 0.015625
0.0 0.80810546875 0.4329427083333333 0.0068359375 0.014322916666666666
0.0 0.7353515625 0.3997395833333333 0.0078125 0.013020833333333334
0.0 0.826171875 0.4459635416666667 0.009765625 0.016927083333333332
0.0 0.693359375 0.435546875 0.013671875 0.01953125
0.0 0.91162109375 0.39453125 0.0087890625 0.015625
0.0 0.8251953125 0.5794270833333334 0.01171875 0.026041666666666668
0.0 0.94580078125 0.412109375 0.0087890625 0.016927083333333332
0.0 0.3828125 0.662109375 0.021484375 0.048177083333333336
