0.0 0.65087890625 0.09409340659340659 0.0966796875 0.18818681318681318
0.0 0.369140625 0.6710164835164835 0.021484375 0.07005494505494506
0.0 0.0458984375 0.9333791208791209 0.091796875 0.13324175824175824
0.0 0.32861328125 0.4340659340659341 0.0283203125 0.046703296703296704
0.0 0.52294921875 0.5384615384615384 0.0224609375 0.024725274725274724
0.0 0.47998046875 0.4835164835164835 0.0146484375 0.024725274725274724
0.0 0.58349609375 0.4368131868131868 0.0166015625 0.03021978021978022
0.0 0.54443359375 0.24656593406593408 0.0166015625 0.03159340659340659
0.0 0.49658203125 0.22596153846153846 0.0126953125 0.0260989010989011
0.0 0.33251953125 0.3646978021978022 0.0107421875 0.0260989010989011
0.0 0.1650390625 0.38873626373626374 0.0234375 0.04395604395604396
0.0 0.0693359375 0.20810439560439561 0.0234375 0.061813186813186816
0.0 0.47265625 0.23351648351648352 0.009765625 0.027472527472527472
0.0 0.39208984375 0.23695054945054944 0.0146484375 0.028846153846153848
0.0 0.42333984375 0.2438186813186813 0.0087890625 0.020604395604395604
0.0 0.357421875 0.24862637362637363 0.01171875 0.019230769230769232
0.0 0.3349609375 0.24313186813186813 0.015625 0.027472527472527472
0.0 0.3154296875 0.23557692307692307 0.013671875 0.020604395604395604
0.0 0.25341796875 0.23832417582417584 0.0126953125 0.0260989010989011
0.0 0.18115234375 0.2603021978021978 0.0087890625 0.01510989010989011
0.0 0.169921875 0.23076923076923078 0.01171875 0.024725274725274724
0.0 0.130859375 0.25206043956043955 0.0078125 0.01510989010989011
