0.0 0.1591796875 0.654357459379616 0.05078125 0.07976366322008863
0.0 0.244140625 0.5701624815361891 0.0341796875 0.060561299852289516
0.0 0.0322265625 0.5450516986706057 0.0517578125 0.07976366322008863
0.0 0.119140625 0.4121122599704579 0.029296875 0.050221565731166914
0.0 0.0 0.42836041358936483 0.017578125 0.056129985228951254
0.0 0.0048828125 0.4076809453471196 0.0263671875 0.04874446085672083
0.0 0.3291015625 0.3766617429837518 0.0341796875 0.059084194977843424
0.0 0.22265625 0.397341211225997 0.0390625 0.0620384047267356
0.0 0.1279296875 0.3515509601181684 0.0302734375 0.04283604135893648
0.0 0.31640625 0.4948301329394387 0.03515625 0.06351550960118169
0.0 0.099609375 0.30428360413589367 0.0166015625 0.033973412112259974
0.0 0.0625 0.32644017725258495 0.0224609375 0.033973412112259974
0.0 0.015625 0.3072378138847858 0.0185546875 0.033973412112259974
0.0 0.0400390625 0.3205317577548006 0.0146484375 0.028064992614475627
0.0 0.0 0.2895125553914328 0.0107421875 0.028064992614475627
0.0 0.0400390625 0.2673559822747415 0.0146484375 0.026587887740029542
0.0 0.052734375 0.276218611521418 0.01953125 0.03249630723781388
0.0 0.080078125 0.27474150664697194 0.017578125 0.03249630723781388
0.0 0.1337890625 0.2688330871491876 0.0185546875 0.028064992614475627
0.0 0.15625 0.2466765140324963 0.01171875 0.022156573116691284
0.0 0.2646484375 0.26440177252584934 0.0146484375 0.025110782865583457
0.0 0.2294921875 0.23485967503692762 0.01171875 0.023633677991137372
0.0 0.2099609375 0.23190546528803546 0.0087890625 0.01624815361890694
0.0 0.197265625 0.23042836041358936 0.0087890625 0.014771048744460856
0.0 0.1875 0.22451994091580502 0.005859375 0.0103397341211226
0.0 0.201171875 0.2614475627769572 0.0107421875 0.014771048744460856
0.0 0.193359375 0.31610044313146235 0.0107421875 0.01772525849335303
0.0 0.162109375 0.28360413589364847 0.015625 0.023633677991137372
0.0 0.1728515625 0.25997045790251105 0.0107421875 0.019202363367799114
0.0 0.078125 0.2481536189069424 0.0107421875 0.019202363367799114
0.0 0.0439453125 0.23338257016248154 0.0087890625 0.014771048744460856
0.0 0.455078125 0.4091580502215657 0.03515625 0.06942392909896603
0.0 0.49609375 0.4091580502215657 0.0283203125 0.050221565731166914
0.0 0.501953125 0.36779911373707536 0.0224609375 0.03545051698670606
0.0 0.568359375 0.3559822747415066 0.0263671875 0.04874446085672083
0.0 0.6845703125 0.40620384047267355 0.02734375 0.06499261447562776
0.0 0.560546875 0.32200886262924666 0.0205078125 0.03840472673559823
0.0 0.451171875 0.35450516986706054 0.0224609375 0.033973412112259974
0.0 0.5244140625 0.30280649926144754 0.0166015625 0.03249630723781388
0.0 0.453125 0.2865583456425406 0.01953125 0.0413589364844904
0.0 0.572265625 0.276218611521418 0.015625 0.029542097488921712
0.0 0.578125 0.25997045790251105 0.0146484375 0.022156573116691284
0.0 0.5556640625 0.276218611521418 0.0126953125 0.0206794682422452
0.0 0.525390625 0.25997045790251105 0.015625 0.025110782865583457
0.0 0.5400390625 0.25406203840472674 0.0107421875 0.022156573116691284
0.0 0.607421875 0.26292466765140327 0.0078125 0.0206794682422452
0.0 0.3701171875 0.2776957163958641 0.0244140625 0.0413589364844904
0.0 0.4072265625 0.25258493353028066 0.0107421875 0.01772525849335303
0.0 0.6044921875 0.23042836041358936 0.0078125 0.011816838995568686
0.0 0.6201171875 0.23190546528803546 0.005859375 0.014771048744460856
0.0 0.5947265625 0.22895125553914328 0.0048828125 0.0103397341211226
0.0 0.716796875 0.48005908419497784 0.0302734375 0.0620384047267356
0.0 0.9482421875 0.39438700147710487 0.0322265625 0.053175775480059084
0.0 0.7978515625 0.39438700147710487 0.025390625 0.04874446085672083
0.0 0.7265625 0.32791728212703103 0.021484375 0.03692762186115214
0.0 0.888671875 0.3559822747415066 0.0205078125 0.04283604135893648
0.0 0.9443359375 0.3249630723781389 0.0185546875 0.028064992614475627
0.0 0.96484375 0.31610044313146235 0.013671875 0.022156573116691284
0.0 0.7314453125 0.27031019202363366 0.01171875 0.0206794682422452
0.0 0.744140625 0.27326440177252587 0.0126953125 0.023633677991137372
0.0 0.7861328125 0.24224519940915806 0.0107421875 0.019202363367799114
0.0 0.8232421875 0.24372230428360414 0.009765625 0.01772525849335303
0.0 0.76953125 0.35450516986706054 0.0146484375 0.03249630723781388
0.0 0.67578125 0.31610044313146235 0.013671875 0.026587887740029542
0.0 0.6806640625 0.2466765140324963 0.0107421875 0.01624815361890694
0.0 0.9326171875 0.28064992614475626 0.0087890625 0.019202363367799114
0.0 0.912109375 0.2968980797636632 0.0146484375 0.023633677991137372
0.0 0.025390625 0.258493353028065 0.0126953125 0.023633677991137372
0.0 0.466796875 0.361890694239291 0.025390625 0.05465288035450517
0.0 0.8671875 0.22451994091580502 0.0126953125 0.028064992614475627
