0.0 0.9150390625 0.4427083333333333 0.0107421875 0.022135416666666668
0.0 0.9873046875 0.4322916666666667 0.0126953125 0.01953125
0.0 0.9716796875 0.4231770833333333 0.0126953125 0.018229166666666668
0.0 0.9033203125 0.4244791666666667 0.0126953125 0.020833333333333332
0.0 0.865234375 0.4427083333333333 0.013671875 0.022135416666666668
0.0 0.7548828125 0.4505208333333333 0.0126953125 0.020833333333333332
0.0 0.7236328125 0.44140625 0.0126953125 0.018229166666666668
0.0 0.7265625 0.4309895833333333 0.01171875 0.01953125
0.0 0.6708984375 0.4309895833333333 0.005859375 0.0234375
0.0 0.61328125 0.4427083333333333 0.0087890625 0.013020833333333334
0.0 0.6025390625 0.4505208333333333 0.009765625 0.013020833333333334
0.0 0.5146484375 0.421875 0.015625 0.024739583333333332
0.0 0.5341796875 0.4361979166666667 0.009765625 0.016927083333333332
0.0 0.5546875 0.43359375 0.0078125 0.013020833333333334
0.0 0.4501953125 0.421875 0.017578125 0.02734375
0.0 0.4287109375 0.421875 0.009765625 0.016927083333333332
0.0 0.390625 0.4361979166666667 0.0166015625 0.0234375
0.0 0.3359375 0.4309895833333333 0.0126953125 0.020833333333333332
0.0 0.3310546875 0.44140625 0.0087890625 0.0234375
0.0 0.2578125 0.4114583333333333 0.009765625 0.024739583333333332
0.0 0.2607421875 0.4270833333333333 0.0107421875 0.015625
0.0 0.181640625 0.4440104166666667 0.0126953125 0.018229166666666668
0.0 0.1943359375 0.4440104166666667 0.005859375 0.0078125
0.0 0.1708984375 0.4309895833333333 0.00390625 0.005208333333333333
0.0 0.1494140625 0.4505208333333333 0.0048828125 0.018229166666666668
0.0 0.11328125 0.4270833333333333 0.013671875 0.0234375
0.0 0.048828125 0.4270833333333333 0.015625 0.020833333333333332
0.0 0.02734375 0.453125 0.0078125 0.013020833333333334
