0.0 0.7822265625 0.19619326500732065 0.046875 0.06881405563689605
0.0 0.7578125 0.27379209370424595 0.025390625 0.048316251830161056
0.0 0.736328125 0.23572474377745242 0.025390625 0.04538799414348463
0.0 0.681640625 0.26939970717423134 0.0302734375 0.055636896046852125
0.0 0.623046875 0.2679355783308931 0.0419921875 0.06881405563689605
0.0 0.572265625 0.2591508052708638 0.021484375 0.03953147877013177
0.0 0.51953125 0.23133235724743778 0.0341796875 0.055636896046852125
0.0 0.47265625 0.26207906295754024 0.01953125 0.03074670571010249
0.0 0.84375 0.2445095168374817 0.01953125 0.036603221083455345
0.0 0.19140625 0.2840409956076135 0.0107421875 0.017569546120058566
0.0 0.357421875 0.21815519765739386 0.0341796875 0.05124450951683748
0.0 0.4296875 0.26939970717423134 0.009765625 0.01903367496339678
0.0 0.0234375 0.2430453879941435 0.0419921875 0.06734992679355783
0.0 0.0 0.30161054172767204 0.0078125 0.01903367496339678
0.0 0.7099609375 0.2547584187408492 0.0126953125 0.020497803806734993
