0.0 0.01708984375 0.2664756446991404 0.0341796875 0.06303724928366762
0.0 0.13232421875 0.19412607449856734 0.0302734375 0.05300859598853868
0.0 0.2001953125 0.2600286532951289 0.064453125 0.10744985673352435
0.0 0.3671875 0.31876790830945556 0.044921875 0.07879656160458452
0.0 0.3310546875 0.2664756446991404 0.029296875 0.04871060171919771
0.0 0.37353515625 0.24068767908309455 0.0224609375 0.03724928366762178
0.0 0.4677734375 0.2342406876790831 0.056640625 0.09598853868194843
0.0 0.59033203125 0.24068767908309455 0.0419921875 0.0830945558739255
0.0 0.50439453125 0.2170487106017192 0.0361328125 0.07020057306590258
0.0 0.69189453125 0.25644699140401145 0.0361328125 0.06876790830945559
0.0 0.7919921875 0.2922636103151863 0.0390625 0.07163323782234957
0.0 0.84228515625 0.2507163323782235 0.0517578125 0.0830945558739255
0.0 0.93212890625 0.2664756446991404 0.0439453125 0.06876790830945559
0.0 0.90185546875 0.22994269340974213 0.0322265625 0.05873925501432665
0.0 0.08642578125 0.2134670487106017 0.0107421875 0.017191977077363897
0.0 0.2353515625 0.24713467048710602 0.02734375 0.055873925501432664
0.0 0.4326171875 0.2979942693409742 0.0234375 0.04297994269340974
0.0 0.60498046875 0.27722063037249284 0.0185546875 0.04154727793696275
0.0 0.62451171875 0.23925501432664756 0.0126953125 0.022922636103151862
0.0 0.65234375 0.2492836676217765 0.015625 0.02865329512893983
0.0 0.5400390625 0.252865329512894 0.009765625 0.01862464183381089
0.0 0.71630859375 0.24641833810888253 0.0107421875 0.02005730659025788
0.0 0.77099609375 0.24140401146131804 0.0087890625 0.012893982808022923
0.0 0.7900390625 0.23065902578796563 0.01171875 0.017191977077363897
0.0 0.96533203125 0.22922636103151864 0.0068359375 0.017191977077363897
0.0 0.95849609375 0.23065902578796563 0.0087890625 0.017191977077363897
