0.0 0.931640625 0.26939970717423134 0.033203125 0.06149341142020498
0.0 0.837890625 0.3294289897510981 0.02734375 0.05417276720351391
0.0 0.7216796875 0.15226939970717424 0.029296875 0.06734992679355783
0.0 0.5947265625 0.12152269399707175 0.0419921875 0.08638360175695461
0.0 0.4365234375 0.30307467057101023 0.0322265625 0.07174231332357248
0.0 0.4970703125 0.3513909224011713 0.02734375 0.048316251830161056
0.0 0.357421875 0.16544655929721816 0.0361328125 0.06881405563689605
0.0 0.1328125 0.25329428989751096 0.0341796875 0.05856515373352855
0.0 0.0986328125 0.27232796486090777 0.0322265625 0.07027818448023426
0.0 0.515625 0.3089311859443631 0.02734375 0.05710102489019034
0.0 0.2646484375 0.26939970717423134 0.0263671875 0.060029282576866766
