0.0 0.0869140625 0.6189111747851003 0.0322265625 0.02650429799426934
0.0 0.345703125 0.580945558739255 0.01953125 0.017191977077363897
0.0 0.3984375 0.6067335243553008 0.0361328125 0.03581661891117478
0.0 0.421875 0.5680515759312321 0.0166015625 0.013610315186246419
0.0 0.41015625 0.5659025787965616 0.0126953125 0.011461318051575931
0.0 0.384765625 0.5587392550143266 0.01171875 0.010744985673352435
0.0 0.5126953125 0.5616045845272206 0.0107421875 0.011461318051575931
0.0 0.5283203125 0.5859598853868195 0.0107421875 0.015759312320916905
0.0 0.5341796875 0.5587392550143266 0.0166015625 0.012893982808022923
0.0 0.5517578125 0.5730659025787965 0.01953125 0.011461318051575931
0.0 0.5693359375 0.5666189111747851 0.0126953125 0.011461318051575931
0.0 0.517578125 0.5372492836676218 0.009765625 0.0071633237822349575
0.0 0.5146484375 0.5501432664756447 0.015625 0.013610315186246419
0.0 0.5712890625 0.5393982808022922 0.0107421875 0.01002865329512894
0.0 0.580078125 0.5515759312320917 0.009765625 0.01002865329512894
0.0 0.603515625 0.5608882521489972 0.021484375 0.013610315186246419
0.0 0.5673828125 0.5845272206303725 0.0205078125 0.01002865329512894
0.0 0.6025390625 0.579512893982808 0.0224609375 0.01790830945558739
0.0 0.5908203125 0.5422636103151862 0.0087890625 0.008595988538681949
0.0 0.5869140625 0.6382521489971347 0.0703125 0.0680515759312321
0.0 0.703125 0.6762177650429799 0.0888671875 0.07306590257879657
0.0 0.6689453125 0.6812320916905444 0.0341796875 0.0336676217765043
0.0 0.66796875 0.6053008595988538 0.0458984375 0.03796561604584527
0.0 0.544921875 0.6124641833810889 0.029296875 0.02865329512893983
0.0 0.6416015625 0.7822349570200573 0.1044921875 0.10028653295128939
0.0 0.701171875 0.7779369627507163 0.076171875 0.07593123209169055
0.0 0.8076171875 0.5393982808022922 0.015625 0.012893982808022923
0.0 0.6787109375 0.5730659025787965 0.0380859375 0.025071633237822348
0.0 0.7041015625 0.5329512893982808 0.0087890625 0.007879656160458453
0.0 0.7646484375 0.582378223495702 0.025390625 0.022922636103151862
0.0 0.8291015625 0.5422636103151862 0.0283203125 0.01862464183381089
0.0 0.8740234375 0.6497134670487106 0.03125 0.052292263610315186
0.0 0.7861328125 0.5537249283667621 0.0126953125 0.012893982808022923
