0.0 0.71142578125 0.1684894053315106 0.0615234375 0.06903622693096377
0.0 0.455078125 0.22248803827751196 0.07421875 0.060833902939166094
0.0 0.38037109375 0.30109364319890636 0.0556640625 0.05809979494190021
0.0 0.197265625 0.31954887218045114 0.048828125 0.04032809295967191
0.0 0.05712890625 0.20984278879015722 0.0830078125 0.06698564593301436
0.0 0.16064453125 0.3660287081339713 0.0380859375 0.02939166097060834
0.0 0.65283203125 0.45625427204374575 0.0244140625 0.022556390977443608
0.0 0.59716796875 0.4678742310321258 0.0263671875 0.023923444976076555
0.0 0.5478515625 0.46924128503075874 0.025390625 0.022556390977443608
0.0 0.62841796875 0.7378673957621326 0.0341796875 0.034859876965140126
0.0 0.53515625 0.7047163362952836 0.015625 0.01367053998632946
0.0 0.5634765625 0.7019822282980178 0.013671875 0.012303485987696514
0.0 0.5087890625 0.7057416267942583 0.013671875 0.012987012987012988
0.0 0.62353515625 0.3954203691045796 0.0263671875 0.030758714969241284
