0.0 0.677734375 0.7629733520336606 0.03125 0.05049088359046283
0.0 0.9033203125 0.6255259467040674 0.0078125 0.016830294530154277
0.0 0.841796875 0.6192145862552595 0.0078125 0.015427769985974754
0.0 0.81640625 0.6311360448807855 0.01171875 0.019635343618513323
0.0 0.73974609375 0.615007012622721 0.0087890625 0.015427769985974754
0.0 0.712890625 0.623422159887798 0.01171875 0.0182328190743338
0.0 0.697265625 0.5869565217391305 0.0078125 0.015427769985974754
0.0 0.673828125 0.6002805049088359 0.009765625 0.016830294530154277
0.0 0.65234375 0.5785413744740533 0.0078125 0.012622720897615708
0.0 0.677734375 0.5785413744740533 0.005859375 0.009817671809256662
0.0 0.7080078125 0.5855539971949509 0.0078125 0.012622720897615708
0.0 0.802734375 0.5974754558204769 0.005859375 0.011220196353436185
0.0 0.97509765625 0.7096774193548387 0.0185546875 0.028050490883590462
0.0 0.77685546875 0.605890603085554 0.0068359375 0.011220196353436185
0.0 0.9375 0.6051893408134642 0.005859375 0.012622720897615708
0.0 0.88671875 0.6178120617110799 0.005859375 0.012622720897615708
0.0 0.60888671875 0.573632538569425 0.0107421875 0.019635343618513323
0.0 0.576171875 0.5792426367461431 0.009765625 0.016830294530154277
0.0 0.50537109375 0.5918653576437588 0.0166015625 0.028050490883590462
0.0 0.533203125 0.576437587657784 0.01171875 0.019635343618513323
0.0 0.43603515625 0.5946704067321178 0.0146484375 0.025245441795231416
0.0 0.46337890625 0.5504908835904628 0.0068359375 0.012622720897615708
0.0 0.44384765625 0.5462833099579243 0.0068359375 0.012622720897615708
0.0 0.41845703125 0.5420757363253857 0.0068359375 0.012622720897615708
0.0 0.40087890625 0.5568022440392707 0.0087890625 0.014025245441795231
0.0 0.63916015625 0.5848527349228612 0.0068359375 0.014025245441795231
0.0 0.19091796875 0.5610098176718092 0.0126953125 0.019635343618513323
0.0 0.3212890625 0.5806451612903226 0.013671875 0.02244039270687237
0.0 0.34716796875 0.5525946704067322 0.0087890625 0.016830294530154277
0.0 0.01171875 0.5252454417952315 0.009765625 0.0182328190743338
0.0 0.25927734375 0.5245441795231417 0.0068359375 0.014025245441795231
0.0 0.498046875 0.5687237026647967 0.013671875 0.021037868162692847
0.0 0.5556640625 0.5673211781206171 0.0078125 0.012622720897615708
