0.0 0.1796875 0.6644345238095238 0.017578125 0.03422619047619048
0.0 0.14794921875 0.6510416666666666 0.0166015625 0.03125
0.0 0.05712890625 0.7224702380952381 0.0224609375 0.03720238095238095
0.0 0.142578125 0.7373511904761905 0.0234375 0.043154761904761904
0.0 0.3251953125 0.6889880952380952 0.0234375 0.044642857142857144
0.0 0.36181640625 0.6964285714285714 0.0224609375 0.041666666666666664
0.0 0.3974609375 0.7127976190476191 0.021484375 0.03869047619047619
0.0 0.39599609375 0.8199404761904762 0.0283203125 0.047619047619047616
0.0 0.28857421875 0.6547619047619048 0.0166015625 0.02976190476190476
0.0 0.3076171875 0.6302083333333334 0.013671875 0.03125
0.0 0.275390625 0.6279761904761905 0.017578125 0.02976190476190476
0.0 0.3525390625 0.5974702380952381 0.015625 0.03125
0.0 0.38427734375 0.5989583333333334 0.0146484375 0.03125
0.0 0.34033203125 0.6458333333333334 0.0126953125 0.02976190476190476
0.0 0.39697265625 0.6525297619047619 0.0146484375 0.03422619047619048
0.0 0.41748046875 0.6651785714285714 0.0166015625 0.03869047619047619
0.0 0.4228515625 0.6034226190476191 0.013671875 0.03125
0.0 0.26025390625 0.6696428571428571 0.0166015625 0.03273809523809524
0.0 0.23486328125 0.6614583333333334 0.0146484375 0.03125
0.0 0.2041015625 0.6547619047619048 0.015625 0.02976190476190476
0.0 0.20458984375 0.6956845238095238 0.0146484375 0.03125
0.0 0.02001953125 0.6703869047619048 0.0166015625 0.03125
0.0 0.04443359375 0.5811011904761905 0.0126953125 0.025297619047619048
0.0 0.0126953125 0.5513392857142857 0.009765625 0.019345238095238096
0.0 0.07861328125 0.5520833333333334 0.0107421875 0.017857142857142856
0.0 0.189453125 0.6220238095238095 0.015625 0.026785714285714284
0.0 0.2353515625 0.59375 0.013671875 0.020833333333333332
0.0 0.21630859375 0.5877976190476191 0.0107421875 0.020833333333333332
0.0 0.2529296875 0.6063988095238095 0.013671875 0.028273809523809524
0.0 0.26806640625 0.578125 0.0126953125 0.025297619047619048
0.0 0.28125 0.5751488095238095 0.01171875 0.022321428571428572
0.0 0.30810546875 0.5729166666666666 0.0107421875 0.020833333333333332
0.0 0.32568359375 0.6004464285714286 0.0146484375 0.025297619047619048
0.0 0.3466796875 0.5610119047619048 0.009765625 0.020833333333333332
0.0 0.24755859375 0.5677083333333334 0.0126953125 0.025297619047619048
0.0 0.263671875 0.5558035714285714 0.009765625 0.01636904761904762
0.0 0.29345703125 0.5714285714285714 0.0087890625 0.020833333333333332
0.0 0.13427734375 0.6026785714285714 0.0126953125 0.02976190476190476
0.0 0.19140625 0.5520833333333334 0.009765625 0.020833333333333332
0.0 0.1767578125 0.5319940476190477 0.0078125 0.01636904761904762
0.0 0.16259765625 0.5238095238095238 0.0087890625 0.01488095238095238
0.0 0.19580078125 0.5379464285714286 0.0087890625 0.013392857142857142
0.0 0.17333984375 0.5915178571428571 0.0107421875 0.022321428571428572
0.0 0.234375 0.5364583333333334 0.0078125 0.01636904761904762
0.0 0.26171875 0.5461309523809523 0.0078125 0.01488095238095238
0.0 0.2783203125 0.5587797619047619 0.0078125 0.01636904761904762
0.0 0.2841796875 0.5491071428571429 0.0078125 0.01488095238095238
0.0 0.14404296875 0.5379464285714286 0.0068359375 0.013392857142857142
0.0 0.20849609375 0.5386904761904762 0.0068359375 0.011904761904761904
0.0 0.63330078125 0.8325892857142857 0.0244140625 0.046130952380952384
0.0 0.5966796875 0.7529761904761905 0.025390625 0.047619047619047616
0.0 0.6357421875 0.7425595238095238 0.0234375 0.044642857142857144
0.0 0.67822265625 0.7380952380952381 0.0244140625 0.044642857142857144
0.0 0.51025390625 0.7671130952380952 0.0244140625 0.043154761904761904
0.0 0.54150390625 0.7232142857142857 0.0185546875 0.03571428571428571
0.0 0.56494140625 0.7537202380952381 0.0205078125 0.04017857142857143
0.0 0.515625 0.7157738095238095 0.0234375 0.041666666666666664
0.0 0.47607421875 0.7127976190476191 0.0244140625 0.03869047619047619
0.0 0.4462890625 0.7239583333333334 0.0234375 0.04017857142857143
0.0 0.48291015625 0.6465773809523809 0.0166015625 0.03125
0.0 0.513671875 0.6376488095238095 0.017578125 0.03422619047619048
0.0 0.533203125 0.6517857142857143 0.01953125 0.03273809523809524
0.0 0.55224609375 0.6748511904761905 0.0205078125 0.03125
0.0 0.57763671875 0.6354166666666666 0.0185546875 0.03273809523809524
0.0 0.6025390625 0.6183035714285714 0.013671875 0.025297619047619048
0.0 0.630859375 0.6123511904761905 0.015625 0.03125
0.0 0.66552734375 0.6168154761904762 0.0224609375 0.03422619047619048
0.0 0.6552734375 0.7232142857142857 0.017578125 0.02976190476190476
0.0 0.734375 0.6778273809523809 0.015625 0.03422619047619048
0.0 0.75146484375 0.7857142857142857 0.0283203125 0.050595238095238096
0.0 0.4970703125 0.6175595238095238 0.013671875 0.026785714285714284
0.0 0.5576171875 0.6302083333333334 0.015625 0.028273809523809524
0.0 0.54248046875 0.6316964285714286 0.0126953125 0.025297619047619048
0.0 0.4091796875 0.5751488095238095 0.009765625 0.019345238095238096
0.0 0.4638671875 0.5885416666666666 0.009765625 0.019345238095238096
0.0 0.4775390625 0.59375 0.01171875 0.023809523809523808
0.0 0.5126953125 0.5833333333333334 0.009765625 0.020833333333333332
0.0 0.482421875 0.5654761904761905 0.009765625 0.017857142857142856
0.0 0.48876953125 0.5550595238095238 0.0087890625 0.017857142857142856
0.0 0.4794921875 0.5438988095238095 0.0078125 0.013392857142857142
0.0 0.439453125 0.5453869047619048 0.0078125 0.01636904761904762
0.0 0.44189453125 0.5215773809523809 0.0068359375 0.013392857142857142
0.0 0.46728515625 0.5260416666666666 0.0068359375 0.013392857142857142
0.0 0.390625 0.5818452380952381 0.01171875 0.023809523809523808
0.0 0.37939453125 0.5401785714285714 0.0087890625 0.017857142857142856
0.0 0.40673828125 0.5476190476190477 0.0087890625 0.017857142857142856
0.0 0.39697265625 0.5297619047619048 0.0068359375 0.01488095238095238
0.0 0.34912109375 0.5409226190476191 0.0087890625 0.01636904761904762
0.0 0.33642578125 0.5290178571428571 0.0068359375 0.013392857142857142
0.0 0.287109375 0.5252976190476191 0.0078125 0.01488095238095238
0.0 0.34814453125 0.5133928571428571 0.0048828125 0.008928571428571428
0.0 0.318359375 0.5096726190476191 0.005859375 0.010416666666666666
0.0 0.58349609375 0.5915178571428571 0.0146484375 0.025297619047619048
0.0 0.5576171875 0.5922619047619048 0.01171875 0.020833333333333332
0.0 0.5712890625 0.5565476190476191 0.01171875 0.020833333333333332
0.0 0.5927734375 0.5543154761904762 0.0078125 0.01636904761904762
0.0 0.62451171875 0.5662202380952381 0.0087890625 0.01636904761904762
0.0 0.638671875 0.5684523809523809 0.01171875 0.020833333333333332
0.0 0.6044921875 0.5654761904761905 0.0078125 0.017857142857142856
0.0 0.67431640625 0.5818452380952381 0.0087890625 0.017857142857142856
0.0 0.677734375 0.6041666666666666 0.0078125 0.017857142857142856
0.0 0.69091796875 0.6034226190476191 0.0087890625 0.019345238095238096
0.0 0.66650390625 0.5438988095238095 0.0087890625 0.01636904761904762
0.0 0.689453125 0.5416666666666666 0.0078125 0.01488095238095238
0.0 0.66748046875 0.5230654761904762 0.0068359375 0.013392857142857142
0.0 0.6826171875 0.5282738095238095 0.005859375 0.011904761904761904
0.0 0.734375 0.5610119047619048 0.009765625 0.020833333333333332
0.0 0.71875 0.5580357142857143 0.0078125 0.017857142857142856
0.0 0.57958984375 0.5357142857142857 0.0087890625 0.017857142857142856
0.0 0.58544921875 0.5252976190476191 0.0068359375 0.01488095238095238
0.0 0.56982421875 0.5171130952380952 0.0068359375 0.013392857142857142
0.0 0.5595703125 0.5096726190476191 0.005859375 0.010416666666666666
0.0 0.5556640625 0.5572916666666666 0.009765625 0.01636904761904762
0.0 0.5078125 0.5372023809523809 0.0078125 0.01488095238095238
0.0 0.49365234375 0.5238095238095238 0.0048828125 0.011904761904761904
0.0 0.45361328125 0.6599702380952381 0.0126953125 0.025297619047619048
0.0 0.59326171875 0.7127976190476191 0.0224609375 0.041666666666666664
0.0 0.60791015625 0.6688988095238095 0.0185546875 0.04017857142857143
0.0 0.6201171875 0.6517857142857143 0.015625 0.03273809523809524
0.0 0.8486328125 0.8221726190476191 0.02734375 0.046130952380952384
0.0 0.9453125 0.8013392857142857 0.02734375 0.04017857142857143
0.0 0.794921875 0.7514880952380952 0.021484375 0.041666666666666664
0.0 0.88037109375 0.7455357142857143 0.0185546875 0.03869047619047619
0.0 0.9580078125 0.6912202380952381 0.01953125 0.03720238095238095
0.0 0.826171875 0.6168154761904762 0.015625 0.025297619047619048
0.0 0.845703125 0.6130952380952381 0.013671875 0.026785714285714284
0.0 0.88134765625 0.6175595238095238 0.0126953125 0.026785714285714284
0.0 0.90087890625 0.6116071428571429 0.0126953125 0.023809523809523808
0.0 0.9326171875 0.609375 0.01171875 0.022321428571428572
0.0 0.93212890625 0.59375 0.0107421875 0.020833333333333332
0.0 0.83154296875 0.7068452380952381 0.0244140625 0.041666666666666664
0.0 0.84619140625 0.6904761904761905 0.0224609375 0.03273809523809524
0.0 0.974609375 0.5639880952380952 0.009765625 0.017857142857142856
0.0 0.9951171875 0.5729166666666666 0.009765625 0.017857142857142856
0.0 0.98876953125 0.6413690476190477 0.0166015625 0.026785714285714284
0.0 0.97509765625 0.6755952380952381 0.0146484375 0.03571428571428571
0.0 0.9931640625 0.6770833333333334 0.013671875 0.03273809523809524
0.0 0.96044921875 0.5617559523809523 0.0087890625 0.01636904761904762
0.0 0.9521484375 0.5751488095238095 0.0078125 0.019345238095238096
0.0 0.9150390625 0.5773809523809523 0.0078125 0.01488095238095238
0.0 0.80712890625 0.5729166666666666 0.0087890625 0.017857142857142856
0.0 0.7861328125 0.6049107142857143 0.01171875 0.022321428571428572
0.0 0.8017578125 0.6346726190476191 0.01171875 0.025297619047619048
0.0 0.7744140625 0.5587797619047619 0.01171875 0.019345238095238096
0.0 0.83447265625 0.5632440476190477 0.0087890625 0.019345238095238096
0.0 0.9267578125 0.5357142857142857 0.005859375 0.011904761904761904
0.0 0.9404296875 0.5431547619047619 0.005859375 0.008928571428571428
0.0 0.95556640625 0.546875 0.0068359375 0.013392857142857142
0.0 0.96630859375 0.5245535714285714 0.0068359375 0.01636904761904762
0.0 0.84033203125 0.5491071428571429 0.0068359375 0.011904761904761904
0.0 0.830078125 0.53125 0.0078125 0.011904761904761904
0.0 0.7978515625 0.5327380952380952 0.005859375 0.011904761904761904
0.0 0.78955078125 0.5267857142857143 0.0068359375 0.011904761904761904
0.0 0.849609375 0.5543154761904762 0.0078125 0.01636904761904762
0.0 0.86376953125 0.5550595238095238 0.0068359375 0.011904761904761904
0.0 0.84814453125 0.59375 0.0126953125 0.02976190476190476
0.0 0.90673828125 0.6577380952380952 0.0126953125 0.02976190476190476
0.0 0.9873046875 0.5238095238095238 0.0078125 0.01488095238095238
0.0 0.62646484375 0.5431547619047619 0.0068359375 0.011904761904761904
0.0 0.64453125 0.53125 0.005859375 0.011904761904761904
0.0 0.61328125 0.5349702380952381 0.0078125 0.01636904761904762
0.0 0.763671875 0.5558035714285714 0.0078125 0.013392857142857142
0.0 0.70703125 0.5178571428571429 0.005859375 0.008928571428571428
0.0 0.7138671875 0.5386904761904762 0.0078125 0.011904761904761904
0.0 0.70947265625 0.5677083333333334 0.0087890625 0.013392857142857142
0.0 0.41845703125 0.5200892857142857 0.0048828125 0.010416666666666666
0.0 0.3271484375 0.5587797619047619 0.0078125 0.013392857142857142
0.0 0.4365234375 0.5081845238095238 0.005859375 0.010416666666666666
0.0 0.478515625 0.515625 0.005859375 0.010416666666666666
0.0 0.45068359375 0.5238095238095238 0.0048828125 0.011904761904761904
0.0 0.0341796875 0.5260416666666666 0.005859375 0.010416666666666666
0.0 0.05126953125 0.5252976190476191 0.0048828125 0.008928571428571428
0.0 0.18603515625 0.5386904761904762 0.0087890625 0.017857142857142856
0.0 0.0205078125 0.5907738095238095 0.01171875 0.017857142857142856
0.0 0.203125 0.6175595238095238 0.01171875 0.023809523809523808
0.0 0.263671875 0.6086309523809523 0.01171875 0.020833333333333332
0.0 0.86328125 0.6800595238095238 0.015625 0.02976190476190476
0.0 0.9267578125 0.6592261904761905 0.015625 0.02976190476190476
0.0 0.203125 0.5572916666666666 0.0078125 0.01636904761904762
0.0 0.21533203125 0.5305059523809523 0.0068359375 0.013392857142857142
0.0 0.2265625 0.5163690476190477 0.0078125 0.011904761904761904
0.0 0.154296875 0.5736607142857143 0.009765625 0.013392857142857142
0.0 0.43896484375 0.5684523809523809 0.0087890625 0.011904761904761904
0.0 0.37109375 0.5096726190476191 0.0078125 0.013392857142857142
0.0 0.54150390625 0.6056547619047619 0.0107421875 0.017857142857142856
0.0 0.693359375 0.5178571428571429 0.009765625 0.017857142857142856
0.0 0.64013671875 0.5148809523809523 0.0068359375 0.01488095238095238
0.0 0.85205078125 0.5171130952380952 0.0048828125 0.010416666666666666
0.0 0.853515625 0.578125 0.009765625 0.01636904761904762
0.0 0.970703125 0.7299107142857143 0.025390625 0.04017857142857143
0.0 0.91796875 0.6302083333333334 0.009765625 0.013392857142857142
0.0 0.81298828125 0.7061011904761905 0.0224609375 0.03125
