0.0 0.4658203125 0.6593886462882096 0.115234375 0.08151382823871907
0.0 0.0478515625 0.1091703056768559 0.0263671875 0.036390101892285295
0.0 0.330078125 0.2940320232896652 0.01171875 0.017467248908296942
0.0 0.23828125 0.2314410480349345 0.0087890625 0.017467248908296942
0.0 0.0 0.023289665211062592 0.013671875 0.06550218340611354
0.0 0.4033203125 0.2940320232896652 0.0087890625 0.017467248908296942
0.0 0.3974609375 0.23871906841339155 0.005859375 0.013100436681222707
0.0 0.3759765625 0.24017467248908297 0.0048828125 0.010189228529839884
0.0 0.6298828125 0.3071324599708879 0.0078125 0.01455604075691412
0.0 0.4990234375 0.1848617176128093 0.0078125 0.01601164483260553
0.0 0.5703125 0.21542940320232898 0.0048828125 0.01455604075691412
0.0 0.744140625 0.040756914119359534 0.0244140625 0.04512372634643377
0.0 0.7880859375 0.0975254730713246 0.0166015625 0.02911208151382824
0.0 0.912109375 0.3027656477438137 0.0263671875 0.043668122270742356
0.0 0.2451171875 0.3129548762736536 0.009765625 0.01455604075691412
