0.0 0.02392578125 0.4039589442815249 0.0166015625 0.02785923753665689
0.0 0.046875 0.4083577712609971 0.01171875 0.021994134897360705
0.0 0.1162109375 0.3914956011730205 0.0546875 0.08211143695014662
0.0 0.10107421875 0.4604105571847507 0.0478515625 0.08211143695014662
0.0 0.17919921875 0.4413489736070381 0.0185546875 0.03225806451612903
0.0 0.1904296875 0.4479472140762463 0.009765625 0.016129032258064516
0.0 0.2646484375 0.44574780058651026 0.017578125 0.03225806451612903
0.0 0.291015625 0.4604105571847507 0.015625 0.026392961876832845
0.0 0.3544921875 0.4941348973607038 0.017578125 0.02932551319648094
0.0 0.3427734375 0.4802052785923754 0.009765625 0.021994134897360705
0.0 0.380859375 0.4604105571847507 0.0078125 0.011730205278592375
0.0 0.3916015625 0.46480938416422285 0.00390625 0.008797653958944282
0.0 0.4072265625 0.4706744868035191 0.0078125 0.020527859237536656
0.0 0.44482421875 0.47947214076246336 0.0068359375 0.011730205278592375
0.0 0.48828125 0.48607038123167157 0.009765625 0.016129032258064516
0.0 0.49609375 0.49560117302052786 0.01171875 0.020527859237536656
0.0 0.51513671875 0.48167155425219943 0.0029296875 0.007331378299120235
0.0 0.529296875 0.49266862170087977 0.013671875 0.02346041055718475
0.0 0.5771484375 0.5080645161290323 0.005859375 0.013196480938416423
0.0 0.52880859375 0.6840175953079178 0.0166015625 0.036656891495601175
0.0 0.62060546875 0.4904692082111437 0.0126953125 0.024926686217008796
0.0 0.6552734375 0.5087976539589443 0.0078125 0.01466275659824047
0.0 0.6923828125 0.5051319648093842 0.013671875 0.024926686217008796
0.0 0.77294921875 0.5271260997067448 0.0126953125 0.01906158357771261
0.0 0.79345703125 0.5557184750733137 0.0166015625 0.03225806451612903
0.0 0.80078125 0.5256598240469208 0.01171875 0.021994134897360705
0.0 0.81591796875 0.6539589442815249 0.0263671875 0.04105571847507331
0.0 0.84326171875 0.5388563049853372 0.0087890625 0.016129032258064516
0.0 0.86328125 0.5476539589442815 0.013671875 0.01906158357771261
0.0 0.90673828125 0.5586510263929618 0.0166015625 0.02932551319648094
0.0 0.93994140625 0.5513196480938416 0.0185546875 0.02932551319648094
0.0 0.982421875 0.5483870967741935 0.01171875 0.017595307917888565
