0.0 0.29296875 0.33189655172413796 0.03125 0.0603448275862069
0.0 0.45458984375 0.4504310344827586 0.0224609375 0.05028735632183908
0.0 0.494140625 0.4734195402298851 0.021484375 0.04741379310344827
0.0 0.53857421875 0.4978448275862069 0.0185546875 0.041666666666666664
0.0 0.61279296875 0.5136494252873564 0.0146484375 0.035919540229885055
0.0 0.6611328125 0.5251436781609196 0.015625 0.03879310344827586
0.0 0.822265625 0.5079022988505747 0.013671875 0.03017241379310345
0.0 0.86865234375 0.5890804597701149 0.0107421875 0.022988505747126436
0.0 0.68896484375 0.5344827586206896 0.0146484375 0.031609195402298854
0.0 0.13232421875 0.1752873563218391 0.0458984375 0.09770114942528736
