0.0 0.54833984375 0.504 0.0498046875 0.0448
0.0 0.72607421875 0.404 0.0537109375 0.0464
0.0 0.19775390625 0.3196 0.0634765625 0.0648
0.0 0.01318359375 0.3948 0.0263671875 0.028
0.0 0.025390625 0.2748 0.005859375 0.0056
0.0 0.0166015625 0.274 0.005859375 0.0056
0.0 0.0693359375 0.2072 0.015625 0.016
0.0 0.09228515625 0.1988 0.0126953125 0.0152
0.0 0.13671875 0.2652 0.009765625 0.0088
0.0 0.2734375 0.208 0.015625 0.0128
0.0 0.22119140625 0.2004 0.0126953125 0.0136
0.0 0.18212890625 0.2004 0.0166015625 0.0168
0.0 0.19482421875 0.2036 0.0126953125 0.012
0.0 0.1689453125 0.2104 0.01171875 0.0144
0.0 0.1650390625 0.224 0.01171875 0.0128
0.0 0.36328125 0.1868 0.009765625 0.012
0.0 0.5283203125 0.16 0.017578125 0.0144
0.0 0.5986328125 0.1336 0.009765625 0.0192
0.0 0.62939453125 0.1784 0.0107421875 0.0112
0.0 0.6455078125 0.1676 0.01171875 0.0104
0.0 0.6640625 0.128 0.01953125 0.0176
0.0 0.70654296875 0.1572 0.0126953125 0.0168
0.0 0.8828125 0.1028 0.017578125 0.0216
0.0 0.82275390625 0.1044 0.0205078125 0.0184
0.0 0.7421875 0.1452 0.01953125 0.0216
