0.0 0.2353515625 0.19562043795620437 0.0625 0.09781021897810219
0.0 0.1083984375 0.4948905109489051 0.0185546875 0.03941605839416058
0.0 0.037109375 0.5664233576642336 0.0234375 0.043795620437956206
0.0 0.001953125 0.6058394160583942 0.02734375 0.052554744525547446
0.0 0.001953125 0.5678832116788322 0.0224609375 0.04817518248175182
0.0 0.208984375 0.6934306569343066 0.03125 0.059854014598540145
0.0 0.3720703125 0.689051094890511 0.0341796875 0.05693430656934306
0.0 0.32421875 0.6832116788321168 0.0263671875 0.052554744525547446
0.0 0.3251953125 0.5518248175182482 0.0224609375 0.043795620437956206
0.0 0.388671875 0.472992700729927 0.0244140625 0.040875912408759124
0.0 0.4853515625 0.4335766423357664 0.0302734375 0.051094890510948905
0.0 0.3046875 0.8496350364963504 0.0361328125 0.04671532846715328
0.0 0.3115234375 0.8175182481751825 0.0302734375 0.06715328467153285
0.0 0.365234375 0.8116788321167884 0.0341796875 0.06277372262773723
0.0 0.388671875 0.8175182481751825 0.0361328125 0.06715328467153285
0.0 0.4111328125 0.7693430656934307 0.03125 0.05693430656934306
0.0 0.46484375 0.7708029197080292 0.03125 0.05693430656934306
0.0 0.3359375 0.7503649635036497 0.0361328125 0.06569343065693431
0.0 0.275390625 0.9532846715328467 0.0400390625 0.04671532846715328
0.0 0.625 0.7211678832116788 0.03515625 0.06277372262773723
0.0 0.966796875 0.6671532846715329 0.01953125 0.032116788321167884
0.0 0.9716796875 0.5284671532846715 0.0283203125 0.052554744525547446
0.0 0.93359375 0.5328467153284672 0.0263671875 0.043795620437956206
0.0 0.8037109375 0.7007299270072993 0.0224609375 0.052554744525547446
0.0 0.83203125 0.581021897810219 0.021484375 0.033576642335766425
0.0 0.853515625 0.5795620437956205 0.0166015625 0.024817518248175182
0.0 0.845703125 0.5328467153284672 0.0185546875 0.033576642335766425
0.0 0.9501953125 0.3927007299270073 0.017578125 0.030656934306569343
0.0 0.990234375 0.4072992700729927 0.009765625 0.032116788321167884
0.0 0.953125 0.35766423357664234 0.0166015625 0.033576642335766425
0.0 0.927734375 0.3605839416058394 0.0107421875 0.020437956204379562
0.0 0.580078125 0.6248175182481752 0.0205078125 0.03941605839416058
0.0 0.5634765625 0.5678832116788322 0.0185546875 0.035036496350364967
0.0 0.2724609375 0.527007299270073 0.0224609375 0.0364963503649635
0.0 0.31640625 0.47737226277372263 0.0244140625 0.049635036496350364
0.0 0.35546875 0.43795620437956206 0.0185546875 0.033576642335766425
0.0 0.3994140625 0.3722627737226277 0.0107421875 0.017518248175182483
0.0 0.427734375 0.4321167883211679 0.0146484375 0.026277372262773723
0.0 0.24609375 0.35766423357664234 0.013671875 0.021897810218978103
0.0 0.2783203125 0.38394160583941606 0.009765625 0.01897810218978102
0.0 0.26953125 0.47007299270072994 0.0146484375 0.033576642335766425
0.0 0.3330078125 0.38248175182481753 0.0126953125 0.020437956204379562
0.0 0.533203125 0.5781021897810219 0.0224609375 0.042335766423357665
0.0 0.583984375 0.8087591240875912 0.02734375 0.05401459854014599
0.0 0.8955078125 0.6875912408759124 0.0380859375 0.072992700729927
0.0 0.0595703125 0.7474452554744525 0.0400390625 0.08321167883211679
0.0 0.0390625 0.45985401459854014 0.015625 0.0364963503649635
0.0 0.0595703125 0.5678832116788322 0.021484375 0.051094890510948905
0.0 0.310546875 0.41605839416058393 0.0087890625 0.017518248175182483
0.0 0.3623046875 0.37518248175182484 0.01171875 0.02335766423357664
0.0 0.240234375 0.41605839416058393 0.009765625 0.024817518248175182
0.0 0.4453125 0.4802919708029197 0.021484375 0.04671532846715328
