0.0 0.740234375 0.28514588859416445 0.029296875 0.07692307692307693
0.0 0.1689453125 0.22679045092838196 0.0517578125 0.07957559681697612
0.0 0.2265625 0.27320954907161804 0.0419921875 0.05702917771883289
0.0 0.322265625 0.28779840848806365 0.0439453125 0.0610079575596817
0.0 0.43359375 0.3063660477453581 0.0341796875 0.054376657824933686
0.0 0.5478515625 0.35809018567639256 0.02734375 0.05305039787798409
0.0 0.6171875 0.356763925729443 0.0361328125 0.05172413793103448
0.0 0.041015625 0.39655172413793105 0.017578125 0.033156498673740056
0.0 0.8515625 0.3753315649867374 0.03515625 0.07029177718832891
0.0 0.91796875 0.23740053050397877 0.0478515625 0.07824933687002653
0.0 0.8662109375 0.2718832891246684 0.0224609375 0.07427055702917772
