0.0 0.9921875 0.8732638888888888 0.015625 0.03819444444444445
0.0 0.9296875 0.8940972222222222 0.017578125 0.041666666666666664
0.0 0.9365234375 0.8246527777777778 0.013671875 0.03125
0.0 0.916015625 0.8098958333333334 0.015625 0.03298611111111111
0.0 0.85693359375 0.8819444444444444 0.0205078125 0.041666666666666664
0.0 0.8515625 0.9427083333333334 0.017578125 0.041666666666666664
0.0 0.8505859375 0.7934027777777778 0.021484375 0.03819444444444445
0.0 0.98583984375 0.6310763888888888 0.0146484375 0.029513888888888888
0.0 0.921875 0.5338541666666666 0.013671875 0.026041666666666668
0.0 0.8056640625 0.6675347222222222 0.015625 0.03298611111111111
0.0 0.77099609375 0.6519097222222222 0.0166015625 0.029513888888888888
0.0 0.97998046875 0.4869791666666667 0.0126953125 0.026041666666666668
0.0 0.9501953125 0.5329861111111112 0.009765625 0.017361111111111112
0.0 0.96435546875 0.4470486111111111 0.0107421875 0.022569444444444444
0.0 0.96923828125 0.4288194444444444 0.0087890625 0.024305555555555556
0.0 0.87255859375 0.5494791666666666 0.0107421875 0.026041666666666668
0.0 0.7490234375 0.5755208333333334 0.01171875 0.022569444444444444
0.0 0.67138671875 0.6909722222222222 0.0107421875 0.024305555555555556
0.0 0.6904296875 0.796875 0.017578125 0.03819444444444445
0.0 0.55419921875 0.8776041666666666 0.0205078125 0.046875
0.0 0.5546875 0.9574652777777778 0.01953125 0.046875
0.0 0.48095703125 0.8272569444444444 0.0185546875 0.043402777777777776
0.0 0.47998046875 0.7282986111111112 0.0166015625 0.036458333333333336
0.0 0.5537109375 0.6319444444444444 0.013671875 0.020833333333333332
0.0 0.55322265625 0.5581597222222222 0.0126953125 0.029513888888888888
0.0 0.46533203125 0.6215277777777778 0.0166015625 0.027777777777777776
0.0 0.400390625 0.6076388888888888 0.01171875 0.03125
0.0 0.404296875 0.5772569444444444 0.0078125 0.026041666666666668
0.0 0.3505859375 0.6501736111111112 0.013671875 0.03298611111111111
0.0 0.35302734375 0.6822916666666666 0.0146484375 0.027777777777777776
0.0 0.35498046875 0.7951388888888888 0.0146484375 0.034722222222222224
0.0 0.35107421875 0.7751736111111112 0.0146484375 0.036458333333333336
0.0 0.37109375 0.8810763888888888 0.01953125 0.03298611111111111
0.0 0.3134765625 0.8723958333333334 0.01953125 0.046875
0.0 0.32470703125 0.8255208333333334 0.0185546875 0.043402777777777776
0.0 0.50390625 0.7890625 0.01171875 0.03298611111111111
0.0 0.56591796875 0.7803819444444444 0.0146484375 0.029513888888888888
0.0 0.43115234375 0.6345486111111112 0.0107421875 0.026041666666666668
0.0 0.38330078125 0.5755208333333334 0.0126953125 0.019097222222222224
0.0 0.23388671875 0.6814236111111112 0.0107421875 0.026041666666666668
0.0 0.22265625 0.7743055555555556 0.013671875 0.034722222222222224
0.0 0.1689453125 0.7369791666666666 0.013671875 0.03298611111111111
0.0 0.1044921875 0.6467013888888888 0.013671875 0.026041666666666668
0.0 0.07080078125 0.7178819444444444 0.0146484375 0.03298611111111111
0.0 0.03125 0.8385416666666666 0.017578125 0.04513888888888889
0.0 0.23583984375 0.9453125 0.0166015625 0.03993055555555555
0.0 0.22119140625 0.8602430555555556 0.0185546875 0.026041666666666668
0.0 0.06787109375 0.9652777777777778 0.0126953125 0.03819444444444445
0.0 0.09375 0.9522569444444444 0.013671875 0.043402777777777776
0.0 0.0419921875 0.6796875 0.01171875 0.022569444444444444
0.0 0.17333984375 0.5980902777777778 0.0126953125 0.026041666666666668
0.0 0.1220703125 0.6380208333333334 0.013671875 0.03298611111111111
0.0 0.0888671875 0.4348958333333333 0.009765625 0.019097222222222224
0.0 0.14404296875 0.4557291666666667 0.0107421875 0.022569444444444444
0.0 0.068359375 0.4131944444444444 0.009765625 0.024305555555555556
0.0 0.7734375 0.4348958333333333 0.013671875 0.03298611111111111
0.0 0.6923828125 0.4114583333333333 0.009765625 0.017361111111111112
0.0 0.7646484375 0.3532986111111111 0.009765625 0.022569444444444444
0.0 0.7470703125 0.3463541666666667 0.009765625 0.019097222222222224
0.0 0.83935546875 0.3741319444444444 0.0068359375 0.019097222222222224
0.0 0.71044921875 0.6310763888888888 0.0126953125 0.029513888888888888
0.0 0.67236328125 0.5364583333333334 0.0087890625 0.024305555555555556
0.0 0.162109375 0.9704861111111112 0.01953125 0.03819444444444445
