0.0 0.927734375 0.3229166666666667 0.0166015625 0.036458333333333336
0.0 0.98046875 0.3298611111111111 0.01171875 0.027777777777777776
0.0 0.9013671875 0.3819444444444444 0.0185546875 0.03993055555555555
0.0 0.8720703125 0.3350694444444444 0.017578125 0.03993055555555555
0.0 0.9462890625 0.2708333333333333 0.005859375 0.015625
0.0 0.990234375 0.2864583333333333 0.0068359375 0.017361111111111112
0.0 0.919921875 0.2760416666666667 0.0068359375 0.013888888888888888
0.0 0.9033203125 0.2795138888888889 0.0068359375 0.013888888888888888
0.0 0.8681640625 0.2916666666666667 0.0068359375 0.015625
0.0 0.8798828125 0.2708333333333333 0.0068359375 0.015625
0.0 0.83984375 0.2847222222222222 0.0087890625 0.019097222222222224
0.0 0.7880859375 0.2725694444444444 0.005859375 0.010416666666666666
0.0 0.798828125 0.3177083333333333 0.01171875 0.024305555555555556
0.0 0.8212890625 0.2795138888888889 0.005859375 0.017361111111111112
0.0 0.7705078125 0.2986111111111111 0.009765625 0.020833333333333332
0.0 0.734375 0.2951388888888889 0.01171875 0.027777777777777776
0.0 0.7158203125 0.28125 0.0048828125 0.012152777777777778
0.0 0.7490234375 0.3524305555555556 0.0107421875 0.026041666666666668
0.0 0.8154296875 0.3663194444444444 0.0146484375 0.03298611111111111
0.0 0.79296875 0.3767361111111111 0.015625 0.036458333333333336
0.0 0.6982421875 0.3263888888888889 0.0107421875 0.022569444444444444
0.0 0.68359375 0.3194444444444444 0.009765625 0.024305555555555556
0.0 0.6689453125 0.2795138888888889 0.0078125 0.019097222222222224
0.0 0.677734375 0.2916666666666667 0.009765625 0.017361111111111112
0.0 0.7255859375 0.2743055555555556 0.0078125 0.017361111111111112
0.0 0.6484375 0.3559027777777778 0.017578125 0.043402777777777776
0.0 0.6650390625 0.3402777777777778 0.0107421875 0.03298611111111111
0.0 0.6240234375 0.2916666666666667 0.0068359375 0.019097222222222224
0.0 0.599609375 0.3940972222222222 0.0234375 0.04861111111111111
0.0 0.5546875 0.3038194444444444 0.0107421875 0.026041666666666668
0.0 0.5361328125 0.3038194444444444 0.0107421875 0.027777777777777776
0.0 0.5166015625 0.2881944444444444 0.0107421875 0.024305555555555556
0.0 0.5009765625 0.2864583333333333 0.0107421875 0.022569444444444444
0.0 0.4794921875 0.2760416666666667 0.005859375 0.013888888888888888
0.0 0.4931640625 0.3142361111111111 0.0087890625 0.022569444444444444
0.0 0.470703125 0.3263888888888889 0.0126953125 0.026041666666666668
0.0 0.4521484375 0.3072916666666667 0.0078125 0.019097222222222224
0.0 0.474609375 0.3819444444444444 0.015625 0.03993055555555555
0.0 0.5380859375 0.359375 0.009765625 0.022569444444444444
0.0 0.4150390625 0.3038194444444444 0.0068359375 0.017361111111111112
0.0 0.43359375 0.3177083333333333 0.0087890625 0.020833333333333332
0.0 0.4208984375 0.3454861111111111 0.0126953125 0.029513888888888888
0.0 0.380859375 0.3229166666666667 0.0126953125 0.03125
0.0 0.388671875 0.3003472222222222 0.0087890625 0.022569444444444444
0.0 0.396484375 0.3923611111111111 0.0166015625 0.041666666666666664
0.0 0.380859375 0.3784722222222222 0.0126953125 0.03125
0.0 0.3125 0.3420138888888889 0.013671875 0.03298611111111111
0.0 0.294921875 0.3072916666666667 0.009765625 0.027777777777777776
0.0 0.2783203125 0.3489583333333333 0.015625 0.034722222222222224
0.0 0.236328125 0.3420138888888889 0.0107421875 0.027777777777777776
0.0 0.224609375 0.3020833333333333 0.01171875 0.026041666666666668
0.0 0.1787109375 0.3055555555555556 0.0087890625 0.020833333333333332
0.0 0.1396484375 0.3211805555555556 0.0146484375 0.034722222222222224
0.0 0.064453125 0.3159722222222222 0.0146484375 0.03298611111111111
0.0 0.0244140625 0.3350694444444444 0.01171875 0.029513888888888888
0.0 0.1181640625 0.28125 0.0087890625 0.022569444444444444
0.0 0.7158203125 0.2552083333333333 0.0048828125 0.012152777777777778
0.0 0.46484375 0.3628472222222222 0.013671875 0.03819444444444445
