0.0 0.1591796875 0.16818181818181818 0.056640625 0.10606060606060606
0.0 0.515625 0.346969696969697 0.041015625 0.09393939393939393
0.0 0.482421875 0.3098484848484849 0.029296875 0.0803030303030303
0.0 0.4326171875 0.35833333333333334 0.02734375 0.05606060606060606
0.0 0.52685546875 0.7522727272727273 0.0927734375 0.1984848484848485
0.0 0.28076171875 0.8856060606060606 0.0634765625 0.2287878787878788
0.0 0.94140625 0.7659090909090909 0.08203125 0.1318181818181818
0.0 0.71875 0.6462121212121212 0.0625 0.11969696969696969
0.0 0.720703125 0.5431818181818182 0.037109375 0.06515151515151515
0.0 0.69287109375 0.5121212121212121 0.0419921875 0.07272727272727272
0.0 0.6328125 0.49015151515151517 0.02734375 0.05
0.0 0.86962890625 0.5318181818181819 0.0478515625 0.08787878787878788
0.0 0.966796875 0.5553030303030303 0.0625 0.09545454545454546
0.0 0.36083984375 0.22424242424242424 0.0126953125 0.030303030303030304
0.0 0.05615234375 0.41818181818181815 0.0146484375 0.024242424242424242
0.0 0.89453125 0.41893939393939394 0.01953125 0.04090909090909091
0.0 0.931640625 0.3984848484848485 0.0234375 0.04242424242424243
0.0 0.986328125 0.4106060606060606 0.02734375 0.04242424242424243
0.0 0.927734375 0.4984848484848485 0.033203125 0.06363636363636363
0.0 0.97314453125 0.353030303030303 0.0146484375 0.024242424242424242
0.0 0.83837890625 0.39015151515151514 0.0166015625 0.03484848484848485
0.0 0.86328125 0.3787878787878788 0.015625 0.030303030303030304
0.0 0.85009765625 0.3462121212121212 0.0126953125 0.022727272727272728
0.0 0.71337890625 0.40075757575757576 0.0146484375 0.02878787878787879
0.0 0.72119140625 0.43636363636363634 0.0244140625 0.045454545454545456
0.0 0.66748046875 0.4340909090909091 0.0146484375 0.031818181818181815
0.0 0.6328125 0.42803030303030304 0.017578125 0.03484848484848485
0.0 0.65087890625 0.4159090909090909 0.0107421875 0.019696969696969695
0.0 0.62353515625 0.3878787878787879 0.0107421875 0.021212121212121213
0.0 0.64404296875 0.37803030303030305 0.0087890625 0.019696969696969695
0.0 0.6572265625 0.3765151515151515 0.009765625 0.019696969696969695
0.0 0.70654296875 0.3522727272727273 0.0087890625 0.016666666666666666
0.0 0.73046875 0.35378787878787876 0.009765625 0.013636363636363636
0.0 0.76220703125 0.3409090909090909 0.0087890625 0.01818181818181818
0.0 0.82421875 0.3287878787878788 0.0078125 0.015151515151515152
0.0 0.923828125 0.38333333333333336 0.017578125 0.02727272727272727
0.0 0.93896484375 0.3765151515151515 0.0146484375 0.03484848484848485
0.0 0.8779296875 0.34015151515151515 0.0078125 0.019696969696969695
0.0 0.95947265625 0.32727272727272727 0.0087890625 0.01818181818181818
0.0 0.9287109375 0.3303030303030303 0.0078125 0.01818181818181818
0.0 0.9775390625 0.3196969696969697 0.0078125 0.01818181818181818
0.0 0.9677734375 0.3181818181818182 0.005859375 0.015151515151515152
