0.0 0.1806640625 0.2467432950191571 0.0078125 0.00842911877394636
0.0 0.302734375 0.367816091954023 0.0107421875 0.010727969348659003
0.0 0.28515625 0.2467432950191571 0.0078125 0.006896551724137931
0.0 0.2666015625 0.2567049808429119 0.0107421875 0.007662835249042145
0.0 0.25390625 0.2475095785440613 0.0078125 0.007662835249042145
0.0 0.275390625 0.23754789272030652 0.0068359375 0.006130268199233717
0.0 0.5986328125 0.3823754789272031 0.015625 0.012260536398467433
0.0 0.5830078125 0.3088122605363985 0.0078125 0.009195402298850575
0.0 0.5654296875 0.29042145593869734 0.0087890625 0.00996168582375479
0.0 0.5283203125 0.2957854406130268 0.009765625 0.010727969348659003
0.0 0.5224609375 0.2850574712643678 0.0078125 0.007662835249042145
0.0 0.61328125 0.2475095785440613 0.009765625 0.010727969348659003
0.0 0.62890625 0.26666666666666666 0.01171875 0.013026819923371647
0.0 0.640625 0.29195402298850576 0.0126953125 0.013793103448275862
0.0 0.6875 0.3003831417624521 0.0166015625 0.014559386973180077
0.0 0.7197265625 0.30191570881226054 0.015625 0.013793103448275862
0.0 0.740234375 0.271264367816092 0.0087890625 0.010727969348659003
0.0 0.7587890625 0.26666666666666666 0.009765625 0.009195402298850575
0.0 0.751953125 0.25363984674329504 0.009765625 0.010727969348659003
0.0 0.7646484375 0.24980842911877393 0.009765625 0.007662835249042145
0.0 0.734375 0.24291187739463602 0.009765625 0.009195402298850575
0.0 0.7119140625 0.2482758620689655 0.0078125 0.006896551724137931
0.0 0.7001953125 0.24904214559386972 0.0078125 0.00996168582375479
0.0 0.67578125 0.24904214559386972 0.0107421875 0.009195402298850575
0.0 0.7041015625 0.26666666666666666 0.009765625 0.010727969348659003
0.0 0.7626953125 0.23295019157088123 0.009765625 0.006896551724137931
0.0 0.7568359375 0.2206896551724138 0.005859375 0.007662835249042145
0.0 0.77734375 0.26053639846743293 0.0107421875 0.011494252873563218
0.0 0.791015625 0.27662835249042145 0.0078125 0.006130268199233717
0.0 0.787109375 0.28888888888888886 0.005859375 0.007662835249042145
0.0 0.798828125 0.29118773946360155 0.005859375 0.006130268199233717
0.0 0.8095703125 0.281992337164751 0.0126953125 0.012260536398467433
0.0 0.82421875 0.25287356321839083 0.0078125 0.010727969348659003
0.0 0.7958984375 0.25517241379310346 0.005859375 0.0053639846743295016
0.0 0.8515625 0.25210727969348656 0.009765625 0.00996168582375479
0.0 0.8759765625 0.2590038314176245 0.0068359375 0.007662835249042145
0.0 0.892578125 0.25593869731800767 0.005859375 0.007662835249042145
0.0 0.880859375 0.2467432950191571 0.0068359375 0.007662835249042145
0.0 0.845703125 0.2942528735632184 0.0107421875 0.011494252873563218
0.0 0.8154296875 0.2973180076628352 0.0078125 0.009195402298850575
0.0 0.904296875 0.2957854406130268 0.0078125 0.010727969348659003
0.0 0.890625 0.28812260536398465 0.0078125 0.010727969348659003
0.0 0.9189453125 0.2996168582375479 0.0107421875 0.013793103448275862
0.0 0.939453125 0.28888888888888886 0.01171875 0.012260536398467433
0.0 0.9580078125 0.31264367816091954 0.0078125 0.010727969348659003
0.0 0.90625 0.3210727969348659 0.0107421875 0.011494252873563218
0.0 0.8818359375 0.3340996168582375 0.01171875 0.013026819923371647
0.0 0.8359375 0.3111111111111111 0.0087890625 0.009195402298850575
0.0 0.92578125 0.4452107279693487 0.0146484375 0.014559386973180077
0.0 0.9521484375 0.4467432950191571 0.009765625 0.013026819923371647
0.0 0.9228515625 0.4337164750957854 0.0146484375 0.013026819923371647
0.0 0.8818359375 0.4413793103448276 0.013671875 0.017624521072796936
0.0 0.861328125 0.43754789272030653 0.0126953125 0.013793103448275862
0.0 0.6962890625 0.4084291187739464 0.01953125 0.01839080459770115
0.0 0.9208984375 0.2835249042145594 0.0078125 0.007662835249042145
0.0 0.9609375 0.27662835249042145 0.0087890625 0.010727969348659003
0.0 0.8603515625 0.22298850574712645 0.0078125 0.006130268199233717
0.0 0.82421875 0.2260536398467433 0.0068359375 0.00842911877394636
0.0 0.8408203125 0.24061302681992336 0.0078125 0.007662835249042145
0.0 0.822265625 0.21226053639846743 0.005859375 0.006130268199233717
0.0 0.771484375 0.2168582375478927 0.0068359375 0.006130268199233717
0.0 0.685546875 0.2413793103448276 0.0087890625 0.00996168582375479
0.0 0.986328125 0.30268199233716475 0.013671875 0.020689655172413793
0.0 0.033203125 0.9624521072796934 0.0322265625 0.024521072796934867
0.0 0.36328125 0.9478927203065134 0.0283203125 0.03371647509578544
0.0 0.94140625 0.9593869731800766 0.029296875 0.03371647509578544
0.0 0.923828125 0.26666666666666666 0.0078125 0.00996168582375479
0.0 0.947265625 0.2674329501915709 0.0078125 0.00996168582375479
0.0 0.978515625 0.2850574712643678 0.01171875 0.012260536398467433
0.0 0.9091796875 0.24444444444444444 0.0078125 0.009195402298850575
0.0 0.8544921875 0.28888888888888886 0.009765625 0.00996168582375479
0.0 0.8984375 0.2842911877394636 0.0087890625 0.00842911877394636
0.0 0.916015625 0.3586206896551724 0.0126953125 0.016091954022988506
0.0 0.015625 0.4298850574712644 0.0146484375 0.013793103448275862
0.0 0.064453125 0.2896551724137931 0.0146484375 0.014559386973180077
0.0 0.0556640625 0.2413793103448276 0.0166015625 0.016091954022988506
0.0 0.2939453125 0.3632183908045977 0.0126953125 0.013026819923371647
0.0 0.0029296875 0.32337164750957853 0.015625 0.011494252873563218
0.0 0.0107421875 0.33946360153256705 0.0107421875 0.012260536398467433
0.0 0.0205078125 0.35172413793103446 0.0126953125 0.013026819923371647
0.0 0.0185546875 0.37777777777777777 0.0087890625 0.00842911877394636
0.0 0.0703125 0.35172413793103446 0.0078125 0.00842911877394636
0.0 0.0439453125 0.3318007662835249 0.009765625 0.006130268199233717
0.0 0.111328125 0.3586206896551724 0.0126953125 0.010727969348659003
0.0 0.1220703125 0.35555555555555557 0.0126953125 0.011494252873563218
0.0 0.2021484375 0.33869731800766284 0.0107421875 0.012260536398467433
0.0 0.1845703125 0.2689655172413793 0.0087890625 0.00996168582375479
0.0 0.212890625 0.25287356321839083 0.0078125 0.009195402298850575
0.0 0.23046875 0.2681992337164751 0.009765625 0.00842911877394636
0.0 0.27734375 0.2720306513409962 0.009765625 0.00842911877394636
0.0 0.306640625 0.2590038314176245 0.009765625 0.00996168582375479
0.0 0.16796875 0.26513409961685824 0.0068359375 0.006130268199233717
0.0 0.21875 0.30191570881226054 0.005859375 0.007662835249042145
0.0 0.2783203125 0.30344827586206896 0.0078125 0.00996168582375479
0.0 0.3427734375 0.2950191570881226 0.0107421875 0.00842911877394636
0.0 0.326171875 0.30114942528735633 0.0087890625 0.007662835249042145
0.0 0.3671875 0.36015325670498083 0.009765625 0.01532567049808429
0.0 0.388671875 0.3816091954022989 0.009765625 0.013026819923371647
0.0 0.4189453125 0.4053639846743295 0.013671875 0.013026819923371647
0.0 0.4814453125 0.3954022988505747 0.015625 0.01532567049808429
0.0 0.5322265625 0.39770114942528734 0.0146484375 0.01532567049808429
0.0 0.494140625 0.28735632183908044 0.009765625 0.013026819923371647
0.0 0.44140625 0.26513409961685824 0.009765625 0.007662835249042145
0.0 0.46875 0.26513409961685824 0.0126953125 0.010727969348659003
0.0 0.494140625 0.2681992337164751 0.0107421875 0.00842911877394636
0.0 0.46875 0.281992337164751 0.01171875 0.010727969348659003
0.0 0.4921875 0.25287356321839083 0.009765625 0.009195402298850575
0.0 0.50390625 0.25363984674329504 0.009765625 0.006896551724137931
0.0 0.525390625 0.25363984674329504 0.0078125 0.00996168582375479
0.0 0.537109375 0.25363984674329504 0.0107421875 0.00996168582375479
0.0 0.5390625 0.24367816091954023 0.009765625 0.006130268199233717
0.0 0.4404296875 0.25440613026819925 0.01171875 0.00842911877394636
0.0 0.4658203125 0.24521072796934865 0.009765625 0.009195402298850575
0.0 0.197265625 0.2482758620689655 0.009765625 0.010727969348659003
