0.0 0.73828125 0.9137426900584795 0.0556640625 0.0847953216374269
0.0 0.7119140625 0.7207602339181286 0.0419921875 0.06871345029239766
0.0 0.783203125 0.6169590643274854 0.033203125 0.06578947368421052
0.0 0.900390625 0.6988304093567251 0.0244140625 0.06871345029239766
0.0 0.6767578125 0.6096491228070176 0.041015625 0.059941520467836254
0.0 0.248046875 0.9400584795321637 0.056640625 0.05847953216374269
0.0 0.2236328125 0.7587719298245614 0.033203125 0.06578947368421052
0.0 0.1162109375 0.6915204678362573 0.04296875 0.07309941520467836
0.0 0.2861328125 0.6301169590643275 0.0341796875 0.059941520467836254
0.0 0.259765625 0.5730994152046783 0.015625 0.043859649122807015
0.0 0.33203125 0.5263157894736842 0.02734375 0.049707602339181284
0.0 0.162109375 0.5277777777777778 0.0234375 0.03508771929824561
0.0 0.0771484375 0.5014619883040936 0.03125 0.049707602339181284
0.0 0.01171875 0.5277777777777778 0.02734375 0.043859649122807015
0.0 0.2333984375 0.391812865497076 0.021484375 0.043859649122807015
0.0 0.140625 0.4137426900584795 0.0146484375 0.039473684210526314
0.0 0.1474609375 0.39473684210526316 0.0146484375 0.029239766081871343
0.0 0.1728515625 0.37719298245614036 0.01171875 0.03070175438596491
0.0 0.16796875 0.3508771929824561 0.015625 0.024853801169590642
0.0 0.0712890625 0.40789473684210525 0.017578125 0.03070175438596491
0.0 0.0830078125 0.4064327485380117 0.009765625 0.017543859649122806
0.0 0.109375 0.32748538011695905 0.013671875 0.02631578947368421
0.0 0.056640625 0.35233918128654973 0.0146484375 0.03216374269005848
0.0 0.0654296875 0.30994152046783624 0.009765625 0.017543859649122806
0.0 0.04296875 0.29678362573099415 0.0087890625 0.024853801169590642
0.0 0.03125 0.26900584795321636 0.0087890625 0.017543859649122806
0.0 0.0400390625 0.2631578947368421 0.0107421875 0.02046783625730994
0.0 0.11328125 0.3055555555555556 0.0146484375 0.02046783625730994
0.0 0.1552734375 0.30409356725146197 0.0068359375 0.021929824561403508
0.0 0.1416015625 0.2807017543859649 0.009765625 0.02046783625730994
0.0 0.1318359375 0.26608187134502925 0.01171875 0.02046783625730994
0.0 0.109375 0.2880116959064328 0.0087890625 0.014619883040935672
0.0 0.109375 0.27046783625730997 0.0107421875 0.017543859649122806
0.0 0.1044921875 0.2675438596491228 0.0087890625 0.017543859649122806
0.0 0.0947265625 0.2675438596491228 0.009765625 0.014619883040935672
0.0 0.1083984375 0.26169590643274854 0.0078125 0.013157894736842105
0.0 0.1591796875 0.27923976608187134 0.0068359375 0.02046783625730994
0.0 0.056640625 0.2807017543859649 0.0107421875 0.019005847953216373
0.0 0.0849609375 0.25 0.0078125 0.01608187134502924
0.0 0.05859375 0.2222222222222222 0.015625 0.011695906432748537
0.0 0.033203125 0.22660818713450293 0.009765625 0.017543859649122806
0.0 0.015625 0.20321637426900585 0.0087890625 0.013157894736842105
0.0 0.1171875 0.22807017543859648 0.0068359375 0.011695906432748537
0.0 0.1455078125 0.22076023391812866 0.0087890625 0.011695906432748537
0.0 0.0 0.2412280701754386 0.009765625 0.017543859649122806
0.0 0.1240234375 0.24415204678362573 0.0068359375 0.01608187134502924
0.0 0.1533203125 0.22953216374269006 0.0087890625 0.014619883040935672
0.0 0.1748046875 0.22660818713450293 0.0068359375 0.017543859649122806
0.0 0.1953125 0.33771929824561403 0.009765625 0.021929824561403508
0.0 0.1455078125 0.195906432748538 0.0068359375 0.014619883040935672
0.0 0.1533203125 0.20029239766081872 0.005859375 0.011695906432748537
0.0 0.162109375 0.2149122807017544 0.0078125 0.01608187134502924
0.0 0.1787109375 0.23684210526315788 0.0068359375 0.013157894736842105
0.0 0.17578125 0.20760233918128654 0.0078125 0.011695906432748537
0.0 0.169921875 0.20321637426900585 0.0068359375 0.014619883040935672
0.0 0.2412109375 0.3406432748538012 0.013671875 0.02631578947368421
0.0 0.23046875 0.3157894736842105 0.0126953125 0.021929824561403508
0.0 0.2529296875 0.31432748538011696 0.01171875 0.019005847953216373
0.0 0.2724609375 0.260233918128655 0.0107421875 0.017543859649122806
0.0 0.2802734375 0.25292397660818716 0.009765625 0.014619883040935672
0.0 0.298828125 0.24853801169590642 0.013671875 0.02046783625730994
0.0 0.3798828125 0.3669590643274854 0.0185546875 0.038011695906432746
0.0 0.1982421875 0.24707602339181287 0.0048828125 0.01023391812865497
0.0 0.19140625 0.2134502923976608 0.0107421875 0.014619883040935672
0.0 0.2265625 0.21198830409356725 0.009765625 0.01608187134502924
0.0 0.2431640625 0.24415204678362573 0.009765625 0.014619883040935672
0.0 0.23828125 0.22953216374269006 0.0087890625 0.013157894736842105
0.0 0.25390625 0.23391812865497075 0.0078125 0.013157894736842105
0.0 0.2568359375 0.22660818713450293 0.0068359375 0.011695906432748537
0.0 0.267578125 0.2149122807017544 0.009765625 0.014619883040935672
0.0 0.310546875 0.3567251461988304 0.0166015625 0.03216374269005848
0.0 0.333984375 0.3230994152046784 0.013671875 0.027777777777777776
0.0 0.3447265625 0.30409356725146197 0.017578125 0.027777777777777776
0.0 0.337890625 0.27631578947368424 0.009765625 0.023391812865497075
0.0 0.29296875 0.3991228070175439 0.015625 0.03070175438596491
0.0 0.3095703125 0.40350877192982454 0.01953125 0.03508771929824561
0.0 0.4033203125 0.27631578947368424 0.0185546875 0.02631578947368421
0.0 0.2890625 0.20029239766081872 0.0068359375 0.013157894736842105
0.0 0.431640625 0.4152046783625731 0.01953125 0.038011695906432746
0.0 0.4404296875 0.3713450292397661 0.01953125 0.04093567251461988
0.0 0.3740234375 0.2807017543859649 0.009765625 0.019005847953216373
0.0 0.400390625 0.23538011695906433 0.0126953125 0.01608187134502924
0.0 0.3388671875 0.23684210526315788 0.0078125 0.017543859649122806
0.0 0.34375 0.23830409356725146 0.0068359375 0.017543859649122806
0.0 0.421875 0.2324561403508772 0.0048828125 0.011695906432748537
0.0 0.4248046875 0.2309941520467836 0.005859375 0.019005847953216373
0.0 0.236328125 0.21052631578947367 0.0087890625 0.014619883040935672
0.0 0.2490234375 0.20175438596491227 0.0087890625 0.01608187134502924
0.0 0.2607421875 0.20029239766081872 0.0078125 0.013157894736842105
0.0 0.2744140625 0.19005847953216373 0.0087890625 0.011695906432748537
0.0 0.2919921875 0.19005847953216373 0.0078125 0.013157894736842105
0.0 0.287109375 0.21198830409356725 0.0078125 0.017543859649122806
0.0 0.294921875 0.2149122807017544 0.0078125 0.013157894736842105
0.0 0.3037109375 0.20906432748538012 0.005859375 0.008771929824561403
0.0 0.310546875 0.20175438596491227 0.0078125 0.011695906432748537
0.0 0.3115234375 0.23830409356725146 0.0087890625 0.023391812865497075
0.0 0.2822265625 0.4546783625730994 0.01953125 0.04093567251461988
0.0 0.44921875 0.3055555555555556 0.009765625 0.021929824561403508
0.0 0.32421875 0.3815789473684211 0.017578125 0.03508771929824561
0.0 0.2099609375 0.22514619883040934 0.0078125 0.01608187134502924
0.0 0.34375 0.20175438596491227 0.0078125 0.014619883040935672
0.0 0.3486328125 0.195906432748538 0.0078125 0.013157894736842105
0.0 0.384765625 0.28362573099415206 0.0078125 0.017543859649122806
0.0 0.212890625 0.1608187134502924 0.0068359375 0.01023391812865497
0.0 0.28125 0.1652046783625731 0.005859375 0.008771929824561403
0.0 0.251953125 0.1695906432748538 0.0068359375 0.008771929824561403
0.0 0.3193359375 0.1608187134502924 0.0078125 0.011695906432748537
0.0 0.34375 0.15350877192982457 0.005859375 0.013157894736842105
0.0 0.3759765625 0.15497076023391812 0.0068359375 0.011695906432748537
0.0 0.3564453125 0.15350877192982457 0.005859375 0.011695906432748537
0.0 0.3515625 0.15497076023391812 0.0048828125 0.008771929824561403
0.0 0.4111328125 0.14473684210526316 0.0048828125 0.013157894736842105
0.0 0.373046875 0.12719298245614036 0.0048828125 0.01023391812865497
0.0 0.4365234375 0.195906432748538 0.005859375 0.013157894736842105
0.0 0.4638671875 0.21783625730994152 0.0087890625 0.017543859649122806
0.0 0.4677734375 0.23391812865497075 0.0087890625 0.01608187134502924
0.0 0.462890625 0.20321637426900585 0.0068359375 0.014619883040935672
0.0 0.4169921875 0.15935672514619884 0.0068359375 0.01023391812865497
0.0 0.3916015625 0.16228070175438597 0.0068359375 0.011695906432748537
0.0 0.4130859375 0.17251461988304093 0.0048828125 0.01023391812865497
0.0 0.427734375 0.17543859649122806 0.0087890625 0.013157894736842105
0.0 0.46484375 0.18421052631578946 0.0078125 0.014619883040935672
0.0 0.4609375 0.17543859649122806 0.0068359375 0.014619883040935672
0.0 0.455078125 0.1652046783625731 0.005859375 0.013157894736842105
0.0 0.4453125 0.15204678362573099 0.0087890625 0.014619883040935672
0.0 0.4482421875 0.1388888888888889 0.0068359375 0.01023391812865497
0.0 0.43359375 0.24561403508771928 0.01171875 0.019005847953216373
0.0 0.4404296875 0.27046783625730997 0.013671875 0.019005847953216373
0.0 0.453125 0.2777777777777778 0.013671875 0.023391812865497075
0.0 0.478515625 0.25877192982456143 0.009765625 0.017543859649122806
0.0 0.484375 0.2719298245614035 0.0068359375 0.014619883040935672
0.0 0.4443359375 0.23391812865497075 0.0078125 0.013157894736842105
0.0 0.505859375 0.2997076023391813 0.0126953125 0.024853801169590642
0.0 0.5234375 0.2646198830409357 0.0087890625 0.019005847953216373
0.0 0.5380859375 0.2719298245614035 0.0087890625 0.02046783625730994
0.0 0.546875 0.2909356725146199 0.0126953125 0.017543859649122806
0.0 0.548828125 0.25877192982456143 0.0078125 0.021929824561403508
0.0 0.5009765625 0.24561403508771928 0.009765625 0.017543859649122806
0.0 0.494140625 0.23830409356725146 0.0087890625 0.014619883040935672
0.0 0.3544921875 0.2412280701754386 0.0048828125 0.017543859649122806
0.0 0.3505859375 0.24707602339181287 0.0078125 0.013157894736842105
0.0 0.0712890625 0.25146198830409355 0.0107421875 0.024853801169590642
0.0 0.1494140625 0.25 0.009765625 0.017543859649122806
0.0 0.12890625 0.21198830409356725 0.0068359375 0.01608187134502924
0.0 0.5341796875 0.34210526315789475 0.01171875 0.023391812865497075
0.0 0.57421875 0.34210526315789475 0.0126953125 0.024853801169590642
0.0 0.611328125 0.35233918128654973 0.015625 0.02046783625730994
0.0 0.609375 0.30409356725146197 0.0107421875 0.024853801169590642
0.0 0.5634765625 0.29385964912280704 0.009765625 0.017543859649122806
0.0 0.583984375 0.25 0.0087890625 0.021929824561403508
0.0 0.5634765625 0.24561403508771928 0.0087890625 0.01608187134502924
0.0 0.6044921875 0.23976608187134502 0.0107421875 0.01608187134502924
0.0 0.6162109375 0.24415204678362573 0.0107421875 0.019005847953216373
0.0 0.5107421875 0.29385964912280704 0.0126953125 0.01023391812865497
0.0 0.419921875 0.19005847953216373 0.0068359375 0.01023391812865497
0.0 0.4453125 0.20321637426900585 0.0068359375 0.013157894736842105
0.0 0.4873046875 0.21198830409356725 0.0087890625 0.011695906432748537
0.0 0.45703125 0.20175438596491227 0.0068359375 0.014619883040935672
0.0 0.4619140625 0.14327485380116958 0.005859375 0.013157894736842105
0.0 0.4736328125 0.1695906432748538 0.0078125 0.011695906432748537
0.0 0.4853515625 0.15935672514619884 0.0068359375 0.011695906432748537
0.0 0.4814453125 0.1608187134502924 0.0048828125 0.01023391812865497
0.0 0.5 0.17251461988304093 0.005859375 0.013157894736842105
0.0 0.4951171875 0.17543859649122806 0.005859375 0.013157894736842105
0.0 0.498046875 0.15497076023391812 0.005859375 0.01023391812865497
0.0 0.5166015625 0.1695906432748538 0.0078125 0.01608187134502924
0.0 0.5185546875 0.1871345029239766 0.005859375 0.013157894736842105
0.0 0.5224609375 0.19883040935672514 0.0087890625 0.011695906432748537
0.0 0.513671875 0.15789473684210525 0.0068359375 0.01023391812865497
0.0 0.4892578125 0.14181286549707603 0.0068359375 0.011695906432748537
0.0 0.5078125 0.21052631578947367 0.0087890625 0.019005847953216373
0.0 0.5146484375 0.22953216374269006 0.0078125 0.017543859649122806
0.0 0.5322265625 0.21637426900584794 0.009765625 0.017543859649122806
0.0 0.5458984375 0.195906432748538 0.0078125 0.013157894736842105
0.0 0.51171875 0.14327485380116958 0.0048828125 0.011695906432748537
0.0 0.5322265625 0.1564327485380117 0.005859375 0.01023391812865497
0.0 0.5361328125 0.14619883040935672 0.005859375 0.011695906432748537
0.0 0.5263671875 0.14181286549707603 0.0068359375 0.013157894736842105
0.0 0.5419921875 0.17690058479532164 0.0048828125 0.013157894736842105
0.0 0.5390625 0.16812865497076024 0.0068359375 0.013157894736842105
0.0 0.5478515625 0.1608187134502924 0.005859375 0.013157894736842105
0.0 0.548828125 0.18128654970760233 0.005859375 0.007309941520467836
0.0 0.5400390625 0.15789473684210525 0.005859375 0.01023391812865497
0.0 0.583984375 0.23391812865497075 0.009765625 0.014619883040935672
0.0 0.578125 0.2324561403508772 0.0078125 0.013157894736842105
0.0 0.5595703125 0.22953216374269006 0.009765625 0.019005847953216373
0.0 0.5517578125 0.22076023391812866 0.0078125 0.021929824561403508
0.0 0.5673828125 0.20321637426900585 0.0087890625 0.017543859649122806
0.0 0.599609375 0.22953216374269006 0.0087890625 0.01608187134502924
0.0 0.5908203125 0.21637426900584794 0.0087890625 0.014619883040935672
0.0 0.560546875 0.17982456140350878 0.0087890625 0.01608187134502924
0.0 0.5703125 0.17105263157894737 0.0078125 0.013157894736842105
0.0 0.583984375 0.17543859649122806 0.0068359375 0.01608187134502924
0.0 0.5869140625 0.16228070175438597 0.0048828125 0.014619883040935672
0.0 0.5927734375 0.17982456140350878 0.0068359375 0.011695906432748537
0.0 0.5986328125 0.18128654970760233 0.0068359375 0.017543859649122806
0.0 0.609375 0.17251461988304093 0.005859375 0.013157894736842105
0.0 0.6083984375 0.1608187134502924 0.0068359375 0.011695906432748537
0.0 0.6298828125 0.1783625730994152 0.0087890625 0.017543859649122806
0.0 0.5927734375 0.14327485380116958 0.005859375 0.013157894736842105
0.0 0.6162109375 0.14035087719298245 0.0068359375 0.01023391812865497
0.0 0.6220703125 0.15789473684210525 0.0068359375 0.013157894736842105
0.0 0.52734375 0.12134502923976608 0.0068359375 0.013157894736842105
0.0 0.5478515625 0.1154970760233918 0.0048828125 0.007309941520467836
0.0 0.6611328125 0.260233918128655 0.0107421875 0.02046783625730994
0.0 0.6376953125 0.24707602339181287 0.0107421875 0.017543859649122806
0.0 0.6123046875 0.1476608187134503 0.0068359375 0.013157894736842105
0.0 0.6357421875 0.1564327485380117 0.0078125 0.01023391812865497
0.0 0.63671875 0.14327485380116958 0.0068359375 0.014619883040935672
0.0 0.6455078125 0.15935672514619884 0.0078125 0.014619883040935672
0.0 0.64453125 0.1827485380116959 0.0078125 0.014619883040935672
0.0 0.63671875 0.2222222222222222 0.009765625 0.013157894736842105
0.0 0.658203125 0.15789473684210525 0.0078125 0.014619883040935672
0.0 0.6669921875 0.16228070175438597 0.0078125 0.013157894736842105
0.0 0.62109375 0.14473684210526316 0.0087890625 0.011695906432748537
0.0 0.6826171875 0.16374269005847952 0.005859375 0.013157894736842105
0.0 0.669921875 0.1871345029239766 0.005859375 0.013157894736842105
0.0 0.62890625 0.13304093567251463 0.005859375 0.008771929824561403
0.0 0.6630859375 0.1388888888888889 0.0068359375 0.01608187134502924
0.0 0.673828125 0.14181286549707603 0.0068359375 0.014619883040935672
0.0 0.6865234375 0.14912280701754385 0.0078125 0.011695906432748537
0.0 0.6923828125 0.16228070175438597 0.0068359375 0.01023391812865497
0.0 0.7001953125 0.1783625730994152 0.0078125 0.017543859649122806
0.0 0.6904296875 0.13742690058479531 0.0068359375 0.01023391812865497
0.0 0.6962890625 0.15204678362573099 0.0078125 0.013157894736842105
0.0 0.7060546875 0.15497076023391812 0.0087890625 0.011695906432748537
0.0 0.7119140625 0.17251461988304093 0.005859375 0.01608187134502924
0.0 0.6748046875 0.1301169590643275 0.005859375 0.008771929824561403
0.0 0.6953125 0.12426900584795321 0.005859375 0.011695906432748537
0.0 0.71484375 0.14912280701754385 0.0068359375 0.013157894736842105
0.0 0.7236328125 0.14619883040935672 0.0078125 0.013157894736842105
0.0 0.6572265625 0.13304093567251463 0.0068359375 0.008771929824561403
0.0 0.65234375 0.12426900584795321 0.0068359375 0.01023391812865497
0.0 0.693359375 0.1154970760233918 0.00390625 0.008771929824561403
0.0 0.6416015625 0.12134502923976608 0.0068359375 0.011695906432748537
0.0 0.6865234375 0.2046783625730994 0.005859375 0.014619883040935672
0.0 0.7021484375 0.20321637426900585 0.009765625 0.013157894736842105
0.0 0.716796875 0.19736842105263158 0.0068359375 0.014619883040935672
0.0 0.7177734375 0.1739766081871345 0.0078125 0.013157894736842105
0.0 0.7275390625 0.16666666666666666 0.0078125 0.01608187134502924
0.0 0.7353515625 0.17690058479532164 0.0078125 0.017543859649122806
0.0 0.6630859375 0.23830409356725146 0.01171875 0.019005847953216373
0.0 0.6884765625 0.22514619883040934 0.0087890625 0.01608187134502924
0.0 0.6943359375 0.23830409356725146 0.0087890625 0.017543859649122806
0.0 0.697265625 0.22807017543859648 0.01171875 0.02046783625730994
0.0 0.71875 0.25292397660818716 0.01171875 0.02046783625730994
0.0 0.7265625 0.13157894736842105 0.005859375 0.01023391812865497
0.0 0.7392578125 0.1286549707602339 0.005859375 0.01023391812865497
0.0 0.7431640625 0.17251461988304093 0.0078125 0.013157894736842105
0.0 0.7451171875 0.15350877192982457 0.0087890625 0.013157894736842105
0.0 0.7548828125 0.13157894736842105 0.0068359375 0.008771929824561403
0.0 0.759765625 0.18128654970760233 0.009765625 0.014619883040935672
0.0 0.755859375 0.14619883040935672 0.0078125 0.013157894736842105
0.0 0.76171875 0.13157894736842105 0.005859375 0.013157894736842105
0.0 0.7890625 0.1301169590643275 0.0068359375 0.011695906432748537
0.0 0.79296875 0.1608187134502924 0.0068359375 0.01608187134502924
0.0 0.8017578125 0.1915204678362573 0.009765625 0.01608187134502924
0.0 0.814453125 0.19005847953216373 0.009765625 0.017543859649122806
0.0 0.8037109375 0.17543859649122806 0.0087890625 0.013157894736842105
0.0 0.810546875 0.16666666666666666 0.0087890625 0.013157894736842105
0.0 0.8017578125 0.15935672514619884 0.0078125 0.013157894736842105
0.0 0.80859375 0.18421052631578946 0.0078125 0.013157894736842105
0.0 0.8203125 0.16228070175438597 0.0078125 0.014619883040935672
0.0 0.84375 0.16812865497076024 0.009765625 0.014619883040935672
0.0 0.8486328125 0.18128654970760233 0.0107421875 0.01608187134502924
0.0 0.8466796875 0.19736842105263158 0.009765625 0.014619883040935672
0.0 0.828125 0.15935672514619884 0.0087890625 0.01608187134502924
0.0 0.833984375 0.15204678362573099 0.0078125 0.013157894736842105
0.0 0.8388671875 0.1388888888888889 0.0078125 0.011695906432748537
0.0 0.81640625 0.1286549707602339 0.0068359375 0.01023391812865497
0.0 0.8544921875 0.14473684210526316 0.0068359375 0.014619883040935672
0.0 0.66015625 0.4269005847953216 0.015625 0.038011695906432746
0.0 0.64453125 0.4327485380116959 0.01953125 0.03216374269005848
0.0 0.6416015625 0.32748538011695905 0.0166015625 0.03070175438596491
0.0 0.662109375 0.30994152046783624 0.0166015625 0.027777777777777776
0.0 0.6650390625 0.2821637426900585 0.015625 0.019005847953216373
0.0 0.685546875 0.2777777777777778 0.009765625 0.019005847953216373
0.0 0.6953125 0.2909356725146199 0.0126953125 0.023391812865497075
0.0 0.701171875 0.3084795321637427 0.0146484375 0.024853801169590642
0.0 0.7470703125 0.32456140350877194 0.015625 0.02631578947368421
0.0 0.7421875 0.2807017543859649 0.0126953125 0.024853801169590642
0.0 0.775390625 0.32894736842105265 0.015625 0.024853801169590642
0.0 0.7841796875 0.28654970760233917 0.013671875 0.024853801169590642
0.0 0.75390625 0.2675438596491228 0.0107421875 0.021929824561403508
0.0 0.740234375 0.2236842105263158 0.005859375 0.017543859649122806
0.0 0.7685546875 0.23684210526315788 0.0107421875 0.021929824561403508
0.0 0.7744140625 0.2222222222222222 0.009765625 0.013157894736842105
0.0 0.7890625 0.22953216374269006 0.0107421875 0.01608187134502924
0.0 0.806640625 0.2309941520467836 0.005859375 0.019005847953216373
0.0 0.787109375 0.2573099415204678 0.0068359375 0.019005847953216373
0.0 0.7509765625 0.21783625730994152 0.0087890625 0.017543859649122806
0.0 0.8056640625 0.2894736842105263 0.0107421875 0.027777777777777776
0.0 0.8173828125 0.32894736842105265 0.0166015625 0.02631578947368421
0.0 0.826171875 0.36988304093567254 0.0234375 0.04239766081871345
0.0 0.76171875 0.39035087719298245 0.0146484375 0.03216374269005848
0.0 0.908203125 0.391812865497076 0.0146484375 0.03508771929824561
0.0 0.94921875 0.3567251461988304 0.021484375 0.033625730994152045
0.0 0.833984375 0.2850877192982456 0.01171875 0.019005847953216373
0.0 0.830078125 0.23976608187134502 0.01171875 0.019005847953216373
0.0 0.8408203125 0.2309941520467836 0.0107421875 0.02046783625730994
0.0 0.90625 0.2236842105263158 0.005859375 0.014619883040935672
0.0 0.97265625 0.3260233918128655 0.0146484375 0.024853801169590642
0.0 0.96484375 0.27046783625730997 0.0146484375 0.024853801169590642
0.0 0.986328125 0.2719298245614035 0.0107421875 0.021929824561403508
0.0 0.9423828125 0.24415204678362573 0.0126953125 0.024853801169590642
0.0 0.9501953125 0.1915204678362573 0.0107421875 0.02046783625730994
0.0 0.966796875 0.19298245614035087 0.01171875 0.01608187134502924
0.0 0.9833984375 0.20175438596491227 0.009765625 0.014619883040935672
0.0 0.9794921875 0.17543859649122806 0.0087890625 0.014619883040935672
0.0 0.98828125 0.1783625730994152 0.0068359375 0.013157894736842105
0.0 0.9931640625 0.18421052631578946 0.005859375 0.011695906432748537
0.0 0.9951171875 0.15058479532163743 0.00390625 0.019005847953216373
0.0 0.9052734375 0.19444444444444445 0.01171875 0.017543859649122806
0.0 0.9033203125 0.1739766081871345 0.0107421875 0.017543859649122806
0.0 0.8818359375 0.1827485380116959 0.0087890625 0.01608187134502924
0.0 0.8740234375 0.17251461988304093 0.0087890625 0.01608187134502924
0.0 0.8935546875 0.14619883040935672 0.0087890625 0.013157894736842105
0.0 0.8818359375 0.1388888888888889 0.005859375 0.01023391812865497
0.0 0.9697265625 0.12573099415204678 0.0068359375 0.01023391812865497
0.0 0.97265625 0.11695906432748537 0.0068359375 0.01023391812865497
0.0 0.9697265625 0.11988304093567251 0.005859375 0.01023391812865497
0.0 0.9912109375 0.1067251461988304 0.0068359375 0.01023391812865497
0.0 0.0361328125 0.1871345029239766 0.005859375 0.013157894736842105
0.0 0.259765625 0.1608187134502924 0.005859375 0.011695906432748537
0.0 0.30859375 0.14181286549707603 0.005859375 0.01023391812865497
0.0 0.76171875 0.15058479532163743 0.0068359375 0.013157894736842105
0.0 0.8056640625 0.11403508771929824 0.005859375 0.007309941520467836
0.0 0.7998046875 0.1023391812865497 0.00390625 0.011695906432748537
0.0 0.7802734375 0.1111111111111111 0.00390625 0.007309941520467836
0.0 0.7978515625 0.11988304093567251 0.00390625 0.007309941520467836
0.0 0.7890625 0.10526315789473684 0.00390625 0.007309941520467836
0.0 0.7880859375 0.09064327485380116 0.0029296875 0.007309941520467836
