0.0 0.9833984375 0.28983516483516486 0.017578125 0.03021978021978022
0.0 0.951171875 0.30357142857142855 0.017578125 0.027472527472527472
0.0 0.923828125 0.30425824175824173 0.015625 0.028846153846153848
0.0 0.97607421875 0.23351648351648352 0.0087890625 0.013736263736263736
0.0 0.8876953125 0.34546703296703296 0.021484375 0.03708791208791209
0.0 0.830078125 0.3949175824175824 0.01953125 0.028846153846153848
0.0 0.8232421875 0.42857142857142855 0.025390625 0.04945054945054945
0.0 0.7666015625 0.41277472527472525 0.02734375 0.04532967032967033
0.0 0.89990234375 0.41964285714285715 0.0185546875 0.034340659340659344
0.0 0.82470703125 0.3001373626373626 0.0068359375 0.01510989010989011
0.0 0.79931640625 0.28846153846153844 0.0087890625 0.013736263736263736
0.0 0.83349609375 0.2767857142857143 0.0068359375 0.009615384615384616
0.0 0.78466796875 0.30563186813186816 0.0068359375 0.012362637362637362
0.0 0.75634765625 0.31936813186813184 0.0087890625 0.017857142857142856
0.0 0.7314453125 0.3324175824175824 0.009765625 0.013736263736263736
0.0 0.72119140625 0.3331043956043956 0.0087890625 0.01510989010989011
0.0 0.70361328125 0.41277472527472525 0.0361328125 0.05631868131868132
0.0 0.69287109375 0.3440934065934066 0.0087890625 0.01510989010989011
0.0 0.65087890625 0.4429945054945055 0.0166015625 0.028846153846153848
0.0 0.63671875 0.3873626373626374 0.017578125 0.027472527472527472
0.0 0.67236328125 0.35714285714285715 0.0107421875 0.016483516483516484
0.0 0.6787109375 0.3392857142857143 0.0078125 0.013736263736263736
0.0 0.607421875 0.40315934065934067 0.013671875 0.017857142857142856
0.0 0.58935546875 0.38873626373626374 0.0087890625 0.01098901098901099
0.0 0.640625 0.48626373626373626 0.025390625 0.038461538461538464
0.0 0.6064453125 0.44711538461538464 0.021484375 0.034340659340659344
0.0 0.59033203125 0.4423076923076923 0.0146484375 0.024725274725274724
0.0 0.541015625 0.47596153846153844 0.03125 0.050824175824175824
0.0 0.51318359375 0.49793956043956045 0.0224609375 0.034340659340659344
0.0 0.5068359375 0.44642857142857145 0.01953125 0.03296703296703297
0.0 0.47265625 0.45467032967032966 0.013671875 0.03021978021978022
0.0 0.484375 0.4519230769230769 0.009765625 0.019230769230769232
0.0 0.53759765625 0.41208791208791207 0.0166015625 0.02197802197802198
0.0 0.5478515625 0.39629120879120877 0.0078125 0.017857142857142856
0.0 0.56591796875 0.38804945054945056 0.0107421875 0.023351648351648352
0.0 0.56396484375 0.37293956043956045 0.0087890625 0.012362637362637362
0.0 0.46044921875 0.5178571428571429 0.0263671875 0.046703296703296704
0.0 0.4345703125 0.5315934065934066 0.03125 0.054945054945054944
0.0 0.42431640625 0.47115384615384615 0.0166015625 0.03296703296703297
0.0 0.39453125 0.4690934065934066 0.013671875 0.020604395604395604
0.0 0.40673828125 0.448489010989011 0.0126953125 0.023351648351648352
0.0 0.3759765625 0.44642857142857145 0.01171875 0.024725274725274724
0.0 0.38232421875 0.4848901098901099 0.0166015625 0.027472527472527472
0.0 0.38134765625 0.5467032967032966 0.0205078125 0.03571428571428571
0.0 0.3447265625 0.540521978021978 0.029296875 0.04807692307692308
0.0 0.3544921875 0.49793956043956045 0.015625 0.034340659340659344
0.0 0.3359375 0.6057692307692307 0.03125 0.04945054945054945
0.0 0.251953125 0.6394230769230769 0.025390625 0.05631868131868132
0.0 0.275390625 0.5418956043956044 0.021484375 0.03708791208791209
0.0 0.24755859375 0.5714285714285714 0.0244140625 0.046703296703296704
0.0 0.21826171875 0.5728021978021978 0.0185546875 0.03571428571428571
0.0 0.2451171875 0.5254120879120879 0.015625 0.023351648351648352
0.0 0.21240234375 0.5240384615384616 0.0166015625 0.0260989010989011
0.0 0.22998046875 0.5048076923076923 0.0126953125 0.020604395604395604
0.0 0.2744140625 0.507554945054945 0.0234375 0.03708791208791209
0.0 0.30126953125 0.4951923076923077 0.0166015625 0.028846153846153848
0.0 0.16943359375 0.5384615384615384 0.0146484375 0.02197802197802198
0.0 0.1650390625 0.5824175824175825 0.025390625 0.04120879120879121
0.0 0.150390625 0.5487637362637363 0.013671875 0.017857142857142856
0.0 0.13720703125 0.6112637362637363 0.0302734375 0.04945054945054945
0.0 0.0693359375 0.6023351648351648 0.044921875 0.0673076923076923
0.0 0.1005859375 0.5652472527472527 0.01953125 0.034340659340659344
0.0 0.08251953125 0.5542582417582418 0.0107421875 0.020604395604395604
0.0 0.126953125 0.5467032967032966 0.013671875 0.027472527472527472
0.0 0.0205078125 0.592032967032967 0.0234375 0.04395604395604396
0.0 0.00732421875 0.6160714285714286 0.0146484375 0.017857142857142856
0.0 0.28125 0.47527472527472525 0.013671875 0.019230769230769232
0.0 0.39794921875 0.4375 0.0107421875 0.017857142857142856
0.0 0.388671875 0.4423076923076923 0.0078125 0.013736263736263736
