0.0 0.873046875 0.2759146341463415 0.017578125 0.036585365853658534
0.0 0.9091796875 0.23323170731707318 0.01953125 0.05030487804878049
0.0 0.8203125 0.26371951219512196 0.0205078125 0.04420731707317073
0.0 0.6220703125 0.2423780487804878 0.0185546875 0.04573170731707317
0.0 0.6953125 0.22560975609756098 0.017578125 0.036585365853658534
0.0 0.64453125 0.21798780487804878 0.0078125 0.01524390243902439
0.0 0.7412109375 0.19664634146341464 0.0068359375 0.01676829268292683
0.0 0.53515625 0.1722560975609756 0.01171875 0.025914634146341462
0.0 0.48828125 0.25609756097560976 0.02734375 0.05945121951219512
0.0 0.41015625 0.25152439024390244 0.013671875 0.03048780487804878
0.0 0.380859375 0.19969512195121952 0.0166015625 0.038109756097560975
0.0 0.3515625 0.2027439024390244 0.009765625 0.025914634146341462
0.0 0.2861328125 0.19969512195121952 0.0107421875 0.021341463414634148
0.0 0.29296875 0.22408536585365854 0.0087890625 0.022865853658536585
0.0 0.0732421875 0.21036585365853658 0.0263671875 0.06402439024390244
0.0 0.140625 0.19359756097560976 0.01171875 0.024390243902439025
0.0 0.0625 0.18597560975609756 0.0126953125 0.027439024390243903
0.0 0.14453125 0.19969512195121952 0.0263671875 0.06402439024390244
