0.0 0.78662109375 0.21807747489239598 0.0166015625 0.03156384505021521
0.0 0.71826171875 0.2109038737446198 0.0126953125 0.02295552367288379
0.0 0.703125 0.19655667144906744 0.017578125 0.02582496413199426
0.0 0.6416015625 0.20157819225251075 0.013671875 0.024390243902439025
0.0 0.654296875 0.21018651362984217 0.013671875 0.024390243902439025
0.0 0.7734375 0.20803443328550933 0.017578125 0.03443328550932568
0.0 0.5126953125 0.4103299856527977 0.02734375 0.043041606886657105
0.0 0.53857421875 0.37302725968436157 0.0224609375 0.040172166427546625
0.0 0.58154296875 0.46269727403156385 0.0400390625 0.06743185078909612
0.0 0.54296875 0.31420373027259685 0.015625 0.02582496413199426
0.0 0.5986328125 0.2618364418938307 0.013671875 0.027259684361549498
0.0 0.4638671875 0.4031563845050215 0.025390625 0.043041606886657105
0.0 0.47216796875 0.35724533715925394 0.0224609375 0.040172166427546625
0.0 0.5283203125 0.35581061692969873 0.021484375 0.03443328550932568
0.0 0.51708984375 0.3321377331420373 0.0185546875 0.027259684361549498
0.0 0.50732421875 0.30272596843615496 0.0126953125 0.020086083213773313
0.0 0.51123046875 0.5573888091822095 0.0576171875 0.10473457675753228
0.0 0.486328125 0.4799139167862267 0.046875 0.08177905308464849
0.0 0.43701171875 0.7152080344332855 0.0986328125 0.16212338593974174
0.0 0.33984375 0.5107604017216643 0.0546875 0.0975609756097561
0.0 0.21826171875 0.5064562410329986 0.0478515625 0.08895265423242468
0.0 0.18115234375 0.6133428981348638 0.0517578125 0.09899569583931134
0.0 0.24853515625 0.7948350071736011 0.0654296875 0.0975609756097561
0.0 0.0791015625 0.12195121951219512 0.048828125 0.08895265423242468
0.0 0.20849609375 0.17718794835007173 0.0166015625 0.021520803443328552
0.0 0.18603515625 0.1054519368723099 0.0166015625 0.035868005738880916
0.0 0.03125 0.04375896700143472 0.025390625 0.04447632711621234
0.0 0.28076171875 0.4024390243902439 0.0224609375 0.04160688665710186
0.0 0.26025390625 0.35796269727403157 0.0205078125 0.03299856527977044
0.0 0.20556640625 0.40889526542324245 0.0419921875 0.07173601147776183
0.0 0.3818359375 0.3916786226685796 0.029296875 0.043041606886657105
0.0 0.31396484375 0.3400286944045911 0.0146484375 0.02582496413199426
0.0 0.94873046875 0.7553802008608321 0.0810546875 0.12195121951219512
0.0 0.943359375 0.5588235294117647 0.056640625 0.08464849354375897
0.0 0.9892578125 0.4268292682926829 0.021484375 0.03873744619799139
0.0 0.9716796875 0.37733142037302725 0.02734375 0.04591104734576758
0.0 0.84375 0.509325681492109 0.05859375 0.11190817790530846
0.0 0.5869140625 0.20229555236728838 0.015625 0.028694404591104734
0.0 0.4482421875 0.1836441893830703 0.009765625 0.020086083213773313
0.0 0.447265625 0.16642754662840745 0.01171875 0.01721664275466284
0.0 0.41796875 0.15279770444763272 0.01171875 0.018651362984218076
0.0 0.40869140625 0.1556671449067432 0.0087890625 0.015781922525107604
0.0 0.6142578125 0.3701578192252511 0.017578125 0.03156384505021521
0.0 0.2724609375 0.2919655667144907 0.013671875 0.027259684361549498
0.0 0.623046875 0.39096126255380204 0.01953125 0.03873744619799139
