0.0 0.0341796875 0.5204978038067349 0.03515625 0.0746705710102489
0.0 0.0244140625 0.609809663250366 0.03515625 0.06881405563689605
0.0 0.3447265625 0.7101024890190337 0.083984375 0.1903367496339678
0.0 0.28955078125 0.7284040995607614 0.1240234375 0.24743777452415813
0.0 0.10595703125 0.8806734992679356 0.0771484375 0.191800878477306
0.0 0.7470703125 0.7489019033674963 0.083984375 0.1478770131771596
0.0 0.43310546875 0.7130307467057101 0.0751953125 0.12884333821376281
0.0 0.61962890625 0.5058565153733529 0.0458984375 0.09224011713030747
0.0 0.83349609375 0.44363103953147875 0.0146484375 0.032210834553440704
0.0 0.85986328125 0.431185944363104 0.0126953125 0.03367496339677892
0.0 0.8115234375 0.43191800878477304 0.01171875 0.02342606149341142
0.0 0.96484375 0.6800878477306003 0.0703125 0.14202049780380674
0.0 0.8154296875 0.5029282576866764 0.0234375 0.0424597364568082
0.0 0.806640625 0.48462664714494874 0.0234375 0.040995607613469986
0.0 0.06982421875 0.7020497803806734 0.0556640625 0.08638360175695461
0.0 0.02392578125 0.7379209370424598 0.0478515625 0.1054172767203514
