0.0 0.986328125 0.4505208333333333 0.0126953125 0.037760416666666664
0.0 0.9404296875 0.4479166666666667 0.021484375 0.03515625
0.0 0.9208984375 0.46484375 0.013671875 0.018229166666666668
0.0 0.888671875 0.4440104166666667 0.0185546875 0.033854166666666664
0.0 0.8720703125 0.4895833333333333 0.017578125 0.028645833333333332
0.0 0.8525390625 0.4817708333333333 0.017578125 0.026041666666666668
0.0 0.8447265625 0.4544270833333333 0.015625 0.02734375
0.0 0.833984375 0.46484375 0.009765625 0.01953125
0.0 0.822265625 0.4700520833333333 0.005859375 0.014322916666666666
0.0 0.7939453125 0.4700520833333333 0.0146484375 0.024739583333333332
0.0 0.7451171875 0.4348958333333333 0.013671875 0.02734375
0.0 0.7255859375 0.4635416666666667 0.0087890625 0.016927083333333332
0.0 0.693359375 0.45703125 0.01171875 0.020833333333333332
0.0 0.7060546875 0.45703125 0.0126953125 0.020833333333333332
0.0 0.611328125 0.4635416666666667 0.0068359375 0.014322916666666666
0.0 0.6318359375 0.4622395833333333 0.0087890625 0.015625
0.0 0.607421875 0.4713541666666667 0.0048828125 0.010416666666666666
0.0 0.6025390625 0.4700520833333333 0.005859375 0.010416666666666666
0.0 0.59375 0.4622395833333333 0.005859375 0.013020833333333334
0.0 0.546875 0.4713541666666667 0.0068359375 0.014322916666666666
0.0 0.568359375 0.4609375 0.0048828125 0.010416666666666666
0.0 0.576171875 0.4674479166666667 0.005859375 0.010416666666666666
0.0 0.5390625 0.4635416666666667 0.005859375 0.01171875
0.0 0.5576171875 0.4752604166666667 0.005859375 0.010416666666666666
0.0 0.564453125 0.4752604166666667 0.0048828125 0.01171875
0.0 0.1396484375 0.4921875 0.013671875 0.022135416666666668
0.0 0.1318359375 0.4635416666666667 0.0126953125 0.0234375
0.0 0.107421875 0.46875 0.0126953125 0.0234375
0.0 0.08203125 0.4713541666666667 0.0146484375 0.022135416666666668
0.0 0.06640625 0.4856770833333333 0.0087890625 0.020833333333333332
0.0 0.0107421875 0.4622395833333333 0.0078125 0.018229166666666668
0.0 0.0400390625 0.4557291666666667 0.005859375 0.013020833333333334
0.0 0.0390625 0.4713541666666667 0.0068359375 0.014322916666666666
0.0 0.1201171875 0.46484375 0.0068359375 0.013020833333333334
0.0 0.140625 0.4557291666666667 0.0078125 0.014322916666666666
0.0 0.1708984375 0.4765625 0.0087890625 0.015625
0.0 0.1513671875 0.4635416666666667 0.0068359375 0.01171875
0.0 0.1630859375 0.5013020833333334 0.0068359375 0.013020833333333334
0.0 0.19921875 0.4765625 0.0068359375 0.010416666666666666
0.0 0.2080078125 0.4752604166666667 0.0068359375 0.013020833333333334
0.0 0.1826171875 0.47265625 0.0078125 0.014322916666666666
0.0 0.1904296875 0.48046875 0.0087890625 0.013020833333333334
0.0 0.1767578125 0.4739583333333333 0.0068359375 0.014322916666666666
0.0 0.259765625 0.4674479166666667 0.0068359375 0.009114583333333334
0.0 0.2802734375 0.4765625 0.005859375 0.01171875
0.0 0.2666015625 0.3098958333333333 0.0078125 0.016927083333333332
0.0 0.4833984375 0.4661458333333333 0.00390625 0.009114583333333334
0.0 0.49609375 0.4661458333333333 0.0029296875 0.009114583333333334
0.0 0.5234375 0.4596354166666667 0.005859375 0.010416666666666666
0.0 0.3974609375 0.46484375 0.0048828125 0.01171875
