0.0 0.0341796875 0.4197707736389685 0.0234375 0.03724928366762178
0.0 0.12109375 0.47564469914040114 0.013671875 0.027220630372492838
0.0 0.0966796875 0.4785100286532951 0.005859375 0.014326647564469915
0.0 0.1865234375 0.4040114613180516 0.0146484375 0.03151862464183381
0.0 0.19140625 0.4512893982808023 0.015625 0.0329512893982808
0.0 0.2431640625 0.4484240687679083 0.015625 0.025787965616045846
0.0 0.01171875 0.49426934097421205 0.005859375 0.012893982808022923
0.0 0.3818359375 0.3151862464183381 0.0185546875 0.04011461318051576
0.0 0.3388671875 0.4584527220630373 0.01171875 0.017191977077363897
0.0 0.982421875 0.4699140401146132 0.0068359375 0.012893982808022923
0.0 0.9755859375 0.4512893982808023 0.0068359375 0.01002865329512894
0.0 0.9892578125 0.4498567335243553 0.005859375 0.011461318051575931
0.0 0.369140625 0.4154727793696275 0.0126953125 0.034383954154727794
