0.0 0.98828125 0.37117903930131 0.0234375 0.08733624454148471
0.0 0.94970703125 0.3282387190684134 0.0732421875 0.10043668122270742
0.0 0.892578125 0.40975254730713245 0.107421875 0.1848617176128093
0.0 0.7470703125 0.41120815138282385 0.056640625 0.09461426491994178
0.0 0.69384765625 0.38719068413391555 0.0380859375 0.055312954876273655
0.0 0.64111328125 0.38064046579330424 0.0419921875 0.06259097525473072
0.0 0.58203125 0.4315866084425036 0.044921875 0.08879184861717612
0.0 0.60888671875 0.3675400291120815 0.0185546875 0.027656477438136828
0.0 0.521484375 0.31222707423580787 0.09765625 0.16448326055312956
0.0 0.400390625 0.3697234352256186 0.064453125 0.10771470160116449
0.0 0.34814453125 0.37190684133915575 0.0185546875 0.036390101892285295
0.0 0.326171875 0.36026200873362446 0.02734375 0.04512372634643377
0.0 0.32177734375 0.32532751091703055 0.0185546875 0.033478893740902474
0.0 0.2900390625 0.3799126637554585 0.033203125 0.049490538573508006
0.0 0.25048828125 0.3311499272197962 0.0537109375 0.08296943231441048
0.0 0.177734375 0.2540029112081514 0.083984375 0.1470160116448326
0.0 0.1279296875 0.3165938864628821 0.05859375 0.10043668122270742
0.0 0.0146484375 0.1812227074235808 0.029296875 0.23435225618631733
0.0 0.046875 0.34497816593886466 0.056640625 0.09315866084425037
