0.0 0.95703125 0.2960235640648012 0.04296875 0.14285714285714285
0.0 0.7841796875 0.28424153166421207 0.0830078125 0.13549337260677466
0.0 0.83203125 0.2106038291605302 0.0556640625 0.1134020618556701
0.0 0.9267578125 0.16936671575846834 0.0458984375 0.0780559646539028
0.0 0.822265625 0.0 0.015625 0.026509572901325478
0.0 0.6337890625 0.15169366715758467 0.0263671875 0.06921944035346098
0.0 0.634765625 0.014727540500736377 0.0244140625 0.036818851251840944
0.0 0.466796875 0.12960235640648013 0.0126953125 0.026509572901325478
0.0 0.513671875 0.18998527245949925 0.017578125 0.045655375552282766
0.0 0.4345703125 0.3019145802650957 0.0703125 0.13991163475699558
0.0 0.3095703125 0.2916053019145803 0.0966796875 0.16494845360824742
0.0 0.2470703125 0.22974963181148747 0.048828125 0.07216494845360824
0.0 0.2138671875 0.21944035346097202 0.0380859375 0.06921944035346098
0.0 0.3359375 0.12223858615611193 0.0078125 0.023564064801178203
0.0 0.31640625 0.09425625920471281 0.005859375 0.010309278350515464
0.0 0.181640625 0.19293078055964655 0.0224609375 0.044182621502209134
0.0 0.1796875 0.24594992636229748 0.025390625 0.044182621502209134
0.0 0.150390625 0.11487481590574374 0.0078125 0.01914580265095729
0.0 0.111328125 0.32106038291605304 0.0849609375 0.1723122238586156
0.0 0.0888671875 0.22533136966126657 0.0546875 0.10603829160530191
0.0 0.0 0.18851251840942562 0.02734375 0.08836524300441827
0.0 0.033203125 0.21649484536082475 0.0185546875 0.042709867452135494
0.0 0.3203125 0.8541973490427098 0.0341796875 0.08100147275405008
0.0 0.224609375 0.7908689248895434 0.0234375 0.039764359351988215
0.0 0.0751953125 0.7496318114874816 0.01953125 0.033873343151693665
