0.0 0.0458984375 0.19472913616398244 0.0302734375 0.048316251830161056
0.0 0.1328125 0.21376281112737922 0.025390625 0.04978038067349927
0.0 0.2138671875 0.2240117130307467 0.0224609375 0.04685212298682284
0.0 0.2939453125 0.17276720351390923 0.0244140625 0.048316251830161056
0.0 0.84765625 0.3206442166910688 0.017578125 0.040995607613469986
0.0 0.89453125 0.3118594436310395 0.01953125 0.043923865300146414
0.0 0.4912109375 0.6515373352855052 0.0498046875 0.048316251830161056
0.0 0.6494140625 0.7540263543191801 0.060546875 0.06442166910688141
0.0 0.1962890625 0.6090775988286969 0.0283203125 0.027818448023426062
0.0 0.8154296875 0.23718887262079064 0.025390625 0.04978038067349927
0.0 0.330078125 0.31478770131771594 0.0166015625 0.032210834553440704
