0.0 0.791015625 0.18556701030927836 0.044921875 0.10309278350515463
0.0 0.7607421875 0.13843888070692195 0.037109375 0.07363770250368189
0.0 0.724609375 0.18556701030927836 0.037109375 0.0780559646539028
0.0 0.66015625 0.13402061855670103 0.0390625 0.08247422680412371
0.0 0.568359375 0.14285714285714285 0.03515625 0.06480117820324006
0.0 0.4609375 0.15022091310751104 0.029296875 0.048600883652430045
0.0 0.4072265625 0.18114874815905743 0.0224609375 0.047128129602356406
0.0 0.322265625 0.15022091310751104 0.033203125 0.07511045655375552
0.0 0.2587890625 0.16789396170839468 0.0390625 0.06921944035346098
0.0 0.2138671875 0.1723122238586156 0.03125 0.06774668630338733
0.0 0.2041015625 0.11929307805596466 0.0205078125 0.055964653902798235
0.0 0.146484375 0.13402061855670103 0.02734375 0.07069219440353461
0.0 0.076171875 0.19440353460972018 0.0283203125 0.055964653902798235
0.0 0.291015625 0.46097201767304863 0.015625 0.029455081001472753
0.0 0.0869140625 0.10898379970544919 0.0146484375 0.030927835051546393
