0.0 0.5146484375 0.4175347222222222 0.0078125 0.019097222222222224
0.0 0.51513671875 0.4730902777777778 0.0107421875 0.026041666666666668
0.0 0.51171875 0.5225694444444444 0.009765625 0.024305555555555556
0.0 0.51953125 0.5147569444444444 0.009765625 0.029513888888888888
0.0 0.51171875 0.5572916666666666 0.01171875 0.034722222222222224
0.0 0.52392578125 0.6085069444444444 0.0126953125 0.029513888888888888
0.0 0.53076171875 0.3723958333333333 0.0048828125 0.015625
0.0 0.54248046875 0.3645833333333333 0.0048828125 0.013888888888888888
0.0 0.53955078125 0.3402777777777778 0.0048828125 0.010416666666666666
0.0 0.52294921875 0.3637152777777778 0.0048828125 0.012152777777777778
0.0 0.60302734375 0.3541666666666667 0.0048828125 0.013888888888888888
0.0 0.6328125 0.3576388888888889 0.005859375 0.013888888888888888
0.0 0.5693359375 0.3480902777777778 0.005859375 0.012152777777777778
0.0 0.57958984375 0.3532986111111111 0.0048828125 0.012152777777777778
0.0 0.5830078125 0.3498263888888889 0.00390625 0.012152777777777778
0.0 0.57763671875 0.3784722222222222 0.0048828125 0.010416666666666666
0.0 0.599609375 0.4140625 0.0078125 0.019097222222222224
0.0 0.58251953125 0.3255208333333333 0.0048828125 0.012152777777777778
0.0 0.6123046875 0.3159722222222222 0.00390625 0.010416666666666666
0.0 0.544921875 0.4887152777777778 0.0078125 0.026041666666666668
0.0 0.60400390625 0.5104166666666666 0.0087890625 0.024305555555555556
0.0 0.654296875 0.4947916666666667 0.0078125 0.020833333333333332
0.0 0.65869140625 0.6015625 0.0107421875 0.026041666666666668
0.0 0.626953125 0.5789930555555556 0.01171875 0.029513888888888888
0.0 0.59619140625 0.5677083333333334 0.0126953125 0.027777777777777776
0.0 0.544921875 0.5199652777777778 0.009765625 0.029513888888888888
0.0 0.5693359375 0.5807291666666666 0.01171875 0.03298611111111111
0.0 0.5810546875 0.6319444444444444 0.015625 0.034722222222222224
0.0 0.61083984375 0.6458333333333334 0.0146484375 0.034722222222222224
0.0 0.6318359375 0.6822916666666666 0.015625 0.03819444444444445
0.0 0.58935546875 0.7161458333333334 0.0166015625 0.043402777777777776
0.0 0.90283203125 0.5243055555555556 0.0068359375 0.020833333333333332
0.0 0.92578125 0.5677083333333334 0.009765625 0.024305555555555556
0.0 0.91748046875 0.5885416666666666 0.0146484375 0.034722222222222224
0.0 0.955078125 0.4939236111111111 0.0078125 0.015625
0.0 0.96484375 0.4895833333333333 0.0078125 0.020833333333333332
0.0 0.94873046875 0.5434027777777778 0.0107421875 0.024305555555555556
0.0 0.9423828125 0.6189236111111112 0.01171875 0.026041666666666668
0.0 0.96044921875 0.6692708333333334 0.0107421875 0.026041666666666668
0.0 0.736328125 0.6458333333333334 0.01171875 0.03125
0.0 0.73046875 0.8116319444444444 0.021484375 0.05381944444444445
0.0 0.8212890625 0.8958333333333334 0.013671875 0.034722222222222224
0.0 0.859375 0.8723958333333334 0.0234375 0.05381944444444445
0.0 0.93212890625 0.8784722222222222 0.0224609375 0.05555555555555555
0.0 0.97607421875 0.8671875 0.0205078125 0.03993055555555555
0.0 0.9912109375 0.4939236111111111 0.0078125 0.019097222222222224
0.0 0.98974609375 0.5633680555555556 0.0107421875 0.015625
0.0 0.46923828125 0.7829861111111112 0.0107421875 0.041666666666666664
0.0 0.33544921875 0.9878472222222222 0.0263671875 0.024305555555555556
0.0 0.02734375 0.2664930555555556 0.005859375 0.012152777777777778
0.0 0.01171875 0.3177083333333333 0.005859375 0.013888888888888888
0.0 0.04248046875 0.3220486111111111 0.0068359375 0.015625
0.0 0.064453125 0.3298611111111111 0.005859375 0.013888888888888888
0.0 0.0830078125 0.3480902777777778 0.005859375 0.012152777777777778
0.0 0.03662109375 0.3498263888888889 0.0068359375 0.015625
0.0 0.0439453125 0.3958333333333333 0.0078125 0.017361111111111112
0.0 0.07568359375 0.4149305555555556 0.0107421875 0.024305555555555556
0.0 0.08837890625 0.3888888888888889 0.0087890625 0.020833333333333332
0.0 0.0947265625 0.3159722222222222 0.005859375 0.013888888888888888
0.0 0.119140625 0.2899305555555556 0.005859375 0.010416666666666666
0.0 0.1103515625 0.2769097222222222 0.00390625 0.008680555555555556
0.0 0.1201171875 0.2760416666666667 0.00390625 0.010416666666666666
0.0 0.103515625 0.2769097222222222 0.00390625 0.008680555555555556
0.0 0.12158203125 0.3515625 0.0068359375 0.015625
0.0 0.10986328125 0.3498263888888889 0.0068359375 0.015625
0.0 0.1171875 0.4487847222222222 0.01171875 0.022569444444444444
0.0 0.00927734375 0.5095486111111112 0.0107421875 0.029513888888888888
0.0 0.20947265625 0.5416666666666666 0.0146484375 0.03125
0.0 0.017578125 0.7430555555555556 0.01953125 0.041666666666666664
0.0 0.02294921875 0.7977430555555556 0.0185546875 0.050347222222222224
0.0 0.203125 0.4748263888888889 0.009765625 0.019097222222222224
0.0 0.21826171875 0.4522569444444444 0.0087890625 0.015625
0.0 0.2177734375 0.40625 0.0078125 0.020833333333333332
0.0 0.20166015625 0.4253472222222222 0.0087890625 0.017361111111111112
0.0 0.1865234375 0.4010416666666667 0.0078125 0.020833333333333332
0.0 0.123046875 0.4730902777777778 0.0078125 0.026041666666666668
0.0 0.1552734375 0.3836805555555556 0.0078125 0.020833333333333332
0.0 0.24072265625 0.4522569444444444 0.0087890625 0.019097222222222224
0.0 0.24755859375 0.3854166666666667 0.0068359375 0.020833333333333332
0.0 0.240234375 0.3515625 0.005859375 0.015625
0.0 0.203125 0.3498263888888889 0.005859375 0.015625
0.0 0.18212890625 0.3559027777777778 0.0068359375 0.013888888888888888
0.0 0.1884765625 0.3229166666666667 0.00390625 0.010416666666666666
0.0 0.171875 0.3185763888888889 0.00390625 0.008680555555555556
0.0 0.166015625 0.3168402777777778 0.00390625 0.012152777777777778
0.0 0.1357421875 0.3142361111111111 0.005859375 0.013888888888888888
0.0 0.142578125 0.3098958333333333 0.005859375 0.012152777777777778
0.0 0.12890625 0.3489583333333333 0.005859375 0.017361111111111112
0.0 0.12939453125 0.3315972222222222 0.0048828125 0.010416666666666666
0.0 0.20068359375 0.2786458333333333 0.0048828125 0.012152777777777778
0.0 0.1953125 0.2803819444444444 0.00390625 0.012152777777777778
0.0 0.1904296875 0.2769097222222222 0.00390625 0.012152777777777778
0.0 0.1552734375 0.3046875 0.00390625 0.008680555555555556
0.0 0.140625 0.2751736111111111 0.00390625 0.012152777777777778
0.0 0.1494140625 0.2942708333333333 0.005859375 0.012152777777777778
0.0 0.28173828125 0.3020833333333333 0.0048828125 0.010416666666666666
0.0 0.2841796875 0.3342013888888889 0.005859375 0.012152777777777778
0.0 0.3193359375 0.3472222222222222 0.005859375 0.013888888888888888
0.0 0.27685546875 0.2708333333333333 0.0048828125 0.010416666666666666
0.0 0.33447265625 0.375 0.0048828125 0.017361111111111112
0.0 0.306640625 0.3958333333333333 0.0078125 0.017361111111111112
0.0 0.30859375 0.4618055555555556 0.009765625 0.024305555555555556
0.0 0.2880859375 0.3333333333333333 0.00390625 0.013888888888888888
0.0 0.2724609375 0.3845486111111111 0.0078125 0.019097222222222224
0.0 0.28466796875 0.3949652777777778 0.0068359375 0.019097222222222224
0.0 0.259765625 0.4157986111111111 0.0078125 0.015625
0.0 0.31396484375 0.4149305555555556 0.0087890625 0.020833333333333332
0.0 0.3408203125 0.4401041666666667 0.0078125 0.019097222222222224
0.0 0.2900390625 0.4288194444444444 0.0078125 0.017361111111111112
0.0 0.27685546875 0.4366319444444444 0.0087890625 0.022569444444444444
0.0 0.2744140625 0.4756944444444444 0.009765625 0.020833333333333332
0.0 0.26416015625 0.4956597222222222 0.0107421875 0.029513888888888888
0.0 0.25537109375 0.4774305555555556 0.0107421875 0.024305555555555556
0.0 0.3056640625 0.5755208333333334 0.013671875 0.036458333333333336
0.0 0.3623046875 0.5815972222222222 0.01171875 0.034722222222222224
0.0 0.33544921875 0.6137152777777778 0.0126953125 0.03298611111111111
0.0 0.23291015625 0.625 0.0107421875 0.03125
0.0 0.259765625 0.7369791666666666 0.01953125 0.043402777777777776
0.0 0.26025390625 0.8151041666666666 0.0224609375 0.050347222222222224
0.0 0.3955078125 0.6536458333333334 0.013671875 0.036458333333333336
0.0 0.37255859375 0.7039930555555556 0.0166015625 0.036458333333333336
0.0 0.4296875 0.7204861111111112 0.017578125 0.041666666666666664
0.0 0.41943359375 0.5555555555555556 0.0126953125 0.03125
0.0 0.3828125 0.5190972222222222 0.01171875 0.027777777777777776
0.0 0.33984375 0.5130208333333334 0.0078125 0.029513888888888888
0.0 0.3955078125 0.5052083333333334 0.0078125 0.020833333333333332
0.0 0.42333984375 0.5225694444444444 0.0126953125 0.024305555555555556
0.0 0.47119140625 0.6015625 0.0146484375 0.036458333333333336
0.0 0.4814453125 0.6163194444444444 0.015625 0.03819444444444445
0.0 0.45703125 0.4835069444444444 0.009765625 0.019097222222222224
0.0 0.44091796875 0.5147569444444444 0.0107421875 0.019097222222222224
0.0 0.4345703125 0.4131944444444444 0.0078125 0.020833333333333332
0.0 0.45458984375 0.4053819444444444 0.0068359375 0.019097222222222224
0.0 0.46240234375 0.4444444444444444 0.0068359375 0.020833333333333332
0.0 0.4951171875 0.4956597222222222 0.009765625 0.026041666666666668
0.0 0.5 0.4470486111111111 0.0078125 0.019097222222222224
0.0 0.49853515625 0.421875 0.0087890625 0.017361111111111112
0.0 0.51123046875 0.3715277777777778 0.0048828125 0.013888888888888888
0.0 0.4892578125 0.3732638888888889 0.005859375 0.013888888888888888
0.0 0.486328125 0.4010416666666667 0.005859375 0.020833333333333332
0.0 0.4267578125 0.3697916666666667 0.005859375 0.013888888888888888
0.0 0.41015625 0.3680555555555556 0.005859375 0.013888888888888888
0.0 0.40087890625 0.3602430555555556 0.0068359375 0.015625
0.0 0.44140625 0.3680555555555556 0.005859375 0.017361111111111112
0.0 0.46728515625 0.3532986111111111 0.0048828125 0.012152777777777778
0.0 0.4453125 0.3090277777777778 0.00390625 0.010416666666666666
0.0 0.4609375 0.3342013888888889 0.00390625 0.012152777777777778
0.0 0.47607421875 0.3142361111111111 0.0029296875 0.006944444444444444
0.0 0.4970703125 0.359375 0.00390625 0.010416666666666666
0.0 0.486328125 0.3038194444444444 0.00390625 0.010416666666666666
0.0 0.44091796875 0.2977430555555556 0.0048828125 0.012152777777777778
0.0 0.48486328125 0.2907986111111111 0.0029296875 0.008680555555555556
0.0 0.5166015625 0.3220486111111111 0.005859375 0.012152777777777778
0.0 0.5263671875 0.3220486111111111 0.00390625 0.008680555555555556
0.0 0.5244140625 0.3394097222222222 0.005859375 0.012152777777777778
0.0 0.51806640625 0.3993055555555556 0.0068359375 0.013888888888888888
0.0 0.62060546875 0.7725694444444444 0.0166015625 0.03819444444444445
0.0 0.67333984375 0.7213541666666666 0.0146484375 0.036458333333333336
0.0 0.498046875 0.8133680555555556 0.021484375 0.05381944444444445
0.0 0.59619140625 0.9010416666666666 0.0185546875 0.05555555555555555
0.0 0.64794921875 0.875 0.0185546875 0.052083333333333336
0.0 0.64404296875 0.9782986111111112 0.0283203125 0.043402777777777776
0.0 0.6494140625 0.3645833333333333 0.00390625 0.010416666666666666
0.0 0.671875 0.3637152777777778 0.005859375 0.015625
0.0 0.74072265625 0.4019097222222222 0.0048828125 0.012152777777777778
0.0 0.72705078125 0.40625 0.0048828125 0.017361111111111112
0.0 0.6279296875 0.4427083333333333 0.0078125 0.017361111111111112
0.0 0.6708984375 0.4470486111111111 0.005859375 0.015625
0.0 0.669921875 0.5052083333333334 0.005859375 0.017361111111111112
0.0 0.681640625 0.5251736111111112 0.009765625 0.022569444444444444
0.0 0.67529296875 0.5529513888888888 0.0107421875 0.026041666666666668
0.0 0.7001953125 0.5303819444444444 0.009765625 0.022569444444444444
0.0 0.7236328125 0.4835069444444444 0.0078125 0.022569444444444444
0.0 0.744140625 0.4765625 0.0078125 0.019097222222222224
0.0 0.7470703125 0.4991319444444444 0.005859375 0.019097222222222224
0.0 0.72265625 0.5329861111111112 0.01171875 0.03125
0.0 0.763671875 0.4809027777777778 0.009765625 0.024305555555555556
0.0 0.75390625 0.5442708333333334 0.01171875 0.022569444444444444
0.0 0.7978515625 0.5086805555555556 0.009765625 0.024305555555555556
0.0 0.7900390625 0.5321180555555556 0.01171875 0.026041666666666668
0.0 0.82666015625 0.5078125 0.0087890625 0.026041666666666668
0.0 0.82275390625 0.5538194444444444 0.0107421875 0.03125
0.0 0.8125 0.5998263888888888 0.013671875 0.029513888888888888
0.0 0.76318359375 0.5876736111111112 0.0126953125 0.029513888888888888
0.0 0.85546875 0.5928819444444444 0.015625 0.029513888888888888
0.0 0.8916015625 0.5755208333333334 0.009765625 0.026041666666666668
0.0 0.8935546875 0.5416666666666666 0.009765625 0.024305555555555556
