0.0 0.841796875 0.6279239766081871 0.01953125 0.033625730994152045
0.0 0.685546875 0.6469298245614035 0.021484375 0.033625730994152045
0.0 0.6962890625 0.6345029239766082 0.009765625 0.023391812865497075
0.0 0.642578125 0.6257309941520468 0.01171875 0.023391812865497075
0.0 0.5556640625 0.6498538011695907 0.01953125 0.033625730994152045
0.0 0.521484375 0.6491228070175439 0.009765625 0.02046783625730994
0.0 0.51123046875 0.6293859649122807 0.0068359375 0.013157894736842105
0.0 0.5029296875 0.6432748538011696 0.005859375 0.017543859649122806
0.0 0.4677734375 0.6403508771929824 0.01171875 0.02046783625730994
0.0 0.45361328125 0.6374269005847953 0.0068359375 0.014619883040935672
0.0 0.421875 0.6206140350877193 0.009765625 0.01608187134502924
0.0 0.41748046875 0.668859649122807 0.0185546875 0.033625730994152045
0.0 0.38330078125 0.6308479532163743 0.0107421875 0.021929824561403508
0.0 0.35400390625 0.6345029239766082 0.0107421875 0.02046783625730994
0.0 0.3408203125 0.6264619883040936 0.005859375 0.013157894736842105
0.0 0.32861328125 0.6264619883040936 0.0068359375 0.013157894736842105
0.0 0.2802734375 0.6366959064327485 0.017578125 0.033625730994152045
0.0 0.27197265625 0.6089181286549707 0.0107421875 0.021929824561403508
0.0 0.25537109375 0.6293859649122807 0.0087890625 0.01608187134502924
0.0 0.2392578125 0.6176900584795322 0.009765625 0.021929824561403508
0.0 0.21337890625 0.6388888888888888 0.0224609375 0.038011695906432746
0.0 0.30322265625 0.631578947368421 0.0068359375 0.014619883040935672
0.0 0.1552734375 0.6447368421052632 0.015625 0.02631578947368421
0.0 0.1435546875 0.618421052631579 0.0078125 0.014619883040935672
0.0 0.13037109375 0.6198830409356725 0.0087890625 0.017543859649122806
0.0 0.09228515625 0.5994152046783626 0.0146484375 0.02046783625730994
0.0 0.0302734375 0.6147660818713451 0.013671875 0.024853801169590642
0.0 0.0419921875 0.6235380116959064 0.009765625 0.024853801169590642
0.0 0.01220703125 0.6111111111111112 0.0087890625 0.011695906432748537
0.0 0.1123046875 0.6235380116959064 0.015625 0.024853801169590642
0.0 0.078125 0.6038011695906432 0.0078125 0.014619883040935672
