0.0 0.71435546875 0.803763440860215 0.0771484375 0.1953405017921147
0.0 0.78271484375 0.5582437275985663 0.0439453125 0.09498207885304659
0.0 0.83984375 0.5922939068100358 0.02734375 0.06630824372759857
0.0 0.86962890625 0.4551971326164875 0.0224609375 0.07168458781362007
0.0 0.76953125 0.4632616487455197 0.017578125 0.044802867383512544
0.0 0.759765625 0.4121863799283154 0.013671875 0.03225806451612903
0.0 0.6728515625 0.48476702508960573 0.02734375 0.06630824372759857
0.0 0.6826171875 0.3942652329749104 0.01171875 0.02867383512544803
0.0 0.59033203125 0.5134408602150538 0.0322265625 0.07706093189964158
0.0 0.55419921875 0.4614695340501792 0.0185546875 0.04838709677419355
0.0 0.4951171875 0.5188172043010753 0.044921875 0.10931899641577061
0.0 0.5400390625 0.4014336917562724 0.01171875 0.02867383512544803
0.0 0.57666015625 0.3709677419354839 0.0068359375 0.021505376344086023
0.0 0.58837890625 0.39695340501792115 0.0068359375 0.023297491039426525
0.0 0.35400390625 0.4390681003584229 0.0185546875 0.04659498207885305
0.0 0.33984375 0.5806451612903226 0.041015625 0.1039426523297491
0.0 0.3154296875 0.5080645161290323 0.0234375 0.06272401433691756
0.0 0.30029296875 0.4211469534050179 0.0126953125 0.02867383512544803
0.0 0.15087890625 0.6209677419354839 0.0419921875 0.0985663082437276
0.0 0.009765625 0.5017921146953405 0.01953125 0.07526881720430108
0.0 0.19775390625 0.47491039426523296 0.0166015625 0.03942652329749104
0.0 0.130859375 0.4068100358422939 0.01171875 0.03225806451612903
0.0 0.4912109375 0.43010752688172044 0.013671875 0.02867383512544803
0.0 0.07568359375 0.3835125448028674 0.0087890625 0.025089605734767026
0.0 0.82568359375 0.4229390681003584 0.0185546875 0.035842293906810034
0.0 0.4931640625 0.3682795698924731 0.009765625 0.026881720430107527
0.0 0.52294921875 0.4229390681003584 0.0146484375 0.03942652329749104
