0.0 0.0419921875 0.36700581395348836 0.013671875 0.027616279069767442
0.0 0.0068359375 0.4069767441860465 0.01171875 0.029069767441860465
0.0 0.01171875 0.47165697674418605 0.009765625 0.0188953488372093
0.0 0.03759765625 0.4622093023255814 0.0126953125 0.02616279069767442
0.0 0.00390625 0.33575581395348836 0.005859375 0.029069767441860465
0.0 0.00732421875 0.31540697674418605 0.0107421875 0.02616279069767442
0.0 0.0087890625 0.2856104651162791 0.009765625 0.027616279069767442
0.0 0.1845703125 0.3815406976744186 0.01953125 0.036337209302325583
0.0 0.1826171875 0.47238372093023256 0.02734375 0.061046511627906974
0.0 0.1171875 0.46148255813953487 0.015625 0.036337209302325583
0.0 0.09619140625 0.5 0.0224609375 0.0377906976744186
0.0 0.13623046875 0.5545058139534884 0.0263671875 0.04505813953488372
0.0 0.2138671875 0.5247093023255814 0.025390625 0.05232558139534884
0.0 0.2001953125 0.6075581395348837 0.03515625 0.05813953488372093
0.0 0.10888671875 0.5552325581395349 0.0205078125 0.040697674418604654
0.0 0.5830078125 0.3808139534883721 0.01953125 0.03488372093023256
0.0 0.0146484375 0.5079941860465116 0.015625 0.04796511627906977
0.0 0.02783203125 0.5523255813953488 0.0205078125 0.06395348837209303
0.0 0.04541015625 0.5712209302325582 0.0283203125 0.08430232558139535
0.0 0.08203125 0.6068313953488372 0.041015625 0.08866279069767442
0.0 0.01611328125 0.6082848837209303 0.0244140625 0.059593023255813955
0.0 0.0185546875 0.3742732558139535 0.013671875 0.02180232558139535
0.0 0.20458984375 0.8241279069767442 0.0244140625 0.055232558139534885
0.0 0.29443359375 0.5377906976744186 0.0244140625 0.06395348837209303
0.0 0.3291015625 0.5668604651162791 0.0390625 0.0872093023255814
0.0 0.36767578125 0.5915697674418605 0.0400390625 0.07848837209302326
0.0 0.37451171875 0.7005813953488372 0.0380859375 0.08430232558139535
0.0 0.32275390625 0.48691860465116277 0.0205078125 0.0436046511627907
0.0 0.35400390625 0.4585755813953488 0.0166015625 0.03924418604651163
0.0 0.19287109375 0.3015988372093023 0.0166015625 0.04215116279069767
0.0 0.2802734375 0.3074127906976744 0.005859375 0.01308139534883721
0.0 0.36328125 0.3015988372093023 0.005859375 0.015988372093023256
0.0 0.38330078125 0.40988372093023256 0.0146484375 0.040697674418604654
0.0 0.35498046875 0.35683139534883723 0.0107421875 0.02180232558139535
0.0 0.29052734375 0.29433139534883723 0.0107421875 0.0188953488372093
0.0 0.11572265625 0.8655523255813954 0.0556640625 0.12063953488372094
0.0 0.28564453125 0.9425872093023255 0.0751953125 0.10610465116279069
0.0 0.42822265625 0.3488372093023256 0.0126953125 0.02616279069767442
0.0 0.41015625 0.36119186046511625 0.009765625 0.024709302325581394
0.0 0.40283203125 0.38808139534883723 0.0126953125 0.029069767441860465
0.0 0.47314453125 0.36627906976744184 0.0146484375 0.029069767441860465
0.0 0.5009765625 0.3742732558139535 0.01171875 0.024709302325581394
0.0 0.47021484375 0.42005813953488375 0.0146484375 0.03197674418604651
0.0 0.50537109375 0.4258720930232558 0.0126953125 0.029069767441860465
0.0 0.43994140625 0.4120639534883721 0.0166015625 0.03343023255813953
0.0 0.4462890625 0.45058139534883723 0.013671875 0.03488372093023256
0.0 0.4306640625 0.4491279069767442 0.021484375 0.05232558139534884
0.0 0.40380859375 0.43968023255813954 0.0126953125 0.030523255813953487
0.0 0.4091796875 0.4898255813953488 0.017578125 0.0436046511627907
0.0 0.3447265625 0.27325581395348836 0.005859375 0.014534883720930232
0.0 0.41552734375 0.5530523255813954 0.0322265625 0.050872093023255814
0.0 0.45263671875 0.5632267441860465 0.0380859375 0.056686046511627904
0.0 0.513671875 0.5523255813953488 0.029296875 0.05232558139534884
0.0 0.50244140625 0.32194767441860467 0.0126953125 0.027616279069767442
0.0 0.4580078125 0.33502906976744184 0.013671875 0.030523255813953487
0.0 0.5849609375 0.3168604651162791 0.009765625 0.023255813953488372
0.0 0.6259765625 0.34084302325581395 0.01171875 0.02180232558139535
0.0 0.6513671875 0.3335755813953488 0.013671875 0.024709302325581394
0.0 0.61328125 0.311046511627907 0.009765625 0.014534883720930232
0.0 0.61474609375 0.33648255813953487 0.0087890625 0.01308139534883721
0.0 0.56396484375 0.3953488372093023 0.0146484375 0.03197674418604651
0.0 0.54345703125 0.43386627906976744 0.0166015625 0.030523255813953487
0.0 0.5234375 0.4745639534883721 0.01953125 0.03343023255813953
0.0 0.58642578125 0.4585755813953488 0.0302734375 0.056686046511627904
0.0 0.61328125 0.42078488372093026 0.015625 0.03343023255813953
0.0 0.63720703125 0.4055232558139535 0.0185546875 0.03488372093023256
0.0 0.6640625 0.40988372093023256 0.015625 0.02616279069767442
0.0 0.69384765625 0.37136627906976744 0.0166015625 0.03924418604651163
0.0 0.71240234375 0.43386627906976744 0.0224609375 0.04796511627906977
0.0 0.685546875 0.4585755813953488 0.01953125 0.03924418604651163
0.0 0.62060546875 0.5188953488372093 0.0361328125 0.06976744186046512
0.0 0.7060546875 0.498546511627907 0.025390625 0.055232558139534885
0.0 0.69677734375 0.5777616279069767 0.0224609375 0.04796511627906977
0.0 0.587890625 0.3960755813953488 0.013671875 0.027616279069767442
0.0 0.72412109375 0.32703488372093026 0.0166015625 0.029069767441860465
0.0 0.6689453125 0.3190406976744186 0.015625 0.030523255813953487
0.0 0.80615234375 0.2747093023255814 0.0107421875 0.029069767441860465
0.0 0.84375 0.4789244186046512 0.021484375 0.036337209302325583
0.0 0.826171875 0.40843023255813954 0.0078125 0.023255813953488372
0.0 0.7900390625 0.31976744186046513 0.0078125 0.01744186046511628
0.0 0.84228515625 0.563953488372093 0.0322265625 0.06395348837209303
0.0 0.90478515625 0.49055232558139533 0.0380859375 0.06540697674418605
0.0 0.87451171875 0.4629360465116279 0.0322265625 0.050872093023255814
0.0 0.9912109375 0.36627906976744184 0.015625 0.03197674418604651
0.0 0.97119140625 0.40406976744186046 0.0224609375 0.0436046511627907
0.0 0.9462890625 0.4476744186046512 0.0234375 0.040697674418604654
0.0 0.9765625 0.48473837209302323 0.029296875 0.0625
0.0 0.5712890625 0.809593023255814 0.046875 0.10174418604651163
0.0 0.70654296875 0.8495639534883721 0.0517578125 0.09738372093023256
0.0 0.97314453125 0.5559593023255814 0.0419921875 0.07122093023255814
0.0 0.9814453125 0.6620639534883721 0.033203125 0.07412790697674419
0.0 0.98828125 0.7194767441860465 0.021484375 0.09883720930232558
0.0 0.86865234375 0.8611918604651163 0.0498046875 0.1438953488372093
0.0 0.9140625 0.8284883720930233 0.056640625 0.1308139534883721
0.0 0.55517578125 0.19404069767441862 0.0087890625 0.0188953488372093
0.0 0.61669921875 0.2623546511627907 0.0068359375 0.015988372093023256
0.0 0.5712890625 0.34084302325581395 0.009765625 0.024709302325581394
0.0 0.5556640625 0.2696220930232558 0.009765625 0.03343023255813953
0.0 0.53125 0.39752906976744184 0.01171875 0.02180232558139535
0.0 0.513671875 0.3960755813953488 0.01171875 0.02180232558139535
0.0 0.60107421875 0.5385174418604651 0.0224609375 0.04215116279069767
0.0 0.36572265625 0.3859011627906977 0.0087890625 0.0188953488372093
0.0 0.3505859375 0.34593023255813954 0.01171875 0.023255813953488372
0.0 0.09814453125 0.20276162790697674 0.0087890625 0.015988372093023256
0.0 0.0888671875 0.5305232558139535 0.01171875 0.02616279069767442
0.0 0.0419921875 0.32630813953488375 0.01171875 0.027616279069767442
