0.0 0.0498046875 0.451171875 0.01171875 0.016927083333333332
0.0 0.08447265625 0.435546875 0.0107421875 0.016927083333333332
0.0 0.1279296875 0.43359375 0.021484375 0.0390625
0.0 0.1611328125 0.4251302083333333 0.02734375 0.037760416666666664
0.0 0.2314453125 0.4153645833333333 0.017578125 0.0234375
0.0 0.25732421875 0.443359375 0.0244140625 0.040364583333333336
0.0 0.2861328125 0.544921875 0.009765625 0.016927083333333332
0.0 0.3037109375 0.5540364583333334 0.009765625 0.016927083333333332
0.0 0.29248046875 0.591796875 0.0068359375 0.01171875
0.0 0.30419921875 0.59375 0.0068359375 0.010416666666666666
0.0 0.291015625 0.6432291666666666 0.005859375 0.010416666666666666
0.0 0.30078125 0.6432291666666666 0.00390625 0.0078125
0.0 0.38427734375 0.4055989583333333 0.0302734375 0.037760416666666664
0.0 0.45849609375 0.412109375 0.0107421875 0.016927083333333332
0.0 0.4775390625 0.4069010416666667 0.02734375 0.05078125
0.0 0.53857421875 0.408203125 0.0205078125 0.040364583333333336
0.0 0.60009765625 0.4329427083333333 0.0263671875 0.045572916666666664
0.0 0.63427734375 0.4446614583333333 0.0166015625 0.037760416666666664
0.0 0.66943359375 0.4322916666666667 0.0224609375 0.0390625
0.0 0.587890625 0.5546875 0.009765625 0.015625
0.0 0.59912109375 0.5533854166666666 0.0087890625 0.018229166666666668
0.0 0.5849609375 0.6106770833333334 0.01171875 0.018229166666666668
0.0 0.6025390625 0.607421875 0.01171875 0.01953125
0.0 0.580078125 0.6614583333333334 0.009765625 0.018229166666666668
0.0 0.59521484375 0.6588541666666666 0.0087890625 0.018229166666666668
0.0 0.7265625 0.4244791666666667 0.02734375 0.044270833333333336
0.0 0.7783203125 0.40234375 0.0234375 0.041666666666666664
0.0 0.8056640625 0.4225260416666667 0.029296875 0.04296875
0.0 0.8251953125 0.3203125 0.009765625 0.018229166666666668
0.0 0.8349609375 0.3333333333333333 0.0078125 0.010416666666666666
0.0 0.84326171875 0.314453125 0.0107421875 0.016927083333333332
0.0 0.86376953125 0.3255208333333333 0.0048828125 0.0078125
0.0 0.87060546875 0.3255208333333333 0.0048828125 0.0078125
0.0 0.85888671875 0.3522135416666667 0.0048828125 0.01171875
0.0 0.8671875 0.349609375 0.005859375 0.009114583333333334
0.0 0.83349609375 0.3587239583333333 0.0048828125 0.009114583333333334
0.0 0.82861328125 0.3938802083333333 0.0068359375 0.01171875
0.0 0.84912109375 0.4049479166666667 0.0048828125 0.0078125
0.0 0.85595703125 0.3990885416666667 0.0048828125 0.009114583333333334
0.0 0.8662109375 0.41015625 0.005859375 0.010416666666666666
0.0 0.98681640625 0.421875 0.0244140625 0.036458333333333336
