0.0 0.06201171875 0.18988269794721407 0.0283203125 0.0689149560117302
0.0 0.16552734375 0.22727272727272727 0.0400390625 0.06451612903225806
0.0 0.0400390625 0.25439882697947214 0.03515625 0.08064516129032258
0.0 0.1025390625 0.3555718475073314 0.046875 0.10117302052785923
0.0 0.14501953125 0.3936950146627566 0.0576171875 0.1187683284457478
0.0 0.19921875 0.4501466275659824 0.0703125 0.12316715542521994
0.0 0.1884765625 0.1532258064516129 0.029296875 0.051319648093841645
0.0 0.14013671875 0.1466275659824047 0.0244140625 0.05278592375366569
0.0 0.4169921875 0.3980938416422287 0.05859375 0.10410557184750734
0.0 0.43310546875 0.5901759530791789 0.0751953125 0.12756598240469208
0.0 0.71142578125 0.5300586510263929 0.0673828125 0.13343108504398826
0.0 0.78759765625 0.7008797653958945 0.0751953125 0.1436950146627566
0.0 0.9462890625 0.7228739002932552 0.10546875 0.1906158357771261
0.0 0.98486328125 0.40615835777126097 0.0283203125 0.093841642228739
