0.0 0.025390625 0.4510948905109489 0.0302734375 0.06423357664233577
0.0 0.076171875 0.4846715328467153 0.0283203125 0.04671532846715328
0.0 0.130859375 0.48175182481751827 0.0205078125 0.043795620437956206
0.0 0.0048828125 0.35474452554744523 0.017578125 0.027737226277372264
0.0 0.0009765625 0.327007299270073 0.0107421875 0.02335766423357664
0.0 0.1181640625 0.33284671532846716 0.015625 0.030656934306569343
0.0 0.111328125 0.3635036496350365 0.0146484375 0.024817518248175182
0.0 0.1845703125 0.37518248175182484 0.0146484375 0.027737226277372264
0.0 0.2099609375 0.38686131386861317 0.0126953125 0.030656934306569343
0.0 0.228515625 0.48613138686131385 0.0205078125 0.04525547445255475
0.0 0.21875 0.32408759124087594 0.0146484375 0.026277372262773723
0.0 0.2216796875 0.35474452554744523 0.0185546875 0.020437956204379562
0.0 0.24609375 0.3284671532846715 0.015625 0.024817518248175182
0.0 0.2705078125 0.37664233576642336 0.015625 0.024817518248175182
0.0 0.2529296875 0.48175182481751827 0.03125 0.05693430656934306
0.0 0.2822265625 0.4948905109489051 0.03125 0.052554744525547446
0.0 0.29296875 0.35912408759124087 0.0126953125 0.020437956204379562
0.0 0.2060546875 0.29781021897810217 0.0126953125 0.017518248175182483
0.0 0.2294921875 0.29781021897810217 0.0126953125 0.016058394160583942
0.0 0.30859375 0.3562043795620438 0.013671875 0.021897810218978103
0.0 0.306640625 0.3372262773722628 0.013671875 0.013138686131386862
0.0 0.34765625 0.3708029197080292 0.013671875 0.024817518248175182
0.0 0.3681640625 0.3927007299270073 0.021484375 0.026277372262773723
0.0 0.3857421875 0.38394160583941606 0.0126953125 0.030656934306569343
0.0 0.337890625 0.4583941605839416 0.0244140625 0.042335766423357665
0.0 0.4267578125 0.3854014598540146 0.0205078125 0.0364963503649635
0.0 0.423828125 0.34744525547445254 0.017578125 0.016058394160583942
0.0 0.4423828125 0.33284671532846716 0.01171875 0.027737226277372264
0.0 0.3583984375 0.31532846715328466 0.0166015625 0.027737226277372264
0.0 0.4345703125 0.30802919708029197 0.0107421875 0.021897810218978103
0.0 0.462890625 0.29781021897810217 0.013671875 0.016058394160583942
0.0 0.46484375 0.32408759124087594 0.013671875 0.027737226277372264
0.0 0.4833984375 0.31386861313868614 0.005859375 0.008759124087591242
0.0 0.525390625 0.3094890510948905 0.01171875 0.020437956204379562
0.0 0.41015625 0.4656934306569343 0.01953125 0.04671532846715328
0.0 0.4931640625 0.44379562043795623 0.013671875 0.024817518248175182
0.0 0.5458984375 0.31532846715328466 0.017578125 0.033576642335766425
0.0 0.5712890625 0.32992700729927005 0.013671875 0.02335766423357664
0.0 0.59375 0.3372262773722628 0.0146484375 0.02335766423357664
0.0 0.6044921875 0.38248175182481753 0.0126953125 0.026277372262773723
0.0 0.595703125 0.4072992700729927 0.0126953125 0.030656934306569343
0.0 0.6005859375 0.3167883211678832 0.0078125 0.016058394160583942
0.0 0.603515625 0.2948905109489051 0.0107421875 0.020437956204379562
0.0 0.736328125 0.4131386861313869 0.0224609375 0.030656934306569343
0.0 0.78125 0.3562043795620438 0.005859375 0.024817518248175182
0.0 0.8134765625 0.35912408759124087 0.009765625 0.026277372262773723
0.0 0.826171875 0.3605839416058394 0.0146484375 0.01897810218978102
0.0 0.853515625 0.3605839416058394 0.013671875 0.021897810218978103
0.0 0.8427734375 0.3372262773722628 0.0087890625 0.014598540145985401
0.0 0.9228515625 0.3605839416058394 0.01953125 0.0364963503649635
0.0 0.982421875 0.3956204379562044 0.017578125 0.032116788321167884
0.0 0.568359375 0.2072992700729927 0.0087890625 0.014598540145985401
0.0 0.8583984375 0.30656934306569344 0.0087890625 0.016058394160583942
0.0 0.751953125 0.3854014598540146 0.0126953125 0.01897810218978102
0.0 0.9287109375 0.5051094890510949 0.0185546875 0.03795620437956204
0.0 0.537109375 0.28905109489051095 0.0087890625 0.013138686131386862
0.0 0.44921875 0.4642335766423358 0.0234375 0.03795620437956204
0.0 0.001953125 0.31386861313868614 0.009765625 0.020437956204379562
0.0 0.09375 0.4043795620437956 0.015625 0.027737226277372264
0.0 0.1298828125 0.30364963503649633 0.0068359375 0.017518248175182483
0.0 0.392578125 0.3284671532846715 0.0107421875 0.020437956204379562
0.0 0.4072265625 0.2832116788321168 0.009765625 0.021897810218978103
0.0 0.78515625 0.34014598540145985 0.01171875 0.030656934306569343
0.0 0.83203125 0.3386861313868613 0.009765625 0.020437956204379562
0.0 0.9140625 0.4131386861313869 0.0126953125 0.024817518248175182
0.0 0.916015625 0.47883211678832116 0.013671875 0.030656934306569343
0.0 0.23046875 0.3445255474452555 0.01171875 0.026277372262773723
