0.0 0.1904296875 0.3487394957983193 0.01171875 0.0196078431372549
0.0 0.146484375 0.3711484593837535 0.01171875 0.0196078431372549
0.0 0.1259765625 0.3067226890756303 0.009765625 0.0196078431372549
0.0 0.0546875 0.47058823529411764 0.01171875 0.02661064425770308
0.0 0.0068359375 0.36694677871148457 0.013671875 0.025210084033613446
0.0 0.337890625 0.49299719887955185 0.0146484375 0.028011204481792718
0.0 0.4453125 0.49299719887955185 0.0107421875 0.0196078431372549
0.0 0.3505859375 0.5602240896358543 0.01171875 0.018207282913165267
0.0 0.76953125 0.484593837535014 0.01171875 0.02100840336134454
0.0 0.82421875 0.4957983193277311 0.01171875 0.0196078431372549
0.0 0.8056640625 0.47759103641456585 0.01171875 0.018207282913165267
0.0 0.9072265625 0.4957983193277311 0.01171875 0.022408963585434174
0.0 0.9443359375 0.5294117647058824 0.009765625 0.0196078431372549
0.0 0.953125 0.5854341736694678 0.009765625 0.02100840336134454
0.0 0.7744140625 0.561624649859944 0.009765625 0.02100840336134454
0.0 0.73828125 0.49299719887955185 0.0126953125 0.025210084033613446
0.0 0.8466796875 0.530812324929972 0.01171875 0.0196078431372549
0.0 0.48046875 0.542016806722689 0.0107421875 0.015406162464985995
0.0 0.4677734375 0.5546218487394958 0.0126953125 0.0196078431372549
0.0 0.4140625 0.5658263305322129 0.0107421875 0.01680672268907563
0.0 0.57421875 0.5098039215686274 0.0107421875 0.023809523809523808
0.0 0.3720703125 0.5966386554621849 0.009765625 0.018207282913165267
