0.0 0.6728515625 0.19140625 0.05078125 0.08463541666666667
0.0 0.646484375 0.22135416666666666 0.0224609375 0.036458333333333336
0.0 0.62109375 0.20182291666666666 0.0126953125 0.020833333333333332
0.0 0.568359375 0.17317708333333334 0.0185546875 0.03125
0.0 0.517578125 0.20442708333333334 0.0517578125 0.07682291666666667
0.0 0.3564453125 0.125 0.0458984375 0.07161458333333333
0.0 0.2431640625 0.19010416666666666 0.046875 0.07552083333333333
0.0 0.1083984375 0.19270833333333334 0.0556640625 0.08203125
0.0 0.0126953125 0.15234375 0.0556640625 0.11197916666666667
0.0 0.9296875 0.21744791666666666 0.01171875 0.020833333333333332
0.0 0.9677734375 0.1953125 0.0322265625 0.13151041666666666
