0.0 0.12158203125 0.36074270557029176 0.0224609375 0.03713527851458886
0.0 0.26123046875 0.356763925729443 0.0205078125 0.03978779840848806
0.0 0.20361328125 0.33819628647214856 0.0146484375 0.03183023872679045
0.0 0.30908203125 0.36538461538461536 0.0126953125 0.025198938992042442
0.0 0.2822265625 0.3163129973474801 0.009765625 0.01989389920424403
0.0 0.0810546875 0.36538461538461536 0.013671875 0.027851458885941646
0.0 0.36328125 0.3209549071618037 0.01171875 0.021220159151193633
0.0 0.384765625 0.34018567639257297 0.0078125 0.017241379310344827
0.0 0.40380859375 0.3395225464190981 0.0087890625 0.01856763925729443
0.0 0.5830078125 0.366710875331565 0.025390625 0.04111405835543767
0.0 0.6953125 0.3163129973474801 0.021484375 0.04111405835543767
0.0 0.73974609375 0.34018567639257297 0.0244140625 0.04907161803713528
0.0 0.7646484375 0.3521220159151194 0.013671875 0.025198938992042442
0.0 0.65673828125 0.3156498673740053 0.0126953125 0.021220159151193633
0.0 0.6162109375 0.34681697612732093 0.013671875 0.025198938992042442
0.0 0.76806640625 0.3375331564986737 0.0126953125 0.025198938992042442
