0.0 0.603515625 0.9288194444444444 0.05859375 0.07118055555555555
0.0 0.4638671875 0.9496527777777778 0.0693359375 0.050347222222222224
0.0 0.400390625 0.9496527777777778 0.05859375 0.050347222222222224
0.0 0.5849609375 0.7986111111111112 0.044921875 0.07465277777777778
0.0 0.673828125 0.7690972222222222 0.044921875 0.09027777777777778
0.0 0.759765625 0.7847222222222222 0.0400390625 0.078125
0.0 0.4736328125 0.6579861111111112 0.0390625 0.0763888888888889
0.0 0.396484375 0.6336805555555556 0.033203125 0.06597222222222222
0.0 0.3681640625 0.859375 0.05859375 0.1232638888888889
0.0 0.4677734375 0.8663194444444444 0.044921875 0.057291666666666664
0.0 0.330078125 0.8611111111111112 0.0615234375 0.1111111111111111
0.0 0.23046875 0.9513888888888888 0.0703125 0.04861111111111111
0.0 0.1005859375 0.8211805555555556 0.0498046875 0.10416666666666667
0.0 0.310546875 0.5850694444444444 0.033203125 0.0625
0.0 0.9541015625 0.4913194444444444 0.025390625 0.057291666666666664
0.0 0.8701171875 0.5173611111111112 0.0234375 0.04513888888888889
0.0 0.7705078125 0.640625 0.03125 0.059027777777777776
0.0 0.791015625 0.6111111111111112 0.029296875 0.057291666666666664
0.0 0.279296875 0.5277777777777778 0.0234375 0.046875
0.0 0.125 0.6302083333333334 0.0234375 0.04513888888888889
0.0 0.203125 0.6614583333333334 0.03125 0.0625
0.0 0.177734375 0.5347222222222222 0.0244140625 0.046875
0.0 0.2294921875 0.5538194444444444 0.025390625 0.05381944444444445
0.0 0.1533203125 0.6927083333333334 0.0302734375 0.06597222222222222
0.0 0.021484375 0.5972222222222222 0.0263671875 0.06944444444444445
0.0 0.0419921875 0.5347222222222222 0.0205078125 0.04513888888888889
0.0 0.0791015625 0.5920138888888888 0.0244140625 0.05381944444444445
0.0 0.1533203125 0.6041666666666666 0.025390625 0.050347222222222224
0.0 0.4111328125 0.5798611111111112 0.0322265625 0.059027777777777776
0.0 0.6005859375 0.4184027777777778 0.0224609375 0.04513888888888889
0.0 0.8974609375 0.5434027777777778 0.0244140625 0.046875
0.0 0.9775390625 0.4444444444444444 0.0224609375 0.050347222222222224
0.0 0.2646484375 0.53125 0.0224609375 0.052083333333333336
0.0 0.9296875 0.8993055555555556 0.052734375 0.10069444444444445
0.0 0.841796875 0.921875 0.046875 0.078125
0.0 0.8154296875 0.7361111111111112 0.0361328125 0.08854166666666667
0.0 0.962890625 0.6597222222222222 0.033203125 0.0625
0.0 0.9619140625 0.5659722222222222 0.029296875 0.059027777777777776
