0.0 0.6875 0.2916666666666667 0.0078125 0.013020833333333334
0.0 0.66064453125 0.2897135416666667 0.0068359375 0.009114583333333334
0.0 0.63427734375 0.2903645833333333 0.0068359375 0.013020833333333334
0.0 0.61376953125 0.2903645833333333 0.0048828125 0.010416666666666666
0.0 0.59228515625 0.2936197916666667 0.0087890625 0.01171875
0.0 0.57275390625 0.2923177083333333 0.0068359375 0.009114583333333334
0.0 0.54443359375 0.2877604166666667 0.0068359375 0.010416666666666666
0.0 0.5224609375 0.2955729166666667 0.0078125 0.013020833333333334
0.0 0.5 0.2890625 0.005859375 0.010416666666666666
0.0 0.47900390625 0.287109375 0.0068359375 0.009114583333333334
0.0 0.4560546875 0.2916666666666667 0.005859375 0.010416666666666666
0.0 0.43505859375 0.2936197916666667 0.0068359375 0.01171875
0.0 0.50927734375 0.21158854166666666 0.0419921875 0.06380208333333333
0.0 0.88427734375 0.6966145833333334 0.0419921875 0.07552083333333333
0.0 0.12890625 0.388671875 0.0078125 0.016927083333333332
0.0 0.1533203125 0.3587239583333333 0.009765625 0.016927083333333332
0.0 0.0234375 0.384765625 0.01171875 0.022135416666666668
0.0 0.03515625 0.3326822916666667 0.0078125 0.016927083333333332
0.0 0.158203125 0.26171875 0.0078125 0.015625
0.0 0.15380859375 0.306640625 0.0068359375 0.01171875
0.0 0.1416015625 0.3033854166666667 0.005859375 0.010416666666666666
0.0 0.1337890625 0.3059895833333333 0.005859375 0.013020833333333334
0.0 0.18408203125 0.3190104166666667 0.0068359375 0.013020833333333334
0.0 0.1689453125 0.3196614583333333 0.005859375 0.01171875
0.0 0.03662109375 0.2858072916666667 0.0087890625 0.014322916666666666
0.0 0.0322265625 0.2623697916666667 0.0078125 0.014322916666666666
0.0 0.05517578125 0.2610677083333333 0.0068359375 0.01171875
0.0 0.07373046875 0.267578125 0.0068359375 0.01171875
0.0 0.08203125 0.24153645833333334 0.005859375 0.01171875
0.0 0.1064453125 0.22981770833333334 0.005859375 0.009114583333333334
0.0 0.11279296875 0.2682291666666667 0.0068359375 0.013020833333333334
0.0 0.015625 0.21809895833333334 0.005859375 0.01171875
0.0 0.0361328125 0.23828125 0.0078125 0.010416666666666666
0.0 0.0068359375 0.2630208333333333 0.0078125 0.013020833333333334
0.0 0.94140625 0.322265625 0.0078125 0.01171875
0.0 0.96630859375 0.310546875 0.0068359375 0.01171875
0.0 0.919921875 0.3248697916666667 0.005859375 0.009114583333333334
0.0 0.921875 0.3072916666666667 0.005859375 0.0078125
0.0 0.93994140625 0.306640625 0.0068359375 0.01171875
0.0 0.890625 0.318359375 0.005859375 0.009114583333333334
0.0 0.87841796875 0.314453125 0.0068359375 0.009114583333333334
0.0 0.947265625 0.2688802083333333 0.0078125 0.014322916666666666
0.0 0.908203125 0.2630208333333333 0.005859375 0.010416666666666666
0.0 0.25341796875 0.466796875 0.0068359375 0.01953125
0.0 0.875 0.55859375 0.017578125 0.044270833333333336
0.0 0.96630859375 0.5266927083333334 0.0126953125 0.03515625
0.0 0.8955078125 0.4518229166666667 0.009765625 0.018229166666666668
0.0 0.05810546875 0.24609375 0.0048828125 0.013020833333333334
0.0 0.0634765625 0.24348958333333334 0.005859375 0.013020833333333334
0.0 0.01318359375 0.2942708333333333 0.0107421875 0.018229166666666668
