0.0 0.9326171875 0.24645390070921985 0.017578125 0.03546099290780142
0.0 0.919921875 0.24645390070921985 0.0126953125 0.02304964539007092
0.0 0.873046875 0.2712765957446808 0.015625 0.03368794326241135
0.0 0.84375 0.13297872340425532 0.0107421875 0.028368794326241134
0.0 0.8515625 0.3829787234042553 0.03515625 0.06382978723404255
0.0 0.6962890625 0.0975177304964539 0.015625 0.031914893617021274
0.0 0.62890625 0.0726950354609929 0.0146484375 0.030141843971631204
0.0 0.5712890625 0.10815602836879433 0.015625 0.031914893617021274
0.0 0.662109375 0.3280141843971631 0.1171875 0.3067375886524823
0.0 0.587890625 0.38652482269503546 0.05078125 0.10460992907801418
0.0 0.53125 0.37056737588652483 0.013671875 0.03900709219858156
0.0 0.484375 0.40602836879432624 0.0224609375 0.06560283687943262
0.0 0.3330078125 0.2375886524822695 0.076171875 0.16843971631205673
0.0 0.3115234375 0.36524822695035464 0.0322265625 0.06028368794326241
0.0 0.26171875 0.39361702127659576 0.037109375 0.09397163120567376
0.0 0.0888671875 0.3333333333333333 0.060546875 0.11702127659574468
0.0 0.51953125 0.13297872340425532 0.0146484375 0.024822695035460994
