0.0 0.10546875 0.4503311258278146 0.017578125 0.052980132450331126
0.0 0.1044921875 0.32671081677704195 0.0166015625 0.039735099337748346
0.0 0.123046875 0.3708609271523179 0.0166015625 0.04415011037527594
0.0 0.1591796875 0.4878587196467991 0.017578125 0.04856512141280353
0.0 0.158203125 0.3355408388520971 0.015625 0.039735099337748346
0.0 0.2041015625 0.46799116997792495 0.021484375 0.052980132450331126
0.0 0.298828125 0.3841059602649007 0.015625 0.046357615894039736
0.0 0.3251953125 0.47902869757174393 0.017578125 0.05077262693156733
0.0 0.3232421875 0.32450331125827814 0.013671875 0.04415011037527594
0.0 0.4111328125 0.34216335540838855 0.013671875 0.04415011037527594
0.0 0.4140625 0.38631346578366443 0.015625 0.04856512141280353
0.0 0.48046875 0.36423841059602646 0.015625 0.04415011037527594
0.0 0.5615234375 0.4900662251655629 0.0146484375 0.05077262693156733
0.0 0.5947265625 0.3708609271523179 0.0146484375 0.046357615894039736
0.0 0.6171875 0.46578366445916114 0.017578125 0.05518763796909492
0.0 0.6611328125 0.33995584988962474 0.0126953125 0.037527593818984545
0.0 0.6533203125 0.39514348785871967 0.0146484375 0.04856512141280353
0.0 0.7275390625 0.32891832229580575 0.013671875 0.04415011037527594
0.0 0.7958984375 0.33774834437086093 0.015625 0.04415011037527594
0.0 0.8564453125 0.4746136865342163 0.015625 0.046357615894039736
0.0 0.8251953125 0.3509933774834437 0.009765625 0.03532008830022075
0.0 0.8505859375 0.31567328918322296 0.0146484375 0.037527593818984545
0.0 0.89453125 0.4304635761589404 0.017578125 0.05077262693156733
0.0 0.8837890625 0.3995584988962472 0.0146484375 0.04194260485651214
0.0 0.935546875 0.37748344370860926 0.015625 0.04415011037527594
