0.0 0.93798828125 0.34984984984984985 0.0361328125 0.06006006006006006
0.0 0.90966796875 0.28603603603603606 0.0166015625 0.028528528528528527
0.0 0.84814453125 0.45045045045045046 0.0439453125 0.07207207207207207
0.0 0.91796875 0.2695195195195195 0.009765625 0.02252252252252252
0.0 0.8154296875 0.7462462462462462 0.06640625 0.27627627627627627
0.0 0.99462890625 0.25075075075075076 0.0087890625 0.03003003003003003
0.0 0.9599609375 0.26876876876876876 0.01171875 0.018018018018018018
0.0 0.84375 0.268018018018018 0.01171875 0.02252252252252252
0.0 0.87548828125 0.2575075075075075 0.0107421875 0.02252252252252252
0.0 0.8369140625 0.27402402402402404 0.009765625 0.01951951951951952
0.0 0.8271484375 0.262012012012012 0.005859375 0.016516516516516516
0.0 0.9140625 0.24174174174174173 0.00390625 0.006006006006006006
0.0 0.81591796875 0.3408408408408408 0.0244140625 0.04504504504504504
0.0 0.81787109375 0.28903903903903905 0.0126953125 0.016516516516516516
0.0 0.8251953125 0.2777777777777778 0.009765625 0.018018018018018018
0.0 0.74853515625 0.44144144144144143 0.0263671875 0.057057057057057055
0.0 0.66650390625 0.37237237237237236 0.0322265625 0.06606606606606606
0.0 0.6826171875 0.36036036036036034 0.01171875 0.04504504504504504
0.0 0.6123046875 0.3506006006006006 0.017578125 0.046546546546546545
0.0 0.6982421875 0.5022522522522522 0.037109375 0.07357357357357357
0.0 0.59228515625 0.4722222222222222 0.0341796875 0.06456456456456457
0.0 0.5 0.56006006006006 0.072265625 0.12012012012012012
0.0 0.28857421875 0.5217717717717718 0.0400390625 0.07057057057057058
0.0 0.14013671875 0.48348348348348347 0.0458984375 0.08108108108108109
0.0 0.22509765625 0.7792792792792793 0.0576171875 0.32732732732732733
0.0 0.052734375 0.5728228228228228 0.05078125 0.08558558558558559
0.0 0.75 0.2777777777777778 0.009765625 0.02702702702702703
0.0 0.7197265625 0.26651651651651653 0.0078125 0.013513513513513514
0.0 0.69970703125 0.23573573573573572 0.0068359375 0.012012012012012012
0.0 0.68798828125 0.24549549549549549 0.0068359375 0.013513513513513514
0.0 0.7392578125 0.25225225225225223 0.005859375 0.012012012012012012
0.0 0.759765625 0.240990990990991 0.00390625 0.0075075075075075074
0.0 0.7626953125 0.27702702702702703 0.005859375 0.016516516516516516
0.0 0.73974609375 0.22822822822822822 0.0068359375 0.012012012012012012
0.0 0.64013671875 0.2725225225225225 0.0126953125 0.02252252252252252
0.0 0.6513671875 0.2725225225225225 0.009765625 0.01951951951951952
0.0 0.6552734375 0.2905405405405405 0.0078125 0.013513513513513514
0.0 0.6669921875 0.2424924924924925 0.005859375 0.010510510510510511
0.0 0.66015625 0.26426426426426425 0.0078125 0.012012012012012012
0.0 0.63134765625 0.23573573573573572 0.0087890625 0.015015015015015015
0.0 0.61474609375 0.240990990990991 0.0068359375 0.013513513513513514
0.0 0.62109375 0.27702702702702703 0.0078125 0.013513513513513514
0.0 0.6533203125 0.234984984984985 0.0078125 0.013513513513513514
0.0 0.607421875 0.246996996996997 0.0078125 0.013513513513513514
0.0 0.59521484375 0.23273273273273273 0.0068359375 0.012012012012012012
0.0 0.60791015625 0.23123123123123124 0.0048828125 0.009009009009009009
0.0 0.6279296875 0.2222222222222222 0.005859375 0.009009009009009009
0.0 0.57958984375 0.28378378378378377 0.0087890625 0.021021021021021023
0.0 0.58984375 0.24924924924924924 0.005859375 0.012012012012012012
0.0 0.568359375 0.23723723723723725 0.005859375 0.012012012012012012
0.0 0.5439453125 0.27102102102102105 0.009765625 0.02252252252252252
0.0 0.53955078125 0.23948948948948948 0.0087890625 0.016516516516516516
0.0 0.55712890625 0.24774774774774774 0.0068359375 0.012012012012012012
0.0 0.5439453125 0.22447447447447447 0.005859375 0.010510510510510511
0.0 0.55126953125 0.23123123123123124 0.0048828125 0.009009009009009009
0.0 0.57470703125 0.2334834834834835 0.0068359375 0.010510510510510511
0.0 0.49853515625 0.2515015015015015 0.0068359375 0.013513513513513514
0.0 0.48681640625 0.2852852852852853 0.0126953125 0.021021021021021023
0.0 0.47314453125 0.2852852852852853 0.0087890625 0.018018018018018018
0.0 0.47607421875 0.25075075075075076 0.0048828125 0.015015015015015015
0.0 0.47412109375 0.240990990990991 0.0068359375 0.013513513513513514
0.0 0.48583984375 0.24024024024024024 0.0048828125 0.009009009009009009
0.0 0.494140625 0.23423423423423423 0.005859375 0.012012012012012012
0.0 0.49951171875 0.23648648648648649 0.0048828125 0.010510510510510511
0.0 0.4609375 0.23273273273273273 0.005859375 0.012012012012012012
0.0 0.45947265625 0.29504504504504503 0.0107421875 0.02252252252252252
0.0 0.44921875 0.26876876876876876 0.009765625 0.021021021021021023
0.0 0.455078125 0.24474474474474475 0.005859375 0.012012012012012012
0.0 0.44580078125 0.246996996996997 0.0048828125 0.010510510510510511
0.0 0.435546875 0.24324324324324326 0.0078125 0.015015015015015015
0.0 0.44775390625 0.23048048048048048 0.0068359375 0.013513513513513514
0.0 0.4033203125 0.27927927927927926 0.01171875 0.021021021021021023
0.0 0.4111328125 0.23798798798798798 0.005859375 0.010510510510510511
0.0 0.42236328125 0.23048048048048048 0.0048828125 0.010510510510510511
0.0 0.39990234375 0.24924924924924924 0.0068359375 0.012012012012012012
0.0 0.3857421875 0.23273273273273273 0.005859375 0.012012012012012012
0.0 0.3818359375 0.27102102102102105 0.0078125 0.016516516516516516
0.0 0.37744140625 0.2695195195195195 0.0068359375 0.013513513513513514
0.0 0.36669921875 0.29654654654654655 0.0087890625 0.01951951951951952
0.0 0.37060546875 0.24024024024024024 0.0068359375 0.012012012012012012
0.0 0.3330078125 0.27852852852852855 0.009765625 0.02252252252252252
0.0 0.31689453125 0.25 0.0068359375 0.013513513513513514
0.0 0.333984375 0.25675675675675674 0.005859375 0.012012012012012012
0.0 0.2978515625 0.3048048048048048 0.0078125 0.018018018018018018
0.0 0.29248046875 0.27852852852852855 0.0068359375 0.016516516516516516
0.0 0.2958984375 0.2552552552552553 0.005859375 0.012012012012012012
0.0 0.30078125 0.24324324324324326 0.0078125 0.012012012012012012
0.0 0.3134765625 0.2807807807807808 0.0078125 0.018018018018018018
0.0 0.26123046875 0.243993993993994 0.0068359375 0.013513513513513514
0.0 0.27587890625 0.25900900900900903 0.0068359375 0.013513513513513514
0.0 0.2900390625 0.253003003003003 0.005859375 0.013513513513513514
0.0 0.23828125 0.27927927927927926 0.005859375 0.015015015015015015
0.0 0.2314453125 0.26126126126126126 0.0078125 0.015015015015015015
0.0 0.1943359375 0.26126126126126126 0.005859375 0.012012012012012012
0.0 0.21240234375 0.2635135135135135 0.0087890625 0.013513513513513514
0.0 0.16455078125 0.256006006006006 0.0068359375 0.013513513513513514
0.0 0.1533203125 0.29654654654654655 0.01171875 0.02252252252252252
0.0 0.20654296875 0.30405405405405406 0.0107421875 0.016516516516516516
0.0 0.17919921875 0.28003003003003 0.0068359375 0.010510510510510511
0.0 0.13232421875 0.25975975975975973 0.0068359375 0.012012012012012012
0.0 0.1123046875 0.262012012012012 0.0078125 0.013513513513513514
0.0 0.09423828125 0.27627627627627627 0.0087890625 0.015015015015015015
0.0 0.09326171875 0.25675675675675674 0.0068359375 0.012012012012012012
0.0 0.09912109375 0.3055555555555556 0.0107421875 0.01951951951951952
0.0 0.669921875 0.22972972972972974 0.00390625 0.009009009009009009
0.0 0.67822265625 0.23873873873873874 0.0048828125 0.009009009009009009
0.0 0.68359375 0.23198198198198197 0.005859375 0.0075075075075075074
0.0 0.6875 0.22897897897897898 0.005859375 0.010510510510510511
0.0 0.708984375 0.23423423423423423 0.005859375 0.012012012012012012
0.0 0.7158203125 0.23798798798798798 0.005859375 0.013513513513513514
0.0 0.69873046875 0.26651651651651653 0.0068359375 0.01951951951951952
0.0 0.80615234375 0.24924924924924924 0.0068359375 0.012012012012012012
0.0 0.79541015625 0.246996996996997 0.0068359375 0.010510510510510511
0.0 0.81884765625 0.23273273273273273 0.0029296875 0.006006006006006006
0.0 0.7861328125 0.23648648648648649 0.005859375 0.010510510510510511
0.0 0.8623046875 0.24024024024024024 0.005859375 0.009009009009009009
0.0 0.83642578125 0.22972972972972974 0.0048828125 0.009009009009009009
0.0 0.8408203125 0.22447447447447447 0.00390625 0.0075075075075075074
