0.0 0.0654296875 0.2785923753665689 0.0185546875 0.03519061583577713
0.0 0.130859375 0.25513196480938416 0.0126953125 0.020527859237536656
0.0 0.2197265625 0.29472140762463345 0.017578125 0.024926686217008796
0.0 0.216796875 0.24926686217008798 0.0126953125 0.020527859237536656
0.0 0.197265625 0.2375366568914956 0.0068359375 0.013196480938416423
0.0 0.228515625 0.22727272727272727 0.0078125 0.010263929618768328
0.0 0.26171875 0.24780058651026393 0.009765625 0.017595307917888565
0.0 0.314453125 0.27126099706744866 0.01171875 0.017595307917888565
0.0 0.30078125 0.3064516129032258 0.01953125 0.030791788856304986
0.0 0.3046875 0.3387096774193548 0.029296875 0.04985337243401759
0.0 0.275390625 0.41642228739002934 0.044921875 0.08651026392961877
0.0 0.1064453125 0.3724340175953079 0.0419921875 0.06158357771260997
0.0 0.0 0.34017595307917886 0.02734375 0.06304985337243402
0.0 0.0 0.4046920821114369 0.05859375 0.11436950146627566
0.0 0.3642578125 0.2903225806451613 0.0146484375 0.026392961876832845
0.0 0.37890625 0.26832844574780057 0.0107421875 0.017595307917888565
0.0 0.3564453125 0.26099706744868034 0.009765625 0.016129032258064516
0.0 0.4072265625 0.2961876832844575 0.0185546875 0.03519061583577713
0.0 0.4296875 0.27712609970674484 0.0126953125 0.024926686217008796
0.0 0.4208984375 0.27419354838709675 0.0078125 0.013196480938416423
0.0 0.4208984375 0.24926686217008798 0.005859375 0.010263929618768328
0.0 0.453125 0.2697947214076246 0.01171875 0.02346041055718475
0.0 0.474609375 0.2697947214076246 0.0068359375 0.013196480938416423
0.0 0.484375 0.2697947214076246 0.0126953125 0.02346041055718475
0.0 0.50390625 0.28885630498533726 0.013671875 0.02346041055718475
0.0 0.5205078125 0.2829912023460411 0.013671875 0.024926686217008796
0.0 0.5498046875 0.23460410557184752 0.0087890625 0.013196480938416423
0.0 0.5107421875 0.3064516129032258 0.01953125 0.03812316715542522
0.0 0.4990234375 0.3621700879765396 0.033203125 0.06304985337243402
0.0 0.4423828125 0.3357771260997067 0.0302734375 0.05278592375366569
0.0 0.328125 0.3885630498533724 0.0341796875 0.06744868035190615
0.0 0.1767578125 0.5762463343108505 0.083984375 0.12463343108504399
0.0 0.548828125 0.3944281524926686 0.021484375 0.04252199413489736
0.0 0.5625 0.3064516129032258 0.015625 0.03372434017595308
0.0 0.607421875 0.26832844574780057 0.01171875 0.02346041055718475
0.0 0.6279296875 0.3152492668621701 0.017578125 0.02932551319648094
0.0 0.6611328125 0.28885630498533726 0.0126953125 0.021994134897360705
0.0 0.650390625 0.2756598240469208 0.0068359375 0.01466275659824047
0.0 0.6748046875 0.27126099706744866 0.0107421875 0.020527859237536656
0.0 0.669921875 0.32111436950146627 0.0263671875 0.051319648093841645
0.0 0.7177734375 0.2829912023460411 0.017578125 0.03372434017595308
0.0 0.6904296875 0.2595307917888563 0.005859375 0.01466275659824047
0.0 0.6943359375 0.2756598240469208 0.0107421875 0.016129032258064516
0.0 0.7890625 0.28005865102639294 0.015625 0.026392961876832845
0.0 0.7744140625 0.24780058651026393 0.0068359375 0.011730205278592375
0.0 0.7744140625 0.2653958944281525 0.0068359375 0.01466275659824047
0.0 0.7861328125 0.26392961876832843 0.0078125 0.01466275659824047
0.0 0.83984375 0.27126099706744866 0.0107421875 0.017595307917888565
0.0 0.8564453125 0.26832844574780057 0.0087890625 0.017595307917888565
0.0 0.78515625 0.3093841642228739 0.02734375 0.05278592375366569
0.0 0.806640625 0.3152492668621701 0.0205078125 0.03812316715542522
0.0 0.884765625 0.32991202346041054 0.0322265625 0.05278592375366569
0.0 0.900390625 0.30498533724340177 0.0234375 0.036656891495601175
0.0 0.6806640625 0.40175953079178883 0.0673828125 0.09970674486803519
0.0 0.8525390625 0.4413489736070381 0.052734375 0.10997067448680352
0.0 0.0 0.2961876832844575 0.0126953125 0.039589442815249266
0.0 0.1962890625 0.34750733137829914 0.0224609375 0.04838709677419355
