0.0 0.25439453125 0.49267935578330896 0.0302734375 0.0746705710102489
0.0 0.21728515625 0.4612005856515373 0.0283203125 0.0527086383601757
0.0 0.15478515625 0.4780380673499268 0.0439453125 0.08345534407027819
0.0 0.18798828125 0.37701317715959004 0.0263671875 0.05710102489019034
0.0 0.06201171875 0.4472913616398243 0.0458984375 0.08931185944363104
0.0 0.1123046875 0.4158125915080527 0.01953125 0.032210834553440704
0.0 0.01806640625 0.34260614934114203 0.0322265625 0.06149341142020498
0.0 0.40283203125 0.44216691068814057 0.0224609375 0.03806734992679356
0.0 0.4189453125 0.5021961932650073 0.029296875 0.05856515373352855
0.0 0.49365234375 0.49633967789165445 0.0478515625 0.07613469985358712
0.0 0.65185546875 0.48462664714494874 0.0283203125 0.0527086383601757
0.0 0.7373046875 0.46925329428989754 0.025390625 0.05710102489019034
0.0 0.75439453125 0.4084919472913616 0.0146484375 0.02635431918008785
0.0 0.8095703125 0.40922401171303074 0.08203125 0.14494875549048317
0.0 0.9443359375 0.4787701317715959 0.052734375 0.1054172767203514
0.0 0.10791015625 0.9546120058565154 0.0244140625 0.0527086383601757
0.0 0.35302734375 0.9443631039531479 0.0205078125 0.032210834553440704
0.0 0.21337890625 0.9297218155197657 0.0283203125 0.0527086383601757
0.0 0.5888671875 0.5234260614934114 0.0234375 0.05124450951683748
