0.0 0.94384765625 0.7854609929078015 0.0302734375 0.07092198581560284
0.0 0.63330078125 0.6161347517730497 0.0283203125 0.06914893617021277
0.0 0.67626953125 0.5372340425531915 0.0205078125 0.06382978723404255
0.0 0.5458984375 0.4946808510638298 0.033203125 0.0673758865248227
0.0 0.60546875 0.525709219858156 0.025390625 0.07624113475177305
0.0 0.6513671875 0.4450354609929078 0.021484375 0.05319148936170213
0.0 0.677734375 0.5150709219858156 0.025390625 0.05851063829787234
0.0 0.16650390625 0.7712765957446809 0.0458984375 0.09574468085106383
0.0 0.076171875 0.6719858156028369 0.037109375 0.07801418439716312
0.0 0.138671875 0.6604609929078015 0.04296875 0.09042553191489362
0.0 0.22265625 0.625 0.03515625 0.0975177304964539
0.0 0.22509765625 0.5585106382978723 0.0283203125 0.07446808510638298
0.0 0.21875 0.4299645390070922 0.025390625 0.06205673758865248
0.0 0.12548828125 0.40070921985815605 0.0244140625 0.07446808510638298
0.0 0.0810546875 0.3882978723404255 0.01953125 0.04964539007092199
0.0 0.9677734375 0.4308510638297872 0.029296875 0.06028368794326241
0.0 0.8251953125 0.2907801418439716 0.029296875 0.06382978723404255
0.0 0.546875 0.3076241134751773 0.025390625 0.051418439716312055
0.0 0.24609375 0.3191489361702128 0.01953125 0.0425531914893617
