0.0 0.1142578125 0.5801470588235295 0.189453125 0.31029411764705883
0.0 0.376953125 0.5426470588235294 0.09765625 0.19411764705882353
0.0 0.71923828125 0.3411764705882353 0.0166015625 0.026470588235294117
0.0 0.65185546875 0.3875 0.0146484375 0.025
0.0 0.736328125 0.5286764705882353 0.087890625 0.1661764705882353
0.0 0.9111328125 0.39705882352941174 0.025390625 0.058823529411764705
0.0 0.82470703125 0.46176470588235297 0.0556640625 0.09411764705882353
0.0 0.93212890625 0.39044117647058824 0.0126953125 0.022058823529411766
0.0 0.890625 0.41323529411764703 0.015625 0.023529411764705882
0.0 0.21630859375 0.4485294117647059 0.0341796875 0.07647058823529412
0.0 0.82177734375 0.3683823529411765 0.0185546875 0.03676470588235294
