0.0 0.03125 0.422103861517976 0.005859375 0.007989347536617843
0.0 0.15625 0.3881491344873502 0.01171875 0.022636484687083888
0.0 0.22607421875 0.3801597869507324 0.0146484375 0.02529960053262317
0.0 0.30712890625 0.3841544607190413 0.0107421875 0.014647137150466045
0.0 0.02197265625 0.5645805592543276 0.0361328125 0.06125166444740346
0.0 0.052734375 0.5459387483355526 0.021484375 0.03462050599201065
0.0 0.22900390625 0.5153129161118508 0.0244140625 0.037283621837549935
0.0 0.30126953125 0.5126498002663116 0.0244140625 0.03462050599201065
0.0 0.2041015625 0.5399467376830892 0.02734375 0.0492676431424767
0.0 0.20263671875 0.6125166444740346 0.0478515625 0.07190412782956059
0.0 0.349609375 0.551930758988016 0.0390625 0.0758988015978695
0.0 0.380859375 0.5126498002663116 0.025390625 0.045272969374167776
0.0 0.44677734375 0.4960053262316911 0.0283203125 0.0492676431424767
0.0 0.63916015625 0.5119840213049268 0.0205078125 0.041278295605858856
0.0 0.66357421875 0.5252996005326231 0.0322265625 0.06258322237017311
0.0 0.74658203125 0.5439414114513982 0.0302734375 0.05459387483355526
0.0 0.87158203125 0.4993342210386152 0.0400390625 0.06657789613848203
0.0 0.82958984375 0.44873501997336884 0.0224609375 0.047936085219707054
0.0 0.92626953125 0.30825565912117175 0.0224609375 0.03595206391478029
0.0 0.6796875 0.3249001331557923 0.017578125 0.02663115845539281
0.0 0.75537109375 0.3848202396804261 0.0048828125 0.007989347536617843
0.0 0.48583984375 0.5805592543275633 0.0087890625 0.013315579227696404
0.0 0.45849609375 0.5892143808255659 0.0087890625 0.014647137150466045
0.0 0.45703125 0.5679094540612517 0.0078125 0.009320905459387484
0.0 0.47021484375 0.5459387483355526 0.0068359375 0.010652463382157125
0.0 0.47900390625 0.5366178428761651 0.0068359375 0.007989347536617843
0.0 0.50341796875 0.5798934753661784 0.0068359375 0.009320905459387484
0.0 0.48828125 0.5452729693741678 0.0078125 0.014647137150466045
0.0 0.56494140625 0.5419440745672437 0.0068359375 0.010652463382157125
0.0 0.5947265625 0.5452729693741678 0.0078125 0.011984021304926764
0.0 0.58447265625 0.5865512649800266 0.0107421875 0.014647137150466045
0.0 0.5419921875 0.5279627163781625 0.005859375 0.009320905459387484
0.0 0.52734375 0.5286284953395473 0.005859375 0.007989347536617843
0.0 0.5576171875 0.5226364846870839 0.0078125 0.009320905459387484
0.0 0.5126953125 0.5805592543275633 0.0078125 0.015978695073235686
0.0 0.541015625 0.5539280958721704 0.005859375 0.007989347536617843
0.0 0.52392578125 0.5719041278295606 0.0048828125 0.006657789613848202
0.0 0.6005859375 0.5952063914780293 0.005859375 0.010652463382157125
0.0 0.513671875 0.5266311584553928 0.0078125 0.011984021304926764
0.0 0.4970703125 0.525965379494008 0.005859375 0.010652463382157125
0.0 0.47509765625 0.5599201065246339 0.0087890625 0.009320905459387484
0.0 0.4765625 0.5213049267643143 0.00390625 0.006657789613848202
0.0 0.4873046875 0.5179760319573902 0.00390625 0.007989347536617843
0.0 0.5107421875 0.5126498002663116 0.005859375 0.010652463382157125
0.0 0.50634765625 0.5399467376830892 0.0068359375 0.009320905459387484
0.0 0.455078125 0.5252996005326231 0.0078125 0.009320905459387484
0.0 0.462890625 0.525965379494008 0.005859375 0.007989347536617843
0.0 0.4560546875 0.5446071904127829 0.005859375 0.007989347536617843
0.0 0.548828125 0.5725699067909454 0.0078125 0.010652463382157125
