0.0 0.22998046875 0.3470052083333333 0.0146484375 0.024739583333333332
0.0 0.2763671875 0.3502604166666667 0.013671875 0.0234375
0.0 0.31005859375 0.3372395833333333 0.0146484375 0.0234375
0.0 0.150390625 0.4322916666666667 0.015625 0.026041666666666668
0.0 0.3466796875 0.3919270833333333 0.013671875 0.020833333333333332
0.0 0.4775390625 0.3671875 0.01953125 0.03125
0.0 0.51904296875 0.408203125 0.0302734375 0.032552083333333336
0.0 0.53076171875 0.3743489583333333 0.0185546875 0.029947916666666668
0.0 0.63232421875 0.41796875 0.0185546875 0.026041666666666668
0.0 0.6318359375 0.4596354166666667 0.017578125 0.03125
0.0 0.40283203125 0.529296875 0.0166015625 0.032552083333333336
0.0 0.5234375 0.5110677083333334 0.0234375 0.037760416666666664
0.0 0.28125 0.482421875 0.017578125 0.02734375
0.0 0.736328125 0.380859375 0.005859375 0.009114583333333334
0.0 0.68017578125 0.3951822916666667 0.0048828125 0.009114583333333334
0.0 0.6123046875 0.421875 0.0078125 0.010416666666666666
