0.0 0.01953125 0.28827838827838825 0.013671875 0.012454212454212455
0.0 0.1142578125 0.2652014652014652 0.0234375 0.017582417582417582
0.0 0.16015625 0.28315018315018314 0.0234375 0.021245421245421246
0.0 0.16064453125 0.2549450549450549 0.0146484375 0.010256410256410256
0.0 0.1806640625 0.25860805860805863 0.01171875 0.013186813186813187
0.0 0.19970703125 0.2575091575091575 0.0146484375 0.01098901098901099
0.0 0.21240234375 0.2875457875457875 0.0205078125 0.01978021978021978
0.0 0.22607421875 0.25934065934065936 0.0146484375 0.011721611721611722
0.0 0.24560546875 0.3076923076923077 0.0400390625 0.026373626373626374
0.0 0.30419921875 0.27765567765567767 0.0224609375 0.01904761904761905
0.0 0.34375 0.2813186813186813 0.025390625 0.01904761904761905
0.0 0.40380859375 0.2619047619047619 0.0791015625 0.08571428571428572
0.0 0.94775390625 0.27582417582417584 0.0224609375 0.018315018315018316
