0.0 0.1240234375 0.4418402777777778 0.029296875 0.057291666666666664
0.0 0.150390625 0.4053819444444444 0.015625 0.03993055555555555
0.0 0.0322265625 0.3472222222222222 0.02734375 0.059027777777777776
0.0 0.04931640625 0.3003472222222222 0.0126953125 0.03125
0.0 0.03759765625 0.1935763888888889 0.0107421875 0.022569444444444444
0.0 0.0166015625 0.1440972222222222 0.015625 0.03125
0.0 0.00439453125 0.1892361111111111 0.0087890625 0.052083333333333336
0.0 0.06884765625 0.12152777777777778 0.0166015625 0.03125
0.0 0.02783203125 0.10590277777777778 0.0126953125 0.027777777777777776
0.0 0.04541015625 0.009548611111111112 0.0166015625 0.019097222222222224
0.0 0.0302734375 0.025173611111111112 0.0078125 0.019097222222222224
0.0 0.10986328125 0.011284722222222222 0.0146484375 0.022569444444444444
0.0 0.1259765625 0.034722222222222224 0.009765625 0.03125
0.0 0.08447265625 0.07118055555555555 0.0068359375 0.017361111111111112
0.0 0.109375 0.044270833333333336 0.0078125 0.012152777777777778
0.0 0.1025390625 0.050347222222222224 0.005859375 0.010416666666666666
0.0 0.32177734375 0.4314236111111111 0.0263671875 0.05381944444444445
0.0 0.38623046875 0.4036458333333333 0.0224609375 0.057291666666666664
0.0 0.49658203125 0.3845486111111111 0.0244140625 0.050347222222222224
0.0 0.54248046875 0.4340277777777778 0.0302734375 0.05555555555555555
0.0 0.5625 0.3758680555555556 0.0234375 0.050347222222222224
0.0 0.447265625 0.2951388888888889 0.01953125 0.04513888888888889
0.0 0.51171875 0.24305555555555555 0.017578125 0.04861111111111111
0.0 0.4306640625 0.1814236111111111 0.017578125 0.036458333333333336
0.0 0.50244140625 0.17274305555555555 0.0205078125 0.036458333333333336
0.0 0.4765625 0.18229166666666666 0.009765625 0.020833333333333332
0.0 0.35302734375 0.15104166666666666 0.0087890625 0.03125
0.0 0.3798828125 0.1605902777777778 0.005859375 0.019097222222222224
0.0 0.6494140625 0.453125 0.02734375 0.05555555555555555
0.0 0.71728515625 0.4019097222222222 0.0263671875 0.06076388888888889
0.0 0.6982421875 0.3689236111111111 0.025390625 0.05381944444444445
0.0 0.63916015625 0.3550347222222222 0.0263671875 0.050347222222222224
0.0 0.59033203125 0.2612847222222222 0.0224609375 0.05381944444444445
0.0 0.7109375 0.3046875 0.0234375 0.050347222222222224
0.0 0.767578125 0.3307291666666667 0.01953125 0.046875
0.0 0.8076171875 0.3411458333333333 0.021484375 0.050347222222222224
0.0 0.810546875 0.2717013888888889 0.01953125 0.043402777777777776
0.0 0.7490234375 0.2265625 0.01953125 0.03993055555555555
0.0 0.6962890625 0.2222222222222222 0.013671875 0.03819444444444445
0.0 0.8916015625 0.2925347222222222 0.0234375 0.057291666666666664
0.0 0.88037109375 0.28125 0.0263671875 0.052083333333333336
0.0 0.80419921875 0.16493055555555555 0.0244140625 0.052083333333333336
0.0 0.84521484375 0.19444444444444445 0.0224609375 0.03819444444444445
0.0 0.9755859375 0.19270833333333334 0.017578125 0.04861111111111111
0.0 0.91748046875 0.1909722222222222 0.0146484375 0.041666666666666664
0.0 0.8349609375 0.15104166666666666 0.017578125 0.03125
0.0 0.966796875 0.15625 0.013671875 0.034722222222222224
0.0 0.97119140625 0.11197916666666667 0.0185546875 0.029513888888888888
0.0 0.99658203125 0.11197916666666667 0.0068359375 0.029513888888888888
0.0 0.99658203125 0.059895833333333336 0.0068359375 0.026041666666666668
0.0 0.99462890625 0.09114583333333333 0.0087890625 0.015625
0.0 0.9609375 0.04861111111111111 0.017578125 0.041666666666666664
0.0 0.986328125 0.05381944444444445 0.005859375 0.013888888888888888
