0.0 0.8251953125 0.7030791788856305 0.0234375 0.04838709677419355
0.0 0.919921875 0.6370967741935484 0.01953125 0.04838709677419355
0.0 0.96923828125 0.6268328445747801 0.0146484375 0.045454545454545456
0.0 0.98876953125 0.5080645161290323 0.0224609375 0.04838709677419355
0.0 0.89697265625 0.530791788856305 0.0244140625 0.04398826979472141
0.0 0.7978515625 0.5256598240469208 0.021484375 0.04838709677419355
0.0 0.71875 0.5249266862170088 0.021484375 0.04105571847507331
0.0 0.70947265625 0.5095307917888563 0.0166015625 0.036656891495601175
0.0 0.69873046875 0.6099706744868035 0.0166015625 0.04398826979472141
0.0 0.7705078125 0.6407624633431085 0.013671875 0.04398826979472141
0.0 0.818359375 0.8108504398826979 0.033203125 0.03812316715542522
0.0 0.794921875 0.7983870967741935 0.01953125 0.051319648093841645
0.0 0.68115234375 0.8944281524926686 0.0322265625 0.07331378299120235
0.0 0.57861328125 0.9442815249266863 0.0517578125 0.11143695014662756
0.0 0.35302734375 0.9112903225806451 0.0556640625 0.08944281524926687
0.0 0.43017578125 0.9046920821114369 0.0380859375 0.07038123167155426
0.0 0.5439453125 0.7998533724340176 0.033203125 0.05718475073313783
0.0 0.41845703125 0.7478005865102639 0.0244140625 0.04398826979472141
0.0 0.46337890625 0.7126099706744868 0.0244140625 0.03812316715542522
0.0 0.44677734375 0.6832844574780058 0.0244140625 0.03812316715542522
0.0 0.490234375 0.7331378299120235 0.021484375 0.02932551319648094
0.0 0.46826171875 0.7573313782991202 0.0205078125 0.030791788856304986
0.0 0.3759765625 0.7947214076246334 0.0234375 0.03812316715542522
0.0 0.3583984375 0.8115835777126099 0.021484375 0.045454545454545456
0.0 0.318359375 0.7478005865102639 0.025390625 0.04398826979472141
0.0 0.15869140625 0.7734604105571847 0.0205078125 0.045454545454545456
0.0 0.0693359375 0.7280058651026393 0.01953125 0.04252199413489736
0.0 0.12451171875 0.6092375366568915 0.0185546875 0.04252199413489736
0.0 0.18896484375 0.6209677419354839 0.0224609375 0.039589442815249266
0.0 0.2578125 0.6099706744868035 0.021484375 0.04105571847507331
0.0 0.3046875 0.6429618768328446 0.01953125 0.03372434017595308
0.0 0.39599609375 0.7008797653958945 0.0244140625 0.0469208211143695
0.0 0.25732421875 0.7368035190615836 0.0244140625 0.03372434017595308
0.0 0.16845703125 0.7412023460410557 0.0244140625 0.03372434017595308
0.0 0.11669921875 0.7045454545454546 0.0185546875 0.036656891495601175
0.0 0.115234375 0.8790322580645161 0.033203125 0.0689149560117302
0.0 0.2265625 0.5755131964809385 0.021484375 0.04838709677419355
0.0 0.33154296875 0.7214076246334311 0.0244140625 0.04985337243401759
0.0 0.17822265625 0.8159824046920822 0.0166015625 0.039589442815249266
0.0 0.3291015625 0.5527859237536656 0.017578125 0.04105571847507331
0.0 0.35791015625 0.42961876832844575 0.0224609375 0.03812316715542522
0.0 0.38623046875 0.4156891495601173 0.0224609375 0.039589442815249266
0.0 0.453125 0.3687683284457478 0.01953125 0.03372434017595308
0.0 0.486328125 0.3878299120234604 0.021484375 0.036656891495601175
0.0 0.4912109375 0.26466275659824046 0.021484375 0.045454545454545456
0.0 0.55224609375 0.2859237536656892 0.0185546875 0.03812316715542522
0.0 0.54833984375 0.2470674486803519 0.0146484375 0.030791788856304986
0.0 0.5595703125 0.2250733137829912 0.01953125 0.039589442815249266
0.0 0.4736328125 0.24633431085043989 0.01953125 0.03519061583577713
0.0 0.4091796875 0.28152492668621704 0.021484375 0.04105571847507331
0.0 0.38525390625 0.22434017595307917 0.0205078125 0.04398826979472141
0.0 0.3837890625 0.1495601173020528 0.021484375 0.03812316715542522
0.0 0.41650390625 0.11803519061583578 0.0185546875 0.039589442815249266
0.0 0.2890625 0.1972140762463343 0.021484375 0.039589442815249266
0.0 0.20849609375 0.20307917888563048 0.0205078125 0.03372434017595308
0.0 0.19921875 0.23900293255131966 0.017578125 0.03225806451612903
0.0 0.216796875 0.22580645161290322 0.013671875 0.03225806451612903
0.0 0.26904296875 0.23533724340175954 0.0185546875 0.039589442815249266
0.0 0.31787109375 0.30131964809384165 0.0224609375 0.039589442815249266
0.0 0.23779296875 0.35410557184750735 0.0185546875 0.039589442815249266
0.0 0.30517578125 0.37683284457478006 0.0205078125 0.04105571847507331
0.0 0.19580078125 0.40689149560117305 0.0244140625 0.036656891495601175
0.0 0.123046875 0.3973607038123167 0.01953125 0.04398826979472141
0.0 0.10009765625 0.3885630498533724 0.0205078125 0.03812316715542522
0.0 0.22412109375 0.5190615835777126 0.0205078125 0.04105571847507331
0.0 0.19482421875 0.48607038123167157 0.0205078125 0.045454545454545456
0.0 0.103515625 0.499266862170088 0.021484375 0.036656891495601175
0.0 0.0126953125 0.43328445747800587 0.01953125 0.03372434017595308
0.0 0.0478515625 0.3416422287390029 0.01953125 0.03812316715542522
0.0 0.029296875 0.3020527859237537 0.01171875 0.03225806451612903
0.0 0.10009765625 0.2690615835777126 0.0205078125 0.036656891495601175
0.0 0.1220703125 0.3225806451612903 0.017578125 0.03812316715542522
0.0 0.11962890625 0.2939882697947214 0.0185546875 0.03372434017595308
0.0 0.14892578125 0.27785923753665687 0.0146484375 0.030791788856304986
0.0 0.1943359375 0.2829912023460411 0.017578125 0.03519061583577713
0.0 0.28662109375 0.3181818181818182 0.0185546875 0.02932551319648094
0.0 0.45361328125 0.3313782991202346 0.0205078125 0.03225806451612903
0.0 0.39599609375 0.36070381231671556 0.0146484375 0.03812316715542522
0.0 0.52685546875 0.2837243401759531 0.0107421875 0.024926686217008796
0.0 0.26904296875 0.4802052785923754 0.0224609375 0.04252199413489736
0.0 0.0166015625 0.5681818181818182 0.021484375 0.045454545454545456
0.0 0.0703125 0.4398826979472141 0.009765625 0.03519061583577713
0.0 0.3232421875 0.14002932551319647 0.01953125 0.02785923753665689
0.0 0.8896484375 0.32697947214076245 0.0234375 0.04398826979472141
0.0 0.90625 0.43548387096774194 0.025390625 0.04985337243401759
0.0 0.966796875 0.39296187683284456 0.025390625 0.0469208211143695
0.0 0.85009765625 0.45454545454545453 0.0224609375 0.04105571847507331
0.0 0.7998046875 0.3651026392961877 0.0234375 0.03519061583577713
0.0 0.7724609375 0.3387096774193548 0.01953125 0.04105571847507331
0.0 0.70068359375 0.34384164222873903 0.0205078125 0.04252199413489736
0.0 0.64208984375 0.3416422287390029 0.0205078125 0.03519061583577713
0.0 0.6162109375 0.3284457478005865 0.01953125 0.04105571847507331
0.0 0.572265625 0.3489736070381232 0.0234375 0.04398826979472141
0.0 0.60498046875 0.24120234604105573 0.0224609375 0.045454545454545456
0.0 0.62646484375 0.2661290322580645 0.0185546875 0.036656891495601175
0.0 0.76708984375 0.24120234604105573 0.0224609375 0.039589442815249266
0.0 0.82666015625 0.24926686217008798 0.0166015625 0.04105571847507331
0.0 0.7236328125 0.250733137829912 0.013671875 0.02932551319648094
0.0 0.70068359375 0.28519061583577715 0.0146484375 0.039589442815249266
0.0 0.69384765625 0.250733137829912 0.0185546875 0.03812316715542522
0.0 0.64208984375 0.23313782991202345 0.0185546875 0.03225806451612903
0.0 0.87158203125 0.22067448680351906 0.0185546875 0.03372434017595308
0.0 0.9189453125 0.2060117302052786 0.01171875 0.04252199413489736
0.0 0.97607421875 0.2529325513196481 0.0185546875 0.030791788856304986
0.0 0.99658203125 0.33724340175953077 0.0068359375 0.04105571847507331
0.0 0.73486328125 0.23460410557184752 0.0224609375 0.02932551319648094
