0.0 0.0283203125 0.6207906295754027 0.0078125 0.01171303074670571
0.0 0.158203125 0.5475841874084919 0.0126953125 0.02342606149341142
0.0 0.2080078125 0.554904831625183 0.021484375 0.032210834553440704
0.0 0.2607421875 0.5622254758418741 0.013671875 0.024890190336749635
0.0 0.23046875 0.5695461200585652 0.0126953125 0.02342606149341142
0.0 0.6845703125 0.726207906295754 0.01171875 0.016105417276720352
0.0 0.7763671875 0.7042459736456809 0.0126953125 0.024890190336749635
0.0 0.7744140625 0.5900439238653001 0.0126953125 0.020497803806734993
0.0 0.8193359375 0.5695461200585652 0.0078125 0.013177159590043924
0.0 0.8896484375 0.6090775988286969 0.0087890625 0.024890190336749635
0.0 0.9248046875 0.5856515373352855 0.0078125 0.014641288433382138
0.0 0.947265625 0.5856515373352855 0.0068359375 0.014641288433382138
0.0 0.9765625 0.5973645680819912 0.0078125 0.020497803806734993
0.0 0.9296875 0.7042459736456809 0.009765625 0.017569546120058566
0.0 0.962890625 0.726207906295754 0.009765625 0.017569546120058566
0.0 0.9462890625 0.7027818448023426 0.009765625 0.017569546120058566
0.0 0.982421875 0.7013177159590044 0.0107421875 0.021961932650073207
0.0 0.890625 0.5797950219619327 0.0068359375 0.01903367496339678
0.0 0.9921875 0.5929721815519766 0.0068359375 0.021961932650073207
0.0 0.083984375 0.5856515373352855 0.0029296875 0.007320644216691069
0.0 0.8330078125 0.5885797950219619 0.005859375 0.016105417276720352
0.0 0.794921875 0.5841874084919473 0.009765625 0.017569546120058566
0.0 0.7578125 0.5885797950219619 0.009765625 0.014641288433382138
0.0 0.966796875 0.6134699853587116 0.0078125 0.020497803806734993
0.0 0.9599609375 0.6076134699853587 0.0078125 0.021961932650073207
