0.0 0.16015625 0.5775862068965517 0.068359375 0.09681697612732096
0.0 0.13720703125 0.5974801061007957 0.0341796875 0.07559681697612732
0.0 0.28515625 0.5822281167108754 0.041015625 0.06631299734748011
0.0 0.283203125 0.4496021220159151 0.015625 0.029177718832891247
0.0 0.34228515625 0.4423076923076923 0.0126953125 0.027851458885941646
0.0 0.41943359375 0.4542440318302387 0.0283203125 0.04376657824933687
0.0 0.46044921875 0.4316976127320955 0.0068359375 0.03050397877984085
0.0 0.4658203125 0.4005305039787798 0.01171875 0.01856763925729443
0.0 0.4794921875 0.3779840848806366 0.009765625 0.015915119363395226
0.0 0.4951171875 0.3978779840848806 0.009765625 0.023872679045092837
0.0 0.560546875 0.6187002652519894 0.041015625 0.07824933687002653
0.0 0.5146484375 0.7115384615384616 0.0390625 0.07824933687002653
0.0 0.783203125 0.3978779840848806 0.015625 0.026525198938992044
0.0 0.9677734375 0.6359416445623343 0.048828125 0.08090185676392574
0.0 0.94140625 0.4250663129973475 0.015625 0.025198938992042442
0.0 0.68310546875 0.38925729442970824 0.0146484375 0.014588859416445624
0.0 0.728515625 0.3819628647214854 0.0078125 0.010610079575596816
0.0 0.9951171875 0.5119363395225465 0.0078125 0.03183023872679045
