0.0 0.251953125 0.582723279648609 0.0126953125 0.01903367496339678
0.0 0.2275390625 0.40995607613469986 0.015625 0.027818448023426062
0.0 0.134765625 0.3616398243045388 0.0166015625 0.021961932650073207
0.0 0.212890625 0.5475841874084919 0.01171875 0.03074670571010249
0.0 0.53125 0.486090775988287 0.01953125 0.029282576866764276
0.0 0.4560546875 0.554904831625183 0.01171875 0.024890190336749635
0.0 0.3984375 0.5095168374816984 0.0166015625 0.024890190336749635
0.0 0.4033203125 0.3821376281112738 0.015625 0.021961932650073207
0.0 0.384765625 0.2767203513909224 0.017578125 0.027818448023426062
0.0 0.5791015625 0.06734992679355783 0.017578125 0.024890190336749635
0.0 0.787109375 0.19912152269399708 0.0107421875 0.021961932650073207
