0.0 0.013671875 0.3229166666666667 0.0361328125 0.055989583333333336
0.0 0.0869140625 0.3098958333333333 0.046875 0.08072916666666667
0.0 0.16015625 0.30859375 0.056640625 0.08984375
0.0 0.2353515625 0.23828125 0.05078125 0.1171875
0.0 0.3837890625 0.3502604166666667 0.0341796875 0.06510416666666667
0.0 0.404296875 0.3216145833333333 0.0751953125 0.1328125
0.0 0.517578125 0.34765625 0.046875 0.08203125
0.0 0.57421875 0.3841145833333333 0.0283203125 0.055989583333333336
0.0 0.615234375 0.3463541666666667 0.046875 0.0625
0.0 0.6953125 0.2708333333333333 0.0439453125 0.10026041666666667
0.0 0.802734375 0.3450520833333333 0.029296875 0.053385416666666664
0.0 0.8447265625 0.3046875 0.0498046875 0.07421875
0.0 0.90625 0.3619791666666667 0.021484375 0.037760416666666664
