0.0 0.2958984375 0.6015151515151516 0.0478515625 0.0696969696969697
0.0 0.388671875 0.5909090909090909 0.052734375 0.12878787878787878
0.0 0.2265625 0.5287878787878788 0.0283203125 0.04393939393939394
0.0 0.0 0.5257575757575758 0.0263671875 0.07121212121212121
0.0 0.0986328125 0.44545454545454544 0.044921875 0.08787878787878788
0.0 0.0888671875 0.43787878787878787 0.0234375 0.05454545454545454
0.0 0.154296875 0.4818181818181818 0.02734375 0.05606060606060606
0.0 0.181640625 0.4 0.0234375 0.04090909090909091
0.0 0.27734375 0.3878787878787879 0.0224609375 0.05606060606060606
0.0 0.21484375 0.37272727272727274 0.0185546875 0.022727272727272728
0.0 0.1376953125 0.37727272727272726 0.015625 0.045454545454545456
0.0 0.0693359375 0.40606060606060607 0.0205078125 0.06212121212121212
0.0 0.103515625 0.3484848484848485 0.0107421875 0.025757575757575757
0.0 0.029296875 0.33636363636363636 0.0078125 0.013636363636363636
0.0 0.0478515625 0.3242424242424242 0.0048828125 0.012121212121212121
0.0 0.037109375 0.3424242424242424 0.0078125 0.015151515151515152
0.0 0.0 0.3287878787878788 0.0048828125 0.012121212121212121
0.0 0.0927734375 0.32272727272727275 0.005859375 0.013636363636363636
0.0 0.0556640625 0.34545454545454546 0.0029296875 0.004545454545454545
0.0 0.060546875 0.346969696969697 0.0068359375 0.010606060606060607
0.0 0.0185546875 0.3409090909090909 0.0048828125 0.00909090909090909
0.0 0.1552734375 0.34545454545454546 0.0068359375 0.015151515151515152
0.0 0.0517578125 0.3303030303030303 0.0048828125 0.007575757575757576
0.0 0.0263671875 0.32575757575757575 0.00390625 0.007575757575757576
0.0 0.12109375 0.3575757575757576 0.005859375 0.012121212121212121
0.0 0.3173828125 0.3196969696969697 0.0068359375 0.010606060606060607
0.0 0.361328125 0.3333333333333333 0.0107421875 0.021212121212121213
0.0 0.3095703125 0.3712121212121212 0.017578125 0.03787878787878788
0.0 0.14453125 0.3409090909090909 0.0068359375 0.015151515151515152
0.0 0.267578125 0.35454545454545455 0.0048828125 0.010606060606060607
0.0 0.3388671875 0.3212121212121212 0.00390625 0.006060606060606061
0.0 0.279296875 0.35909090909090907 0.0078125 0.019696969696969695
0.0 0.283203125 0.3303030303030303 0.0087890625 0.016666666666666666
0.0 0.3447265625 0.31666666666666665 0.005859375 0.010606060606060607
0.0 0.3984375 0.3181818181818182 0.0087890625 0.013636363636363636
0.0 0.404296875 0.3424242424242424 0.0068359375 0.016666666666666666
0.0 0.3759765625 0.403030303030303 0.0185546875 0.03333333333333333
0.0 0.4140625 0.3696969696969697 0.0068359375 0.00909090909090909
0.0 0.7802734375 0.45151515151515154 0.052734375 0.07424242424242425
0.0 0.5615234375 0.31212121212121213 0.005859375 0.00909090909090909
0.0 0.5732421875 0.32272727272727275 0.0107421875 0.024242424242424242
0.0 0.5810546875 0.29545454545454547 0.0068359375 0.013636363636363636
0.0 0.5908203125 0.31666666666666665 0.0068359375 0.00909090909090909
0.0 0.6064453125 0.3378787878787879 0.005859375 0.00909090909090909
0.0 0.5810546875 0.36363636363636365 0.013671875 0.025757575757575757
0.0 0.544921875 0.33484848484848484 0.005859375 0.010606060606060607
0.0 0.5546875 0.3242424242424242 0.009765625 0.021212121212121213
0.0 0.529296875 0.3484848484848485 0.0087890625 0.01818181818181818
0.0 0.556640625 0.38636363636363635 0.025390625 0.04696969696969697
0.0 0.5 0.3560606060606061 0.0078125 0.012121212121212121
0.0 0.4990234375 0.34393939393939393 0.005859375 0.00909090909090909
0.0 0.49609375 0.4106060606060606 0.0126953125 0.015151515151515152
0.0 0.4765625 0.4409090909090909 0.025390625 0.06212121212121212
0.0 0.419921875 0.3606060606060606 0.0087890625 0.016666666666666666
0.0 0.6943359375 0.3196969696969697 0.009765625 0.019696969696969695
0.0 0.6796875 0.3212121212121212 0.0048828125 0.012121212121212121
0.0 0.6689453125 0.3287878787878788 0.0068359375 0.010606060606060607
0.0 0.6884765625 0.3515151515151515 0.0068359375 0.012121212121212121
0.0 0.724609375 0.33636363636363636 0.0087890625 0.021212121212121213
0.0 0.6962890625 0.3924242424242424 0.0078125 0.016666666666666666
0.0 0.7421875 0.4409090909090909 0.0185546875 0.03787878787878788
0.0 0.8037109375 0.3787878787878788 0.0126953125 0.025757575757575757
0.0 0.7998046875 0.34545454545454546 0.0126953125 0.024242424242424242
0.0 0.7900390625 0.30606060606060603 0.0068359375 0.007575757575757576
0.0 0.8056640625 0.31666666666666665 0.0068359375 0.013636363636363636
0.0 0.8359375 0.3 0.0068359375 0.010606060606060607
0.0 0.830078125 0.3378787878787879 0.0107421875 0.021212121212121213
0.0 0.8359375 0.34545454545454546 0.0126953125 0.022727272727272728
0.0 0.833984375 0.3287878787878788 0.0078125 0.00909090909090909
0.0 0.7587890625 0.39090909090909093 0.0078125 0.015151515151515152
0.0 0.755859375 0.33636363636363636 0.013671875 0.031818181818181815
0.0 0.74609375 0.3606060606060606 0.013671875 0.030303030303030304
0.0 0.8486328125 0.33181818181818185 0.0048828125 0.007575757575757576
0.0 0.849609375 0.2924242424242424 0.00390625 0.006060606060606061
0.0 0.865234375 0.2924242424242424 0.005859375 0.00909090909090909
0.0 0.9541015625 0.3242424242424242 0.01171875 0.021212121212121213
0.0 0.9765625 0.3333333333333333 0.009765625 0.015151515151515152
0.0 0.9794921875 0.31212121212121213 0.005859375 0.007575757575757576
0.0 0.9638671875 0.2909090909090909 0.0048828125 0.012121212121212121
0.0 0.9716796875 0.2818181818181818 0.005859375 0.012121212121212121
0.0 0.9267578125 0.3015151515151515 0.0048828125 0.010606060606060607
0.0 0.9521484375 0.3560606060606061 0.0087890625 0.01818181818181818
0.0 0.9736328125 0.3287878787878788 0.005859375 0.010606060606060607
0.0 0.947265625 0.3803030303030303 0.0146484375 0.02727272727272727
0.0 0.96484375 0.4090909090909091 0.0205078125 0.030303030303030304
0.0 0.9560546875 0.453030303030303 0.025390625 0.05757575757575758
0.0 0.8896484375 0.40454545454545454 0.009765625 0.015151515151515152
0.0 0.94140625 0.2863636363636364 0.0078125 0.016666666666666666
0.0 0.978515625 0.296969696969697 0.005859375 0.00909090909090909
0.0 0.8447265625 0.28939393939393937 0.0048828125 0.010606060606060607
0.0 0.6591796875 0.353030303030303 0.0107421875 0.021212121212121213
0.0 0.8662109375 0.3984848484848485 0.0224609375 0.03333333333333333
0.0 0.341796875 0.4590909090909091 0.025390625 0.07727272727272727
0.0 0.560546875 0.44393939393939397 0.033203125 0.051515151515151514
0.0 0.4287109375 0.3803030303030303 0.0263671875 0.0696969696969697
0.0 0.3671875 0.32272727272727275 0.005859375 0.010606060606060607
0.0 0.3427734375 0.30757575757575756 0.005859375 0.00909090909090909
0.0 0.416015625 0.3090909090909091 0.0068359375 0.015151515151515152
0.0 0.3623046875 0.31363636363636366 0.005859375 0.013636363636363636
0.0 0.0771484375 0.3212121212121212 0.0068359375 0.010606060606060607
0.0 0.0712890625 0.3287878787878788 0.0048828125 0.00909090909090909
