0.0 0.2890625 0.7448818897637796 0.037109375 0.09133858267716535
0.0 0.12939453125 0.5677165354330709 0.0263671875 0.05196850393700787
0.0 0.193359375 0.574015748031496 0.021484375 0.04251968503937008
0.0 0.224609375 0.5929133858267717 0.021484375 0.04251968503937008
0.0 0.2607421875 0.5826771653543307 0.02734375 0.050393700787401574
0.0 0.2353515625 0.5377952755905512 0.01953125 0.03937007874015748
0.0 0.2890625 0.5165354330708661 0.01953125 0.03779527559055118
0.0 0.33203125 0.5708661417322834 0.021484375 0.03937007874015748
0.0 0.18408203125 0.5220472440944882 0.0205078125 0.03937007874015748
0.0 0.35009765625 0.4937007874015748 0.0205078125 0.03937007874015748
0.0 0.44482421875 0.5062992125984253 0.0244140625 0.04251968503937008
0.0 0.43505859375 0.6653543307086615 0.0263671875 0.06771653543307087
0.0 0.54931640625 0.5007874015748032 0.0224609375 0.050393700787401574
0.0 0.63916015625 0.5007874015748032 0.0224609375 0.047244094488188976
0.0 0.6826171875 0.4559055118110236 0.017578125 0.03622047244094488
0.0 0.73974609375 0.4503937007874016 0.0224609375 0.04409448818897638
0.0 0.830078125 0.6047244094488189 0.107421875 0.25196850393700787
0.0 0.78662109375 0.4220472440944882 0.0107421875 0.031496062992125984
0.0 0.58447265625 0.6771653543307087 0.0263671875 0.07559055118110236
