0.0 0.1201171875 0.3622704507512521 0.025390625 0.05342237061769616
0.0 0.18701171875 0.330550918196995 0.0185546875 0.04340567612687813
0.0 0.2216796875 0.34557595993322204 0.021484375 0.04340567612687813
0.0 0.296875 0.3656093489148581 0.021484375 0.05008347245409015
0.0 0.31591796875 0.35141903171953254 0.0185546875 0.038397328881469114
0.0 0.33447265625 0.3597662771285476 0.0087890625 0.03171953255425709
0.0 0.37646484375 0.3781302170283806 0.0087890625 0.038397328881469114
0.0 0.41015625 0.3747913188647746 0.01953125 0.038397328881469114
0.0 0.4609375 0.4515859766277129 0.0234375 0.05509181969949917
0.0 0.44384765625 0.3564273789649416 0.0185546875 0.041736227045075125
0.0 0.45947265625 0.3656093489148581 0.0166015625 0.0333889816360601
0.0 0.4833984375 0.35392320534223703 0.017578125 0.03672787979966611
0.0 0.4970703125 0.39148580968280466 0.021484375 0.041736227045075125
0.0 0.5390625 0.3739565943238731 0.01953125 0.03672787979966611
0.0 0.59521484375 0.4065108514190317 0.0166015625 0.038397328881469114
0.0 0.60986328125 0.3981636060100167 0.0166015625 0.038397328881469114
0.0 0.6015625 0.35308848080133554 0.017578125 0.035058430717863104
0.0 0.6416015625 0.4332220367278798 0.013671875 0.018363939899833055
0.0 0.65771484375 0.42070116861435725 0.0205078125 0.0333889816360601
0.0 0.68017578125 0.36978297161936563 0.0126953125 0.028380634390651086
0.0 0.701171875 0.4023372287145242 0.013671875 0.03005008347245409
0.0 0.70751953125 0.41569282136894825 0.0087890625 0.02671118530884808
0.0 0.708984375 0.4307178631051753 0.015625 0.04674457429048414
0.0 0.74658203125 0.4549248747913189 0.0185546875 0.035058430717863104
0.0 0.76708984375 0.4574290484140234 0.0205078125 0.03672787979966611
0.0 0.7744140625 0.44574290484140233 0.015625 0.03672787979966611
0.0 0.79638671875 0.4666110183639399 0.0107421875 0.018363939899833055
0.0 0.72998046875 0.3772954924874791 0.0126953125 0.0333889816360601
0.0 0.78369140625 0.3589315525876461 0.0146484375 0.03005008347245409
0.0 0.8017578125 0.3823038397328882 0.013671875 0.02671118530884808
0.0 0.77392578125 0.4056761268781302 0.0107421875 0.02671118530884808
0.0 0.8056640625 0.41736227045075125 0.015625 0.03672787979966611
0.0 0.84228515625 0.44156928213689484 0.0185546875 0.041736227045075125
0.0 0.8388671875 0.4040066777963272 0.01953125 0.02671118530884808
0.0 0.86279296875 0.4373956594323873 0.0166015625 0.0333889816360601
0.0 0.82666015625 0.3989983305509182 0.0166015625 0.0333889816360601
0.0 0.8779296875 0.41068447412353926 0.015625 0.0333889816360601
0.0 0.83642578125 0.34056761268781305 0.0146484375 0.02671118530884808
0.0 0.86767578125 0.36894824707846413 0.0166015625 0.02671118530884808
0.0 0.9384765625 0.4040066777963272 0.013671875 0.02671118530884808
0.0 0.9287109375 0.35141903171953254 0.015625 0.025041736227045076
0.0 0.95361328125 0.35308848080133554 0.0126953125 0.025041736227045076
0.0 0.9853515625 0.31552587646076796 0.009765625 0.02003338898163606
0.0 0.98388671875 0.2896494156928214 0.0107421875 0.021702838063439065
0.0 0.93408203125 0.2896494156928214 0.0126953125 0.021702838063439065
0.0 0.88720703125 0.3113522537562604 0.0146484375 0.025041736227045076
0.0 0.84814453125 0.3055091819699499 0.0126953125 0.02671118530884808
0.0 0.86474609375 0.28213689482470783 0.0126953125 0.02671118530884808
0.0 0.8798828125 0.27629382303839733 0.013671875 0.028380634390651086
0.0 0.88916015625 0.2679465776293823 0.0107421875 0.025041736227045076
0.0 0.892578125 0.2604340567612688 0.009765625 0.03005008347245409
0.0 0.9091796875 0.2921535893155259 0.005859375 0.01335559265442404
0.0 0.90283203125 0.2621035058430718 0.0087890625 0.02003338898163606
0.0 0.9189453125 0.21452420701168615 0.0078125 0.018363939899833055
0.0 0.97900390625 0.24040066777963273 0.0107421875 0.01669449081803005
0.0 0.9716796875 0.22203672787979967 0.0078125 0.01669449081803005
0.0 0.978515625 0.21118530884808012 0.009765625 0.018363939899833055
0.0 0.962890625 0.2020033388981636 0.009765625 0.01669449081803005
0.0 0.93994140625 0.2287145242070117 0.0107421875 0.01669449081803005
0.0 0.9404296875 0.21035058430717862 0.0078125 0.01335559265442404
0.0 0.8974609375 0.20868113522537562 0.015625 0.02671118530884808
0.0 0.8896484375 0.21953255425709517 0.0078125 0.015025041736227046
0.0 0.93359375 0.17362270450751252 0.009765625 0.01669449081803005
0.0 0.9140625 0.17278797996661102 0.0078125 0.018363939899833055
0.0 0.99755859375 0.11769616026711185 0.0048828125 0.021702838063439065
0.0 0.91650390625 0.1335559265442404 0.0087890625 0.02337228714524207
0.0 0.9072265625 0.1318864774624374 0.0078125 0.01669449081803005
0.0 0.921875 0.12020033388981637 0.0078125 0.01669449081803005
0.0 0.9404296875 0.13606010016694492 0.005859375 0.015025041736227046
0.0 0.9501953125 0.11602671118530884 0.009765625 0.015025041736227046
0.0 0.9375 0.13606010016694492 0.00390625 0.011686143572621035
0.0 0.96240234375 0.18196994991652754 0.0087890625 0.01669449081803005
0.0 0.93359375 0.09265442404006678 0.0078125 0.011686143572621035
0.0 0.96923828125 0.07011686143572621 0.0087890625 0.01669449081803005
0.0 0.994140625 0.0651085141903172 0.0078125 0.01335559265442404
0.0 0.97509765625 0.055926544240400666 0.0068359375 0.011686143572621035
0.0 0.98388671875 0.05843071786310518 0.0048828125 0.01001669449081803
0.0 0.97119140625 0.03672787979966611 0.0068359375 0.01669449081803005
0.0 0.95849609375 0.015025041736227046 0.0087890625 0.01001669449081803
0.0 0.94140625 0.03005008347245409 0.009765625 0.02003338898163606
0.0 0.95556640625 0.04257095158597663 0.0068359375 0.015025041736227046
0.0 0.95068359375 0.06343906510851419 0.0068359375 0.01335559265442404
0.0 0.939453125 0.0709515859766277 0.005859375 0.011686143572621035
0.0 0.92236328125 0.0659432387312187 0.0068359375 0.011686143572621035
0.0 0.861328125 0.10350584307178631 0.009765625 0.01669449081803005
0.0 0.8828125 0.05843071786310518 0.005859375 0.01335559265442404
0.0 0.9130859375 0.02587646076794658 0.005859375 0.011686143572621035
0.0 0.86279296875 0.03171953255425709 0.0087890625 0.01669449081803005
0.0 0.84375 0.03589315525876461 0.005859375 0.011686143572621035
0.0 0.87353515625 0.0659432387312187 0.0087890625 0.015025041736227046
0.0 0.8857421875 0.08931552587646077 0.0078125 0.011686143572621035
