0.0 0.0263671875 0.552734375 0.009765625 0.014322916666666666
0.0 0.07177734375 0.5546875 0.0107421875 0.015625
0.0 0.107421875 0.5520833333333334 0.0078125 0.015625
0.0 0.154296875 0.5423177083333334 0.009765625 0.014322916666666666
0.0 0.1943359375 0.55078125 0.009765625 0.018229166666666668
0.0 0.21728515625 0.5514322916666666 0.0107421875 0.016927083333333332
0.0 0.2412109375 0.5553385416666666 0.009765625 0.016927083333333332
0.0 0.2646484375 0.55859375 0.005859375 0.013020833333333334
0.0 0.30322265625 0.5572916666666666 0.0126953125 0.015625
0.0 0.34716796875 0.5540364583333334 0.0087890625 0.014322916666666666
0.0 0.32470703125 0.5865885416666666 0.0048828125 0.01171875
0.0 0.328125 0.5826822916666666 0.005859375 0.01171875
0.0 0.43994140625 0.546875 0.0068359375 0.013020833333333334
0.0 0.47119140625 0.5520833333333334 0.0068359375 0.013020833333333334
0.0 0.482421875 0.54296875 0.0078125 0.018229166666666668
0.0 0.5166015625 0.5436197916666666 0.009765625 0.016927083333333332
0.0 0.48828125 0.62890625 0.009765625 0.028645833333333332
0.0 0.55029296875 0.5553385416666666 0.0107421875 0.016927083333333332
0.0 0.62841796875 0.6022135416666666 0.0126953125 0.032552083333333336
0.0 0.642578125 0.62109375 0.013671875 0.03125
0.0 0.58837890625 0.5514322916666666 0.0087890625 0.014322916666666666
0.0 0.63916015625 0.5494791666666666 0.0087890625 0.015625
0.0 0.68505859375 0.5436197916666666 0.0087890625 0.016927083333333332
0.0 0.59716796875 0.5657552083333334 0.0087890625 0.016927083333333332
0.0 0.73095703125 0.5501302083333334 0.0107421875 0.01953125
0.0 0.7802734375 0.548828125 0.009765625 0.016927083333333332
0.0 0.8232421875 0.5553385416666666 0.009765625 0.016927083333333332
0.0 0.8662109375 0.5592447916666666 0.009765625 0.014322916666666666
0.0 0.91748046875 0.5579427083333334 0.0107421875 0.01953125
0.0 0.95849609375 0.5657552083333334 0.0107421875 0.016927083333333332
0.0 0.98876953125 0.5592447916666666 0.0107421875 0.016927083333333332
0.0 0.083984375 0.6334635416666666 0.01171875 0.01171875
0.0 0.154296875 0.6647135416666666 0.0078125 0.01171875
0.0 0.39404296875 0.5703125 0.0087890625 0.010416666666666666
