0.0 0.8515625 0.67007299270073 0.0615234375 0.10510948905109489
0.0 0.6533203125 0.8554744525547445 0.076171875 0.12992700729927006
0.0 0.578125 0.8540145985401459 0.046875 0.08467153284671533
0.0 0.5810546875 0.7124087591240876 0.0341796875 0.07591240875912408
0.0 0.619140625 0.7036496350364964 0.0302734375 0.051094890510948905
0.0 0.6318359375 0.6671532846715329 0.0283203125 0.058394160583941604
0.0 0.64453125 0.327007299270073 0.029296875 0.051094890510948905
0.0 0.58984375 0.35912408759124087 0.0126953125 0.029197080291970802
0.0 0.3662109375 0.2569343065693431 0.0869140625 0.1708029197080292
0.0 0.4228515625 0.3051094890510949 0.037109375 0.08905109489051095
0.0 0.0185546875 0.3124087591240876 0.0390625 0.07007299270072993
0.0 0.970703125 0.32554744525547447 0.0146484375 0.027737226277372264
