0.0 0.0771484375 0.30238726790450926 0.033203125 0.04376657824933687
0.0 0.2060546875 0.30238726790450926 0.017578125 0.029177718832891247
0.0 0.263671875 0.28514588859416445 0.02734375 0.04774535809018567
0.0 0.2998046875 0.2546419098143236 0.021484375 0.03580901856763926
0.0 0.005859375 0.4151193633952255 0.015625 0.026525198938992044
0.0 0.384765625 0.30238726790450926 0.015625 0.026525198938992044
0.0 0.400390625 0.2453580901856764 0.0146484375 0.021220159151193633
0.0 0.4638671875 0.3116710875331565 0.013671875 0.023872679045092837
0.0 0.6103515625 0.26657824933687 0.0263671875 0.04907161803713528
0.0 0.75 0.22679045092838196 0.03125 0.05172413793103448
0.0 0.794921875 0.2480106100795756 0.03515625 0.07029177718832891
0.0 0.732421875 0.2453580901856764 0.0166015625 0.029177718832891247
0.0 0.8681640625 0.2480106100795756 0.017578125 0.03580901856763926
0.0 0.90234375 0.23342175066312998 0.0166015625 0.033156498673740056
0.0 0.9833984375 0.2480106100795756 0.015625 0.026525198938992044
0.0 0.9833984375 0.28116710875331563 0.0146484375 0.026525198938992044
