0.0 0.04052734375 0.783625730994152 0.0361328125 0.05847953216374269
0.0 0.10400390625 0.7960526315789473 0.0302734375 0.033625730994152045
0.0 0.17578125 0.7412280701754386 0.02734375 0.043859649122807015
0.0 0.27685546875 0.7916666666666666 0.0400390625 0.07748538011695906
0.0 0.38720703125 0.7529239766081871 0.0966796875 0.20175438596491227
0.0 0.51220703125 0.6747076023391813 0.0205078125 0.033625730994152045
0.0 0.5322265625 0.6717836257309941 0.017578125 0.039473684210526314
0.0 0.5673828125 0.6564327485380117 0.01953125 0.03508771929824561
0.0 0.7412109375 0.6681286549707602 0.025390625 0.06432748538011696
0.0 0.677734375 0.7675438596491229 0.0703125 0.13742690058479531
0.0 0.81689453125 0.6096491228070176 0.0556640625 0.0935672514619883
0.0 0.91650390625 0.5621345029239766 0.0244140625 0.04532163742690058
0.0 0.94921875 0.52046783625731 0.013671875 0.03216374269005848
0.0 0.23193359375 0.756578947368421 0.0224609375 0.03654970760233918
0.0 0.14599609375 0.7529239766081871 0.0322265625 0.08187134502923976
0.0 0.1982421875 0.7331871345029239 0.017578125 0.054093567251461985
0.0 0.9892578125 0.5343567251461988 0.021484375 0.04824561403508772
