0.0 0.35693359375 0.21153846153846154 0.0244140625 0.04907161803713528
0.0 0.47705078125 0.2592838196286472 0.0263671875 0.046419098143236075
0.0 0.568359375 0.1770557029177719 0.02734375 0.04907161803713528
0.0 0.62744140625 0.7738726790450928 0.0517578125 0.07294429708222812
0.0 0.72265625 0.6976127320954907 0.0234375 0.04774535809018567
0.0 0.80126953125 0.7155172413793104 0.0185546875 0.04907161803713528
0.0 0.3486328125 0.7897877984084881 0.025390625 0.05172413793103448
0.0 0.10546875 0.33355437665782495 0.0234375 0.07029177718832891
0.0 0.1318359375 0.3030503978779841 0.015625 0.04907161803713528
0.0 0.1279296875 0.3852785145888594 0.025390625 0.05172413793103448
