0.0 0.904296875 0.4158125915080527 0.095703125 0.4128843338213763
0.0 0.8681640625 0.36749633967789164 0.123046875 0.1800878477306003
0.0 0.787109375 0.40995607613469986 0.0361328125 0.06588579795021962
0.0 0.7353515625 0.4260614934114202 0.0478515625 0.08931185944363104
0.0 0.6376953125 0.4802342606149341 0.0703125 0.13323572474377746
0.0 0.583984375 0.3938506588579795 0.037109375 0.07027818448023426
0.0 0.4580078125 0.4158125915080527 0.14453125 0.3235724743777452
0.0 0.33203125 0.40702781844802344 0.0419921875 0.09663250366032211
0.0 0.0966796875 0.49487554904831627 0.0859375 0.17423133235724744
0.0 0.0146484375 0.43923865300146414 0.0771484375 0.13616398243045388
0.0 0.0908203125 0.404099560761347 0.0458984375 0.07027818448023426
