0.0 0.056640625 0.20494335736354274 0.0546875 0.05973223480947477
0.0 0.189453125 0.17301750772399588 0.03515625 0.046343975283213185
0.0 0.0966796875 0.17610710607621008 0.03515625 0.04016477857878476
0.0 0.1396484375 0.12873326467559218 0.0283203125 0.03398558187435633
0.0 0.158203125 0.0854788877445932 0.01953125 0.02368692070030896
0.0 0.2177734375 0.1400617919670443 0.03125 0.03810504634397528
0.0 0.203125 0.26776519052523173 0.068359375 0.08650875386199794
0.0 0.23828125 0.08341915550978372 0.0146484375 0.02059732234809475
0.0 0.2490234375 0.10092687950566426 0.0244140625 0.03192584963954686
0.0 0.265625 0.08650875386199794 0.015625 0.02368692070030896
0.0 0.2841796875 0.11637487126673532 0.0185546875 0.032955715756951595
0.0 0.333984375 0.08444902162718847 0.015625 0.02265705458290422
0.0 0.353515625 0.0607621009268795 0.0087890625 0.012358393408856848
0.0 0.3662109375 0.07621009268795056 0.0087890625 0.009268795056642637
0.0 0.3583984375 0.11431513903192585 0.0146484375 0.015447991761071062
0.0 0.390625 0.082389289392379 0.017578125 0.02059732234809475
0.0 0.4228515625 0.08135942327497425 0.015625 0.01956745623069001
0.0 0.447265625 0.0937178166838311 0.0234375 0.029866117404737384
0.0 0.4716796875 0.08650875386199794 0.015625 0.02265705458290422
0.0 0.5166015625 0.08444902162718847 0.0146484375 0.02059732234809475
0.0 0.412109375 0.06797116374871266 0.0107421875 0.012358393408856848
0.0 0.3818359375 0.0607621009268795 0.0078125 0.010298661174047374
0.0 0.421875 0.0607621009268795 0.0078125 0.009268795056642637
0.0 0.4287109375 0.07106076210092688 0.01171875 0.017507723995880537
0.0 0.443359375 0.07106076210092688 0.0078125 0.012358393408856848
0.0 0.458984375 0.07003089598352215 0.009765625 0.012358393408856848
0.0 0.4716796875 0.0690010298661174 0.0087890625 0.014418125643666324
0.0 0.521484375 0.11431513903192585 0.021484375 0.026776519052523172
0.0 0.5078125 0.13388259526261587 0.0234375 0.03604531410916581
0.0 0.556640625 0.08650875386199794 0.0087890625 0.013388259526261586
0.0 0.5439453125 0.05973223480947477 0.0068359375 0.010298661174047374
0.0 0.5517578125 0.07003089598352215 0.0078125 0.010298661174047374
0.0 0.5634765625 0.07209062821833162 0.005859375 0.01132852729145211
0.0 0.5830078125 0.06797116374871266 0.0078125 0.01132852729145211
0.0 0.6005859375 0.06488156539649846 0.0107421875 0.014418125643666324
0.0 0.62109375 0.07003089598352215 0.0068359375 0.010298661174047374
0.0 0.6318359375 0.07415036045314109 0.009765625 0.014418125643666324
0.0 0.677734375 0.07312049433573635 0.009765625 0.015447991761071062
0.0 0.6708984375 0.09783728115345006 0.015625 0.02265705458290422
0.0 0.6962890625 0.10504634397528322 0.013671875 0.01956745623069001
0.0 0.5869140625 0.09989701338825953 0.017578125 0.02265705458290422
0.0 0.611328125 0.09989701338825953 0.0126953125 0.01956745623069001
0.0 0.6337890625 0.13079299691040164 0.0205078125 0.030895983522142123
0.0 0.6494140625 0.13285272914521112 0.0185546875 0.028836251287332648
0.0 0.65625 0.10504634397528322 0.0107421875 0.015447991761071062
0.0 0.7177734375 0.12873326467559218 0.0205078125 0.03192584963954686
0.0 0.77734375 0.12358393408856849 0.0146484375 0.024716786817713696
0.0 0.8173828125 0.12976313079299692 0.0146484375 0.025746652935118436
0.0 0.853515625 0.15242018537590113 0.02734375 0.03913491246138002
0.0 0.943359375 0.17198764160659114 0.0244140625 0.03810504634397528
0.0 0.841796875 0.20803295571575695 0.0439453125 0.061791967044284246
0.0 0.7392578125 0.18125643666323377 0.033203125 0.042224510813594233
0.0 0.703125 0.164778578784758 0.0341796875 0.04737384140061792
0.0 0.5478515625 0.18022657054582905 0.044921875 0.05664263645726056
0.0 0.6923828125 0.24407826982492276 0.0576171875 0.09062821833161688
0.0 0.4677734375 0.21421215242018538 0.0615234375 0.08444902162718847
0.0 0.4873046875 0.10092687950566426 0.013671875 0.02059732234809475
0.0 0.560546875 0.06591143151390319 0.005859375 0.007209062821833162
0.0 0.568359375 0.05870236869207003 0.00390625 0.008238928939237899
0.0 0.578125 0.07003089598352215 0.0048828125 0.007209062821833162
0.0 0.5517578125 0.06385169927909372 0.005859375 0.006179196704428424
0.0 0.5576171875 0.0607621009268795 0.00390625 0.005149330587023687
0.0 0.5205078125 0.07518022657054584 0.0087890625 0.008238928939237899
0.0 0.51171875 0.07826982492276004 0.0087890625 0.010298661174047374
0.0 0.4951171875 0.06282183316168898 0.0068359375 0.009268795056642637
0.0 0.4990234375 0.053553038105046344 0.005859375 0.007209062821833162
0.0 0.505859375 0.05046343975283213 0.0048828125 0.005149330587023687
0.0 0.5302734375 0.06282183316168898 0.0087890625 0.01132852729145211
0.0 0.4755859375 0.044284243048403706 0.0029296875 0.004119464469618949
0.0 0.458984375 0.057672502574665295 0.0048828125 0.006179196704428424
0.0 0.4541015625 0.053553038105046344 0.00390625 0.006179196704428424
0.0 0.4443359375 0.053553038105046344 0.00390625 0.005149330587023687
0.0 0.4365234375 0.037075180226570546 0.0068359375 0.010298661174047374
0.0 0.4072265625 0.06797116374871266 0.0048828125 0.005149330587023687
0.0 0.3515625 0.07723995880535531 0.0087890625 0.007209062821833162
0.0 0.3798828125 0.046343975283213185 0.00390625 0.005149330587023687
0.0 0.3955078125 0.04943357363542739 0.0029296875 0.005149330587023687
0.0 0.390625 0.05149330587023687 0.0029296875 0.004119464469618949
0.0 0.408203125 0.04737384140061792 0.0029296875 0.004119464469618949
0.0 0.41015625 0.04737384140061792 0.0029296875 0.004119464469618949
0.0 0.4306640625 0.04840370751802266 0.00390625 0.005149330587023687
0.0 0.40625 0.03913491246138002 0.0048828125 0.004119464469618949
0.0 0.279296875 0.10401647785787847 0.0166015625 0.02265705458290422
0.0 0.384765625 0.07518022657054584 0.0048828125 0.005149330587023687
0.0 0.3837890625 0.10813594232749743 0.009765625 0.014418125643666324
0.0 0.326171875 0.08650875386199794 0.0126953125 0.02368692070030896
0.0 0.3642578125 0.04943357363542739 0.0048828125 0.006179196704428424
0.0 0.8251953125 0.14933058702368693 0.03515625 0.04840370751802266
0.0 0.3310546875 0.18846549948506694 0.0322265625 0.042224510813594233
