0.0 0.1865234375 0.27049180327868855 0.06640625 0.12021857923497267
0.0 0.3359375 0.31010928961748635 0.068359375 0.12568306010928962
0.0 0.3818359375 0.11885245901639344 0.0654296875 0.11612021857923498
0.0 0.029296875 0.00273224043715847 0.0615234375 0.09699453551912568
0.0 0.15625 0.06830601092896176 0.0546875 0.09153005464480875
0.0 0.2666015625 0.09562841530054644 0.0693359375 0.1051912568306011
0.0 0.5400390625 0.18579234972677597 0.0478515625 0.10382513661202186
0.0 0.6845703125 0.21448087431693988 0.0673828125 0.12431693989071038
0.0 0.822265625 0.25 0.0615234375 0.10109289617486339
0.0 0.984375 0.2336065573770492 0.015625 0.11748633879781421
0.0 0.0439453125 0.25 0.0625 0.11202185792349727
