0.0 0.0078125 0.38972809667673713 0.017578125 0.03172205438066465
0.0 0.0703125 0.40634441087613293 0.0185546875 0.030211480362537766
0.0 0.1318359375 0.40181268882175225 0.017578125 0.028700906344410877
0.0 0.1806640625 0.3987915407854985 0.013671875 0.027190332326283987
0.0 0.251953125 0.3972809667673716 0.0146484375 0.03172205438066465
0.0 0.3310546875 0.3338368580060423 0.0380859375 0.08157099697885196
0.0 0.5234375 0.3474320241691843 0.0322265625 0.061933534743202415
0.0 0.625 0.3957703927492447 0.0185546875 0.03625377643504532
0.0 0.701171875 0.4199395770392749 0.01953125 0.03323262839879154
0.0 0.763671875 0.41389728096676737 0.01953125 0.0377643504531722
0.0 0.8427734375 0.45770392749244715 0.017578125 0.03474320241691843
0.0 0.9638671875 0.4244712990936556 0.0224609375 0.04682779456193353
