0.0 0.5576171875 0.34850455136540964 0.0322265625 0.0611183355006502
0.0 0.1142578125 0.19635890767230169 0.01953125 0.033810143042912875
0.0 0.0224609375 0.20416124837451236 0.0087890625 0.02080624187256177
0.0 0.0458984375 0.17685305591677503 0.015625 0.02340702210663199
0.0 0.0458984375 0.2925877763328999 0.0185546875 0.033810143042912875
0.0 0.0869140625 0.293888166449935 0.0205078125 0.031209362808842653
0.0 0.138671875 0.2925877763328999 0.0244140625 0.0377113133940182
0.0 0.1416015625 0.3576072821846554 0.0263671875 0.031209362808842653
0.0 0.2265625 0.34850455136540964 0.021484375 0.035110533159947985
0.0 0.1376953125 0.18725617685305593 0.0166015625 0.02860858257477243
0.0 0.2060546875 0.1976592977893368 0.0126953125 0.02860858257477243
0.0 0.259765625 0.18985695708712613 0.0234375 0.035110533159947985
0.0 0.3115234375 0.19895968790637192 0.0146484375 0.02990897269180754
0.0 0.3310546875 0.20806241872561768 0.0185546875 0.02860858257477243
0.0 0.244140625 0.20806241872561768 0.005859375 0.011703511053315995
0.0 0.2197265625 0.2444733420026008 0.0087890625 0.010403120936280884
0.0 0.021484375 0.31339401820546164 0.0263671875 0.04031209362808843
0.0 0.3505859375 0.19505851755526657 0.015625 0.0247074122236671
0.0 0.3818359375 0.20156046814044212 0.0166015625 0.02860858257477243
0.0 0.466796875 0.14954486345903772 0.0322265625 0.05981794538361508
0.0 0.576171875 0.1859557867360208 0.0224609375 0.031209362808842653
0.0 0.591796875 0.22626788036410922 0.0234375 0.036410923276983094
0.0 0.626953125 0.24317295188556567 0.0224609375 0.0247074122236671
0.0 0.6484375 0.17945383615084526 0.0107421875 0.031209362808842653
0.0 0.6865234375 0.19375812743823148 0.0107421875 0.031209362808842653
0.0 0.435546875 0.20546163849154747 0.0068359375 0.01950585175552666
0.0 0.7490234375 0.26788036410923277 0.0146484375 0.022106631989596878
0.0 0.810546875 0.23016905071521457 0.0361328125 0.05851755526657997
0.0 0.90625 0.17815344603381014 0.033203125 0.05981794538361508
