0.0 0.4326171875 0.4265279583875163 0.0087890625 0.016905071521456438
0.0 0.5087890625 0.44213263979193757 0.03125 0.054616384915474644
0.0 0.5673828125 0.42002600780234073 0.0068359375 0.013003901170351105
0.0 0.3701171875 0.459037711313394 0.0068359375 0.018205461638491547
0.0 0.5576171875 0.26397919375812745 0.0302734375 0.0741222366710013
0.0 0.775390625 0.43823146944083224 0.0078125 0.013003901170351105
0.0 0.794921875 0.4265279583875163 0.0087890625 0.014304291287386216
0.0 0.8359375 0.4317295188556567 0.0078125 0.014304291287386216
0.0 0.9638671875 0.4213263979193758 0.0087890625 0.016905071521456438
0.0 0.978515625 0.41222366710013003 0.0068359375 0.013003901170351105
0.0 0.9326171875 0.42002600780234073 0.0078125 0.014304291287386216
0.0 0.9208984375 0.4135240572171652 0.0078125 0.014304291287386216
0.0 0.083984375 0.4226267880364109 0.0087890625 0.015604681404421327
0.0 0.0517578125 0.4928478543563069 0.009765625 0.01950585175552666
0.0 0.0986328125 0.4720416124837451 0.01171875 0.016905071521456438
0.0 0.1318359375 0.4616384915474642 0.0078125 0.014304291287386216
0.0 0.162109375 0.48764629388816644 0.01171875 0.01950585175552666
0.0 0.1826171875 0.46423927178153446 0.0068359375 0.013003901170351105
0.0 0.220703125 0.44213263979193757 0.005859375 0.010403120936280884
0.0 0.26953125 0.42002600780234073 0.005859375 0.011703511053315995
0.0 0.3076171875 0.4720416124837451 0.0078125 0.013003901170351105
0.0 0.2333984375 0.49154746423927176 0.0224609375 0.04291287386215865
0.0 0.25 0.42392717815344605 0.005859375 0.010403120936280884
0.0 0.4833984375 0.42912873862158646 0.0068359375 0.014304291287386216
