0.0 0.029296875 0.41786743515850144 0.017578125 0.05763688760806916
0.0 0.2490234375 0.5619596541786743 0.0166015625 0.10662824207492795
0.0 0.2880859375 0.6685878962536023 0.0107421875 0.0345821325648415
0.0 0.310546875 0.6772334293948127 0.01171875 0.04899135446685879
0.0 0.3232421875 0.654178674351585 0.01171875 0.02881844380403458
0.0 0.3505859375 0.6685878962536023 0.009765625 0.037463976945244955
0.0 0.3857421875 0.6772334293948127 0.009765625 0.037463976945244955
0.0 0.421875 0.6340057636887608 0.0107421875 0.043227665706051875
0.0 0.4638671875 0.6023054755043228 0.015625 0.04899135446685879
0.0 0.8974609375 0.20461095100864554 0.0185546875 0.08645533141210375
0.0 0.6533203125 0.41210374639769454 0.0087890625 0.037463976945244955
0.0 0.6494140625 0.44668587896253603 0.00390625 0.020172910662824207
