0.0 0.9482421875 0.03795620437956204 0.025390625 0.06715328467153285
0.0 0.1875 0.2656934306569343 0.044921875 0.07445255474452554
0.0 0.6123046875 0.16496350364963502 0.041015625 0.10218978102189781
0.0 0.638671875 0.03795620437956204 0.009765625 0.035036496350364967
0.0 0.478515625 0.07445255474452554 0.0205078125 0.040875912408759124
0.0 0.5634765625 0.0948905109489051 0.0107421875 0.027737226277372264
0.0 0.6875 0.12116788321167883 0.0283203125 0.05401459854014599
0.0 0.80859375 0.051094890510948905 0.01953125 0.049635036496350364
0.0 0.7451171875 0.01167883211678832 0.01171875 0.027737226277372264
0.0 0.8984375 0.00145985401459854 0.015625 0.042335766423357665
0.0 0.6787109375 0.013138686131386862 0.0107421875 0.024817518248175182
0.0 0.3564453125 0.2072992700729927 0.0400390625 0.07153284671532846
0.0 0.1552734375 0.34014598540145985 0.0390625 0.10510948905109489
0.0 0.0478515625 0.24233576642335766 0.0244140625 0.043795620437956206
0.0 0.1669921875 0.17372262773722627 0.0205078125 0.049635036496350364
0.0 0.2392578125 0.17372262773722627 0.0224609375 0.05547445255474453
0.0 0.76953125 0.017518248175182483 0.017578125 0.03941605839416058
