0.0 0.0126953125 0.2634146341463415 0.02734375 0.041463414634146344
0.0 0.1044921875 0.24634146341463414 0.0224609375 0.03414634146341464
0.0 0.1533203125 0.20609756097560974 0.021484375 0.03536585365853658
0.0 0.1767578125 0.2073170731707317 0.0166015625 0.03048780487804878
0.0 0.080078125 0.20365853658536584 0.0146484375 0.018292682926829267
0.0 0.05078125 0.2304878048780488 0.0166015625 0.026829268292682926
0.0 0.0654296875 0.23170731707317074 0.009765625 0.025609756097560974
0.0 0.1416015625 0.20365853658536584 0.009765625 0.020731707317073172
0.0 0.123046875 0.2682926829268293 0.0439453125 0.05731707317073171
0.0 0.1865234375 0.2926829268292683 0.03515625 0.0475609756097561
0.0 0.2158203125 0.2475609756097561 0.021484375 0.036585365853658534
0.0 0.390625 0.2707317073170732 0.0302734375 0.054878048780487805
0.0 0.4716796875 0.30121951219512194 0.0126953125 0.026829268292682926
0.0 0.5087890625 0.2731707317073171 0.0234375 0.03780487804878049
0.0 0.0615234375 0.4560975609756098 0.02734375 0.041463414634146344
0.0 0.6396484375 0.2426829268292683 0.029296875 0.05731707317073171
0.0 0.6806640625 0.19634146341463415 0.0185546875 0.03414634146341464
0.0 0.822265625 0.3182926829268293 0.0380859375 0.06097560975609756
0.0 0.8154296875 0.26951219512195124 0.037109375 0.04390243902439024
0.0 0.951171875 0.2890243902439024 0.03515625 0.05121951219512195
0.0 0.7880859375 0.6878048780487804 0.05078125 0.0524390243902439
0.0 0.0 0.24146341463414633 0.015625 0.03414634146341464
0.0 0.1044921875 0.22317073170731708 0.01953125 0.02804878048780488
0.0 0.28515625 0.29634146341463413 0.0205078125 0.03780487804878049
0.0 0.494140625 0.18170731707317073 0.005859375 0.007317073170731708
