0.0 0.185546875 0.3038194444444444 0.025390625 0.0625
0.0 0.2705078125 0.2916666666666667 0.0244140625 0.05555555555555555
0.0 0.2158203125 0.4479166666666667 0.025390625 0.057291666666666664
0.0 0.13671875 0.4704861111111111 0.0224609375 0.059027777777777776
0.0 0.25 0.3663194444444444 0.021484375 0.050347222222222224
0.0 0.1923828125 0.3767361111111111 0.021484375 0.05381944444444445
0.0 0.2197265625 0.4010416666666667 0.025390625 0.06076388888888889
0.0 0.326171875 0.3524305555555556 0.0244140625 0.059027777777777776
0.0 0.2861328125 0.4809027777777778 0.0234375 0.052083333333333336
0.0 0.3642578125 0.4131944444444444 0.025390625 0.06076388888888889
0.0 0.513671875 0.3819444444444444 0.02734375 0.06944444444444445
0.0 0.4091796875 0.3715277777777778 0.0224609375 0.052083333333333336
0.0 0.3603515625 0.3020833333333333 0.0234375 0.057291666666666664
0.0 0.4375 0.328125 0.0185546875 0.05381944444444445
0.0 0.5126953125 0.2951388888888889 0.0244140625 0.052083333333333336
0.0 0.78515625 0.3680555555555556 0.0234375 0.04861111111111111
0.0 0.7548828125 0.2951388888888889 0.0263671875 0.057291666666666664
0.0 0.6748046875 0.3125 0.0244140625 0.057291666666666664
0.0 0.7080078125 0.4027777777777778 0.0244140625 0.050347222222222224
0.0 0.724609375 0.4565972222222222 0.02734375 0.05381944444444445
0.0 0.634765625 0.4131944444444444 0.0224609375 0.0642361111111111
0.0 0.5654296875 0.3628472222222222 0.025390625 0.06770833333333333
0.0 0.599609375 0.3107638888888889 0.0244140625 0.057291666666666664
0.0 0.4970703125 0.3767361111111111 0.025390625 0.046875
0.0 0.6328125 0.3958333333333333 0.0205078125 0.04861111111111111
