0.0 0.033203125 0.19270833333333334 0.0234375 0.040364583333333336
0.0 0.0166015625 0.2838541666666667 0.02734375 0.046875
0.0 0.13671875 0.08203125 0.0224609375 0.0390625
0.0 0.2080078125 0.08854166666666667 0.021484375 0.022135416666666668
0.0 0.185546875 0.11848958333333333 0.0166015625 0.03515625
0.0 0.26953125 0.10546875 0.0185546875 0.036458333333333336
0.0 0.349609375 0.09244791666666667 0.01953125 0.033854166666666664
0.0 0.4130859375 0.08854166666666667 0.0234375 0.029947916666666668
0.0 0.3798828125 0.07942708333333333 0.017578125 0.032552083333333336
0.0 0.4423828125 0.07682291666666667 0.015625 0.020833333333333332
0.0 0.4619140625 0.044270833333333336 0.0166015625 0.036458333333333336
0.0 0.521484375 0.06770833333333333 0.0166015625 0.03515625
0.0 0.5654296875 0.0859375 0.0185546875 0.028645833333333332
0.0 0.662109375 0.06640625 0.0166015625 0.02734375
0.0 0.8271484375 0.09244791666666667 0.021484375 0.036458333333333336
0.0 0.91796875 0.3138020833333333 0.025390625 0.046875
0.0 0.7119140625 0.3333333333333333 0.0263671875 0.03515625
0.0 0.73828125 0.3177083333333333 0.01953125 0.055989583333333336
0.0 0.65625 0.3138020833333333 0.0322265625 0.0546875
0.0 0.5419921875 0.3450520833333333 0.02734375 0.048177083333333336
0.0 0.552734375 0.3151041666666667 0.02734375 0.055989583333333336
0.0 0.4560546875 0.3268229166666667 0.02734375 0.052083333333333336
0.0 0.3984375 0.3151041666666667 0.0283203125 0.05078125
0.0 0.3603515625 0.3372395833333333 0.02734375 0.055989583333333336
0.0 0.34375 0.3177083333333333 0.025390625 0.046875
0.0 0.2900390625 0.3111979166666667 0.0302734375 0.052083333333333336
0.0 0.220703125 0.3111979166666667 0.0244140625 0.052083333333333336
0.0 0.1767578125 0.3046875 0.029296875 0.057291666666666664
0.0 0.1201171875 0.2799479166666667 0.03125 0.053385416666666664
0.0 0.73828125 0.0625 0.0224609375 0.04296875
0.0 0.88671875 0.09375 0.021484375 0.036458333333333336
0.0 0.45703125 0.08984375 0.013671875 0.024739583333333332
0.0 0.0029296875 0.08463541666666667 0.01953125 0.032552083333333336
