0.0 0.6494140625 0.6983842010771992 0.013671875 0.03590664272890485
0.0 0.7099609375 0.6947935368043088 0.009765625 0.019748653500897665
0.0 0.6884765625 0.7109515260323159 0.0078125 0.02333931777378815
0.0 0.7626953125 0.6840215439856373 0.0087890625 0.02154398563734291
0.0 0.4248046875 0.8976660682226212 0.005859375 0.01436265709156194
0.0 0.4326171875 0.8886894075403949 0.005859375 0.01436265709156194
0.0 0.44140625 0.8994614003590664 0.005859375 0.010771992818671455
0.0 0.4033203125 0.895870736086176 0.005859375 0.01436265709156194
0.0 0.39453125 0.8868940754039497 0.0068359375 0.01436265709156194
0.0 0.3876953125 0.8922800718132855 0.005859375 0.01615798922800718
0.0 0.44140625 0.9569120287253142 0.005859375 0.01436265709156194
0.0 0.4501953125 0.947935368043088 0.005859375 0.017953321364452424
0.0 0.4580078125 0.9533213644524237 0.0068359375 0.01436265709156194
0.0 0.140625 0.8258527827648114 0.01953125 0.03590664272890485
0.0 0.015625 0.8545780969479354 0.0126953125 0.026929982046678635
0.0 0.0576171875 0.8868940754039497 0.0234375 0.04847396768402154
0.0 0.5439453125 0.8635547576301615 0.0087890625 0.02154398563734291
0.0 0.58984375 0.8635547576301615 0.0087890625 0.01615798922800718
0.0 0.6005859375 0.8635547576301615 0.0078125 0.01615798922800718
0.0 0.8828125 0.16696588868940754 0.005859375 0.01615798922800718
0.0 0.8759765625 0.1687612208258528 0.0048828125 0.012567324955116697
0.0 0.0546875 0.16337522441651706 0.0419921875 0.09515260323159784
0.0 0.4111328125 0.15978456014362658 0.0283203125 0.07001795332136446
0.0 0.484375 0.1400359066427289 0.0224609375 0.07001795332136446
0.0 0.173828125 0.18491921005385997 0.0068359375 0.02154398563734291
0.0 0.201171875 0.1813285457809695 0.005859375 0.017953321364452424
0.0 0.2275390625 0.19030520646319568 0.0068359375 0.019748653500897665
0.0 0.2734375 0.1741472172351885 0.0068359375 0.019748653500897665
0.0 0.2802734375 0.17773788150807898 0.0068359375 0.017953321364452424
0.0 0.3173828125 0.17594254937163376 0.005859375 0.017953321364452424
0.0 0.2470703125 0.3339317773788151 0.0068359375 0.01615798922800718
0.0 0.30078125 0.37163375224416517 0.0078125 0.01436265709156194
0.0 0.431640625 0.3393177737881508 0.009765625 0.02154398563734291
0.0 0.37890625 0.35547576301615796 0.005859375 0.01615798922800718
0.0 0.5517578125 0.3608617594254937 0.0068359375 0.01615798922800718
0.0 0.6083984375 0.3644524236983842 0.0068359375 0.017953321364452424
0.0 0.7021484375 0.35547576301615796 0.0068359375 0.019748653500897665
0.0 0.900390625 0.36804308797127466 0.0048828125 0.010771992818671455
0.0 0.3603515625 0.5116696588868941 0.0029296875 0.008976660682226212
0.0 0.376953125 0.526032315978456 0.0029296875 0.010771992818671455
0.0 0.4052734375 0.5421903052064632 0.00390625 0.00718132854578097
0.0 0.419921875 0.5529622980251346 0.0029296875 0.008976660682226212
0.0 0.4384765625 0.5350089766606823 0.00390625 0.00718132854578097
0.0 0.458984375 0.5439856373429084 0.0029296875 0.00718132854578097
0.0 0.4736328125 0.5403949730700179 0.0029296875 0.00718132854578097
0.0 0.732421875 0.5080789946140036 0.0361328125 0.07899461400359066
0.0 0.9111328125 0.5170556552962298 0.0263671875 0.05565529622980251
0.0 0.578125 0.5278276481149012 0.021484375 0.05206463195691203
0.0 0.6572265625 0.5278276481149012 0.0078125 0.03052064631956912
0.0 0.05078125 0.7271095152603232 0.00390625 0.008976660682226212
0.0 0.0576171875 0.7055655296229802 0.0048828125 0.00718132854578097
0.0 0.0986328125 0.7289048473967684 0.00390625 0.008976660682226212
0.0 0.1298828125 0.7271095152603232 0.0029296875 0.008976660682226212
0.0 0.1181640625 0.7324955116696589 0.0029296875 0.005385996409335727
0.0 0.1923828125 0.6947935368043088 0.01171875 0.019748653500897665
0.0 0.2392578125 0.7055655296229802 0.009765625 0.019748653500897665
0.0 0.294921875 0.696588868940754 0.0107421875 0.02154398563734291
0.0 0.533203125 0.6876122082585279 0.0126953125 0.026929982046678635
0.0 0.515625 0.6929982046678635 0.0126953125 0.02154398563734291
0.0 0.5068359375 0.7019748653500898 0.0048828125 0.01615798922800718
0.0 0.576171875 0.6929982046678635 0.015625 0.04129263913824058
0.0 0.5947265625 0.7091561938958707 0.013671875 0.03052064631956912
