0.0 0.017578125 0.65234375 0.03515625 0.0703125
0.0 0.06298828125 0.5911458333333334 0.0146484375 0.03125
0.0 0.2021484375 0.6204427083333334 0.03515625 0.05859375
0.0 0.1669921875 0.615234375 0.021484375 0.03515625
0.0 0.1513671875 0.6022135416666666 0.015625 0.029947916666666668
0.0 0.23828125 0.5924479166666666 0.015625 0.03125
0.0 0.2724609375 0.5872395833333334 0.013671875 0.0234375
0.0 0.2646484375 0.5631510416666666 0.009765625 0.016927083333333332
0.0 0.29638671875 0.6126302083333334 0.0146484375 0.02734375
0.0 0.32568359375 0.6100260416666666 0.0205078125 0.029947916666666668
0.0 0.361328125 0.59375 0.013671875 0.0234375
0.0 0.35693359375 0.5677083333333334 0.0107421875 0.018229166666666668
0.0 0.36669921875 0.63671875 0.0302734375 0.049479166666666664
0.0 0.4189453125 0.6145833333333334 0.05078125 0.08072916666666667
0.0 0.45654296875 0.5911458333333334 0.0087890625 0.015625
0.0 0.49658203125 0.6360677083333334 0.0185546875 0.02734375
0.0 0.501953125 0.5963541666666666 0.015625 0.026041666666666668
0.0 0.490234375 0.583984375 0.013671875 0.024739583333333332
0.0 0.4697265625 0.5944010416666666 0.0078125 0.01171875
0.0 0.5263671875 0.5963541666666666 0.009765625 0.018229166666666668
0.0 0.51953125 0.5963541666666666 0.009765625 0.015625
0.0 0.544921875 0.5891927083333334 0.0078125 0.014322916666666666
0.0 0.55419921875 0.6139322916666666 0.0126953125 0.022135416666666668
0.0 0.58642578125 0.6315104166666666 0.0205078125 0.03125
0.0 0.634765625 0.6048177083333334 0.013671875 0.022135416666666668
0.0 0.6162109375 0.6041666666666666 0.013671875 0.020833333333333332
0.0 0.59716796875 0.6126302083333334 0.0126953125 0.022135416666666668
0.0 0.681640625 0.6015625 0.009765625 0.015625
0.0 0.68994140625 0.5989583333333334 0.0087890625 0.013020833333333334
0.0 0.71142578125 0.6028645833333334 0.0087890625 0.013020833333333334
0.0 0.74951171875 0.6080729166666666 0.0107421875 0.018229166666666668
0.0 0.84619140625 0.603515625 0.0107421875 0.01953125
0.0 0.99560546875 0.603515625 0.0087890625 0.024739583333333332
