0.0 0.1416015625 0.421875 0.0107421875 0.0234375
0.0 0.298828125 0.3268229166666667 0.0087890625 0.01953125
0.0 0.373046875 0.2825520833333333 0.0087890625 0.015625
0.0 0.6259765625 0.3294270833333333 0.0068359375 0.016927083333333332
0.0 0.626953125 0.30078125 0.0068359375 0.013020833333333334
0.0 0.220703125 0.15234375 0.005859375 0.013020833333333334
0.0 0.2373046875 0.15234375 0.0068359375 0.013020833333333334
0.0 0.115234375 0.1484375 0.0068359375 0.01171875
0.0 0.0908203125 0.15364583333333334 0.0078125 0.01171875
0.0 0.2587890625 0.14192708333333334 0.0068359375 0.01171875
0.0 0.2919921875 0.14713541666666666 0.0068359375 0.01171875
0.0 0.330078125 0.13020833333333334 0.0078125 0.01171875
0.0 0.3642578125 0.13020833333333334 0.0068359375 0.01171875
0.0 0.3369140625 0.9127604166666666 0.0322265625 0.0625
0.0 0.0048828125 0.8854166666666666 0.013671875 0.0546875
0.0 0.0546875 0.5794270833333334 0.015625 0.024739583333333332
0.0 0.6201171875 0.09244791666666667 0.0068359375 0.01171875
0.0 0.6572265625 0.0703125 0.005859375 0.01171875
0.0 0.638671875 0.07291666666666667 0.0068359375 0.01171875
0.0 0.6279296875 0.07291666666666667 0.0068359375 0.010416666666666666
0.0 0.609375 0.057291666666666664 0.0068359375 0.013020833333333334
0.0 0.69140625 0.06770833333333333 0.005859375 0.009114583333333334
0.0 0.7060546875 0.06640625 0.0048828125 0.009114583333333334
0.0 0.7255859375 0.0625 0.005859375 0.009114583333333334
0.0 0.7646484375 0.06380208333333333 0.0048828125 0.009114583333333334
0.0 0.775390625 0.055989583333333336 0.005859375 0.01171875
0.0 0.5673828125 0.037760416666666664 0.0048828125 0.009114583333333334
0.0 0.5732421875 0.052083333333333336 0.005859375 0.010416666666666666
0.0 0.5537109375 0.07942708333333333 0.0048828125 0.009114583333333334
0.0 0.5712890625 0.07942708333333333 0.0048828125 0.009114583333333334
0.0 0.5869140625 0.07552083333333333 0.0048828125 0.010416666666666666
0.0 0.5380859375 0.08463541666666667 0.0068359375 0.009114583333333334
0.0 0.498046875 0.09765625 0.005859375 0.01171875
0.0 0.501953125 0.08463541666666667 0.0068359375 0.01171875
0.0 0.5263671875 0.06380208333333333 0.0068359375 0.009114583333333334
0.0 0.5380859375 0.036458333333333336 0.0048828125 0.010416666666666666
0.0 0.6591796875 0.026041666666666668 0.0068359375 0.01171875
0.0 0.6064453125 0.07942708333333333 0.005859375 0.009114583333333334
0.0 0.6396484375 0.037760416666666664 0.0048828125 0.01171875
0.0 0.0634765625 0.045572916666666664 0.0068359375 0.014322916666666666
0.0 0.0361328125 0.049479166666666664 0.0068359375 0.014322916666666666
0.0 0.1171875 0.049479166666666664 0.0068359375 0.013020833333333334
0.0 0.126953125 0.0390625 0.0068359375 0.01171875
0.0 0.1435546875 0.041666666666666664 0.0078125 0.014322916666666666
0.0 0.1826171875 0.044270833333333336 0.005859375 0.01171875
0.0 0.2080078125 0.041666666666666664 0.0068359375 0.013020833333333334
0.0 0.2314453125 0.040364583333333336 0.005859375 0.01171875
0.0 0.244140625 0.0390625 0.005859375 0.01171875
0.0 0.2529296875 0.045572916666666664 0.0048828125 0.0078125
0.0 0.16015625 0.17317708333333334 0.0068359375 0.014322916666666666
0.0 0.2666015625 0.03515625 0.005859375 0.009114583333333334
0.0 0.1796875 0.014322916666666666 0.0068359375 0.010416666666666666
0.0 0.16796875 0.015625 0.005859375 0.01171875
0.0 0.2001953125 0.014322916666666666 0.0078125 0.01171875
0.0 0.236328125 0.013020833333333334 0.005859375 0.013020833333333334
0.0 0.3681640625 0.03125 0.0048828125 0.010416666666666666
0.0 0.265625 0.015625 0.0078125 0.01171875
0.0 0.2490234375 0.018229166666666668 0.0068359375 0.010416666666666666
0.0 0.37109375 0.006510416666666667 0.0068359375 0.01171875
0.0 0.4599609375 0.1171875 0.0068359375 0.009114583333333334
0.0 0.47265625 0.08463541666666667 0.0068359375 0.010416666666666666
0.0 0.447265625 0.07161458333333333 0.0048828125 0.010416666666666666
0.0 0.4443359375 0.05078125 0.0068359375 0.01171875
0.0 0.47265625 0.040364583333333336 0.005859375 0.009114583333333334
0.0 0.4794921875 0.07161458333333333 0.0078125 0.01171875
0.0 0.4658203125 0.01953125 0.0068359375 0.01171875
0.0 0.4091796875 0.02734375 0.0048828125 0.013020833333333334
0.0 0.97265625 0.12890625 0.0068359375 0.01171875
0.0 0.01171875 0.1640625 0.0068359375 0.01171875
0.0 0.0107421875 0.024739583333333332 0.0048828125 0.010416666666666666
0.0 0.0263671875 0.049479166666666664 0.0048828125 0.010416666666666666
0.0 0.0732421875 0.052083333333333336 0.005859375 0.009114583333333334
