0.0 0.1767578125 0.9143686502177069 0.03125 0.07547169811320754
0.0 0.03662109375 0.7285921625544267 0.0126953125 0.03193033381712627
0.0 0.11962890625 0.7917271407837445 0.0107421875 0.0420899854862119
0.0 0.3271484375 0.7888243831640058 0.0078125 0.015965166908563134
0.0 0.69287109375 0.8323657474600871 0.0263671875 0.05660377358490566
0.0 0.357421875 0.6661828737300436 0.0078125 0.01451378809869376
0.0 0.56640625 0.6741654571843251 0.009765625 0.02177068214804064
0.0 0.16796875 0.8120464441219158 0.0078125 0.030478955007256895
0.0 0.73193359375 0.6473149492017417 0.0048828125 0.011611030478955007
0.0 0.89794921875 0.8584905660377359 0.0126953125 0.05370101596516691
0.0 0.94140625 0.9709724238026125 0.017578125 0.04644412191582003
