0.0 0.337890625 0.3597560975609756 0.015625 0.02195121951219512
0.0 0.4384765625 0.4317073170731707 0.017578125 0.02195121951219512
0.0 0.396484375 0.3079268292682927 0.015625 0.020731707317073172
0.0 0.037109375 0.27987804878048783 0.013671875 0.018292682926829267
0.0 0.11474609375 0.28841463414634144 0.0107421875 0.018292682926829267
0.0 0.16943359375 0.2890243902439024 0.0107421875 0.014634146341463415
0.0 0.0546875 0.2396341463414634 0.01171875 0.020731707317073172
0.0 0.1064453125 0.23841463414634145 0.01171875 0.018292682926829267
0.0 0.15576171875 0.2371951219512195 0.0107421875 0.015853658536585366
0.0 0.05322265625 0.2121951219512195 0.0146484375 0.01951219512195122
0.0 0.0986328125 0.20914634146341463 0.01171875 0.015853658536585366
0.0 0.14697265625 0.21036585365853658 0.0126953125 0.015853658536585366
0.0 0.03564453125 0.18658536585365854 0.0107421875 0.014634146341463415
0.0 0.05615234375 0.15670731707317073 0.0126953125 0.018292682926829267
0.0 0.111328125 0.18170731707317073 0.009765625 0.01707317073170732
0.0 0.1455078125 0.18109756097560975 0.01171875 0.018292682926829267
0.0 0.14990234375 0.14817073170731707 0.0107421875 0.018292682926829267
0.0 0.16015625 0.13597560975609757 0.009765625 0.015853658536585366
0.0 0.11083984375 0.16097560975609757 0.0087890625 0.014634146341463415
0.0 0.1064453125 0.13719512195121952 0.009765625 0.015853658536585366
0.0 0.23046875 0.2817073170731707 0.01171875 0.01951219512195122
0.0 0.283203125 0.2951219512195122 0.01171875 0.01707317073170732
0.0 0.224609375 0.25182926829268293 0.013671875 0.015853658536585366
0.0 0.2587890625 0.2329268292682927 0.013671875 0.01951219512195122
0.0 0.27099609375 0.21341463414634146 0.0107421875 0.01951219512195122
0.0 0.21533203125 0.2073170731707317 0.0107421875 0.01707317073170732
0.0 0.21826171875 0.16158536585365854 0.0107421875 0.015853658536585366
0.0 0.25537109375 0.18902439024390244 0.0107421875 0.014634146341463415
0.0 0.2490234375 0.1676829268292683 0.0078125 0.013414634146341463
0.0 0.26953125 0.1676829268292683 0.009765625 0.015853658536585366
0.0 0.26513671875 0.13414634146341464 0.0087890625 0.014634146341463415
0.0 0.21435546875 0.12926829268292683 0.0087890625 0.012195121951219513
0.0 0.33984375 0.28780487804878047 0.009765625 0.01707317073170732
0.0 0.31591796875 0.24329268292682926 0.0126953125 0.020731707317073172
0.0 0.39306640625 0.27439024390243905 0.0107421875 0.01707317073170732
0.0 0.3896484375 0.23841463414634145 0.01171875 0.018292682926829267
0.0 0.45751953125 0.28292682926829266 0.0107421875 0.01707317073170732
0.0 0.42919921875 0.2426829268292683 0.0107421875 0.014634146341463415
0.0 0.3330078125 0.21402439024390243 0.009765625 0.015853658536585366
0.0 0.32958984375 0.18353658536585366 0.0107421875 0.015853658536585366
0.0 0.3232421875 0.16219512195121952 0.009765625 0.01707317073170732
0.0 0.314453125 0.13170731707317074 0.01171875 0.01707317073170732
0.0 0.375 0.20365853658536584 0.01171875 0.01951219512195122
0.0 0.36279296875 0.18353658536585366 0.0107421875 0.018292682926829267
0.0 0.376953125 0.16707317073170733 0.009765625 0.01707317073170732
0.0 0.3779296875 0.1378048780487805 0.009765625 0.01707317073170732
0.0 0.43994140625 0.21341463414634146 0.0087890625 0.01707317073170732
0.0 0.44873046875 0.1524390243902439 0.0107421875 0.02195121951219512
0.0 0.42529296875 0.12926829268292683 0.0107421875 0.01707317073170732
0.0 0.513671875 0.28597560975609754 0.01171875 0.018292682926829267
0.0 0.56298828125 0.2810975609756098 0.0126953125 0.020731707317073172
0.0 0.61181640625 0.2274390243902439 0.0126953125 0.023170731707317073
0.0 0.55224609375 0.2371951219512195 0.0107421875 0.020731707317073172
0.0 0.509765625 0.2451219512195122 0.01171875 0.01707317073170732
0.0 0.4970703125 0.2152439024390244 0.01171875 0.018292682926829267
0.0 0.48681640625 0.19085365853658537 0.0107421875 0.018292682926829267
0.0 0.53369140625 0.2073170731707317 0.0126953125 0.01951219512195122
0.0 0.59716796875 0.18109756097560975 0.0107421875 0.018292682926829267
0.0 0.59765625 0.1652439024390244 0.01171875 0.015853658536585366
0.0 0.58740234375 0.13597560975609757 0.0107421875 0.020731707317073172
0.0 0.5361328125 0.15182926829268292 0.015625 0.018292682926829267
0.0 0.52294921875 0.12560975609756098 0.0107421875 0.01707317073170732
0.0 0.46826171875 0.15121951219512195 0.0126953125 0.01707317073170732
0.0 0.478515625 0.13109756097560976 0.009765625 0.018292682926829267
0.0 0.8212890625 0.2810975609756098 0.01171875 0.018292682926829267
0.0 0.86669921875 0.29085365853658535 0.0107421875 0.018292682926829267
0.0 0.90380859375 0.28292682926829266 0.0107421875 0.01951219512195122
0.0 0.97802734375 0.28780487804878047 0.0107421875 0.01951219512195122
0.0 0.96533203125 0.24085365853658536 0.0126953125 0.018292682926829267
0.0 0.9619140625 0.2176829268292683 0.01171875 0.018292682926829267
0.0 0.94775390625 0.1823170731707317 0.0107421875 0.018292682926829267
0.0 0.79150390625 0.20670731707317072 0.0126953125 0.018292682926829267
0.0 0.7744140625 0.1774390243902439 0.01171875 0.018292682926829267
0.0 0.82958984375 0.1774390243902439 0.0126953125 0.015853658536585366
0.0 0.88818359375 0.16341463414634147 0.0107421875 0.01707317073170732
0.0 0.93994140625 0.15365853658536585 0.0107421875 0.01707317073170732
0.0 0.994140625 0.1628048780487805 0.009765625 0.018292682926829267
0.0 0.77099609375 0.1353658536585366 0.0087890625 0.01707317073170732
0.0 0.82470703125 0.13109756097560976 0.0107421875 0.018292682926829267
0.0 0.85205078125 0.15182926829268292 0.0087890625 0.018292682926829267
0.0 0.876953125 0.13170731707317074 0.009765625 0.01707317073170732
0.0 0.92919921875 0.13963414634146343 0.0107421875 0.020731707317073172
0.0 0.9814453125 0.12926829268292683 0.01171875 0.01707317073170732
0.0 0.7998046875 0.24878048780487805 0.01171875 0.01707317073170732
0.0 0.865234375 0.24390243902439024 0.009765625 0.01951219512195122
0.0 0.9111328125 0.2420731707317073 0.01171875 0.018292682926829267
0.0 0.85107421875 0.22073170731707317 0.0107421875 0.01951219512195122
0.0 0.0322265625 0.05548780487804878 0.013671875 0.018292682926829267
0.0 0.1025390625 0.05975609756097561 0.01171875 0.014634146341463415
0.0 0.1025390625 0.041463414634146344 0.009765625 0.014634146341463415
0.0 0.0537109375 0.013414634146341463 0.009765625 0.014634146341463415
0.0 0.1005859375 0.015853658536585366 0.009765625 0.014634146341463415
0.0 0.14013671875 0.007926829268292683 0.0087890625 0.01097560975609756
0.0 0.14990234375 0.04390243902439024 0.0107421875 0.01707317073170732
0.0 0.1953125 0.04878048780487805 0.009765625 0.01707317073170732
0.0 0.25244140625 0.01951219512195122 0.0087890625 0.014634146341463415
0.0 0.2587890625 0.05548780487804878 0.0078125 0.01097560975609756
0.0 0.3046875 0.05121951219512195 0.009765625 0.014634146341463415
0.0 0.2958984375 0.03841463414634146 0.0078125 0.015853658536585366
0.0 0.3076171875 0.022560975609756097 0.0078125 0.015853658536585366
0.0 0.357421875 0.04207317073170732 0.0078125 0.015853658536585366
0.0 0.35400390625 0.00853658536585366 0.0087890625 0.01707317073170732
0.0 0.5439453125 0.032926829268292684 0.009765625 0.014634146341463415
0.0 0.55712890625 0.012804878048780487 0.0087890625 0.015853658536585366
0.0 0.49267578125 0.026829268292682926 0.0126953125 0.01707317073170732
0.0 0.50244140625 0.023170731707317073 0.0087890625 0.01707317073170732
0.0 0.45703125 0.02926829268292683 0.009765625 0.01707317073170732
0.0 0.40673828125 0.039634146341463415 0.0107421875 0.015853658536585366
0.0 0.40283203125 0.01707317073170732 0.0087890625 0.014634146341463415
0.0 0.7314453125 0.01524390243902439 0.009765625 0.015853658536585366
0.0 0.78564453125 0.03170731707317073 0.0087890625 0.014634146341463415
0.0 0.83642578125 0.018292682926829267 0.0087890625 0.012195121951219513
0.0 0.9873046875 0.06219512195121951 0.009765625 0.014634146341463415
0.0 0.99267578125 0.02195121951219512 0.0087890625 0.01707317073170732
0.0 0.9716796875 0.03048780487804878 0.009765625 0.01707317073170732
0.0 0.94287109375 0.04695121951219512 0.0107421875 0.015853658536585366
0.0 0.93212890625 0.04207317073170732 0.0087890625 0.015853658536585366
0.0 0.89599609375 0.054878048780487805 0.0107421875 0.01707317073170732
0.0 0.8759765625 0.024390243902439025 0.009765625 0.014634146341463415
0.0 0.845703125 0.0524390243902439 0.009765625 0.014634146341463415
0.0 0.9248046875 0.006097560975609756 0.01171875 0.012195121951219513
0.0 0.8828125 0.009146341463414634 0.01171875 0.013414634146341463
