0.0 0.080078125 0.26939970717423134 0.0244140625 0.040995607613469986
0.0 0.1572265625 0.2591508052708638 0.021484375 0.03806734992679356
0.0 0.23828125 0.2664714494875549 0.0205078125 0.032210834553440704
0.0 0.314453125 0.2562225475841874 0.0185546875 0.03953147877013177
0.0 0.39453125 0.2562225475841874 0.01953125 0.03513909224011713
0.0 0.466796875 0.24890190336749635 0.0234375 0.03513909224011713
0.0 0.5400390625 0.26500732064421667 0.0185546875 0.036603221083455345
0.0 0.1142578125 0.3938506588579795 0.021484375 0.036603221083455345
0.0 0.1953125 0.38945827232796487 0.021484375 0.03806734992679356
0.0 0.275390625 0.383601756954612 0.0205078125 0.03806734992679356
0.0 0.3388671875 0.38799414348462663 0.0205078125 0.03513909224011713
0.0 0.4111328125 0.383601756954612 0.021484375 0.036603221083455345
0.0 0.4755859375 0.37920937042459735 0.0234375 0.040995607613469986
0.0 0.0771484375 0.5285505124450952 0.02734375 0.036603221083455345
0.0 0.2041015625 0.5153733528550513 0.02734375 0.043923865300146414
0.0 0.3203125 0.5124450951683748 0.0263671875 0.03513909224011713
0.0 0.421875 0.5168374816983895 0.0224609375 0.036603221083455345
0.0 0.5419921875 0.5095168374816984 0.0244140625 0.048316251830161056
0.0 0.548828125 0.38653001464128844 0.0205078125 0.03953147877013177
0.0 0.615234375 0.26207906295754024 0.01953125 0.0424597364568082
0.0 0.6181640625 0.38945827232796487 0.021484375 0.036603221083455345
0.0 0.662109375 0.5197657393850659 0.0244140625 0.040995607613469986
0.0 0.67578125 0.2796486090775988 0.01953125 0.03953147877013177
0.0 0.6865234375 0.3821376281112738 0.0205078125 0.03806734992679356
0.0 0.7431640625 0.27379209370424595 0.01953125 0.036603221083455345
0.0 0.75390625 0.3850658857979502 0.0205078125 0.040995607613469986
0.0 0.76953125 0.5095168374816984 0.02734375 0.0424597364568082
0.0 0.8291015625 0.29282576866764276 0.0205078125 0.03513909224011713
0.0 0.8212890625 0.38799414348462663 0.021484375 0.03513909224011713
0.0 0.91015625 0.2957540263543192 0.0263671875 0.03953147877013177
0.0 0.884765625 0.5124450951683748 0.0234375 0.03953147877013177
