0.0 0.7470703125 0.4573002754820937 0.052734375 0.07024793388429752
0.0 0.7001953125 0.47520661157024796 0.052734375 0.05096418732782369
0.0 0.5380859375 0.24242424242424243 0.033203125 0.06611570247933884
0.0 0.4384765625 0.2809917355371901 0.0341796875 0.05922865013774105
0.0 0.3935546875 0.2988980716253444 0.0439453125 0.0743801652892562
0.0 0.07421875 0.39669421487603307 0.0166015625 0.03168044077134986
0.0 0.1298828125 0.4765840220385675 0.0341796875 0.05647382920110193
0.0 0.041015625 0.4035812672176309 0.0048828125 0.009641873278236915
0.0 0.0244140625 0.39118457300275483 0.0048828125 0.008264462809917356
0.0 0.03125 0.38980716253443526 0.005859375 0.008264462809917356
0.0 0.0625 0.40771349862258954 0.005859375 0.008264462809917356
0.0 0.046875 0.38016528925619836 0.00390625 0.011019283746556474
0.0 0.09375 0.359504132231405 0.0068359375 0.013774104683195593
0.0 0.021484375 0.40771349862258954 0.00390625 0.009641873278236915
0.0 0.0654296875 0.37052341597796146 0.00390625 0.008264462809917356
0.0 0.0732421875 0.37052341597796146 0.00390625 0.008264462809917356
0.0 0.11328125 0.40633608815426997 0.0048828125 0.011019283746556474
0.0 0.056640625 0.36639118457300274 0.005859375 0.013774104683195593
0.0 0.1123046875 0.4228650137741047 0.0048828125 0.011019283746556474
0.0 0.1279296875 0.39807162534435264 0.0048828125 0.011019283746556474
0.0 0.1357421875 0.4022038567493113 0.0048828125 0.009641873278236915
0.0 0.1455078125 0.42699724517906334 0.005859375 0.011019283746556474
0.0 0.1435546875 0.3953168044077135 0.005859375 0.011019283746556474
0.0 0.158203125 0.3953168044077135 0.0048828125 0.011019283746556474
0.0 0.1640625 0.3953168044077135 0.00390625 0.011019283746556474
0.0 0.1689453125 0.3953168044077135 0.00390625 0.006887052341597796
0.0 0.1796875 0.3953168044077135 0.0048828125 0.008264462809917356
0.0 0.1982421875 0.40633608815426997 0.00390625 0.006887052341597796
0.0 0.1845703125 0.3884297520661157 0.00390625 0.008264462809917356
0.0 0.1728515625 0.371900826446281 0.0048828125 0.008264462809917356
0.0 0.275390625 0.384297520661157 0.0048828125 0.011019283746556474
0.0 0.3408203125 0.4132231404958678 0.00390625 0.008264462809917356
0.0 0.3447265625 0.3787878787878788 0.00390625 0.008264462809917356
0.0 0.630859375 0.3953168044077135 0.0048828125 0.009641873278236915
0.0 0.6435546875 0.3884297520661157 0.00390625 0.009641873278236915
0.0 0.634765625 0.38705234159779617 0.00390625 0.008264462809917356
0.0 0.6787109375 0.3774104683195592 0.0048828125 0.009641873278236915
0.0 0.7001953125 0.37327823691460055 0.005859375 0.011019283746556474
0.0 0.763671875 0.384297520661157 0.00390625 0.008264462809917356
0.0 0.7568359375 0.38154269972451793 0.00390625 0.008264462809917356
0.0 0.7314453125 0.38016528925619836 0.0048828125 0.008264462809917356
0.0 0.7919921875 0.37052341597796146 0.00390625 0.008264462809917356
0.0 0.8623046875 0.4214876033057851 0.0048828125 0.011019283746556474
0.0 0.8662109375 0.4049586776859504 0.005859375 0.011019283746556474
0.0 0.884765625 0.41597796143250687 0.0048828125 0.008264462809917356
0.0 0.88671875 0.4022038567493113 0.00390625 0.008264462809917356
0.0 0.90234375 0.39807162534435264 0.0048828125 0.009641873278236915
0.0 0.9169921875 0.41735537190082644 0.0048828125 0.008264462809917356
0.0 0.912109375 0.4022038567493113 0.00390625 0.008264462809917356
0.0 0.921875 0.39944903581267216 0.0048828125 0.012396694214876033
0.0 0.9267578125 0.4118457300275482 0.005859375 0.009641873278236915
0.0 0.908203125 0.4118457300275482 0.0048828125 0.008264462809917356
0.0 0.9384765625 0.39118457300275483 0.00390625 0.009641873278236915
0.0 0.9384765625 0.4118457300275482 0.0068359375 0.011019283746556474
0.0 0.8955078125 0.42699724517906334 0.0068359375 0.012396694214876033
0.0 0.9345703125 0.43526170798898073 0.005859375 0.011019283746556474
0.0 0.9482421875 0.41460055096418735 0.0078125 0.012396694214876033
0.0 0.9638671875 0.41735537190082644 0.005859375 0.012396694214876033
0.0 0.9638671875 0.44077134986225897 0.0078125 0.011019283746556474
0.0 0.9814453125 0.4214876033057851 0.0068359375 0.011019283746556474
0.0 0.994140625 0.418732782369146 0.0048828125 0.009641873278236915
0.0 0.9931640625 0.453168044077135 0.0068359375 0.015151515151515152
0.0 0.984375 0.40771349862258954 0.0068359375 0.012396694214876033
