0.0 0.0595703125 0.5703125 0.005859375 0.010416666666666666
0.0 0.0380859375 0.5390625 0.0068359375 0.013020833333333334
0.0 0.1259765625 0.58984375 0.0068359375 0.013020833333333334
0.0 0.1904296875 0.5598958333333334 0.0048828125 0.010416666666666666
0.0 0.1826171875 0.54296875 0.00390625 0.0078125
0.0 0.064453125 0.5611979166666666 0.0048828125 0.0078125
0.0 0.2490234375 0.62890625 0.0068359375 0.014322916666666666
0.0 0.19140625 0.625 0.0068359375 0.01171875
0.0 0.2978515625 0.6302083333333334 0.0068359375 0.01171875
0.0 0.267578125 0.5833333333333334 0.0048828125 0.009114583333333334
0.0 0.310546875 0.7825520833333334 0.0537109375 0.08333333333333333
0.0 0.15234375 0.6744791666666666 0.0263671875 0.0390625
0.0 0.2470703125 0.66015625 0.0087890625 0.018229166666666668
0.0 0.3828125 0.6484375 0.009765625 0.016927083333333332
0.0 0.55859375 0.7760416666666666 0.03125 0.05859375
0.0 0.662109375 0.8515625 0.0478515625 0.11588541666666667
0.0 0.814453125 0.6276041666666666 0.0087890625 0.014322916666666666
0.0 0.80078125 0.640625 0.0078125 0.014322916666666666
0.0 0.904296875 0.6184895833333334 0.009765625 0.014322916666666666
0.0 0.9853515625 0.61328125 0.0078125 0.013020833333333334
0.0 0.9599609375 0.7356770833333334 0.01171875 0.020833333333333332
0.0 0.9189453125 0.7669270833333334 0.009765625 0.016927083333333332
0.0 0.74609375 0.7408854166666666 0.0087890625 0.01953125
0.0 0.7724609375 0.6471354166666666 0.0107421875 0.01171875
0.0 0.4658203125 0.6354166666666666 0.009765625 0.015625
0.0 0.4072265625 0.6341145833333334 0.005859375 0.014322916666666666
0.0 0.9189453125 0.5481770833333334 0.0048828125 0.009114583333333334
0.0 0.9365234375 0.5559895833333334 0.0048828125 0.0078125
0.0 0.9599609375 0.5494791666666666 0.0048828125 0.009114583333333334
0.0 0.9755859375 0.5533854166666666 0.0048828125 0.0078125
0.0 0.9775390625 0.5325520833333334 0.00390625 0.0078125
0.0 0.9384765625 0.5260416666666666 0.00390625 0.0078125
0.0 0.90625 0.5455729166666666 0.00390625 0.006510416666666667
0.0 0.5126953125 0.51171875 0.0048828125 0.006510416666666667
0.0 0.49609375 0.5026041666666666 0.0048828125 0.0078125
0.0 0.4404296875 0.5026041666666666 0.0048828125 0.0078125
0.0 0.4150390625 0.5065104166666666 0.00390625 0.006510416666666667
0.0 0.431640625 0.5104166666666666 0.00390625 0.006510416666666667
0.0 0.5869140625 0.4934895833333333 0.0048828125 0.0078125
