0.0 0.03955078125 0.24781849912739964 0.0322265625 0.02443280977312391
0.0 0.2060546875 0.26236183827806864 0.0390625 0.03374054682955206
0.0 0.251953125 0.3621291448516579 0.033203125 0.03315881326352531
0.0 0.10009765625 0.016288539848749273 0.0283203125 0.02326934264107039
0.0 0.4912109375 0.1460151250727167 0.03515625 0.031413612565445025
0.0 0.3251953125 0.21000581733566026 0.03515625 0.030250145433391506
0.0 0.47900390625 0.24781849912739964 0.0361328125 0.030250145433391506
0.0 0.37841796875 0.25945317044793487 0.0361328125 0.027923211169284468
0.0 0.30712890625 0.23618382780686445 0.0400390625 0.031413612565445025
0.0 0.322265625 0.2990110529377545 0.046875 0.03606748109365911
0.0 0.56005859375 0.04741128563118092 0.0361328125 0.02385107620709715
0.0 0.68212890625 0.08493310063990692 0.0361328125 0.027923211169284468
0.0 0.55908203125 0.09045956951716114 0.0380859375 0.02617801047120419
0.0 0.61669921875 0.13932518906340896 0.0380859375 0.028504944735311226
0.0 0.56982421875 0.20680628272251309 0.0361328125 0.030831878999418267
0.0 0.97802734375 0.3068644560791158 0.0419921875 0.031995346131471786
0.0 0.94775390625 0.3539848749272833 0.0439453125 0.031995346131471786
0.0 0.8212890625 0.3589296102385108 0.048828125 0.03374054682955206
0.0 0.9111328125 0.41244909831297266 0.048828125 0.04304828388598022
0.0 0.9462890625 0.44415357766143104 0.041015625 0.03315881326352531
0.0 0.91943359375 0.4723676556137289 0.0537109375 0.030250145433391506
0.0 0.41943359375 0.5346131471785922 0.0576171875 0.04304828388598022
0.0 0.12939453125 0.5945317044793484 0.0556640625 0.03606748109365911
0.0 0.24365234375 0.6768470040721349 0.0693359375 0.04013961605584642
0.0 0.76416015625 0.41361256544502617 0.0517578125 0.031413612565445025
0.0 0.73583984375 0.439499709133217 0.0537109375 0.0447934845840605
0.0 0.8564453125 0.5005817335660268 0.052734375 0.03664921465968586
0.0 0.931640625 0.5878417684700408 0.05078125 0.04013961605584642
0.0 0.798828125 0.5567190226876091 0.04296875 0.03723094822571262
0.0 0.802734375 0.6340895869691682 0.029296875 0.02675974403723095
0.0 0.89306640625 0.6864456079115765 0.0595703125 0.04304828388598022
0.0 0.67822265625 0.4909831297265852 0.0439453125 0.038394415357766144
0.0 0.1357421875 0.358347876672484 0.08984375 0.04421175101803374
0.0 0.01171875 0.47614892379290286 0.0234375 0.035485747527632346
