0.0 0.2568359375 0.5598958333333334 0.015625 0.033854166666666664
0.0 0.1259765625 0.7018229166666666 0.0166015625 0.02734375
0.0 0.0771484375 0.66796875 0.0166015625 0.03125
0.0 0.068359375 0.4895833333333333 0.013671875 0.024739583333333332
0.0 0.107421875 0.4765625 0.0146484375 0.028645833333333332
0.0 0.005859375 0.4934895833333333 0.0126953125 0.0234375
0.0 0.521484375 0.22395833333333334 0.0400390625 0.044270833333333336
0.0 0.392578125 0.5442708333333334 0.0166015625 0.036458333333333336
0.0 0.2177734375 0.4947916666666667 0.015625 0.026041666666666668
0.0 0.033203125 0.5924479166666666 0.015625 0.02734375
0.0 0.076171875 0.6015625 0.0166015625 0.022135416666666668
0.0 0.1025390625 0.6236979166666666 0.0107421875 0.016927083333333332
0.0 0.140625 0.58984375 0.0146484375 0.0234375
0.0 0.0107421875 0.4518229166666667 0.015625 0.024739583333333332
0.0 0.0263671875 0.4309895833333333 0.0146484375 0.022135416666666668
0.0 0.013671875 0.4153645833333333 0.0126953125 0.01953125
0.0 0.0556640625 0.4270833333333333 0.013671875 0.02734375
0.0 0.251953125 0.4856770833333333 0.01171875 0.020833333333333332
0.0 0.34375 0.4973958333333333 0.0126953125 0.022135416666666668
0.0 0.38671875 0.4674479166666667 0.01171875 0.022135416666666668
0.0 0.3388671875 0.45703125 0.01171875 0.024739583333333332
0.0 0.2802734375 0.4557291666666667 0.01171875 0.020833333333333332
0.0 0.236328125 0.4036458333333333 0.01171875 0.020833333333333332
0.0 0.26953125 0.4010416666666667 0.009765625 0.01953125
0.0 0.2490234375 0.4140625 0.01171875 0.018229166666666668
0.0 0.1875 0.4010416666666667 0.0126953125 0.020833333333333332
0.0 0.1435546875 0.4010416666666667 0.0126953125 0.01953125
0.0 0.3720703125 0.42578125 0.0126953125 0.022135416666666668
0.0 0.322265625 0.4375 0.01171875 0.01953125
0.0 0.326171875 0.4244791666666667 0.01171875 0.020833333333333332
0.0 0.318359375 0.4049479166666667 0.0126953125 0.01953125
0.0 0.22265625 0.453125 0.01171875 0.018229166666666668
0.0 0.0234375 0.22395833333333334 0.0087890625 0.015625
0.0 0.0126953125 0.2708333333333333 0.005859375 0.01953125
0.0 0.0166015625 0.2682291666666667 0.0087890625 0.022135416666666668
0.0 0.0390625 0.3020833333333333 0.009765625 0.015625
0.0 0.0595703125 0.33203125 0.0107421875 0.022135416666666668
0.0 0.0703125 0.3229166666666667 0.0087890625 0.016927083333333332
0.0 0.09765625 0.3294270833333333 0.0107421875 0.01953125
0.0 0.125 0.3580729166666667 0.009765625 0.018229166666666668
0.0 0.115234375 0.3880208333333333 0.0107421875 0.022135416666666668
0.0 0.16796875 0.3463541666666667 0.009765625 0.018229166666666668
0.0 0.109375 0.2799479166666667 0.0107421875 0.018229166666666668
0.0 0.076171875 0.27734375 0.01171875 0.018229166666666668
0.0 0.0458984375 0.2708333333333333 0.0107421875 0.016927083333333332
0.0 0.08203125 0.2513020833333333 0.009765625 0.01953125
0.0 0.1201171875 0.26171875 0.009765625 0.018229166666666668
0.0 0.060546875 0.22916666666666666 0.009765625 0.013020833333333334
0.0 0.1220703125 0.22526041666666666 0.009765625 0.018229166666666668
0.0 0.150390625 0.2916666666666667 0.0087890625 0.016927083333333332
0.0 0.1806640625 0.24609375 0.0087890625 0.015625
0.0 0.2099609375 0.3528645833333333 0.0107421875 0.016927083333333332
0.0 0.26953125 0.3684895833333333 0.0126953125 0.020833333333333332
0.0 0.353515625 0.3841145833333333 0.01171875 0.020833333333333332
0.0 0.1533203125 0.23567708333333334 0.0087890625 0.015625
0.0 0.220703125 0.2630208333333333 0.0087890625 0.015625
0.0 0.2470703125 0.2799479166666667 0.009765625 0.015625
0.0 0.3427734375 0.3450520833333333 0.009765625 0.01953125
0.0 0.37109375 0.31640625 0.009765625 0.014322916666666666
0.0 0.17578125 0.3216145833333333 0.0087890625 0.015625
0.0 0.18359375 0.3138020833333333 0.009765625 0.015625
0.0 0.1806640625 0.2825520833333333 0.0078125 0.015625
0.0 0.2431640625 0.23307291666666666 0.0078125 0.015625
0.0 0.3515625 0.3307291666666667 0.009765625 0.020833333333333332
0.0 0.37890625 0.35546875 0.009765625 0.016927083333333332
0.0 0.380859375 0.375 0.009765625 0.016927083333333332
0.0 0.3056640625 0.3450520833333333 0.0126953125 0.015625
0.0 0.4384765625 0.5703125 0.01171875 0.01953125
0.0 0.3974609375 0.390625 0.0107421875 0.018229166666666668
