0.0 0.11767578125 0.24577373211963588 0.0400390625 0.0754226267880364
0.0 0.24267578125 0.2613784135240572 0.0341796875 0.05981794538361508
0.0 0.3466796875 0.25617685305591675 0.03515625 0.06501950585175553
0.0 0.4443359375 0.2399219765929779 0.03125 0.05851755526657997
0.0 0.53466796875 0.23146944083224968 0.0283203125 0.06762028608582575
0.0 0.619140625 0.24642392717815345 0.03515625 0.053315994798439535
0.0 0.72314453125 0.25487646293888166 0.0302734375 0.06501950585175553
0.0 0.828125 0.2906371911573472 0.02734375 0.05851755526657997
0.0 0.775390625 0.4336801040312094 0.033203125 0.06371911573472042
0.0 0.65625 0.4271781534460338 0.03515625 0.06371911573472042
0.0 0.54443359375 0.4154746423927178 0.0361328125 0.07152145643693109
0.0 0.4130859375 0.41482444733420026 0.037109375 0.07022106631989597
0.0 0.2978515625 0.4232769830949285 0.037109375 0.06892067620286085
0.0 0.185546875 0.4408322496749025 0.03515625 0.06241872561768531
