0.0 0.6083984375 0.49615384615384617 0.111328125 0.125
0.0 0.59130859375 0.26875 0.0263671875 0.03173076923076923
0.0 0.7314453125 0.28846153846153844 0.025390625 0.025
0.0 0.8857421875 0.33990384615384617 0.01953125 0.02403846153846154
0.0 0.7626953125 0.3524038461538462 0.01953125 0.02403846153846154
0.0 0.8681640625 0.4716346153846154 0.033203125 0.04326923076923077
0.0 0.923828125 0.3889423076923077 0.021484375 0.025961538461538463
0.0 0.9423828125 0.2173076923076923 0.0234375 0.028846153846153848
0.0 0.97265625 0.48846153846153845 0.0234375 0.025
0.0 0.1298828125 0.6322115384615384 0.03125 0.04326923076923077
0.0 0.0244140625 0.5923076923076923 0.02734375 0.03653846153846154
0.0 0.0673828125 0.5302884615384615 0.03515625 0.03365384615384615
0.0 0.77294921875 0.4740384615384615 0.0302734375 0.032692307692307694
0.0 0.61279296875 0.3730769230769231 0.0244140625 0.03076923076923077
0.0 0.259765625 0.49903846153846154 0.080078125 0.10384615384615385
0.0 0.85888671875 0.8076923076923077 0.0302734375 0.038461538461538464
0.0 0.8154296875 0.8793269230769231 0.03515625 0.041346153846153845
0.0 0.109375 0.9519230769230769 0.03515625 0.046153846153846156
0.0 0.0302734375 0.30240384615384613 0.021484375 0.02980769230769231
0.0 0.5732421875 0.24182692307692308 0.025390625 0.03173076923076923
0.0 0.2109375 0.3283653846153846 0.03515625 0.041346153846153845
0.0 0.11865234375 0.3975961538461538 0.0341796875 0.041346153846153845
0.0 0.52099609375 0.7375 0.0439453125 0.051923076923076926
0.0 0.00732421875 0.3716346153846154 0.0146484375 0.04519230769230769
