0.0 0.4189453125 0.08984375 0.0087890625 0.014322916666666666
0.0 0.41796875 0.15364583333333334 0.0087890625 0.013020833333333334
0.0 0.4150390625 0.1875 0.005859375 0.01171875
0.0 0.4365234375 0.12239583333333333 0.0087890625 0.016927083333333332
0.0 0.451171875 0.15625 0.0078125 0.014322916666666666
0.0 0.490234375 0.18489583333333334 0.0078125 0.010416666666666666
0.0 0.5224609375 0.1875 0.0087890625 0.014322916666666666
0.0 0.544921875 0.1953125 0.0078125 0.013020833333333334
0.0 0.5576171875 0.13151041666666666 0.005859375 0.01171875
0.0 0.5439453125 0.09635416666666667 0.0087890625 0.014322916666666666
0.0 0.509765625 0.09765625 0.0087890625 0.014322916666666666
0.0 0.4814453125 0.10026041666666667 0.0078125 0.01171875
0.0 0.5205078125 0.13020833333333334 0.0068359375 0.013020833333333334
0.0 0.57421875 0.14583333333333334 0.0078125 0.013020833333333334
0.0 0.5927734375 0.10677083333333333 0.0078125 0.01171875
0.0 0.55859375 0.078125 0.0078125 0.014322916666666666
0.0 0.5859375 0.16536458333333334 0.0087890625 0.013020833333333334
0.0 0.666015625 0.08203125 0.0078125 0.015625
0.0 0.6533203125 0.23828125 0.0087890625 0.016927083333333332
0.0 0.6611328125 0.265625 0.009765625 0.016927083333333332
0.0 0.6904296875 0.2734375 0.0087890625 0.016927083333333332
0.0 0.1083984375 0.18098958333333334 0.009765625 0.014322916666666666
0.0 0.087890625 0.2565104166666667 0.009765625 0.018229166666666668
0.0 0.056640625 0.2604166666666667 0.009765625 0.016927083333333332
0.0 0.0234375 0.24609375 0.0068359375 0.015625
0.0 0.0341796875 0.2643229166666667 0.0068359375 0.015625
0.0 0.11328125 0.25 0.0087890625 0.018229166666666668
0.0 0.1328125 0.3359375 0.0107421875 0.0234375
0.0 0.0771484375 0.21614583333333334 0.0107421875 0.014322916666666666
0.0 0.1474609375 0.19010416666666666 0.009765625 0.016927083333333332
0.0 0.130859375 0.21484375 0.0078125 0.014322916666666666
0.0 0.166015625 0.1796875 0.0068359375 0.015625
0.0 0.1865234375 0.18880208333333334 0.009765625 0.016927083333333332
0.0 0.1845703125 0.21614583333333334 0.0078125 0.016927083333333332
0.0 0.203125 0.15885416666666666 0.0087890625 0.015625
0.0 0.21484375 0.13802083333333334 0.0078125 0.014322916666666666
0.0 0.224609375 0.07942708333333333 0.0068359375 0.014322916666666666
0.0 0.2265625 0.22526041666666666 0.0087890625 0.014322916666666666
0.0 0.142578125 0.12890625 0.0087890625 0.013020833333333334
0.0 0.26953125 0.14192708333333334 0.0078125 0.01171875
0.0 0.291015625 0.14583333333333334 0.0078125 0.014322916666666666
0.0 0.30078125 0.09635416666666667 0.0068359375 0.01171875
0.0 0.240234375 0.1953125 0.0068359375 0.01171875
0.0 0.341796875 0.06510416666666667 0.0078125 0.013020833333333334
0.0 0.3515625 0.2630208333333333 0.0078125 0.015625
0.0 0.4599609375 0.2916666666666667 0.0078125 0.014322916666666666
0.0 0.4326171875 0.2942708333333333 0.009765625 0.016927083333333332
0.0 0.384765625 0.2747395833333333 0.0087890625 0.014322916666666666
0.0 0.37890625 0.22526041666666666 0.009765625 0.015625
0.0 0.369140625 0.2721354166666667 0.0107421875 0.015625
0.0 0.4091796875 0.23177083333333334 0.0087890625 0.014322916666666666
0.0 0.4267578125 0.2513020833333333 0.0087890625 0.014322916666666666
0.0 0.408203125 0.28125 0.0087890625 0.015625
0.0 0.373046875 0.20052083333333334 0.0087890625 0.014322916666666666
0.0 0.3828125 0.18359375 0.0078125 0.013020833333333334
0.0 0.412109375 0.20442708333333334 0.0078125 0.01171875
0.0 0.4404296875 0.20963541666666666 0.0078125 0.01171875
0.0 0.4482421875 0.24609375 0.0078125 0.013020833333333334
0.0 0.4658203125 0.24739583333333334 0.0078125 0.01171875
0.0 0.4892578125 0.22395833333333334 0.0078125 0.01171875
0.0 0.5107421875 0.22135416666666666 0.0078125 0.016927083333333332
0.0 0.5146484375 0.2786458333333333 0.0087890625 0.013020833333333334
0.0 0.5009765625 0.2942708333333333 0.0078125 0.014322916666666666
0.0 0.5107421875 0.3072916666666667 0.009765625 0.015625
0.0 0.482421875 0.3033854166666667 0.0078125 0.013020833333333334
0.0 0.533203125 0.3125 0.0107421875 0.015625
0.0 0.537109375 0.2799479166666667 0.0087890625 0.016927083333333332
0.0 0.5625 0.2825520833333333 0.0078125 0.015625
0.0 0.5751953125 0.3138020833333333 0.0087890625 0.014322916666666666
0.0 0.5986328125 0.3216145833333333 0.009765625 0.015625
0.0 0.5830078125 0.2864583333333333 0.0078125 0.016927083333333332
0.0 0.6103515625 0.29296875 0.009765625 0.016927083333333332
0.0 0.6181640625 0.3203125 0.009765625 0.016927083333333332
0.0 0.6416015625 0.328125 0.0087890625 0.016927083333333332
0.0 0.5986328125 0.2513020833333333 0.0087890625 0.014322916666666666
0.0 0.5771484375 0.25390625 0.005859375 0.014322916666666666
0.0 0.6181640625 0.2721354166666667 0.0078125 0.015625
0.0 0.6318359375 0.2981770833333333 0.0087890625 0.015625
0.0 0.638671875 0.2708333333333333 0.0078125 0.013020833333333334
0.0 0.6201171875 0.234375 0.0087890625 0.014322916666666666
0.0 0.4443359375 0.033854166666666664 0.0068359375 0.013020833333333334
0.0 0.4775390625 0.03125 0.0078125 0.013020833333333334
0.0 0.5029296875 0.032552083333333336 0.005859375 0.013020833333333334
0.0 0.5234375 0.040364583333333336 0.0078125 0.010416666666666666
0.0 0.5771484375 0.045572916666666664 0.0078125 0.01171875
0.0 0.6044921875 0.033854166666666664 0.0068359375 0.015625
0.0 0.6474609375 0.045572916666666664 0.009765625 0.014322916666666666
0.0 0.6318359375 0.04296875 0.0068359375 0.009114583333333334
0.0 0.6708984375 0.3059895833333333 0.0107421875 0.018229166666666668
0.0 0.666015625 0.3307291666666667 0.0087890625 0.020833333333333332
0.0 0.69921875 0.3385416666666667 0.0078125 0.015625
0.0 0.705078125 0.3125 0.0087890625 0.015625
0.0 0.7197265625 0.3450520833333333 0.0078125 0.016927083333333332
0.0 0.7412109375 0.3697916666666667 0.009765625 0.013020833333333334
0.0 0.7421875 0.3255208333333333 0.0087890625 0.016927083333333332
0.0 0.7705078125 0.3268229166666667 0.0087890625 0.022135416666666668
0.0 0.7568359375 0.2864583333333333 0.0087890625 0.014322916666666666
0.0 0.7216796875 0.27734375 0.01171875 0.015625
0.0 0.705078125 0.23958333333333334 0.0078125 0.015625
0.0 0.7294921875 0.24739583333333334 0.009765625 0.013020833333333334
0.0 0.748046875 0.2109375 0.0078125 0.014322916666666666
0.0 0.7265625 0.21484375 0.0087890625 0.013020833333333334
0.0 0.705078125 0.20182291666666666 0.0087890625 0.015625
0.0 0.6787109375 0.16145833333333334 0.0078125 0.013020833333333334
0.0 0.63671875 0.20052083333333334 0.0087890625 0.015625
0.0 0.705078125 0.14453125 0.0087890625 0.014322916666666666
0.0 0.7236328125 0.14583333333333334 0.005859375 0.013020833333333334
0.0 0.736328125 0.17838541666666666 0.0087890625 0.015625
0.0 0.763671875 0.1875 0.005859375 0.014322916666666666
0.0 0.7626953125 0.1640625 0.0087890625 0.013020833333333334
0.0 0.7529296875 0.11458333333333333 0.0078125 0.015625
0.0 0.7568359375 0.0859375 0.0087890625 0.015625
0.0 0.73046875 0.11458333333333333 0.0087890625 0.014322916666666666
0.0 0.6826171875 0.046875 0.0087890625 0.013020833333333334
0.0 0.7099609375 0.018229166666666668 0.0087890625 0.014322916666666666
0.0 0.6298828125 0.39453125 0.0126953125 0.0234375
0.0 0.591796875 0.3971354166666667 0.0126953125 0.020833333333333332
0.0 0.7431640625 0.16015625 0.0078125 0.013020833333333334
0.0 0.7509765625 0.2604166666666667 0.0087890625 0.014322916666666666
0.0 0.7734375 0.2903645833333333 0.0068359375 0.015625
0.0 0.7802734375 0.3541666666666667 0.01171875 0.018229166666666668
0.0 0.8056640625 0.3619791666666667 0.0107421875 0.018229166666666668
0.0 0.841796875 0.3671875 0.009765625 0.018229166666666668
0.0 0.865234375 0.4283854166666667 0.009765625 0.014322916666666666
0.0 0.7783203125 0.24739583333333334 0.009765625 0.015625
0.0 0.7900390625 0.30078125 0.0087890625 0.016927083333333332
0.0 0.8115234375 0.2981770833333333 0.0107421875 0.016927083333333332
0.0 0.8251953125 0.3359375 0.009765625 0.015625
0.0 0.833984375 0.3463541666666667 0.009765625 0.018229166666666668
0.0 0.8779296875 0.34765625 0.0107421875 0.01953125
0.0 0.9130859375 0.31640625 0.009765625 0.016927083333333332
0.0 0.9560546875 0.3346354166666667 0.009765625 0.0234375
0.0 0.9794921875 0.3723958333333333 0.009765625 0.024739583333333332
0.0 0.9482421875 0.3268229166666667 0.0087890625 0.016927083333333332
0.0 0.9775390625 0.2955729166666667 0.01171875 0.018229166666666668
0.0 0.955078125 0.2825520833333333 0.0107421875 0.016927083333333332
0.0 0.9052734375 0.2643229166666667 0.0107421875 0.020833333333333332
0.0 0.8662109375 0.2643229166666667 0.009765625 0.016927083333333332
0.0 0.8291015625 0.2864583333333333 0.0078125 0.013020833333333334
0.0 0.7998046875 0.22265625 0.0107421875 0.016927083333333332
0.0 0.7744140625 0.21484375 0.009765625 0.016927083333333332
0.0 0.783203125 0.18619791666666666 0.0078125 0.015625
0.0 0.8232421875 0.125 0.0087890625 0.013020833333333334
0.0 0.7998046875 0.15885416666666666 0.0068359375 0.01171875
0.0 0.8427734375 0.13020833333333334 0.009765625 0.015625
0.0 0.869140625 0.13541666666666666 0.0087890625 0.014322916666666666
0.0 0.8427734375 0.22395833333333334 0.0087890625 0.016927083333333332
0.0 0.8291015625 0.23046875 0.0068359375 0.013020833333333334
0.0 0.8681640625 0.20182291666666666 0.0087890625 0.014322916666666666
0.0 0.88671875 0.19791666666666666 0.0078125 0.014322916666666666
0.0 0.8720703125 0.23958333333333334 0.0078125 0.015625
0.0 0.88671875 0.23828125 0.0107421875 0.015625
0.0 0.919921875 0.17317708333333334 0.009765625 0.016927083333333332
0.0 0.9208984375 0.20833333333333334 0.009765625 0.013020833333333334
0.0 0.953125 0.17578125 0.0068359375 0.013020833333333334
0.0 0.970703125 0.17317708333333334 0.009765625 0.016927083333333332
0.0 0.9580078125 0.11067708333333333 0.0087890625 0.013020833333333334
0.0 0.953125 0.14453125 0.0078125 0.014322916666666666
0.0 0.9365234375 0.0703125 0.0078125 0.01171875
0.0 0.9609375 0.0703125 0.0068359375 0.01171875
0.0 0.978515625 0.06901041666666667 0.0126953125 0.016927083333333332
0.0 0.9052734375 0.06901041666666667 0.0078125 0.014322916666666666
0.0 0.873046875 0.06901041666666667 0.0087890625 0.01171875
0.0 0.98828125 0.11458333333333333 0.009765625 0.016927083333333332
0.0 0.9794921875 0.14713541666666666 0.0087890625 0.016927083333333332
0.0 0.43359375 0.3984375 0.0107421875 0.022135416666666668
0.0 0.50390625 0.4231770833333333 0.0107421875 0.024739583333333332
0.0 0.6640625 0.4205729166666667 0.0146484375 0.015625
0.0 0.0810546875 0.12630208333333334 0.0078125 0.015625
0.0 0.1484375 0.048177083333333336 0.0068359375 0.01171875
0.0 0.177734375 0.053385416666666664 0.0068359375 0.01171875
0.0 0.205078125 0.08723958333333333 0.0068359375 0.013020833333333334
0.0 0.1865234375 0.13411458333333334 0.0078125 0.013020833333333334
0.0 0.099609375 0.78125 0.017578125 0.0390625
0.0 0.1533203125 0.8268229166666666 0.01953125 0.033854166666666664
0.0 0.171875 0.8424479166666666 0.015625 0.033854166666666664
0.0 0.28125 0.9388020833333334 0.0166015625 0.029947916666666668
0.0 0.423828125 0.9375 0.0146484375 0.036458333333333336
0.0 0.447265625 0.76953125 0.021484375 0.03515625
0.0 0.6142578125 0.8424479166666666 0.01953125 0.037760416666666664
0.0 0.7412109375 0.9127604166666666 0.015625 0.0390625
0.0 0.046875 0.01171875 0.0087890625 0.014322916666666666
0.0 0.0859375 0.00390625 0.0087890625 0.013020833333333334
0.0 0.1083984375 0.024739583333333332 0.0087890625 0.01171875
0.0 0.111328125 0.006510416666666667 0.0078125 0.013020833333333334
0.0 0.1396484375 0.00390625 0.0087890625 0.010416666666666666
0.0 0.16796875 0.03125 0.0068359375 0.01171875
0.0 0.1904296875 0.006510416666666667 0.009765625 0.01171875
0.0 0.201171875 0.026041666666666668 0.005859375 0.013020833333333334
0.0 0.2060546875 0.055989583333333336 0.0068359375 0.013020833333333334
0.0 0.1708984375 0.08072916666666667 0.0087890625 0.014322916666666666
0.0 0.1416015625 0.08463541666666667 0.0078125 0.01171875
0.0 0.078125 0.18619791666666666 0.0087890625 0.014322916666666666
0.0 0.103515625 0.21354166666666666 0.009765625 0.013020833333333334
0.0 0.16015625 0.22265625 0.0087890625 0.010416666666666666
0.0 0.15625 0.13541666666666666 0.005859375 0.01171875
0.0 0.1416015625 0.10416666666666667 0.0087890625 0.014322916666666666
0.0 0.15625 0.10546875 0.0078125 0.013020833333333334
0.0 0.1728515625 0.16015625 0.0087890625 0.015625
0.0 0.1806640625 0.15494791666666666 0.0078125 0.015625
0.0 0.2265625 0.0234375 0.0087890625 0.01171875
0.0 0.2314453125 0.052083333333333336 0.0078125 0.013020833333333334
0.0 0.2529296875 0.022135416666666668 0.0078125 0.014322916666666666
0.0 0.2802734375 0.029947916666666668 0.0068359375 0.013020833333333334
0.0 0.2978515625 0.024739583333333332 0.0078125 0.014322916666666666
0.0 0.3154296875 0.014322916666666666 0.0087890625 0.016927083333333332
0.0 0.2685546875 0.0026041666666666665 0.0078125 0.010416666666666666
0.0 0.2509765625 0.17317708333333334 0.0078125 0.01171875
0.0 0.2587890625 0.21354166666666666 0.0068359375 0.010416666666666666
0.0 0.0068359375 0.26171875 0.0068359375 0.013020833333333334
0.0 0.328125 0.265625 0.0078125 0.01171875
0.0 0.3515625 0.22786458333333334 0.0087890625 0.014322916666666666
0.0 0.3876953125 0.15364583333333334 0.009765625 0.013020833333333334
0.0 0.4599609375 0.2109375 0.0078125 0.014322916666666666
0.0 0.4921875 0.19921875 0.0068359375 0.01171875
0.0 0.4736328125 0.16015625 0.0078125 0.01171875
0.0 0.5 0.15755208333333334 0.0068359375 0.01171875
0.0 0.5498046875 0.16276041666666666 0.0068359375 0.014322916666666666
0.0 0.4189453125 0.28515625 0.0078125 0.015625
0.0 0.537109375 0.3580729166666667 0.01171875 0.014322916666666666
0.0 0.3330078125 0.02734375 0.0087890625 0.013020833333333334
0.0 0.3486328125 0.005208333333333333 0.0078125 0.009114583333333334
0.0 0.3583984375 0.033854166666666664 0.0078125 0.01171875
0.0 0.3740234375 0.006510416666666667 0.0078125 0.013020833333333334
0.0 0.4541015625 0.006510416666666667 0.0087890625 0.01171875
0.0 0.4853515625 0.0013020833333333333 0.0087890625 0.013020833333333334
0.0 0.5126953125 0.009114583333333334 0.0087890625 0.014322916666666666
0.0 0.5341796875 0.0026041666666666665 0.009765625 0.013020833333333334
0.0 0.5478515625 0.0390625 0.0087890625 0.013020833333333334
0.0 0.5634765625 0.00390625 0.0078125 0.013020833333333334
0.0 0.5830078125 0.015625 0.0078125 0.010416666666666666
0.0 0.60546875 0.01171875 0.0087890625 0.015625
0.0 0.630859375 0.013020833333333334 0.009765625 0.016927083333333332
0.0 0.6494140625 0.015625 0.0087890625 0.014322916666666666
0.0 0.681640625 0.015625 0.0087890625 0.013020833333333334
0.0 0.7265625 0.016927083333333332 0.0087890625 0.015625
0.0 0.720703125 0.05078125 0.009765625 0.015625
0.0 0.6484375 0.08333333333333333 0.009765625 0.013020833333333334
0.0 0.6123046875 0.07682291666666667 0.0087890625 0.014322916666666666
0.0 0.5712890625 0.1015625 0.0078125 0.013020833333333334
0.0 0.783203125 0.05078125 0.009765625 0.016927083333333332
0.0 0.787109375 0.09635416666666667 0.0107421875 0.016927083333333332
0.0 0.794921875 0.10286458333333333 0.009765625 0.014322916666666666
0.0 0.83984375 0.00390625 0.0068359375 0.009114583333333334
0.0 0.8642578125 0.0026041666666666665 0.0078125 0.009114583333333334
0.0 0.8837890625 0.005208333333333333 0.0078125 0.010416666666666666
0.0 0.896484375 0.00390625 0.0087890625 0.010416666666666666
0.0 0.9306640625 0.006510416666666667 0.0078125 0.013020833333333334
0.0 0.955078125 0.010416666666666666 0.0087890625 0.01171875
0.0 0.841796875 0.07942708333333333 0.0068359375 0.010416666666666666
0.0 0.8193359375 0.16276041666666666 0.0087890625 0.010416666666666666
0.0 0.8505859375 0.1640625 0.0078125 0.01171875
0.0 0.814453125 0.18880208333333334 0.0087890625 0.015625
0.0 0.8994140625 0.18359375 0.0078125 0.013020833333333334
0.0 0.83203125 0.029947916666666668 0.0068359375 0.010416666666666666
0.0 0.6474609375 0.3059895833333333 0.0087890625 0.013020833333333334
0.0 0.734375 0.3463541666666667 0.009765625 0.015625
0.0 0.8056640625 0.2669270833333333 0.0087890625 0.014322916666666666
0.0 0.9814453125 0.015625 0.0087890625 0.01171875
0.0 0.9873046875 0.044270833333333336 0.009765625 0.013020833333333334
0.0 0.3251953125 0.4947916666666667 0.0146484375 0.020833333333333332
0.0 0.33984375 0.9283854166666666 0.0205078125 0.028645833333333332
0.0 0.4306640625 0.8736979166666666 0.017578125 0.02734375
0.0 0.2578125 0.6497395833333334 0.013671875 0.026041666666666668
0.0 0.8857421875 0.2786458333333333 0.0107421875 0.015625
0.0 0.9326171875 0.21223958333333334 0.0068359375 0.01171875
0.0 0.712890625 0.19270833333333334 0.0087890625 0.010416666666666666
0.0 0.6904296875 0.19661458333333334 0.0078125 0.009114583333333334
0.0 0.673828125 0.23958333333333334 0.0078125 0.016927083333333332
0.0 0.619140625 0.10416666666666667 0.0078125 0.013020833333333334
0.0 0.6435546875 0.109375 0.0078125 0.013020833333333334
0.0 0.5341796875 0.07552083333333333 0.0078125 0.013020833333333334
0.0 0.5009765625 0.07421875 0.0078125 0.01171875
0.0 0.4658203125 0.0703125 0.0068359375 0.01171875
0.0 0.4287109375 0.06901041666666667 0.0078125 0.010416666666666666
0.0 0.44921875 0.09244791666666667 0.0078125 0.013020833333333334
0.0 0.53125 0.15364583333333334 0.0078125 0.014322916666666666
0.0 0.40625 0.11848958333333333 0.0078125 0.013020833333333334
0.0 0.60546875 0.13151041666666666 0.0078125 0.013020833333333334
0.0 0.1044921875 0.13541666666666666 0.0068359375 0.01171875
0.0 0.109375 0.10546875 0.0078125 0.013020833333333334
0.0 0.0830078125 0.10546875 0.0068359375 0.010416666666666666
0.0 0.111328125 0.05078125 0.0068359375 0.013020833333333334
0.0 0.087890625 0.057291666666666664 0.0078125 0.013020833333333334
0.0 0.0869140625 0.033854166666666664 0.0078125 0.013020833333333334
0.0 0.2802734375 0.11328125 0.0078125 0.014322916666666666
0.0 0.28125 0.16536458333333334 0.0087890625 0.015625
0.0 0.2509765625 0.22786458333333334 0.0078125 0.013020833333333334
0.0 0.283203125 0.234375 0.0068359375 0.010416666666666666
0.0 0.2451171875 0.0 0.0078125 0.009114583333333334
0.0 0.1484375 0.02734375 0.005859375 0.01171875
0.0 0.1943359375 0.10677083333333333 0.0068359375 0.013020833333333334
0.0 0.228515625 0.10416666666666667 0.0068359375 0.013020833333333334
0.0 0.271484375 0.09375 0.0078125 0.013020833333333334
0.0 0.28125 0.06380208333333333 0.0068359375 0.013020833333333334
0.0 0.3115234375 0.06380208333333333 0.0087890625 0.013020833333333334
0.0 0.318359375 0.09114583333333333 0.0087890625 0.013020833333333334
0.0 0.30859375 0.12239583333333333 0.0068359375 0.013020833333333334
0.0 0.8251953125 0.06770833333333333 0.0078125 0.014322916666666666
0.0 0.81640625 0.02734375 0.005859375 0.010416666666666666
0.0 0.849609375 0.026041666666666668 0.0068359375 0.010416666666666666
0.0 0.9345703125 0.033854166666666664 0.0078125 0.01171875
0.0 0.83984375 0.09765625 0.0078125 0.013020833333333334
0.0 0.91015625 0.03515625 0.0078125 0.013020833333333334
0.0 0.8125 0.059895833333333336 0.0068359375 0.014322916666666666
