0.0 0.10302734375 0.7234748010610079 0.0380859375 0.05702917771883289
0.0 0.0947265625 0.6259946949602122 0.033203125 0.06631299734748011
0.0 0.23681640625 0.4423076923076923 0.0087890625 0.014588859416445624
0.0 0.283203125 0.4986737400530504 0.009765625 0.021220159151193633
0.0 0.18896484375 0.4224137931034483 0.0087890625 0.014588859416445624
0.0 0.03271484375 0.366710875331565 0.0087890625 0.011936339522546418
0.0 0.1640625 0.41909814323607425 0.01171875 0.013262599469496022
0.0 0.95361328125 0.376657824933687 0.0068359375 0.010610079575596816
0.0 0.9306640625 0.3779840848806366 0.005859375 0.010610079575596816
0.0 0.97021484375 0.3819628647214854 0.0048828125 0.007957559681697613
0.0 0.89794921875 0.366710875331565 0.0068359375 0.009283819628647215
0.0 0.87060546875 0.366710875331565 0.0068359375 0.011936339522546418
0.0 0.982421875 0.36007957559681697 0.005859375 0.011936339522546418
0.0 0.97265625 0.34416445623342173 0.005859375 0.009283819628647215
0.0 0.07275390625 0.496684350132626 0.0146484375 0.033156498673740056
0.0 0.1845703125 0.5510610079575596 0.015625 0.033156498673740056
0.0 0.22705078125 0.5842175066312998 0.0146484375 0.027851458885941646
0.0 0.10595703125 0.4244031830238727 0.0107421875 0.01856763925729443
0.0 0.0859375 0.40318302387267907 0.01171875 0.021220159151193633
0.0 0.18798828125 0.47214854111405835 0.0107421875 0.026525198938992044
0.0 0.2373046875 0.5039787798408488 0.01171875 0.023872679045092837
0.0 0.78662109375 0.3647214854111406 0.0068359375 0.013262599469496022
0.0 0.75341796875 0.33687002652519893 0.0068359375 0.010610079575596816
0.0 0.05224609375 0.5656498673740054 0.0205078125 0.04111405835543767
0.0 0.140625 0.4197612732095491 0.01171875 0.01989389920424403
0.0 0.28271484375 0.6631299734748011 0.0166015625 0.03713527851458886
0.0 0.4306640625 0.6790450928381963 0.015625 0.021220159151193633
