0.0 0.0439453125 0.8169014084507042 0.013671875 0.02176696542893726
0.0 0.0224609375 0.7836107554417413 0.0068359375 0.015364916773367477
0.0 0.05078125 0.7400768245838668 0.0068359375 0.014084507042253521
0.0 0.2333984375 0.8322663252240717 0.0107421875 0.02176696542893726
0.0 0.2783203125 0.8309859154929577 0.0087890625 0.019206145966709345
0.0 0.30078125 0.8450704225352113 0.0078125 0.012804097311139564
0.0 0.287109375 0.8130601792573624 0.009765625 0.015364916773367477
0.0 0.302734375 0.7746478873239436 0.0068359375 0.011523687580025609
0.0 0.1630859375 0.7618437900128041 0.0078125 0.011523687580025609
0.0 0.263671875 0.2676056338028169 0.01953125 0.03713188220230474
0.0 0.2734375 0.29833546734955185 0.04296875 0.02560819462227913
0.0 0.3408203125 0.678617157490397 0.0166015625 0.026888604353393086
0.0 0.4248046875 0.5749039692701664 0.01953125 0.040973111395646605
0.0 0.458984375 0.5787451984635084 0.021484375 0.03969270166453265
0.0 0.4609375 0.8425096030729834 0.009765625 0.016645326504481434
0.0 0.4658203125 0.8706786171574904 0.0087890625 0.016645326504481434
0.0 0.4931640625 0.8501920614596671 0.0087890625 0.014084507042253521
0.0 0.505859375 0.8245838668373879 0.0068359375 0.014084507042253521
0.0 0.5517578125 0.8501920614596671 0.0087890625 0.015364916773367477
0.0 0.650390625 0.8591549295774648 0.0087890625 0.015364916773367477
0.0 0.6748046875 0.8553137003841229 0.0078125 0.019206145966709345
0.0 0.6650390625 0.8476312419974392 0.0107421875 0.01792573623559539
0.0 0.6904296875 0.8655569782330346 0.0068359375 0.011523687580025609
0.0 0.369140625 0.8412291933418694 0.009765625 0.01792573623559539
0.0 0.5732421875 0.4980793854033291 0.0234375 0.03841229193341869
0.0 0.638671875 0.528809218950064 0.025390625 0.03969270166453265
0.0 0.7236328125 0.44302176696542894 0.0302734375 0.05121638924455826
0.0 0.7080078125 0.8591549295774648 0.009765625 0.014084507042253521
0.0 0.71875 0.8540332906530089 0.0078125 0.012804097311139564
0.0 0.8173828125 0.8732394366197183 0.0078125 0.011523687580025609
0.0 0.84765625 0.8181818181818182 0.0078125 0.015364916773367477
0.0 0.904296875 0.8463508322663252 0.009765625 0.015364916773367477
0.0 0.9091796875 0.8194622279129321 0.0068359375 0.014084507042253521
0.0 0.919921875 0.8834827144686299 0.0078125 0.010243277848911651
0.0 0.015625 0.7247119078104993 0.0078125 0.012804097311139564
0.0 0.0048828125 0.8194622279129321 0.0126953125 0.020486555697823303
0.0 0.06640625 0.7400768245838668 0.0078125 0.01792573623559539
0.0 0.0615234375 0.676056338028169 0.005859375 0.008962868117797696
0.0 0.076171875 0.6709346991037132 0.005859375 0.011523687580025609
0.0 0.09765625 0.6402048655569782 0.0068359375 0.012804097311139564
0.0 0.1171875 0.646606914212548 0.005859375 0.008962868117797696
0.0 0.107421875 0.6325224071702945 0.0048828125 0.008962868117797696
0.0 0.1005859375 0.6248399487836107 0.0048828125 0.010243277848911651
0.0 0.0849609375 0.6286811779769527 0.005859375 0.010243277848911651
0.0 0.0849609375 0.6197183098591549 0.005859375 0.008962868117797696
0.0 0.0712890625 0.6081946222791293 0.005859375 0.008962868117797696
0.0 0.06640625 0.6274007682458387 0.005859375 0.010243277848911651
0.0 0.0498046875 0.6363636363636364 0.0048828125 0.008962868117797696
0.0 0.0185546875 0.6274007682458387 0.0068359375 0.012804097311139564
0.0 0.0146484375 0.6107554417413572 0.005859375 0.008962868117797696
0.0 0.009765625 0.618437900128041 0.005859375 0.010243277848911651
0.0 0.037109375 0.617157490396927 0.0068359375 0.012804097311139564
0.0 0.0478515625 0.6248399487836107 0.005859375 0.008962868117797696
0.0 0.0419921875 0.6568501920614597 0.005859375 0.0076824583866837385
0.0 0.060546875 0.646606914212548 0.0048828125 0.010243277848911651
0.0 0.111328125 0.677336747759283 0.0048828125 0.008962868117797696
0.0 0.1162109375 0.6581306017925737 0.005859375 0.010243277848911651
0.0 0.0546875 0.615877080665813 0.005859375 0.008962868117797696
0.0 0.0654296875 0.617157490396927 0.005859375 0.008962868117797696
0.0 0.1630859375 0.8220230473751601 0.009765625 0.019206145966709345
0.0 0.1572265625 0.7285531370038413 0.005859375 0.012804097311139564
0.0 0.16015625 0.7387964148527529 0.0068359375 0.014084507042253521
0.0 0.0966796875 0.6427656850192062 0.0068359375 0.012804097311139564
0.0 0.0302734375 0.6081946222791293 0.005859375 0.010243277848911651
0.0 0.0400390625 0.6005121638924455 0.005859375 0.008962868117797696
0.0 0.0205078125 0.6017925736235595 0.005859375 0.0076824583866837385
0.0 0.1494140625 0.6363636363636364 0.005859375 0.010243277848911651
0.0 0.1474609375 0.647887323943662 0.005859375 0.011523687580025609
0.0 0.1337890625 0.6350832266325224 0.0068359375 0.012804097311139564
0.0 0.123046875 0.6402048655569782 0.005859375 0.010243277848911651
0.0 0.130859375 0.6043533930857875 0.005859375 0.008962868117797696
0.0 0.177734375 0.6939820742637645 0.005859375 0.008962868117797696
0.0 0.1669921875 0.6837387964148528 0.005859375 0.008962868117797696
0.0 0.1728515625 0.6798975672215108 0.005859375 0.008962868117797696
0.0 0.1611328125 0.6927016645326505 0.0068359375 0.0076824583866837385
0.0 0.1142578125 0.7144686299615877 0.005859375 0.011523687580025609
0.0 0.185546875 0.674775928297055 0.0068359375 0.011523687580025609
0.0 0.1865234375 0.6901408450704225 0.005859375 0.010243277848911651
0.0 0.1904296875 0.706786171574904 0.005859375 0.010243277848911651
0.0 0.19140625 0.7208706786171575 0.0068359375 0.008962868117797696
0.0 0.1953125 0.6965428937259923 0.0048828125 0.008962868117797696
0.0 0.2021484375 0.6862996158770807 0.0068359375 0.010243277848911651
0.0 0.1953125 0.6824583866837388 0.0068359375 0.008962868117797696
0.0 0.189453125 0.5979513444302177 0.005859375 0.008962868117797696
0.0 0.1494140625 0.5992317541613317 0.005859375 0.006402048655569782
0.0 0.2626953125 0.5787451984635084 0.0224609375 0.03713188220230474
0.0 0.01953125 0.5569782330345711 0.0048828125 0.008962868117797696
0.0 0.0234375 0.5403329065300896 0.0048828125 0.0076824583866837385
0.0 0.0107421875 0.528809218950064 0.0048828125 0.0076824583866837385
0.0 0.013671875 0.5480153649167734 0.005859375 0.011523687580025609
0.0 0.0166015625 0.5736235595390525 0.005859375 0.008962868117797696
0.0 0.044921875 0.5825864276568502 0.0048828125 0.008962868117797696
0.0 0.0234375 0.5800256081946222 0.0068359375 0.011523687580025609
0.0 0.078125 0.5492957746478874 0.0029296875 0.0076824583866837385
0.0 0.0966796875 0.5416133162612036 0.0048828125 0.0076824583866837385
0.0 0.138671875 0.5569782330345711 0.0087890625 0.012804097311139564
0.0 0.1240234375 0.5505761843790012 0.0068359375 0.010243277848911651
0.0 0.0703125 0.5364916773367477 0.005859375 0.008962868117797696
0.0 0.0849609375 0.5249679897567221 0.0068359375 0.011523687580025609
0.0 0.1650390625 0.5672215108834827 0.0087890625 0.015364916773367477
0.0 0.177734375 0.5608194622279129 0.0068359375 0.011523687580025609
0.0 0.1923828125 0.5608194622279129 0.0078125 0.012804097311139564
0.0 0.1943359375 0.5723431498079385 0.0078125 0.012804097311139564
0.0 0.171875 0.5851472471190781 0.0078125 0.011523687580025609
0.0 0.291015625 0.7311139564660691 0.0068359375 0.011523687580025609
0.0 0.291015625 0.7464788732394366 0.0068359375 0.011523687580025609
0.0 0.294921875 0.765685019206146 0.0068359375 0.014084507042253521
0.0 0.310546875 0.7580025608194623 0.0087890625 0.014084507042253521
0.0 0.302734375 0.7964148527528809 0.0087890625 0.014084507042253521
0.0 0.2841796875 0.8002560819462228 0.0068359375 0.011523687580025609
0.0 0.36328125 0.7861715749039693 0.0087890625 0.014084507042253521
0.0 0.32421875 0.7003841229193342 0.005859375 0.008962868117797696
0.0 0.3203125 0.7003841229193342 0.0048828125 0.012804097311139564
0.0 0.341796875 0.6683738796414853 0.005859375 0.008962868117797696
0.0 0.3271484375 0.646606914212548 0.0048828125 0.010243277848911651
0.0 0.3095703125 0.6734955185659411 0.0068359375 0.011523687580025609
0.0 0.318359375 0.6837387964148528 0.0068359375 0.010243277848911651
0.0 0.33203125 0.704225352112676 0.005859375 0.008962868117797696
0.0 0.3798828125 0.6696542893725992 0.0078125 0.010243277848911651
0.0 0.373046875 0.6709346991037132 0.0068359375 0.008962868117797696
0.0 0.3447265625 0.6594110115236875 0.0048828125 0.0076824583866837385
0.0 0.376953125 0.7119078104993598 0.005859375 0.008962868117797696
0.0 0.4912109375 0.8015364916773368 0.0068359375 0.011523687580025609
0.0 0.4951171875 0.8156209987195903 0.005859375 0.010243277848911651
0.0 0.4873046875 0.8386683738796414 0.0078125 0.015364916773367477
0.0 0.5029296875 0.8015364916773368 0.0068359375 0.011523687580025609
0.0 0.533203125 0.7874519846350833 0.0068359375 0.011523687580025609
0.0 0.544921875 0.7900128040973111 0.005859375 0.010243277848911651
0.0 0.544921875 0.8028169014084507 0.005859375 0.011523687580025609
0.0 0.5458984375 0.8271446862996159 0.005859375 0.008962868117797696
0.0 0.5380859375 0.8181818181818182 0.005859375 0.010243277848911651
0.0 0.53515625 0.8361075544174136 0.0068359375 0.010243277848911651
0.0 0.5498046875 0.8425096030729834 0.0068359375 0.014084507042253521
0.0 0.5556640625 0.8156209987195903 0.005859375 0.010243277848911651
0.0 0.5810546875 0.852752880921895 0.0078125 0.014084507042253521
0.0 0.53125 0.6594110115236875 0.005859375 0.010243277848911651
0.0 0.5234375 0.674775928297055 0.0048828125 0.010243277848911651
0.0 0.5107421875 0.6632522407170295 0.0068359375 0.015364916773367477
0.0 0.5146484375 0.6811779769526248 0.0078125 0.012804097311139564
0.0 0.6083984375 0.7170294494238156 0.005859375 0.008962868117797696
0.0 0.609375 0.7003841229193342 0.0068359375 0.010243277848911651
0.0 0.5966796875 0.7003841229193342 0.00390625 0.0076824583866837385
0.0 0.603515625 0.6376440460947503 0.0048828125 0.0076824583866837385
0.0 0.59765625 0.7131882202304738 0.005859375 0.010243277848911651
0.0 0.5986328125 0.7272727272727273 0.005859375 0.010243277848911651
0.0 0.7119140625 0.674775928297055 0.0078125 0.011523687580025609
0.0 0.705078125 0.677336747759283 0.005859375 0.010243277848911651
0.0 0.6796875 0.7541613316261203 0.0048828125 0.008962868117797696
0.0 0.705078125 0.737516005121639 0.0048828125 0.0076824583866837385
0.0 0.7060546875 0.7605633802816901 0.005859375 0.008962868117797696
0.0 0.6884765625 0.7439180537772087 0.005859375 0.0076824583866837385
0.0 0.6962890625 0.7618437900128041 0.0048828125 0.010243277848911651
0.0 0.7021484375 0.7708066581306018 0.0048828125 0.0076824583866837385
0.0 0.6904296875 0.7746478873239436 0.0078125 0.008962868117797696
0.0 0.685546875 0.7720870678617158 0.0048828125 0.006402048655569782
0.0 0.6796875 0.8040973111395646 0.0048828125 0.011523687580025609
0.0 0.6796875 0.7912932138284251 0.005859375 0.008962868117797696
0.0 0.6943359375 0.7900128040973111 0.0048828125 0.008962868117797696
0.0 0.7001953125 0.7989756722151088 0.0048828125 0.008962868117797696
0.0 0.7197265625 0.8015364916773368 0.0078125 0.015364916773367477
0.0 0.708984375 0.7900128040973111 0.0068359375 0.014084507042253521
0.0 0.70703125 0.8156209987195903 0.005859375 0.010243277848911651
0.0 0.7177734375 0.8322663252240717 0.0068359375 0.011523687580025609
0.0 0.7041015625 0.8258642765685019 0.005859375 0.010243277848911651
0.0 0.7099609375 0.8373879641485276 0.0068359375 0.010243277848911651
0.0 0.6708984375 0.8181818181818182 0.0068359375 0.010243277848911651
0.0 0.681640625 0.8284250960307298 0.005859375 0.008962868117797696
0.0 0.6875 0.8501920614596671 0.0068359375 0.010243277848911651
0.0 0.7021484375 0.8565941101152369 0.005859375 0.0076824583866837385
0.0 0.73828125 0.8629961587708067 0.0087890625 0.0076824583866837385
0.0 0.6953125 0.8220230473751601 0.0068359375 0.011523687580025609
0.0 0.658203125 0.8412291933418694 0.0068359375 0.011523687580025609
0.0 0.765625 0.8233034571062741 0.005859375 0.0076824583866837385
0.0 0.767578125 0.8361075544174136 0.0068359375 0.008962868117797696
0.0 0.7744140625 0.8233034571062741 0.005859375 0.011523687580025609
0.0 0.787109375 0.8258642765685019 0.005859375 0.010243277848911651
0.0 0.798828125 0.8450704225352113 0.0068359375 0.010243277848911651
0.0 0.7939453125 0.8578745198463509 0.005859375 0.010243277848911651
0.0 0.783203125 0.8681177976952625 0.0068359375 0.010243277848911651
0.0 0.775390625 0.8578745198463509 0.0068359375 0.0076824583866837385
0.0 0.8046875 0.8681177976952625 0.0068359375 0.012804097311139564
0.0 0.83203125 0.7772087067861716 0.00390625 0.008962868117797696
0.0 0.8623046875 0.8079385403329066 0.0078125 0.019206145966709345
0.0 0.861328125 0.8220230473751601 0.005859375 0.010243277848911651
0.0 0.837890625 0.8194622279129321 0.005859375 0.010243277848911651
0.0 0.8330078125 0.8284250960307298 0.005859375 0.010243277848911651
0.0 0.8662109375 0.8514724711907811 0.005859375 0.011523687580025609
0.0 0.8671875 0.8335467349551856 0.0048828125 0.008962868117797696
0.0 0.8681640625 0.8758002560819462 0.0078125 0.012804097311139564
0.0 0.828125 0.7541613316261203 0.0048828125 0.0076824583866837385
0.0 0.837890625 0.736235595390525 0.0048828125 0.006402048655569782
0.0 0.8349609375 0.7451984635083226 0.0048828125 0.008962868117797696
0.0 0.8818359375 0.8079385403329066 0.005859375 0.0076824583866837385
0.0 0.884765625 0.7848911651728553 0.00390625 0.006402048655569782
0.0 0.873046875 0.7605633802816901 0.00390625 0.006402048655569782
0.0 0.8564453125 0.7528809218950064 0.0048828125 0.006402048655569782
0.0 0.87109375 0.7426376440460948 0.00390625 0.006402048655569782
0.0 0.8837890625 0.7426376440460948 0.00390625 0.005121638924455826
0.0 0.8857421875 0.7029449423815621 0.0048828125 0.008962868117797696
0.0 0.896484375 0.7720870678617158 0.00390625 0.006402048655569782
0.0 0.951171875 0.7784891165172856 0.0048828125 0.008962868117797696
0.0 0.9404296875 0.7695262483994878 0.00390625 0.006402048655569782
0.0 0.90625 0.7477592829705506 0.00390625 0.006402048655569782
0.0 0.9208984375 0.7759282970550576 0.00390625 0.006402048655569782
0.0 0.9306640625 0.7861715749039693 0.00390625 0.006402048655569782
0.0 0.92578125 0.765685019206146 0.0048828125 0.0076824583866837385
0.0 0.8544921875 0.7298335467349552 0.0048828125 0.008962868117797696
0.0 0.849609375 0.7157490396927016 0.00390625 0.0076824583866837385
0.0 0.84375 0.708066581306018 0.00390625 0.006402048655569782
0.0 0.8388671875 0.7170294494238156 0.005859375 0.008962868117797696
0.0 0.8203125 0.7298335467349552 0.0048828125 0.0076824583866837385
0.0 0.87890625 0.852752880921895 0.0068359375 0.010243277848911651
0.0 0.9501953125 0.8655569782330346 0.0068359375 0.011523687580025609
0.0 0.9384765625 0.8194622279129321 0.0078125 0.014084507042253521
0.0 0.8828125 0.8220230473751601 0.0078125 0.011523687580025609
0.0 0.8837890625 0.7746478873239436 0.005859375 0.008962868117797696
0.0 0.849609375 0.7823303457106274 0.0068359375 0.010243277848911651
0.0 0.0009765625 0.618437900128041 0.0068359375 0.014084507042253521
0.0 0.01171875 0.6722151088348272 0.0078125 0.011523687580025609
0.0 0.005859375 0.6837387964148528 0.0078125 0.011523687580025609
0.0 0.0009765625 0.708066581306018 0.0087890625 0.012804097311139564
0.0 0.021484375 0.708066581306018 0.0068359375 0.012804097311139564
0.0 0.0107421875 0.6952624839948783 0.005859375 0.012804097311139564
0.0 0.02734375 0.704225352112676 0.0068359375 0.011523687580025609
0.0 0.029296875 0.6862996158770807 0.0078125 0.011523687580025609
0.0 0.03515625 0.6709346991037132 0.0068359375 0.011523687580025609
0.0 0.048828125 0.7016645326504481 0.0068359375 0.008962868117797696
0.0 0.0546875 0.6901408450704225 0.0068359375 0.010243277848911651
0.0 0.07421875 0.6837387964148528 0.0068359375 0.008962868117797696
0.0 0.0693359375 0.6927016645326505 0.0068359375 0.008962868117797696
0.0 0.04296875 0.7221510883482715 0.0068359375 0.011523687580025609
0.0 0.06640625 0.7119078104993598 0.009765625 0.012804097311139564
0.0 0.0712890625 0.70550576184379 0.005859375 0.008962868117797696
0.0 0.0927734375 0.6927016645326505 0.0068359375 0.010243277848911651
0.0 0.0966796875 0.6824583866837388 0.0068359375 0.011523687580025609
0.0 0.0927734375 0.7234314980793854 0.0087890625 0.011523687580025609
0.0 0.095703125 0.7477592829705506 0.0078125 0.011523687580025609
0.0 0.115234375 0.734955185659411 0.0078125 0.011523687580025609
0.0 0.09375 0.7592829705505761 0.0078125 0.010243277848911651
0.0 0.080078125 0.7746478873239436 0.0087890625 0.011523687580025609
0.0 0.02734375 0.7323943661971831 0.0087890625 0.011523687580025609
0.0 0.1728515625 0.7131882202304738 0.0087890625 0.012804097311139564
0.0 0.1748046875 0.7298335467349552 0.0078125 0.012804097311139564
0.0 0.1728515625 0.7451984635083226 0.0078125 0.010243277848911651
0.0 0.166015625 0.7503201024327785 0.0087890625 0.014084507042253521
0.0 0.1669921875 0.8002560819462228 0.0078125 0.015364916773367477
0.0 0.1611328125 0.7874519846350833 0.0078125 0.015364916773367477
0.0 0.1845703125 0.734955185659411 0.01171875 0.020486555697823303
0.0 0.3984375 0.8373879641485276 0.0126953125 0.016645326504481434
0.0 0.8896484375 0.765685019206146 0.0048828125 0.006402048655569782
0.0 0.89453125 0.7451984635083226 0.0068359375 0.008962868117797696
0.0 0.919921875 0.7861715749039693 0.0048828125 0.006402048655569782
0.0 0.837890625 0.7567221510883483 0.0048828125 0.005121638924455826
0.0 0.0244140625 0.5697823303457106 0.005859375 0.010243277848911651
0.0 0.95703125 0.8463508322663252 0.0068359375 0.0076824583866837385
0.0 0.9775390625 0.8284250960307298 0.0068359375 0.010243277848911651
0.0 0.9912109375 0.8361075544174136 0.0078125 0.011523687580025609
0.0 0.9833984375 0.8028169014084507 0.005859375 0.0076824583866837385
0.0 0.9677734375 0.7976952624839949 0.0048828125 0.0076824583866837385
0.0 0.95703125 0.7887323943661971 0.005859375 0.0076824583866837385
0.0 0.8505859375 0.8002560819462228 0.005859375 0.0076824583866837385
0.0 0.8193359375 0.7592829705505761 0.0048828125 0.006402048655569782
0.0 0.822265625 0.6965428937259923 0.0048828125 0.0076824583866837385
0.0 0.8173828125 0.6875800256081946 0.005859375 0.010243277848911651
0.0 0.8154296875 0.6645326504481434 0.00390625 0.006402048655569782
0.0 0.8271484375 0.6683738796414853 0.00390625 0.005121638924455826
0.0 0.83203125 0.6978233034571063 0.00390625 0.008962868117797696
0.0 0.8671875 0.6939820742637645 0.0048828125 0.006402048655569782
0.0 0.876953125 0.7311139564660691 0.0048828125 0.0076824583866837385
0.0 0.859375 0.7195902688860435 0.0048828125 0.0076824583866837385
0.0 0.8388671875 0.7311139564660691 0.00390625 0.0076824583866837385
0.0 0.8330078125 0.7183098591549296 0.0048828125 0.006402048655569782
0.0 0.84375 0.7272727272727273 0.0048828125 0.006402048655569782
0.0 0.8486328125 0.7541613316261203 0.005859375 0.0076824583866837385
0.0 0.9013671875 0.7311139564660691 0.00390625 0.0076824583866837385
0.0 0.908203125 0.7183098591549296 0.0048828125 0.0076824583866837385
0.0 0.91796875 0.7503201024327785 0.0048828125 0.006402048655569782
0.0 0.93359375 0.7580025608194623 0.0048828125 0.0076824583866837385
0.0 0.9306640625 0.7387964148527529 0.0048828125 0.006402048655569782
0.0 0.8916015625 0.737516005121639 0.005859375 0.0076824583866837385
0.0 0.9541015625 0.7387964148527529 0.005859375 0.0076824583866837385
0.0 0.943359375 0.7336747759282971 0.005859375 0.006402048655569782
0.0 0.9677734375 0.7387964148527529 0.0068359375 0.0076824583866837385
0.0 0.994140625 0.7413572343149808 0.005859375 0.0076824583866837385
0.0 0.98046875 0.7400768245838668 0.005859375 0.0076824583866837385
0.0 0.98828125 0.7503201024327785 0.0048828125 0.006402048655569782
0.0 0.9716796875 0.7605633802816901 0.005859375 0.0076824583866837385
0.0 0.982421875 0.7759282970550576 0.005859375 0.008962868117797696
0.0 0.931640625 0.7746478873239436 0.005859375 0.0076824583866837385
0.0 0.9052734375 0.7618437900128041 0.005859375 0.006402048655569782
0.0 0.9140625 0.7695262483994878 0.0048828125 0.006402048655569782
0.0 0.9912109375 0.7234314980793854 0.0078125 0.008962868117797696
0.0 0.8642578125 0.6440460947503202 0.0048828125 0.006402048655569782
0.0 0.9052734375 0.6594110115236875 0.00390625 0.006402048655569782
0.0 0.873046875 0.6581306017925737 0.0029296875 0.0038412291933418692
0.0 0.9716796875 0.677336747759283 0.0029296875 0.005121638924455826
0.0 0.98046875 0.6837387964148528 0.00390625 0.005121638924455826
0.0 0.953125 0.6645326504481434 0.00390625 0.005121638924455826
0.0 0.96875 0.6952624839948783 0.0048828125 0.006402048655569782
0.0 0.908203125 0.6734955185659411 0.005859375 0.0076824583866837385
0.0 0.142578125 0.5723431498079385 0.005859375 0.0076824583866837385
0.0 0.1533203125 0.5710627400768246 0.0078125 0.008962868117797696
0.0 0.1552734375 0.587708066581306 0.0068359375 0.011523687580025609
0.0 0.0595703125 0.5172855313700384 0.0048828125 0.010243277848911651
0.0 0.109375 0.5377720870678617 0.00390625 0.0076824583866837385
0.0 0.1357421875 0.5403329065300896 0.005859375 0.008962868117797696
0.0 0.1533203125 0.558258642765685 0.005859375 0.008962868117797696
0.0 0.0810546875 0.6376440460947503 0.0068359375 0.011523687580025609
