0.0 0.3857421875 0.11197916666666667 0.099609375 0.19010416666666666
0.0 0.85498046875 0.134765625 0.0302734375 0.055989583333333336
0.0 0.66015625 0.271484375 0.0234375 0.040364583333333336
0.0 0.30859375 0.4459635416666667 0.029296875 0.06380208333333333
0.0 0.21435546875 0.7682291666666666 0.0576171875 0.12760416666666666
0.0 0.8125 0.5592447916666666 0.0078125 0.016927083333333332
0.0 0.82080078125 0.6595052083333334 0.0107421875 0.024739583333333332
0.0 0.9609375 0.7356770833333334 0.00390625 0.0078125
0.0 0.96728515625 0.7513020833333334 0.0048828125 0.0078125
0.0 0.98681640625 0.7506510416666666 0.0048828125 0.009114583333333334
0.0 0.99462890625 0.7356770833333334 0.0048828125 0.010416666666666666
0.0 0.98779296875 0.76171875 0.0048828125 0.0078125
0.0 0.96630859375 0.7610677083333334 0.0048828125 0.006510416666666667
0.0 0.97119140625 0.7734375 0.0048828125 0.010416666666666666
0.0 0.9765625 0.7903645833333334 0.005859375 0.010416666666666666
0.0 0.990234375 0.7779947916666666 0.005859375 0.009114583333333334
0.0 0.98974609375 0.8092447916666666 0.0048828125 0.009114583333333334
0.0 0.8857421875 0.8326822916666666 0.005859375 0.01171875
0.0 0.86279296875 0.869140625 0.0068359375 0.01171875
0.0 0.88037109375 0.8483072916666666 0.0068359375 0.01171875
0.0 0.9462890625 0.8430989583333334 0.005859375 0.009114583333333334
0.0 0.87060546875 0.7747395833333334 0.0048828125 0.0078125
0.0 0.8818359375 0.7942708333333334 0.005859375 0.010416666666666666
0.0 0.87890625 0.8079427083333334 0.005859375 0.009114583333333334
0.0 0.86279296875 0.8372395833333334 0.0048828125 0.0078125
0.0 0.90087890625 0.8111979166666666 0.0048828125 0.010416666666666666
0.0 0.88134765625 0.708984375 0.0048828125 0.009114583333333334
0.0 0.86083984375 0.6966145833333334 0.0048828125 0.0078125
0.0 0.861328125 0.7317708333333334 0.00390625 0.005208333333333333
0.0 0.8828125 0.7298177083333334 0.00390625 0.006510416666666667
0.0 0.82177734375 0.7630208333333334 0.0068359375 0.013020833333333334
0.0 0.86474609375 0.9140625 0.0068359375 0.010416666666666666
0.0 0.8720703125 0.8984375 0.005859375 0.010416666666666666
0.0 0.876953125 0.8854166666666666 0.005859375 0.010416666666666666
0.0 0.92236328125 0.8977864583333334 0.0048828125 0.009114583333333334
0.0 0.9150390625 0.9153645833333334 0.00390625 0.0078125
0.0 0.953125 0.9029947916666666 0.005859375 0.009114583333333334
0.0 0.94287109375 0.9348958333333334 0.0068359375 0.013020833333333334
0.0 0.80517578125 0.6686197916666666 0.0146484375 0.024739583333333332
0.0 0.79345703125 0.8177083333333334 0.0029296875 0.005208333333333333
0.0 0.8544921875 0.8365885416666666 0.005859375 0.01171875
0.0 0.89501953125 0.8522135416666666 0.0068359375 0.01171875
0.0 0.85546875 0.8619791666666666 0.0078125 0.0078125
0.0 0.86279296875 0.7981770833333334 0.0048828125 0.0078125
0.0 0.93798828125 0.21484375 0.0224609375 0.03125
