0.0 0.02685546875 0.04328523862375139 0.0126953125 0.01997780244173141
0.0 0.05712890625 0.04716981132075472 0.0126953125 0.023307436182019976
0.0 0.0380859375 0.07602663706992231 0.013671875 0.021087680355160933
0.0 0.0185546875 0.0932297447280799 0.015625 0.017758046614872364
0.0 0.01904296875 0.1392896781354051 0.0166015625 0.023307436182019976
0.0 0.064453125 0.1281908990011099 0.017578125 0.023307436182019976
0.0 0.1015625 0.14594894561598223 0.013671875 0.023307436182019976
0.0 0.07470703125 0.11098779134295228 0.0166015625 0.022197558268590455
0.0 0.07568359375 0.08490566037735849 0.0146484375 0.021087680355160933
0.0 0.095703125 0.04772475027746948 0.013671875 0.0244173140954495
0.0 0.10009765625 0.02386237513873474 0.0126953125 0.018867924528301886
0.0 0.1484375 0.014983351831298557 0.01171875 0.021087680355160933
0.0 0.18359375 0.017203107658157604 0.013671875 0.021087680355160933
0.0 0.16748046875 0.08990011098779134 0.0126953125 0.01997780244173141
0.0 0.1494140625 0.1564927857935627 0.013671875 0.022197558268590455
0.0 0.20068359375 0.1509433962264151 0.0146484375 0.0244173140954495
0.0 0.2021484375 0.08268590455049944 0.01171875 0.021087680355160933
0.0 0.23828125 0.06881243063263041 0.013671875 0.022197558268590455
0.0 0.22021484375 0.02774694783573807 0.0126953125 0.01997780244173141
0.0 0.25390625 0.010543840177580466 0.013671875 0.016648168701442843
0.0 0.55126953125 0.07436182019977802 0.0146484375 0.022197558268590455
0.0 0.5693359375 0.13263041065482797 0.015625 0.021087680355160933
0.0 0.69970703125 0.1309655937846837 0.0166015625 0.01997780244173141
0.0 0.78564453125 0.12874583795782463 0.0166015625 0.022197558268590455
0.0 0.8984375 0.12652608213096558 0.017578125 0.01997780244173141
0.0 0.8857421875 0.17203107658157601 0.013671875 0.01997780244173141
0.0 0.8935546875 0.2097669256381798 0.017578125 0.026637069922308545
0.0 0.72021484375 0.18701442841287458 0.0146484375 0.016648168701442843
0.0 0.7490234375 0.17758046614872364 0.013671875 0.0244173140954495
0.0 0.8359375 0.03607103218645949 0.013671875 0.023307436182019976
0.0 0.92626953125 0.05382907880133185 0.0146484375 0.023307436182019976
0.0 0.71337890625 0.07880133185349611 0.0126953125 0.01997780244173141
0.0 0.66796875 0.0732519422863485 0.013671875 0.022197558268590455
0.0 0.541015625 0.23473917869034405 0.04296875 0.07436182019977802
0.0 0.513671875 0.12985571587125416 0.017578125 0.026637069922308545
0.0 0.39111328125 0.20921198668146504 0.0224609375 0.03662597114317425
0.0 0.34912109375 0.17203107658157601 0.0009765625 0.0
0.0 0.37890625 0.1881243063263041 0.0234375 0.041065482796892344
0.0 0.47314453125 0.290788013318535 0.0498046875 0.08657047724750278
0.0 0.97998046875 0.05715871254162042 0.0146484375 0.023307436182019976
0.0 0.99072265625 0.2180910099889012 0.0166015625 0.07214206437291898
0.0 0.64306640625 0.1997780244173141 0.0166015625 0.0244173140954495
0.0 0.5205078125 0.19478357380688124 0.015625 0.025527192008879023
0.0 0.79052734375 0.050499445061043285 0.0126953125 0.018867924528301886
0.0 0.67529296875 0.016648168701442843 0.0126953125 0.011098779134295227
0.0 0.0341796875 0.026082130965593784 0.01171875 0.016648168701442843
0.0 0.4287109375 0.006659267480577136 0.013671875 0.013318534961154272
