0.0 0.2138671875 0.5911458333333334 0.017578125 0.032552083333333336
0.0 0.26171875 0.59375 0.0185546875 0.029947916666666668
0.0 0.3291015625 0.5950520833333334 0.017578125 0.02734375
0.0 0.3251953125 0.56640625 0.0185546875 0.029947916666666668
0.0 0.353515625 0.5625 0.013671875 0.026041666666666668
0.0 0.3779296875 0.58203125 0.015625 0.0234375
0.0 0.39453125 0.5989583333333334 0.015625 0.024739583333333332
0.0 0.39453125 0.625 0.0224609375 0.03515625
0.0 0.40625 0.5520833333333334 0.017578125 0.024739583333333332
0.0 0.390625 0.515625 0.0146484375 0.026041666666666668
0.0 0.357421875 0.5 0.015625 0.024739583333333332
0.0 0.3037109375 0.5208333333333334 0.015625 0.024739583333333332
0.0 0.265625 0.5638020833333334 0.0146484375 0.028645833333333332
0.0 0.2734375 0.546875 0.013671875 0.026041666666666668
0.0 0.2421875 0.5052083333333334 0.0146484375 0.02734375
0.0 0.298828125 0.4739583333333333 0.017578125 0.028645833333333332
0.0 0.29296875 0.4322916666666667 0.015625 0.024739583333333332
0.0 0.234375 0.4401041666666667 0.0166015625 0.024739583333333332
0.0 0.1171875 0.5403645833333334 0.0244140625 0.04296875
0.0 0.044921875 0.5377604166666666 0.0244140625 0.044270833333333336
0.0 0.025390625 0.578125 0.0283203125 0.049479166666666664
0.0 0.02734375 0.5026041666666666 0.0234375 0.040364583333333336
0.0 0.0341796875 0.4765625 0.0224609375 0.0390625
0.0 0.1259765625 0.4973958333333333 0.025390625 0.041666666666666664
0.0 0.1357421875 0.4700520833333333 0.0205078125 0.036458333333333336
0.0 0.087890625 0.3971354166666667 0.0234375 0.044270833333333336
0.0 0.001953125 0.3463541666666667 0.0244140625 0.044270833333333336
0.0 0.2060546875 0.5533854166666666 0.0166015625 0.026041666666666668
0.0 0.205078125 0.4856770833333333 0.0107421875 0.018229166666666668
0.0 0.1875 0.4401041666666667 0.013671875 0.0234375
0.0 0.2421875 0.40234375 0.015625 0.026041666666666668
0.0 0.2529296875 0.37109375 0.01171875 0.020833333333333332
0.0 0.298828125 0.40234375 0.0146484375 0.01953125
0.0 0.294921875 0.37109375 0.0107421875 0.018229166666666668
0.0 0.3466796875 0.3723958333333333 0.0146484375 0.022135416666666668
0.0 0.3955078125 0.39453125 0.0166015625 0.026041666666666668
0.0 0.4130859375 0.421875 0.017578125 0.0234375
0.0 0.3583984375 0.4401041666666667 0.013671875 0.024739583333333332
0.0 0.4111328125 0.47265625 0.0166015625 0.02734375
0.0 0.3662109375 0.4153645833333333 0.01171875 0.022135416666666668
0.0 0.43359375 0.5625 0.0185546875 0.033854166666666664
0.0 0.23046875 0.3450520833333333 0.0146484375 0.01953125
0.0 0.0751953125 0.2994791666666667 0.0244140625 0.041666666666666664
0.0 0.0869140625 0.24088541666666666 0.0224609375 0.0390625
0.0 0.1474609375 0.3567708333333333 0.0234375 0.03515625
0.0 0.173828125 0.2916666666666667 0.0185546875 0.037760416666666664
0.0 0.1826171875 0.24348958333333334 0.0166015625 0.02734375
0.0 0.2421875 0.3020833333333333 0.0126953125 0.01953125
0.0 0.271484375 0.3190104166666667 0.017578125 0.02734375
0.0 0.2880859375 0.2903645833333333 0.0166015625 0.024739583333333332
0.0 0.337890625 0.2994791666666667 0.013671875 0.0234375
0.0 0.384765625 0.28125 0.0146484375 0.024739583333333332
0.0 0.3837890625 0.2526041666666667 0.013671875 0.0234375
0.0 0.3427734375 0.2591145833333333 0.0126953125 0.018229166666666668
0.0 0.279296875 0.24739583333333334 0.0146484375 0.022135416666666668
0.0 0.2568359375 0.26953125 0.01171875 0.01953125
0.0 0.2451171875 0.23177083333333334 0.013671875 0.018229166666666668
0.0 0.2998046875 0.22526041666666666 0.013671875 0.0234375
0.0 0.3408203125 0.203125 0.013671875 0.0234375
0.0 0.3798828125 0.21875 0.013671875 0.022135416666666668
0.0 0.404296875 0.21354166666666666 0.0126953125 0.01953125
0.0 0.43359375 0.1875 0.0107421875 0.015625
0.0 0.4765625 0.21354166666666666 0.0126953125 0.020833333333333332
0.0 0.3740234375 0.18229166666666666 0.013671875 0.020833333333333332
0.0 0.34765625 0.1484375 0.013671875 0.01953125
0.0 0.373046875 0.13541666666666666 0.01171875 0.01953125
0.0 0.4287109375 0.15364583333333334 0.0087890625 0.01953125
0.0 0.443359375 0.15885416666666666 0.009765625 0.016927083333333332
0.0 0.27734375 0.20182291666666666 0.013671875 0.0234375
0.0 0.3876953125 0.3307291666666667 0.015625 0.026041666666666668
0.0 0.3134765625 0.08984375 0.0087890625 0.01953125
0.0 0.267578125 0.17578125 0.01171875 0.018229166666666668
0.0 0.244140625 0.20963541666666666 0.0126953125 0.018229166666666668
0.0 0.3076171875 0.15364583333333334 0.0126953125 0.020833333333333332
0.0 0.4365234375 0.078125 0.009765625 0.01953125
0.0 0.40234375 0.07942708333333333 0.0107421875 0.01953125
0.0 0.3603515625 0.07942708333333333 0.013671875 0.024739583333333332
0.0 0.3701171875 0.048177083333333336 0.01171875 0.016927083333333332
0.0 0.310546875 0.05859375 0.009765625 0.01953125
0.0 0.4296875 0.022135416666666668 0.0087890625 0.016927083333333332
0.0 0.4443359375 0.029947916666666668 0.009765625 0.01953125
0.0 0.4912109375 0.032552083333333336 0.0107421875 0.018229166666666668
0.0 0.478515625 0.11067708333333333 0.0107421875 0.015625
0.0 0.421875 0.06510416666666667 0.009765625 0.01953125
0.0 0.568359375 0.2552083333333333 0.013671875 0.0234375
0.0 0.56640625 0.19270833333333334 0.0126953125 0.024739583333333332
0.0 0.51953125 0.203125 0.01171875 0.01953125
0.0 0.6083984375 0.16536458333333334 0.009765625 0.015625
0.0 0.6123046875 0.18880208333333334 0.01171875 0.020833333333333332
0.0 0.6220703125 0.16015625 0.0087890625 0.015625
0.0 0.65625 0.16796875 0.0107421875 0.020833333333333332
0.0 0.650390625 0.13932291666666666 0.0087890625 0.018229166666666668
0.0 0.6279296875 0.26171875 0.01171875 0.020833333333333332
0.0 0.580078125 0.30078125 0.0146484375 0.022135416666666668
0.0 0.5615234375 0.34375 0.01171875 0.018229166666666668
0.0 0.8193359375 0.5481770833333334 0.0263671875 0.045572916666666664
0.0 0.9169921875 0.5546875 0.021484375 0.044270833333333336
0.0 0.9384765625 0.5208333333333334 0.025390625 0.044270833333333336
0.0 0.6142578125 0.5924479166666666 0.017578125 0.03125
0.0 0.65625 0.62109375 0.0126953125 0.024739583333333332
0.0 0.70703125 0.6002604166666666 0.015625 0.02734375
0.0 0.5927734375 0.5559895833333334 0.013671875 0.028645833333333332
0.0 0.65234375 0.5755208333333334 0.013671875 0.022135416666666668
0.0 0.693359375 0.5690104166666666 0.0126953125 0.020833333333333332
0.0 0.7158203125 0.546875 0.0146484375 0.024739583333333332
0.0 0.65234375 0.5234375 0.013671875 0.01953125
0.0 0.7421875 0.58203125 0.0126953125 0.018229166666666668
0.0 0.765625 0.5559895833333334 0.01171875 0.020833333333333332
0.0 0.7548828125 0.4778645833333333 0.01171875 0.022135416666666668
0.0 0.7890625 0.4895833333333333 0.013671875 0.020833333333333332
0.0 0.6982421875 0.4908854166666667 0.013671875 0.022135416666666668
0.0 0.65625 0.4856770833333333 0.013671875 0.0234375
0.0 0.6591796875 0.4361979166666667 0.013671875 0.026041666666666668
0.0 0.615234375 0.44140625 0.013671875 0.024739583333333332
0.0 0.7236328125 0.45703125 0.01171875 0.01953125
0.0 0.728515625 0.4036458333333333 0.01171875 0.01953125
0.0 0.76953125 0.39453125 0.013671875 0.020833333333333332
0.0 0.7470703125 0.3515625 0.013671875 0.020833333333333332
0.0 0.9150390625 0.4739583333333333 0.0185546875 0.03515625
0.0 0.8955078125 0.4440104166666667 0.0234375 0.033854166666666664
0.0 0.875 0.5143229166666666 0.021484375 0.03515625
0.0 0.7314453125 0.31640625 0.0146484375 0.0234375
0.0 0.7060546875 0.3294270833333333 0.013671875 0.020833333333333332
0.0 0.8095703125 0.3098958333333333 0.0107421875 0.020833333333333332
0.0 0.7919921875 0.29296875 0.01171875 0.01953125
0.0 0.73046875 0.26171875 0.01171875 0.01953125
0.0 0.728515625 0.234375 0.009765625 0.01953125
0.0 0.755859375 0.23046875 0.01171875 0.014322916666666666
0.0 0.67578125 0.20182291666666666 0.0126953125 0.018229166666666668
0.0 0.6962890625 0.16536458333333334 0.013671875 0.016927083333333332
0.0 0.685546875 0.14973958333333334 0.0126953125 0.016927083333333332
0.0 0.9521484375 0.3736979166666667 0.025390625 0.0390625
0.0 0.46875 0.1796875 0.0126953125 0.0234375
