0.0 0.0126953125 0.353968253968254 0.009765625 0.02857142857142857
0.0 0.02880859375 0.37936507936507935 0.0146484375 0.022222222222222223
0.0 0.0419921875 0.41825396825396827 0.01953125 0.03015873015873016
0.0 0.02783203125 0.45555555555555555 0.0166015625 0.031746031746031744
0.0 0.146484375 0.34444444444444444 0.013671875 0.022222222222222223
0.0 0.12646484375 0.38015873015873014 0.0146484375 0.03333333333333333
0.0 0.18017578125 0.557936507936508 0.0146484375 0.03333333333333333
0.0 0.162109375 0.5166666666666667 0.017578125 0.03333333333333333
0.0 0.16943359375 0.6198412698412699 0.0185546875 0.04285714285714286
0.0 0.12060546875 0.5984126984126984 0.0166015625 0.044444444444444446
0.0 0.0966796875 0.5555555555555556 0.0234375 0.04126984126984127
0.0 0.02685546875 0.5928571428571429 0.0302734375 0.0746031746031746
0.0 0.19921875 0.6206349206349207 0.025390625 0.044444444444444446
0.0 0.2470703125 0.6714285714285714 0.015625 0.044444444444444446
0.0 0.19091796875 0.6698412698412698 0.0205078125 0.04126984126984127
0.0 0.1865234375 0.7142857142857143 0.01953125 0.04126984126984127
0.0 0.16552734375 0.7865079365079365 0.0263671875 0.049206349206349205
0.0 0.1181640625 0.7222222222222222 0.0234375 0.04126984126984127
0.0 0.1123046875 0.6642857142857143 0.01953125 0.046031746031746035
0.0 0.04296875 0.6492063492063492 0.03515625 0.0761904761904762
0.0 0.19091796875 0.326984126984127 0.0146484375 0.03492063492063492
0.0 0.2080078125 0.45714285714285713 0.01953125 0.03492063492063492
0.0 0.3251953125 0.38015873015873014 0.03125 0.10317460317460317
0.0 0.35546875 0.35634920634920636 0.015625 0.026984126984126985
0.0 0.42626953125 0.4666666666666667 0.0185546875 0.0380952380952381
0.0 0.4140625 0.6801587301587302 0.021484375 0.03968253968253968
0.0 0.076171875 0.580952380952381 0.017578125 0.047619047619047616
0.0 0.5771484375 0.3333333333333333 0.01953125 0.04126984126984127
0.0 0.4775390625 0.376984126984127 0.013671875 0.026984126984126985
0.0 0.4609375 0.41904761904761906 0.017578125 0.03492063492063492
0.0 0.48193359375 0.4666666666666667 0.0224609375 0.047619047619047616
0.0 0.44091796875 0.40634920634920635 0.0126953125 0.031746031746031744
0.0 0.4384765625 0.5277777777777778 0.017578125 0.03650793650793651
0.0 0.43701171875 0.5833333333333334 0.0205078125 0.03968253968253968
0.0 0.46630859375 0.6626984126984127 0.0224609375 0.049206349206349205
0.0 0.55419921875 0.4396825396825397 0.0556640625 0.11428571428571428
0.0 0.45166015625 0.8126984126984127 0.0185546875 0.0380952380952381
0.0 0.23388671875 0.7849206349206349 0.0205078125 0.03333333333333333
0.0 0.697265625 0.41984126984126985 0.017578125 0.03650793650793651
0.0 0.716796875 0.4579365079365079 0.021484375 0.03333333333333333
0.0 0.7158203125 0.3753968253968254 0.01953125 0.04285714285714286
0.0 0.7548828125 0.3261904761904762 0.021484375 0.03968253968253968
0.0 0.76318359375 0.37222222222222223 0.0205078125 0.03968253968253968
0.0 0.8203125 0.33015873015873015 0.017578125 0.044444444444444446
0.0 0.798828125 0.41984126984126985 0.015625 0.03968253968253968
0.0 0.8408203125 0.4 0.017578125 0.0380952380952381
0.0 0.8251953125 0.4801587301587302 0.021484375 0.04285714285714286
0.0 0.82177734375 0.5841269841269842 0.0185546875 0.04126984126984127
0.0 0.81005859375 0.6309523809523809 0.0185546875 0.04285714285714286
0.0 0.79443359375 0.546031746031746 0.0166015625 0.04126984126984127
0.0 0.732421875 0.4793650793650794 0.076171875 0.08253968253968254
0.0 0.923828125 0.3380952380952381 0.01953125 0.04126984126984127
0.0 0.9931640625 0.3515873015873016 0.01171875 0.03968253968253968
0.0 0.986328125 0.40555555555555556 0.015625 0.03968253968253968
0.0 0.97607421875 0.4658730158730159 0.0224609375 0.04285714285714286
0.0 0.89306640625 0.37936507936507935 0.0166015625 0.047619047619047616
0.0 0.89453125 0.4222222222222222 0.01953125 0.044444444444444446
0.0 0.8974609375 0.46984126984126984 0.017578125 0.04126984126984127
0.0 0.84375 0.5388888888888889 0.01953125 0.04285714285714286
0.0 0.9189453125 0.5182539682539683 0.0234375 0.046031746031746035
0.0 0.98681640625 0.5412698412698412 0.0166015625 0.04126984126984127
0.0 0.92236328125 0.5825396825396826 0.0224609375 0.044444444444444446
0.0 0.78076171875 0.6984126984126984 0.0224609375 0.047619047619047616
0.0 0.724609375 0.7738095238095238 0.017578125 0.03968253968253968
0.0 0.7333984375 0.819047619047619 0.0234375 0.050793650793650794
0.0 0.8388671875 0.8150793650793651 0.029296875 0.05555555555555555
0.0 0.8818359375 0.7444444444444445 0.02734375 0.06031746031746032
0.0 0.91455078125 0.776984126984127 0.0224609375 0.04285714285714286
0.0 0.96826171875 0.6404761904761904 0.0244140625 0.05555555555555555
0.0 0.93408203125 0.6888888888888889 0.0244140625 0.06031746031746032
