0.0 0.96728515625 0.13972602739726028 0.0087890625 0.0136986301369863
0.0 0.7783203125 0.1506849315068493 0.005859375 0.010958904109589041
0.0 0.84033203125 0.13493150684931507 0.0068359375 0.015068493150684932
0.0 0.49462890625 0.13561643835616438 0.0205078125 0.03287671232876712
0.0 0.5556640625 0.15 0.01953125 0.03424657534246575
0.0 0.712890625 0.20136986301369864 0.056640625 0.08767123287671233
0.0 0.669921875 0.07808219178082192 0.02734375 0.04657534246575343
0.0 0.302734375 0.18904109589041096 0.05859375 0.09315068493150686
0.0 0.4560546875 0.16027397260273973 0.0078125 0.0136986301369863
0.0 0.7978515625 0.13904109589041097 0.0078125 0.015068493150684932
