0.0 0.560546875 0.1578590785907859 0.06640625 0.07317073170731707
0.0 0.4091796875 0.3268970189701897 0.0859375 0.07655826558265583
0.0 0.7734375 0.4217479674796748 0.05078125 0.03997289972899729
0.0 0.10986328125 0.37296747967479676 0.0068359375 0.006097560975609756
0.0 0.095703125 0.37296747967479676 0.005859375 0.007452574525745257
0.0 0.119140625 0.3790650406504065 0.00390625 0.006097560975609756
0.0 0.0869140625 0.3617886178861789 0.00390625 0.005420054200542005
0.0 0.0673828125 0.3807588075880759 0.005859375 0.005420054200542005
0.0 0.04443359375 0.35704607046070463 0.0048828125 0.005420054200542005
0.0 0.0283203125 0.35331978319783197 0.005859375 0.006097560975609756
0.0 0.0380859375 0.37974254742547425 0.00390625 0.0047425474254742545
0.0 0.05078125 0.38245257452574527 0.00390625 0.0047425474254742545
0.0 0.01953125 0.3794037940379404 0.005859375 0.005420054200542005
0.0 0.009765625 0.3709349593495935 0.005859375 0.006097560975609756
0.0 0.01611328125 0.391260162601626 0.0068359375 0.006097560975609756
0.0 0.02880859375 0.391260162601626 0.0068359375 0.006097560975609756
0.0 0.05078125 0.3970189701897019 0.005859375 0.005420054200542005
0.0 0.06640625 0.3997289972899729 0.005859375 0.006775067750677507
0.0 0.01171875 0.40582655826558267 0.0078125 0.006775067750677507
0.0 0.01318359375 0.41836043360433606 0.0068359375 0.0047425474254742545
0.0 0.03173828125 0.42276422764227645 0.0068359375 0.006775067750677507
0.0 0.02685546875 0.4109078590785908 0.0068359375 0.007452574525745257
0.0 0.0234375 0.40040650406504064 0.005859375 0.006775067750677507
0.0 0.033203125 0.4024390243902439 0.00390625 0.005420054200542005
0.0 0.05029296875 0.40616531165311653 0.0068359375 0.007452574525745257
0.0 0.0419921875 0.412940379403794 0.005859375 0.0047425474254742545
0.0 0.052734375 0.41700542005420055 0.005859375 0.006097560975609756
0.0 0.05078125 0.4254742547425474 0.0078125 0.006775067750677507
0.0 0.07177734375 0.40989159891598914 0.0068359375 0.006775067750677507
0.0 0.0732421875 0.39803523035230354 0.00390625 0.0047425474254742545
0.0 0.0810546875 0.40040650406504064 0.00390625 0.005420054200542005
0.0 0.09619140625 0.4095528455284553 0.0048828125 0.006097560975609756
0.0 0.087890625 0.4173441734417344 0.00390625 0.006775067750677507
0.0 0.08203125 0.42513550135501355 0.005859375 0.0047425474254742545
0.0 0.07958984375 0.4180216802168022 0.0048828125 0.006775067750677507
0.0 0.1123046875 0.4051490514905149 0.005859375 0.006775067750677507
0.0 0.13818359375 0.39668021680216803 0.0048828125 0.0047425474254742545
0.0 0.162109375 0.4095528455284553 0.005859375 0.006097560975609756
0.0 0.1318359375 0.4173441734417344 0.005859375 0.005420054200542005
0.0 0.109375 0.4122628726287263 0.005859375 0.0047425474254742545
0.0 0.07861328125 0.40887533875338755 0.0048828125 0.0047425474254742545
0.0 0.10498046875 0.4190379403794038 0.0048828125 0.0047425474254742545
0.0 0.12109375 0.41565040650406504 0.00390625 0.0047425474254742545
0.0 0.1484375 0.4281842818428184 0.005859375 0.005420054200542005
0.0 0.138671875 0.42784552845528456 0.005859375 0.0047425474254742545
0.0 0.1279296875 0.4254742547425474 0.005859375 0.005420054200542005
0.0 0.125 0.4356368563685637 0.005859375 0.005420054200542005
0.0 0.134765625 0.4383468834688347 0.005859375 0.005420054200542005
0.0 0.1494140625 0.4410569105691057 0.005859375 0.005420054200542005
0.0 0.16064453125 0.44579945799457993 0.0068359375 0.005420054200542005
0.0 0.1123046875 0.4325880758807588 0.005859375 0.006097560975609756
0.0 0.0888671875 0.43191056910569103 0.005859375 0.006097560975609756
0.0 0.10400390625 0.43970189701897017 0.0068359375 0.006775067750677507
0.0 0.0712890625 0.43360433604336046 0.005859375 0.006775067750677507
0.0 0.07275390625 0.44342818428184283 0.0068359375 0.007452574525745257
0.0 0.0810546875 0.37669376693766937 0.005859375 0.005420054200542005
0.0 0.08740234375 0.44342818428184283 0.0068359375 0.007452574525745257
0.0 0.05224609375 0.4349593495934959 0.0068359375 0.006775067750677507
0.0 0.06640625 0.4400406504065041 0.005859375 0.006097560975609756
0.0 0.07861328125 0.45121951219512196 0.0068359375 0.006775067750677507
0.0 0.10205078125 0.4478319783197832 0.0048828125 0.006775067750677507
0.0 0.12158203125 0.4508807588075881 0.0048828125 0.006097560975609756
0.0 0.09521484375 0.453929539295393 0.0068359375 0.006775067750677507
0.0 0.11181640625 0.46680216802168023 0.0068359375 0.006775067750677507
0.0 0.12109375 0.4695121951219512 0.005859375 0.006775067750677507
0.0 0.06689453125 0.4634146341463415 0.0068359375 0.006775067750677507
0.0 0.0185546875 0.45562330623306235 0.0078125 0.008807588075880758
0.0 0.00732421875 0.46646341463414637 0.0087890625 0.008807588075880758
0.0 0.029296875 0.47052845528455284 0.009765625 0.008807588075880758
0.0 0.05712890625 0.47764227642276424 0.0087890625 0.008130081300813009
0.0 0.07763671875 0.4830623306233062 0.0087890625 0.008130081300813009
0.0 0.0947265625 0.483739837398374 0.0078125 0.008130081300813009
0.0 0.1005859375 0.49762872628726285 0.0078125 0.007452574525745257
0.0 0.1201171875 0.5030487804878049 0.005859375 0.007452574525745257
0.0 0.0751953125 0.49661246612466126 0.005859375 0.006775067750677507
0.0 0.09375 0.5088075880758808 0.009765625 0.009485094850948509
0.0 0.10205078125 0.5101626016260162 0.0068359375 0.008130081300813009
0.0 0.06640625 0.4986449864498645 0.009765625 0.009485094850948509
0.0 0.052734375 0.4993224932249323 0.009765625 0.008130081300813009
0.0 0.04443359375 0.4834010840108401 0.0068359375 0.006097560975609756
0.0 0.033203125 0.48509485094850946 0.0078125 0.009485094850948509
0.0 0.00927734375 0.48136856368563685 0.0087890625 0.006097560975609756
0.0 0.00537109375 0.49017615176151763 0.0068359375 0.01016260162601626
0.0 0.02978515625 0.49762872628726285 0.0107421875 0.008807588075880758
0.0 0.02685546875 0.5060975609756098 0.0107421875 0.009485094850948509
0.0 0.0400390625 0.510840108401084 0.009765625 0.009485094850948509
0.0 0.06494140625 0.5149051490514905 0.0107421875 0.008130081300813009
0.0 0.04541015625 0.4911924119241192 0.0087890625 0.006775067750677507
0.0 0.0849609375 0.5210027100271003 0.009765625 0.009485094850948509
0.0 0.1005859375 0.5233739837398373 0.009765625 0.008807588075880758
0.0 0.130859375 0.5233739837398373 0.009765625 0.008807588075880758
0.0 0.1416015625 0.5142276422764228 0.0078125 0.008130081300813009
0.0 0.0888671875 0.5399728997289973 0.009765625 0.006775067750677507
0.0 0.08984375 0.5464092140921409 0.009765625 0.007452574525745257
0.0 0.0869140625 0.5528455284552846 0.0078125 0.008130081300813009
0.0 0.076171875 0.5562330623306233 0.01171875 0.009485094850948509
0.0 0.06298828125 0.5369241192411924 0.0107421875 0.01016260162601626
0.0 0.0576171875 0.549119241192412 0.01171875 0.007452574525745257
0.0 0.05517578125 0.5626693766937669 0.0126953125 0.012872628726287264
0.0 0.07177734375 0.5711382113821138 0.0126953125 0.01084010840108401
0.0 0.05224609375 0.584349593495935 0.0126953125 0.012872628726287264
0.0 0.037109375 0.5382791327913279 0.009765625 0.007452574525745257
0.0 0.10595703125 0.5392953929539296 0.0087890625 0.008130081300813009
0.0 0.03564453125 0.5457317073170732 0.0087890625 0.007452574525745257
0.0 0.02783203125 0.5470867208672087 0.0068359375 0.007452574525745257
0.0 0.0126953125 0.540650406504065 0.01171875 0.01084010840108401
0.0 0.025390625 0.5464092140921409 0.0078125 0.006097560975609756
0.0 0.00927734375 0.5531842818428184 0.0107421875 0.01016260162601626
0.0 0.0302734375 0.5582655826558266 0.01171875 0.012195121951219513
0.0 0.0166015625 0.5531842818428184 0.0078125 0.008807588075880758
0.0 0.01953125 0.5752032520325203 0.013671875 0.01084010840108401
0.0 0.01611328125 0.587059620596206 0.0146484375 0.011517615176151762
0.0 0.02978515625 0.5840108401084011 0.0126953125 0.012195121951219513
0.0 0.04248046875 0.6029810298102981 0.0126953125 0.012195121951219513
0.0 0.0986328125 0.6053523035230353 0.013671875 0.012872628726287264
0.0 0.03173828125 0.616869918699187 0.0146484375 0.014227642276422764
0.0 0.03173828125 0.6432926829268293 0.0166015625 0.015582655826558265
0.0 0.0615234375 0.6151761517615176 0.015625 0.013550135501355014
0.0 0.130859375 0.3817750677506775 0.005859375 0.006097560975609756
0.0 0.1748046875 0.4027777777777778 0.00390625 0.006097560975609756
0.0 0.1904296875 0.41124661246612465 0.005859375 0.005420054200542005
0.0 0.2060546875 0.4146341463414634 0.00390625 0.005420054200542005
0.0 0.21875 0.4176829268292683 0.005859375 0.006097560975609756
0.0 0.228515625 0.4234417344173442 0.005859375 0.008130081300813009
0.0 0.2001953125 0.45121951219512196 0.005859375 0.005420054200542005
0.0 0.271484375 0.4502032520325203 0.005859375 0.0047425474254742545
0.0 0.2783203125 0.44139566395663954 0.00390625 0.0047425474254742545
0.0 0.26611328125 0.4366531165311653 0.0048828125 0.006097560975609756
0.0 0.25732421875 0.4437669376693767 0.0068359375 0.005420054200542005
0.0 0.251953125 0.4488482384823848 0.005859375 0.006097560975609756
0.0 0.2421875 0.4518970189701897 0.005859375 0.005420054200542005
0.0 0.20849609375 0.4603658536585366 0.0048828125 0.006097560975609756
0.0 0.21533203125 0.4640921409214092 0.0048828125 0.005420054200542005
0.0 0.1787109375 0.44986449864498645 0.0078125 0.008130081300813009
0.0 0.15673828125 0.4573170731707317 0.0068359375 0.005420054200542005
0.0 0.17041015625 0.46239837398373984 0.0048828125 0.0047425474254742545
0.0 0.15771484375 0.46680216802168023 0.0087890625 0.008130081300813009
0.0 0.240234375 0.47560975609756095 0.005859375 0.006775067750677507
0.0 0.22412109375 0.4725609756097561 0.0068359375 0.006097560975609756
0.0 0.16650390625 0.4678184281842818 0.0048828125 0.006097560975609756
0.0 0.13720703125 0.45494579945799457 0.0048828125 0.0047425474254742545
0.0 0.1318359375 0.4603658536585366 0.005859375 0.006097560975609756
0.0 0.15673828125 0.4752710027100271 0.0068359375 0.007452574525745257
0.0 0.1767578125 0.4796747967479675 0.0078125 0.006775067750677507
0.0 0.203125 0.4759485094850949 0.005859375 0.006097560975609756
0.0 0.21142578125 0.4949186991869919 0.0068359375 0.007452574525745257
0.0 0.228515625 0.489159891598916 0.005859375 0.006775067750677507
0.0 0.16357421875 0.48644986449864497 0.0068359375 0.008130081300813009
0.0 0.13427734375 0.4830623306233062 0.0068359375 0.006775067750677507
0.0 0.13818359375 0.4932249322493225 0.0068359375 0.006775067750677507
0.0 0.23291015625 0.5186314363143631 0.0068359375 0.006097560975609756
0.0 0.224609375 0.5128726287262872 0.005859375 0.006775067750677507
0.0 0.216796875 0.508130081300813 0.0078125 0.006775067750677507
0.0 0.21484375 0.5155826558265583 0.0078125 0.008130081300813009
0.0 0.2236328125 0.5291327913279132 0.0078125 0.008130081300813009
0.0 0.20458984375 0.5264227642276422 0.0068359375 0.008130081300813009
0.0 0.19970703125 0.5348915989159891 0.0087890625 0.006097560975609756
0.0 0.1806640625 0.5105013550135501 0.037109375 0.03726287262872629
0.0 0.1494140625 0.5277777777777778 0.01171875 0.009485094850948509
0.0 0.31298828125 0.47323848238482386 0.0048828125 0.0047425474254742545
0.0 0.30029296875 0.47289972899729 0.0048828125 0.005420054200542005
0.0 0.314453125 0.4806910569105691 0.005859375 0.0047425474254742545
0.0 0.3046875 0.4796747967479675 0.005859375 0.005420054200542005
0.0 0.30126953125 0.483739837398374 0.0068359375 0.006775067750677507
0.0 0.28759765625 0.48136856368563685 0.0068359375 0.006097560975609756
0.0 0.27587890625 0.48407859078590787 0.0068359375 0.007452574525745257
0.0 0.30517578125 0.4935636856368564 0.0068359375 0.006097560975609756
0.0 0.28955078125 0.49254742547425473 0.0068359375 0.006775067750677507
0.0 0.29638671875 0.5020325203252033 0.0068359375 0.006775067750677507
0.0 0.31689453125 0.4986449864498645 0.0087890625 0.006775067750677507
0.0 0.310546875 0.5074525745257452 0.0078125 0.006775067750677507
0.0 0.24462890625 0.4969512195121951 0.0068359375 0.006097560975609756
0.0 0.22509765625 0.5006775067750677 0.0068359375 0.006775067750677507
0.0 0.25146484375 0.513550135501355 0.0068359375 0.008130081300813009
0.0 0.2607421875 0.5165989159891599 0.005859375 0.007452574525745257
0.0 0.27197265625 0.5250677506775068 0.0087890625 0.008130081300813009
0.0 0.29248046875 0.5311653116531165 0.0087890625 0.008130081300813009
0.0 0.2724609375 0.5362466124661247 0.0078125 0.008807588075880758
0.0 0.2490234375 0.532520325203252 0.009765625 0.008130081300813009
0.0 0.3134765625 0.48644986449864497 0.005859375 0.005420054200542005
0.0 0.32958984375 0.5145663956639567 0.0068359375 0.007452574525745257
0.0 0.28466796875 0.5399728997289973 0.0107421875 0.009485094850948509
0.0 0.28857421875 0.5497967479674797 0.0068359375 0.008807588075880758
0.0 0.24951171875 0.5660569105691057 0.0107421875 0.008807588075880758
0.0 0.236328125 0.5853658536585366 0.009765625 0.01084010840108401
0.0 0.24658203125 0.5873983739837398 0.0087890625 0.01084010840108401
0.0 0.255859375 0.587059620596206 0.0078125 0.007452574525745257
0.0 0.2568359375 0.5958672086720868 0.0078125 0.007452574525745257
0.0 0.24267578125 0.5796070460704607 0.0068359375 0.007452574525745257
0.0 0.23681640625 0.6100948509485095 0.0107421875 0.01016260162601626
0.0 0.2099609375 0.6341463414634146 0.009765625 0.012195121951219513
0.0 0.23046875 0.6378726287262872 0.009765625 0.011517615176151762
0.0 0.2470703125 0.635840108401084 0.01171875 0.01016260162601626
0.0 0.23193359375 0.6595528455284553 0.0146484375 0.012872628726287264
0.0 0.1845703125 0.6548102981029811 0.01171875 0.011517615176151762
0.0 0.3310546875 0.491869918699187 0.005859375 0.006775067750677507
0.0 0.2509765625 0.4932249322493225 0.005859375 0.006775067750677507
0.0 0.5849609375 0.5572493224932249 0.00390625 0.006097560975609756
0.0 0.5751953125 0.5670731707317073 0.00390625 0.005420054200542005
0.0 0.60888671875 0.5728319783197832 0.0048828125 0.0047425474254742545
0.0 0.5908203125 0.5667344173441734 0.005859375 0.006097560975609756
0.0 0.623046875 0.5650406504065041 0.00390625 0.0040650406504065045
0.0 0.62646484375 0.5718157181571816 0.0048828125 0.0040650406504065045
0.0 0.62109375 0.5802845528455285 0.005859375 0.006097560975609756
0.0 0.6318359375 0.5829945799457995 0.00390625 0.0047425474254742545
0.0 0.62646484375 0.5497967479674797 0.0048828125 0.0047425474254742545
0.0 0.63330078125 0.5572493224932249 0.0068359375 0.006097560975609756
0.0 0.65380859375 0.5674119241192412 0.0048828125 0.0047425474254742545
0.0 0.5712890625 0.5860433604336044 0.005859375 0.006775067750677507
0.0 0.60888671875 0.5819783197831978 0.0048828125 0.005420054200542005
0.0 0.5625 0.5972222222222222 0.005859375 0.007452574525745257
0.0 0.5595703125 0.606029810298103 0.005859375 0.006097560975609756
0.0 0.54833984375 0.611449864498645 0.0068359375 0.007452574525745257
0.0 0.4736328125 0.625 0.0078125 0.007452574525745257
0.0 0.56982421875 0.6212737127371274 0.0068359375 0.006775067750677507
0.0 0.564453125 0.6270325203252033 0.005859375 0.007452574525745257
0.0 0.55615234375 0.6290650406504065 0.0068359375 0.007452574525745257
0.0 0.5498046875 0.6189024390243902 0.005859375 0.006097560975609756
0.0 0.6259765625 0.6070460704607046 0.005859375 0.006775067750677507
0.0 0.61767578125 0.6050135501355014 0.0068359375 0.005420054200542005
0.0 0.60595703125 0.6029810298102981 0.0048828125 0.005420054200542005
0.0 0.58837890625 0.5934959349593496 0.0048828125 0.005420054200542005
0.0 0.61962890625 0.6209349593495935 0.0048828125 0.0047425474254742545
0.0 0.634765625 0.6266937669376694 0.005859375 0.005420054200542005
0.0 0.61328125 0.6280487804878049 0.005859375 0.006775067750677507
0.0 0.6259765625 0.6317750677506775 0.005859375 0.006097560975609756
0.0 0.63232421875 0.6338075880758808 0.0048828125 0.0047425474254742545
0.0 0.48095703125 0.6388888888888888 0.0107421875 0.009485094850948509
0.0 0.57373046875 0.6012872628726287 0.0068359375 0.006097560975609756
0.0 0.57177734375 0.6592140921409214 0.0087890625 0.01084010840108401
0.0 0.57275390625 0.684620596205962 0.0107421875 0.011517615176151762
0.0 0.55908203125 0.6869918699186992 0.0107421875 0.008130081300813009
0.0 0.55224609375 0.6788617886178862 0.0107421875 0.01084010840108401
0.0 0.6357421875 0.641260162601626 0.005859375 0.007452574525745257
0.0 0.62451171875 0.6382113821138211 0.0087890625 0.006775067750677507
0.0 0.591796875 0.6419376693766937 0.0078125 0.008807588075880758
0.0 0.58154296875 0.641260162601626 0.0087890625 0.007452574525745257
0.0 0.56884765625 0.6402439024390244 0.0068359375 0.006775067750677507
0.0 0.61083984375 0.6551490514905149 0.0048828125 0.006775067750677507
0.0 0.599609375 0.6558265582655827 0.005859375 0.006775067750677507
0.0 0.61474609375 0.6866531165311653 0.0087890625 0.007452574525745257
0.0 0.619140625 0.6561653116531165 0.005859375 0.007452574525745257
0.0 0.6455078125 0.573170731707317 0.00390625 0.005420054200542005
0.0 0.84912109375 0.6294037940379403 0.0048828125 0.005420054200542005
0.0 0.849609375 0.6182249322493225 0.00390625 0.0047425474254742545
0.0 0.81005859375 0.6148373983739838 0.0048828125 0.0047425474254742545
0.0 0.82177734375 0.6067073170731707 0.0029296875 0.0047425474254742545
0.0 0.84130859375 0.606029810298103 0.0048828125 0.0047425474254742545
0.0 0.806640625 0.6050135501355014 0.00390625 0.005420054200542005
0.0 0.9873046875 0.6321138211382114 0.00390625 0.005420054200542005
0.0 0.96875 0.6310975609756098 0.00390625 0.0047425474254742545
0.0 0.97900390625 0.6229674796747967 0.0048828125 0.0047425474254742545
0.0 0.98486328125 0.6134823848238482 0.0048828125 0.006097560975609756
0.0 0.95947265625 0.6134823848238482 0.0029296875 0.0033875338753387536
0.0 0.94580078125 0.614159891598916 0.0048828125 0.0033875338753387536
0.0 0.9267578125 0.6151761517615176 0.00390625 0.0027100271002710027
0.0 0.86865234375 0.6165311653116531 0.0087890625 0.008130081300813009
0.0 0.90869140625 0.6090785907859079 0.0048828125 0.0040650406504065045
0.0 0.708984375 0.6754742547425474 0.0078125 0.008130081300813009
0.0 0.69970703125 0.6961382113821138 0.0087890625 0.008807588075880758
0.0 0.71044921875 0.6978319783197832 0.0068359375 0.008130081300813009
0.0 0.80322265625 0.6988482384823849 0.0068359375 0.006097560975609756
0.0 0.80517578125 0.6802168021680217 0.0068359375 0.006775067750677507
0.0 0.81494140625 0.6812330623306233 0.0068359375 0.006097560975609756
0.0 0.822265625 0.6775067750677507 0.005859375 0.005420054200542005
0.0 0.83251953125 0.6747967479674797 0.0068359375 0.005420054200542005
0.0 0.83349609375 0.6676829268292683 0.0048828125 0.0047425474254742545
0.0 0.8271484375 0.6703929539295393 0.00390625 0.0033875338753387536
0.0 0.80126953125 0.6734417344173442 0.0048828125 0.0040650406504065045
0.0 0.81298828125 0.6670054200542005 0.0048828125 0.006097560975609756
0.0 0.81005859375 0.6581978319783198 0.0048828125 0.0047425474254742545
0.0 0.8037109375 0.6605691056910569 0.00390625 0.0040650406504065045
0.0 0.7978515625 0.6670054200542005 0.005859375 0.0047425474254742545
0.0 0.80712890625 0.6697154471544715 0.0029296875 0.0047425474254742545
0.0 0.84033203125 0.6680216802168022 0.0048828125 0.005420054200542005
0.0 0.84716796875 0.6731029810298103 0.0048828125 0.0047425474254742545
0.0 0.83642578125 0.6832655826558266 0.0068359375 0.006097560975609756
0.0 0.84423828125 0.6836043360433605 0.0048828125 0.006775067750677507
0.0 0.85205078125 0.6893631436314364 0.0048828125 0.0047425474254742545
0.0 0.85888671875 0.6852981029810298 0.0048828125 0.0047425474254742545
0.0 0.84619140625 0.67920054200542 0.0048828125 0.0047425474254742545
0.0 0.8671875 0.6805555555555556 0.00390625 0.0047425474254742545
0.0 0.86474609375 0.7025745257452575 0.0087890625 0.008130081300813009
0.0 0.87841796875 0.6869918699186992 0.0068359375 0.006775067750677507
0.0 0.94482421875 0.7025745257452575 0.0068359375 0.008130081300813009
0.0 0.94580078125 0.7218834688346883 0.0068359375 0.007452574525745257
0.0 0.95751953125 0.7232384823848238 0.0068359375 0.007452574525745257
0.0 0.91552734375 0.7073170731707317 0.0068359375 0.006775067750677507
0.0 0.99365234375 0.6883468834688347 0.0048828125 0.006775067750677507
0.0 0.98583984375 0.6934281842818428 0.0068359375 0.006097560975609756
0.0 0.99755859375 0.7076558265582655 0.0048828125 0.007452574525745257
0.0 0.97021484375 0.7066395663956639 0.0087890625 0.008130081300813009
0.0 0.9658203125 0.6907181571815718 0.0078125 0.006097560975609756
0.0 0.91552734375 0.6869918699186992 0.0048828125 0.008130081300813009
0.0 0.986328125 0.7249322493224932 0.005859375 0.008130081300813009
0.0 0.99609375 0.7249322493224932 0.005859375 0.006775067750677507
0.0 0.90869140625 0.7228997289972899 0.0068359375 0.006775067750677507
0.0 0.91943359375 0.7245934959349594 0.0087890625 0.008807588075880758
0.0 0.97021484375 0.7289972899728997 0.0068359375 0.008130081300813009
0.0 0.90380859375 0.6863143631436315 0.0068359375 0.006775067750677507
0.0 0.888671875 0.6802168021680217 0.00390625 0.005420054200542005
0.0 0.8623046875 0.6842818428184282 0.00390625 0.005420054200542005
0.0 0.19482421875 0.4613821138211382 0.0087890625 0.008130081300813009
0.0 0.189453125 0.48272357723577236 0.005859375 0.0047425474254742545
0.0 0.2099609375 0.4854336043360434 0.005859375 0.0047425474254742545
0.0 0.19873046875 0.48407859078590787 0.0087890625 0.008807588075880758
