0.0 0.3154296875 0.271875 0.0244140625 0.05625
0.0 0.4140625 0.3046875 0.0263671875 0.0578125
0.0 0.51953125 0.2765625 0.025390625 0.0609375
0.0 0.63671875 0.215625 0.0244140625 0.059375
0.0 0.7001953125 0.3359375 0.0224609375 0.059375
0.0 0.02734375 0.3953125 0.013671875 0.0234375
0.0 0.1357421875 0.36875 0.0126953125 0.0265625
0.0 0.18359375 0.440625 0.013671875 0.03125
0.0 0.2744140625 0.409375 0.01953125 0.0515625
0.0 0.6826171875 0.2703125 0.0185546875 0.0328125
0.0 0.908203125 0.2375 0.0166015625 0.0359375
0.0 0.9658203125 0.265625 0.0166015625 0.0359375
0.0 0.814453125 0.378125 0.0185546875 0.0203125
