0.0 0.86474609375 0.3375 0.0263671875 0.04852941176470588
0.0 0.9345703125 0.2735294117647059 0.02734375 0.047058823529411764
0.0 0.87109375 0.2867647058823529 0.02734375 0.047058823529411764
0.0 0.8056640625 0.27647058823529413 0.021484375 0.047058823529411764
0.0 0.83056640625 0.4088235294117647 0.0302734375 0.047058823529411764
0.0 0.7646484375 0.3352941176470588 0.02734375 0.05
0.0 0.73779296875 0.29558823529411765 0.0224609375 0.047058823529411764
0.0 0.75830078125 0.5066176470588235 0.0283203125 0.04852941176470588
0.0 0.70263671875 0.4227941176470588 0.0283203125 0.051470588235294115
0.0 0.609375 0.4970588235294118 0.03125 0.05588235294117647
0.0 0.93115234375 0.48161764705882354 0.0244140625 0.04852941176470588
0.0 0.994140625 0.34705882352941175 0.01171875 0.047058823529411764
0.0 0.99267578125 0.2786764705882353 0.0146484375 0.045588235294117645
0.0 0.65966796875 0.35073529411764703 0.0283203125 0.051470588235294115
0.0 0.56689453125 0.35073529411764703 0.0224609375 0.054411764705882354
0.0 0.47265625 0.2536764705882353 0.05078125 0.10441176470588236
0.0 0.15576171875 0.4610294117647059 0.0244140625 0.045588235294117645
0.0 0.1806640625 0.5308823529411765 0.025390625 0.047058823529411764
0.0 0.275390625 0.524264705882353 0.0234375 0.045588235294117645
0.0 0.26123046875 0.45955882352941174 0.0244140625 0.04852941176470588
0.0 0.35302734375 0.4455882352941177 0.0224609375 0.04411764705882353
0.0 0.28515625 0.37058823529411766 0.0234375 0.05
0.0 0.318359375 0.33676470588235297 0.0234375 0.041176470588235294
0.0 0.2294921875 0.3272058823529412 0.021484375 0.039705882352941174
0.0 0.22265625 0.28161764705882353 0.017578125 0.039705882352941174
0.0 0.263671875 0.21985294117647058 0.021484375 0.03676470588235294
0.0 0.20751953125 0.22426470588235295 0.0205078125 0.039705882352941174
0.0 0.15771484375 0.21029411764705883 0.0205078125 0.03529411764705882
0.0 0.17578125 0.3683823529411765 0.025390625 0.04852941176470588
0.0 0.13525390625 0.32132352941176473 0.0244140625 0.051470588235294115
0.0 0.0908203125 0.3477941176470588 0.0234375 0.04852941176470588
0.0 0.107421875 0.3941176470588235 0.0234375 0.04411764705882353
0.0 0.07275390625 0.5102941176470588 0.0263671875 0.05
0.0 0.04931640625 0.4389705882352941 0.0263671875 0.04852941176470588
0.0 0.060546875 0.3764705882352941 0.021484375 0.03529411764705882
0.0 0.0751953125 0.2301470588235294 0.021484375 0.03676470588235294
0.0 0.369140625 0.2786764705882353 0.0234375 0.045588235294117645
0.0 0.4013671875 0.18382352941176472 0.021484375 0.041176470588235294
0.0 0.541015625 0.22794117647058823 0.0234375 0.05
0.0 0.43896484375 0.2375 0.0166015625 0.033823529411764704
