0.0 0.8994140625 0.19609375 0.0390625 0.0703125
0.0 0.6142578125 0.05 0.05859375 0.1
0.0 0.396484375 0.1296875 0.05859375 0.10625
0.0 0.18359375 0.3234375 0.02734375 0.059375
0.0 0.033203125 0.53984375 0.013671875 0.0265625
0.0 0.0615234375 0.540625 0.017578125 0.034375
0.0 0.21630859375 0.540625 0.0166015625 0.03125
0.0 0.25927734375 0.5421875 0.0146484375 0.03125
0.0 0.2900390625 0.5265625 0.013671875 0.025
0.0 0.267578125 0.45 0.013671875 0.025
0.0 0.23681640625 0.41640625 0.0087890625 0.0203125
0.0 0.2275390625 0.35859375 0.005859375 0.0140625
0.0 0.21533203125 0.34140625 0.0068359375 0.0171875
0.0 0.24609375 0.346875 0.0078125 0.015625
0.0 0.27490234375 0.346875 0.0087890625 0.015625
0.0 0.23779296875 0.32578125 0.0068359375 0.0171875
0.0 0.0478515625 0.35703125 0.009765625 0.0203125
0.0 0.056640625 0.40390625 0.0078125 0.0171875
0.0 0.03564453125 0.41171875 0.0087890625 0.0171875
0.0 0.02001953125 0.3609375 0.0087890625 0.01875
0.0 0.02783203125 0.32734375 0.0087890625 0.0171875
0.0 0.0078125 0.3203125 0.0078125 0.015625
0.0 0.6669921875 0.50625 0.01171875 0.025
0.0 0.7294921875 0.509375 0.009765625 0.01875
0.0 0.73681640625 0.478125 0.0068359375 0.01875
0.0 0.75634765625 0.5 0.0107421875 0.021875
0.0 0.74365234375 0.51328125 0.0087890625 0.0140625
0.0 0.791015625 0.490625 0.01171875 0.025
0.0 0.751953125 0.41953125 0.0078125 0.0171875
0.0 0.80322265625 0.37421875 0.0068359375 0.0140625
0.0 0.75927734375 0.3703125 0.0068359375 0.015625
0.0 0.98583984375 0.37421875 0.0126953125 0.0359375
0.0 0.7783203125 0.353125 0.005859375 0.0125
0.0 0.73388671875 0.39140625 0.0068359375 0.0171875
0.0 0.81787109375 0.340625 0.0068359375 0.015625
0.0 0.80224609375 0.33515625 0.0068359375 0.0140625
0.0 0.80810546875 0.2890625 0.0048828125 0.0125
0.0 0.8232421875 0.2953125 0.005859375 0.0125
0.0 0.77978515625 0.296875 0.0048828125 0.009375
0.0 0.7705078125 0.39765625 0.0078125 0.0171875
