0.0 0.87451171875 0.4663250366032211 0.0185546875 0.027818448023426062
0.0 0.8173828125 0.5329428989751098 0.01953125 0.043923865300146414
0.0 0.50390625 0.4816983894582723 0.005859375 0.014641288433382138
0.0 0.59423828125 0.6076134699853587 0.0185546875 0.04685212298682284
0.0 0.53076171875 0.49414348462664714 0.0068359375 0.013177159590043924
0.0 0.32763671875 0.6185944363103953 0.0107421875 0.03074670571010249
0.0 0.1357421875 0.7759882869692533 0.029296875 0.06734992679355783
0.0 0.01708984375 0.6442166910688141 0.0087890625 0.017569546120058566
0.0 0.81787109375 0.42752562225475843 0.0068359375 0.014641288433382138
0.0 0.28759765625 0.2547584187408492 0.0048828125 0.008784773060029283
0.0 0.064453125 0.6288433382137628 0.009765625 0.021961932650073207
