0.0 0.072265625 0.08674188998589563 0.017578125 0.021156558533145273
0.0 0.0947265625 0.09167842031029619 0.029296875 0.01904090267983075
0.0 0.1396484375 0.05853314527503526 0.0263671875 0.02538787023977433
0.0 0.1787109375 0.11706629055007052 0.0263671875 0.027503526093088856
0.0 0.1689453125 0.19322990126939352 0.0556640625 0.056417489421720736
0.0 0.23828125 0.12482369534555712 0.1865234375 0.17912552891396333
0.0 0.3916015625 0.04936530324400564 0.0244140625 0.021861777150916785
0.0 0.421875 0.07193229901269393 0.0283203125 0.023977433004231313
0.0 0.4013671875 0.10860366713681241 0.0302734375 0.023977433004231313
0.0 0.5 0.01622002820874471 0.0302734375 0.01622002820874471
0.0 0.5341796875 0.08392101551480959 0.029296875 0.022566995768688293
0.0 0.580078125 0.05923836389280677 0.025390625 0.028208744710860368
0.0 0.6650390625 0.07334273624823695 0.0302734375 0.02609308885754584
0.0 0.673828125 0.1318758815232722 0.041015625 0.05218617771509168
0.0 0.470703125 0.1530324400564175 0.0205078125 0.03244005641748942
0.0 0.8134765625 0.0613540197461213 0.02734375 0.02679830747531735
0.0 0.9140625 0.047954866008462625 0.0322265625 0.031029619181946404
0.0 0.794921875 0.12623413258110014 0.0341796875 0.03526093088857546
0.0 0.6650390625 0.0 0.029296875 0.022566995768688293
0.0 0.7705078125 0.0 0.0244140625 0.021861777150916785
0.0 0.4970703125 0.2002820874471086 0.19140625 0.15796897038081806
0.0 0.8271484375 0.22496473906911144 0.056640625 0.04936530324400564
0.0 0.146484375 0.1918194640338505 0.0361328125 0.03314527503526093
