0.0 0.8798828125 0.3752997601918465 0.056640625 0.07673860911270983
0.0 0.693359375 0.3735011990407674 0.052734375 0.07314148681055156
0.0 0.6025390625 0.43225419664268583 0.0546875 0.0803357314148681
0.0 0.462890625 0.4250599520383693 0.044921875 0.04196642685851319
0.0 0.36181640625 0.4550359712230216 0.0517578125 0.07074340527577938
0.0 0.3251953125 0.3747002398081535 0.048828125 0.07074340527577938
0.0 0.2353515625 0.41007194244604317 0.046875 0.06954436450839328
0.0 0.12158203125 0.4130695443645084 0.0537109375 0.0803357314148681
0.0 0.59765625 0.7296163069544365 0.056640625 0.0803357314148681
0.0 0.39306640625 0.7607913669064749 0.0517578125 0.07553956834532374
