0.0 0.66796875 0.10416666666666667 0.052734375 0.08984375
0.0 0.9375 0.5989583333333334 0.0205078125 0.028645833333333332
0.0 0.908203125 0.6419270833333334 0.0234375 0.036458333333333336
0.0 0.8095703125 0.6015625 0.0263671875 0.0390625
0.0 0.84375 0.4778645833333333 0.01953125 0.03125
0.0 0.9052734375 0.48828125 0.0166015625 0.032552083333333336
0.0 0.9892578125 0.4765625 0.0107421875 0.032552083333333336
0.0 0.548828125 0.3411458333333333 0.01953125 0.032552083333333336
0.0 0.4814453125 0.3359375 0.01953125 0.029947916666666668
0.0 0.4111328125 0.29296875 0.0185546875 0.02734375
0.0 0.517578125 0.4518229166666667 0.017578125 0.029947916666666668
0.0 0.5771484375 0.5130208333333334 0.021484375 0.036458333333333336
0.0 0.5302734375 0.52734375 0.021484375 0.0390625
0.0 0.4765625 0.5130208333333334 0.0224609375 0.04296875
0.0 0.427734375 0.5143229166666666 0.0224609375 0.0390625
0.0 0.3955078125 0.5052083333333334 0.0244140625 0.04296875
0.0 0.4619140625 0.4544270833333333 0.015625 0.026041666666666668
0.0 0.3505859375 0.4934895833333333 0.025390625 0.040364583333333336
0.0 0.2412109375 0.515625 0.0185546875 0.033854166666666664
0.0 0.30078125 0.5 0.0224609375 0.0390625
0.0 0.2490234375 0.4700520833333333 0.0234375 0.041666666666666664
0.0 0.27734375 0.4622395833333333 0.0224609375 0.0390625
0.0 0.3154296875 0.4140625 0.0205078125 0.041666666666666664
0.0 0.2587890625 0.4166666666666667 0.0205078125 0.033854166666666664
0.0 0.2314453125 0.4049479166666667 0.0205078125 0.033854166666666664
0.0 0.1865234375 0.4036458333333333 0.01953125 0.02734375
0.0 0.1513671875 0.4127604166666667 0.0263671875 0.041666666666666664
0.0 0.1435546875 0.3502604166666667 0.01953125 0.03125
0.0 0.2314453125 0.4752604166666667 0.0185546875 0.03125
0.0 0.1884765625 0.47265625 0.021484375 0.03515625
0.0 0.2275390625 0.3671875 0.0205078125 0.028645833333333332
0.0 0.1318359375 0.23307291666666666 0.01953125 0.032552083333333336
0.0 0.1552734375 0.06640625 0.017578125 0.028645833333333332
0.0 0.2177734375 0.07421875 0.0166015625 0.02734375
0.0 0.02734375 0.037760416666666664 0.015625 0.024739583333333332
0.0 0.1025390625 0.014322916666666666 0.0146484375 0.022135416666666668
0.0 0.16015625 0.016927083333333332 0.01171875 0.022135416666666668
0.0 0.4443359375 0.036458333333333336 0.013671875 0.028645833333333332
0.0 0.3916015625 0.037760416666666664 0.0146484375 0.020833333333333332
0.0 0.341796875 0.028645833333333332 0.013671875 0.02734375
0.0 0.453125 0.11067708333333333 0.0126953125 0.024739583333333332
0.0 0.5263671875 0.1171875 0.013671875 0.02734375
0.0 0.5439453125 0.061197916666666664 0.013671875 0.028645833333333332
0.0 0.48828125 0.07682291666666667 0.0146484375 0.020833333333333332
0.0 0.59765625 0.06770833333333333 0.013671875 0.0234375
0.0 0.62890625 0.015625 0.013671875 0.024739583333333332
0.0 0.6669921875 0.016927083333333332 0.01171875 0.0234375
0.0 0.65234375 0.0703125 0.0126953125 0.024739583333333332
0.0 0.6142578125 0.12890625 0.0166015625 0.02734375
0.0 0.57421875 0.1171875 0.013671875 0.0234375
0.0 0.9609375 0.1328125 0.0146484375 0.0234375
0.0 0.9306640625 0.15755208333333334 0.0126953125 0.024739583333333332
0.0 0.9892578125 0.15625 0.0107421875 0.02734375
0.0 0.9072265625 0.08984375 0.0146484375 0.0234375
0.0 0.873046875 0.05078125 0.0107421875 0.018229166666666668
0.0 0.9248046875 0.055989583333333336 0.015625 0.02734375
0.0 0.0927734375 0.12630208333333334 0.03515625 0.07942708333333333
0.0 0.3955078125 0.4453125 0.0185546875 0.036458333333333336
0.0 0.3916015625 0.06770833333333333 0.017578125 0.033854166666666664
0.0 0.5859375 0.014322916666666666 0.0126953125 0.02734375
0.0 0.5361328125 0.0 0.015625 0.026041666666666668
0.0 0.6044921875 0.5572916666666666 0.021484375 0.0390625
