0.0 0.89990234375 0.15690376569037656 0.0302734375 0.04881450488145049
0.0 0.849609375 0.29707112970711297 0.044921875 0.07531380753138076
0.0 0.7568359375 0.24407252440725244 0.02734375 0.04184100418410042
0.0 0.7080078125 0.3291492329149233 0.033203125 0.05578800557880056
0.0 0.62060546875 0.30404463040446306 0.0244140625 0.04184100418410042
0.0 0.5556640625 0.2524407252440725 0.021484375 0.04184100418410042
0.0 0.51025390625 0.3682008368200837 0.0341796875 0.06415620641562064
0.0 0.41943359375 0.2419804741980474 0.0244140625 0.040446304044630406
0.0 0.3447265625 0.3598326359832636 0.033203125 0.058577405857740586
0.0 0.2744140625 0.24616457461645747 0.02734375 0.04602510460251046
0.0 0.1865234375 0.2824267782426778 0.041015625 0.07391910739191074
0.0 0.14794921875 0.17573221757322174 0.0302734375 0.0502092050209205
