0.0 0.7177734375 0.3938802083333333 0.1484375 0.23046875
0.0 0.5439453125 0.4055989583333333 0.150390625 0.24609375
0.0 0.2412109375 0.4921875 0.19140625 0.3020833333333333
0.0 0.88818359375 0.365234375 0.0263671875 0.053385416666666664
0.0 0.931640625 0.322265625 0.029296875 0.048177083333333336
0.0 0.39306640625 0.083984375 0.0419921875 0.06640625
0.0 0.49658203125 0.09765625 0.0322265625 0.0546875
0.0 0.25390625 0.022135416666666668 0.046875 0.044270833333333336
0.0 0.63916015625 0.044270833333333336 0.0126953125 0.020833333333333332
0.0 0.67626953125 0.054036458333333336 0.0166015625 0.02734375
0.0 0.63720703125 0.279296875 0.0634765625 0.11067708333333333
0.0 0.91259765625 0.09244791666666667 0.0126953125 0.018229166666666668
0.0 0.87451171875 0.08463541666666667 0.0107421875 0.015625
