0.0 0.0517578125 0.3821376281112738 0.005859375 0.008784773060029283
0.0 0.03369140625 0.383601756954612 0.0048828125 0.008784773060029283
0.0 0.01416015625 0.3806734992679356 0.0048828125 0.008784773060029283
0.0 0.041015625 0.4033674963396779 0.00390625 0.010248901903367497
0.0 0.0576171875 0.4158125915080527 0.005859375 0.01171303074670571
0.0 0.06201171875 0.3989751098096633 0.0068359375 0.016105417276720352
0.0 0.103515625 0.43191800878477304 0.00390625 0.008784773060029283
0.0 0.1015625 0.45168374816983897 0.005859375 0.010248901903367497
0.0 0.087890625 0.45534407027818447 0.005859375 0.01171303074670571
0.0 0.0771484375 0.45021961932650073 0.005859375 0.010248901903367497
0.0 0.06982421875 0.4494875549048316 0.0048828125 0.008784773060029283
0.0 0.0625 0.465592972181552 0.005859375 0.01171303074670571
0.0 0.05126953125 0.4538799414348463 0.0048828125 0.008784773060029283
0.0 0.04345703125 0.4465592972181552 0.0048828125 0.005856515373352855
0.0 0.041015625 0.4612005856515373 0.005859375 0.01171303074670571
0.0 0.021484375 0.41800878477306 0.00390625 0.010248901903367497
0.0 0.00390625 0.4224011713030747 0.00390625 0.010248901903367497
0.0 0.001953125 0.44363103953147875 0.00390625 0.008784773060029283
0.0 0.115234375 0.4538799414348463 0.005859375 0.01171303074670571
0.0 0.12451171875 0.4333821376281113 0.0048828125 0.01171303074670571
0.0 0.12744140625 0.4465592972181552 0.0048828125 0.008784773060029283
0.0 0.1357421875 0.465592972181552 0.00390625 0.01171303074670571
0.0 0.1123046875 0.4816983894582723 0.005859375 0.01171303074670571
0.0 0.02099609375 0.47584187408491946 0.0068359375 0.01171303074670571
0.0 0.01708984375 0.4428989751098097 0.0048828125 0.010248901903367497
0.0 0.021484375 0.49414348462664714 0.0078125 0.013177159590043924
0.0 0.03955078125 0.48243045387994143 0.0068359375 0.016105417276720352
0.0 0.01123046875 0.5058565153733529 0.0048828125 0.013177159590043924
0.0 0.1171875 0.5036603221083455 0.005859375 0.014641288433382138
0.0 0.10693359375 0.47291361639824303 0.0048828125 0.008784773060029283
0.0 0.126953125 0.5307467057101025 0.005859375 0.010248901903367497
0.0 0.11962890625 0.5402635431918009 0.0068359375 0.01171303074670571
0.0 0.09228515625 0.5256222547584187 0.0068359375 0.014641288433382138
0.0 0.05615234375 0.5080527086383602 0.0068359375 0.01171303074670571
0.0 0.07177734375 0.5197657393850659 0.0087890625 0.017569546120058566
0.0 0.0419921875 0.5153733528550513 0.005859375 0.01171303074670571
0.0 0.02783203125 0.5183016105417276 0.0068359375 0.01171303074670571
0.0 0.00634765625 0.5402635431918009 0.0087890625 0.017569546120058566
0.0 0.03564453125 0.5314787701317716 0.0068359375 0.01171303074670571
0.0 0.0380859375 0.5461200585651538 0.009765625 0.01171303074670571
0.0 0.056640625 0.5505124450951684 0.0078125 0.020497803806734993
0.0 0.0869140625 0.5644216691068814 0.0078125 0.013177159590043924
0.0 0.09033203125 0.5483162518301611 0.0068359375 0.013177159590043924
0.0 0.06787109375 0.5768667642752562 0.0068359375 0.014641288433382138
0.0 0.0556640625 0.5907759882869692 0.01171875 0.021961932650073207
0.0 0.087890625 0.5922401171303074 0.009765625 0.016105417276720352
0.0 0.11962890625 0.5797950219619327 0.0087890625 0.017569546120058566
0.0 0.02001953125 0.5907759882869692 0.0068359375 0.013177159590043924
0.0 0.09814453125 0.5944363103953147 0.0087890625 0.01171303074670571
0.0 0.06640625 0.48316251830161056 0.0078125 0.01171303074670571
0.0 0.06884765625 0.5080527086383602 0.0087890625 0.01171303074670571
0.0 0.03125 0.6317715959004392 0.0078125 0.024890190336749635
0.0 0.0615234375 0.6310395314787701 0.013671875 0.02342606149341142
0.0 0.0947265625 0.6244509516837482 0.01171875 0.027818448023426062
0.0 0.1181640625 0.6090775988286969 0.005859375 0.014641288433382138
0.0 0.1328125 0.6083455344070278 0.009765625 0.01903367496339678
0.0 0.12646484375 0.6442166910688141 0.0107421875 0.020497803806734993
0.0 0.14794921875 0.6346998535871157 0.0107421875 0.021961932650073207
0.0 0.16357421875 0.6281112737920937 0.0107421875 0.020497803806734993
0.0 0.17919921875 0.6720351390922401 0.0107421875 0.02342606149341142
0.0 0.16650390625 0.5790629575402635 0.0087890625 0.01903367496339678
0.0 0.154296875 0.5929721815519766 0.009765625 0.014641288433382138
0.0 0.142578125 0.5702781844802343 0.0078125 0.016105417276720352
0.0 0.1708984375 0.5351390922401171 0.009765625 0.016105417276720352
0.0 0.16796875 0.5080527086383602 0.0078125 0.014641288433382138
0.0 0.1376953125 0.5168374816983895 0.0078125 0.014641288433382138
0.0 0.185546875 0.4787701317715959 0.0078125 0.01171303074670571
0.0 0.166015625 0.47364568081991215 0.005859375 0.010248901903367497
0.0 0.14794921875 0.4816983894582723 0.0068359375 0.01171303074670571
0.0 0.18212890625 0.45095168374816985 0.0048828125 0.008784773060029283
0.0 0.17529296875 0.45095168374816985 0.0048828125 0.01171303074670571
0.0 0.154296875 0.4538799414348463 0.005859375 0.01171303074670571
0.0 0.15087890625 0.4458272327964861 0.0048828125 0.010248901903367497
0.0 0.06494140625 0.5453879941434846 0.0107421875 0.01903367496339678
0.0 0.00927734375 0.6039531478770132 0.0126953125 0.021961932650073207
0.0 0.01171875 0.6581259150805271 0.01171875 0.021961932650073207
0.0 0.1396484375 0.4341142020497804 0.005859375 0.010248901903367497
0.0 0.146484375 0.42752562225475843 0.00390625 0.008784773060029283
0.0 0.19287109375 0.5161054172767203 0.0068359375 0.013177159590043924
0.0 0.18505859375 0.5351390922401171 0.0087890625 0.010248901903367497
0.0 0.1904296875 0.5775988286969254 0.009765625 0.016105417276720352
0.0 0.15234375 0.40702781844802344 0.005859375 0.008784773060029283
0.0 0.201171875 0.40922401171303074 0.00390625 0.007320644216691069
0.0 0.19580078125 0.4224011713030747 0.0029296875 0.007320644216691069
0.0 0.21337890625 0.43191800878477304 0.0029296875 0.008784773060029283
0.0 0.2255859375 0.4407027818448023 0.00390625 0.008784773060029283
0.0 0.23486328125 0.43191800878477304 0.0029296875 0.008784773060029283
0.0 0.23681640625 0.40922401171303074 0.0048828125 0.010248901903367497
0.0 0.26953125 0.4407027818448023 0.00390625 0.008784773060029283
0.0 0.2763671875 0.4546120058565154 0.00390625 0.010248901903367497
0.0 0.259765625 0.4612005856515373 0.00390625 0.008784773060029283
0.0 0.2451171875 0.4546120058565154 0.00390625 0.007320644216691069
0.0 0.26171875 0.4787701317715959 0.005859375 0.008784773060029283
0.0 0.2412109375 0.4780380673499268 0.005859375 0.010248901903367497
0.0 0.21826171875 0.47364568081991215 0.0048828125 0.007320644216691069
0.0 0.20166015625 0.46412884333821375 0.0048828125 0.008784773060029283
0.0 0.20849609375 0.4787701317715959 0.0048828125 0.01171303074670571
0.0 0.2646484375 0.513177159590044 0.0078125 0.013177159590043924
0.0 0.2490234375 0.5153733528550513 0.005859375 0.014641288433382138
0.0 0.21435546875 0.527086383601757 0.0068359375 0.01171303074670571
0.0 0.2109375 0.5439238653001464 0.009765625 0.016105417276720352
0.0 0.240234375 0.5636896046852123 0.0078125 0.014641288433382138
0.0 0.27197265625 0.5805270863836017 0.0107421875 0.01903367496339678
0.0 0.25439453125 0.5966325036603221 0.0087890625 0.01903367496339678
0.0 0.24169921875 0.5446559297218155 0.0068359375 0.014641288433382138
0.0 0.19384765625 0.5636896046852123 0.0107421875 0.017569546120058566
0.0 0.21484375 0.6222547584187409 0.009765625 0.020497803806734993
0.0 0.2197265625 0.6398243045387995 0.01171875 0.02342606149341142
0.0 0.23681640625 0.6361639824304539 0.0068359375 0.016105417276720352
0.0 0.25830078125 0.6200585651537335 0.0107421875 0.021961932650073207
0.0 0.287109375 0.6390922401171303 0.009765625 0.021961932650073207
0.0 0.30517578125 0.6383601756954612 0.0087890625 0.020497803806734993
0.0 0.3125 0.62298682284041 0.01171875 0.01903367496339678
0.0 0.3154296875 0.582723279648609 0.0078125 0.017569546120058566
0.0 0.38818359375 0.4253294289897511 0.0029296875 0.010248901903367497
0.0 0.37841796875 0.42825768667642755 0.0048828125 0.010248901903367497
0.0 0.36572265625 0.42972181551976574 0.0048828125 0.010248901903367497
0.0 0.40283203125 0.4465592972181552 0.0048828125 0.008784773060029283
0.0 0.349609375 0.45534407027818447 0.00390625 0.008784773060029283
0.0 0.32666015625 0.42825768667642755 0.0048828125 0.010248901903367497
0.0 0.31201171875 0.41947291361639827 0.0048828125 0.010248901903367497
0.0 0.30615234375 0.44363103953147875 0.0048828125 0.008784773060029283
0.0 0.29345703125 0.4575402635431918 0.0048828125 0.010248901903367497
0.0 0.3017578125 0.47364568081991215 0.00390625 0.010248901903367497
0.0 0.28564453125 0.4816983894582723 0.0048828125 0.014641288433382138
0.0 0.27734375 0.5175695461200586 0.005859375 0.010248901903367497
0.0 0.29736328125 0.5175695461200586 0.0048828125 0.010248901903367497
0.0 0.31298828125 0.48316251830161056 0.0048828125 0.01171303074670571
0.0 0.3466796875 0.4377745241581259 0.00390625 0.008784773060029283
0.0 0.33642578125 0.4333821376281113 0.0048828125 0.008784773060029283
0.0 0.29931640625 0.424597364568082 0.0048828125 0.008784773060029283
0.0 0.32666015625 0.5366032210834554 0.0068359375 0.016105417276720352
0.0 0.35595703125 0.5380673499267935 0.0068359375 0.016105417276720352
0.0 0.37158203125 0.5036603221083455 0.0048828125 0.01171303074670571
0.0 0.3798828125 0.5007320644216691 0.005859375 0.014641288433382138
0.0 0.40673828125 0.47364568081991215 0.0048828125 0.010248901903367497
0.0 0.39990234375 0.47364568081991215 0.0048828125 0.010248901903367497
0.0 0.41796875 0.48975109809663253 0.005859375 0.013177159590043924
0.0 0.4267578125 0.48462664714494874 0.005859375 0.01171303074670571
0.0 0.40478515625 0.513909224011713 0.0048828125 0.008784773060029283
0.0 0.41259765625 0.5387994143484627 0.0068359375 0.01171303074670571
0.0 0.3955078125 0.5483162518301611 0.005859375 0.010248901903367497
0.0 0.40234375 0.5636896046852123 0.005859375 0.01171303074670571
0.0 0.38818359375 0.5585651537335286 0.0068359375 0.016105417276720352
0.0 0.36669921875 0.5600292825768668 0.0068359375 0.016105417276720352
0.0 0.396484375 0.5761346998535871 0.0078125 0.016105417276720352
0.0 0.43017578125 0.5710102489019033 0.0068359375 0.01171303074670571
0.0 0.42529296875 0.5285505124450952 0.0048828125 0.020497803806734993
0.0 0.421875 0.5863836017569546 0.0078125 0.016105417276720352
0.0 0.41796875 0.6024890190336749 0.005859375 0.01903367496339678
0.0 0.41943359375 0.623718887262079 0.0087890625 0.017569546120058566
0.0 0.38916015625 0.6185944363103953 0.0126953125 0.024890190336749635
0.0 0.35791015625 0.5893118594436311 0.0068359375 0.013177159590043924
0.0 0.34375 0.6061493411420205 0.0078125 0.017569546120058566
0.0 0.3466796875 0.6427525622254758 0.01171875 0.020497803806734993
0.0 0.36328125 0.6442166910688141 0.01171875 0.02342606149341142
0.0 0.37548828125 0.6332357247437774 0.0087890625 0.016105417276720352
0.0 0.4150390625 0.6464128843338214 0.0078125 0.01903367496339678
0.0 0.42431640625 0.6632503660322109 0.0068359375 0.014641288433382138
0.0 0.52880859375 0.4150805270863836 0.0048828125 0.010248901903367497
0.0 0.51904296875 0.4143484626647145 0.0048828125 0.008784773060029283
0.0 0.50390625 0.4084919472913616 0.00390625 0.008784773060029283
0.0 0.53173828125 0.42825768667642755 0.0048828125 0.010248901903367497
0.0 0.51611328125 0.42752562225475843 0.0048828125 0.008784773060029283
0.0 0.49755859375 0.4238653001464129 0.0029296875 0.007320644216691069
0.0 0.4853515625 0.4341142020497804 0.00390625 0.007320644216691069
0.0 0.4765625 0.42752562225475843 0.00390625 0.01171303074670571
0.0 0.4638671875 0.4289897510980966 0.00390625 0.008784773060029283
0.0 0.43798828125 0.44143484626647145 0.0048828125 0.007320644216691069
0.0 0.4482421875 0.4538799414348463 0.00390625 0.008784773060029283
0.0 0.46728515625 0.445095168374817 0.0029296875 0.008784773060029283
0.0 0.4599609375 0.44216691068814057 0.00390625 0.008784773060029283
0.0 0.47998046875 0.45095168374816985 0.0048828125 0.008784773060029283
0.0 0.51904296875 0.4480234260614934 0.0048828125 0.01171303074670571
0.0 0.51025390625 0.4546120058565154 0.0048828125 0.010248901903367497
0.0 0.4970703125 0.46412884333821375 0.005859375 0.01171303074670571
0.0 0.51025390625 0.46925329428989754 0.0048828125 0.007320644216691069
0.0 0.52685546875 0.4670571010248902 0.0048828125 0.01171303074670571
0.0 0.517578125 0.4912152269399707 0.00390625 0.007320644216691069
0.0 0.501953125 0.4992679355783309 0.005859375 0.008784773060029283
0.0 0.48291015625 0.4751098096632504 0.0048828125 0.010248901903367497
0.0 0.45361328125 0.48755490483162517 0.0048828125 0.008784773060029283
0.0 0.44189453125 0.4751098096632504 0.0048828125 0.007320644216691069
0.0 0.44287109375 0.5007320644216691 0.0068359375 0.01171303074670571
0.0 0.4755859375 0.5065885797950219 0.005859375 0.01171303074670571
0.0 0.5185546875 0.513909224011713 0.005859375 0.014641288433382138
0.0 0.51611328125 0.5307467057101025 0.0048828125 0.013177159590043924
0.0 0.50390625 0.5505124450951684 0.005859375 0.014641288433382138
0.0 0.4716796875 0.5439238653001464 0.0078125 0.016105417276720352
0.0 0.45068359375 0.5746705710102489 0.0087890625 0.016105417276720352
0.0 0.49365234375 0.5805270863836017 0.0068359375 0.013177159590043924
0.0 0.4853515625 0.58199121522694 0.005859375 0.013177159590043924
0.0 0.466796875 0.5695461200585652 0.005859375 0.01171303074670571
0.0 0.5185546875 0.5666178623718887 0.005859375 0.014641288433382138
0.0 0.52880859375 0.5702781844802343 0.0087890625 0.013177159590043924
0.0 0.5234375 0.5871156661786238 0.0078125 0.014641288433382138
0.0 0.45849609375 0.6149341142020498 0.0068359375 0.01171303074670571
0.0 0.50341796875 0.6537335285505125 0.0087890625 0.01903367496339678
0.0 0.48486328125 0.6412884333821376 0.0107421875 0.020497803806734993
0.0 0.470703125 0.6486090775988287 0.009765625 0.020497803806734993
0.0 0.45458984375 0.6383601756954612 0.0087890625 0.017569546120058566
0.0 0.44287109375 0.6530014641288433 0.0107421875 0.014641288433382138
0.0 0.45263671875 0.6566617862371888 0.0107421875 0.016105417276720352
0.0 0.482421875 0.5468521229868228 0.0078125 0.016105417276720352
0.0 0.443359375 0.5292825768667643 0.0078125 0.016105417276720352
0.0 0.57763671875 0.2730600292825769 0.0341796875 0.05710102489019034
0.0 0.66796875 0.39824304538799415 0.00390625 0.008784773060029283
0.0 0.6611328125 0.41654465592972184 0.005859375 0.010248901903367497
0.0 0.64306640625 0.42825768667642755 0.0048828125 0.010248901903367497
0.0 0.68798828125 0.5307467057101025 0.0068359375 0.010248901903367497
0.0 0.66650390625 0.527086383601757 0.0048828125 0.014641288433382138
0.0 0.6455078125 0.5519765739385066 0.0078125 0.014641288433382138
0.0 0.66552734375 0.5512445095168375 0.0087890625 0.013177159590043924
0.0 0.6826171875 0.5556368960468521 0.005859375 0.010248901903367497
0.0 0.66748046875 0.5746705710102489 0.0068359375 0.016105417276720352
0.0 0.6865234375 0.5783308931185944 0.0078125 0.014641288433382138
0.0 0.7021484375 0.5768667642752562 0.0078125 0.017569546120058566
0.0 0.681640625 0.6156661786237189 0.009765625 0.01903367496339678
0.0 0.69775390625 0.6215226939970717 0.0087890625 0.016105417276720352
0.0 0.69873046875 0.6530014641288433 0.0126953125 0.02635431918008785
0.0 0.814453125 0.4019033674963397 0.00390625 0.010248901903367497
0.0 0.8017578125 0.41874084919472915 0.00390625 0.008784773060029283
0.0 0.76416015625 0.44363103953147875 0.0048828125 0.008784773060029283
0.0 0.78759765625 0.4568081991215227 0.0048828125 0.008784773060029283
0.0 0.80615234375 0.45314787701317716 0.0048828125 0.010248901903367497
0.0 0.8134765625 0.4773060029282577 0.00390625 0.01171303074670571
0.0 0.79296875 0.4751098096632504 0.005859375 0.010248901903367497
0.0 0.76708984375 0.4743777452415813 0.0048828125 0.008784773060029283
0.0 0.76416015625 0.45900439238653 0.0048828125 0.010248901903367497
0.0 0.77587890625 0.5 0.0048828125 0.013177159590043924
0.0 0.79443359375 0.5036603221083455 0.0048828125 0.008784773060029283
0.0 0.80126953125 0.5102489019033675 0.0048828125 0.013177159590043924
0.0 0.81884765625 0.5029282576866764 0.0048828125 0.010248901903367497
0.0 0.80908203125 0.5190336749633968 0.0068359375 0.013177159590043924
0.0 0.78271484375 0.5300146412884333 0.0068359375 0.014641288433382138
0.0 0.791015625 0.5563689604685212 0.005859375 0.014641288433382138
0.0 0.80615234375 0.5556368960468521 0.0048828125 0.013177159590043924
0.0 0.794921875 0.5856515373352855 0.0078125 0.017569546120058566
0.0 0.76513671875 0.6024890190336749 0.0068359375 0.016105417276720352
0.0 0.74951171875 0.6449487554904831 0.0107421875 0.021961932650073207
0.0 0.78759765625 0.6215226939970717 0.0068359375 0.01903367496339678
0.0 0.81494140625 0.6149341142020498 0.0068359375 0.014641288433382138
0.0 0.78759765625 0.6390922401171303 0.0068359375 0.016105417276720352
0.0 0.81396484375 0.6456808199121523 0.0146484375 0.02635431918008785
0.0 0.81884765625 0.6054172767203514 0.0068359375 0.016105417276720352
0.0 0.97802734375 0.42313323572474376 0.0048828125 0.008784773060029283
0.0 0.962890625 0.42313323572474376 0.00390625 0.008784773060029283
0.0 0.95166015625 0.44363103953147875 0.0048828125 0.008784773060029283
0.0 0.9375 0.40483162518301613 0.00390625 0.007320644216691069
0.0 0.9306640625 0.4055636896046852 0.00390625 0.008784773060029283
0.0 0.912109375 0.42752562225475843 0.00390625 0.008784773060029283
0.0 0.88671875 0.4150805270863836 0.00390625 0.007320644216691069
0.0 0.89990234375 0.4033674963396779 0.0029296875 0.007320644216691069
0.0 0.83203125 0.3931185944363104 0.005859375 0.010248901903367497
0.0 0.86572265625 0.410688140556369 0.0048828125 0.007320644216691069
0.0 0.853515625 0.4224011713030747 0.00390625 0.007320644216691069
0.0 0.86669921875 0.4238653001464129 0.0048828125 0.007320644216691069
0.0 0.8330078125 0.438506588579795 0.00390625 0.007320644216691069
0.0 0.84619140625 0.4458272327964861 0.0048828125 0.010248901903367497
0.0 0.83837890625 0.4780380673499268 0.0048828125 0.013177159590043924
0.0 0.86572265625 0.438506588579795 0.0048828125 0.010248901903367497
0.0 0.82666015625 0.4480234260614934 0.0048828125 0.008784773060029283
0.0 0.82421875 0.4377745241581259 0.00390625 0.008784773060029283
0.0 0.8330078125 0.40775988286969256 0.00390625 0.010248901903367497
0.0 0.873046875 0.43704245973645683 0.00390625 0.007320644216691069
0.0 0.91748046875 0.4494875549048316 0.0048828125 0.008784773060029283
0.0 0.9267578125 0.4582723279648609 0.00390625 0.008784773060029283
0.0 0.94189453125 0.4677891654465593 0.0048828125 0.010248901903367497
0.0 0.94873046875 0.46486090775988287 0.0048828125 0.010248901903367497
0.0 0.97021484375 0.46266471449487556 0.0048828125 0.008784773060029283
0.0 0.982421875 0.47218155197657397 0.005859375 0.013177159590043924
0.0 0.974609375 0.4780380673499268 0.00390625 0.010248901903367497
0.0 0.95361328125 0.48462664714494874 0.0048828125 0.01171303074670571
0.0 0.888671875 0.4575402635431918 0.005859375 0.010248901903367497
0.0 0.87939453125 0.48243045387994143 0.0029296875 0.010248901903367497
0.0 0.8955078125 0.4787701317715959 0.00390625 0.008784773060029283
0.0 0.91650390625 0.4743777452415813 0.0048828125 0.01171303074670571
0.0 0.90478515625 0.4868228404099561 0.0048828125 0.010248901903367497
0.0 0.82763671875 0.4751098096632504 0.0068359375 0.013177159590043924
0.0 0.85595703125 0.48096632503660325 0.0048828125 0.013177159590043924
0.0 0.8642578125 0.5029282576866764 0.00390625 0.010248901903367497
0.0 0.8232421875 0.5219619326500732 0.005859375 0.013177159590043924
0.0 0.8388671875 0.5300146412884333 0.005859375 0.01171303074670571
0.0 0.83447265625 0.513177159590044 0.0048828125 0.010248901903367497
0.0 0.88232421875 0.5146412884333821 0.0048828125 0.010248901903367497
0.0 0.8662109375 0.5322108345534406 0.005859375 0.013177159590043924
0.0 0.82861328125 0.5505124450951684 0.0068359375 0.017569546120058566
0.0 0.84228515625 0.5607613469985359 0.0068359375 0.014641288433382138
0.0 0.86083984375 0.5556368960468521 0.0068359375 0.013177159590043924
0.0 0.86767578125 0.5636896046852123 0.0068359375 0.014641288433382138
0.0 0.89404296875 0.5534407027818448 0.0068359375 0.017569546120058566
0.0 0.8857421875 0.5292825768667643 0.0078125 0.013177159590043924
0.0 0.90673828125 0.5036603221083455 0.0048828125 0.01171303074670571
0.0 0.9169921875 0.5234260614934114 0.005859375 0.013177159590043924
0.0 0.94287109375 0.5314787701317716 0.0068359375 0.017569546120058566
0.0 0.92333984375 0.5644216691068814 0.0068359375 0.016105417276720352
0.0 0.9501953125 0.5468521229868228 0.005859375 0.016105417276720352
0.0 0.966796875 0.5314787701317716 0.005859375 0.01171303074670571
0.0 0.9755859375 0.5483162518301611 0.01171875 0.016105417276720352
0.0 0.9228515625 0.49194729136163984 0.005859375 0.01171303074670571
0.0 0.9248046875 0.48316251830161056 0.005859375 0.014641288433382138
0.0 0.85888671875 0.5951683748169839 0.0068359375 0.016105417276720352
0.0 0.8583984375 0.6281112737920937 0.0078125 0.014641288433382138
0.0 0.91845703125 0.6244509516837482 0.0087890625 0.016105417276720352
0.0 0.94189453125 0.6017569546120058 0.0068359375 0.014641288433382138
0.0 0.97607421875 0.5805270863836017 0.0087890625 0.013177159590043924
0.0 0.96875 0.5937042459736457 0.005859375 0.013177159590043924
0.0 0.9931640625 0.6156661786237189 0.009765625 0.013177159590043924
0.0 0.97119140625 0.6303074670571011 0.0107421875 0.01903367496339678
0.0 0.95361328125 0.6434846266471449 0.0068359375 0.013177159590043924
0.0 0.9375 0.6434846266471449 0.0078125 0.01903367496339678
0.0 0.89453125 0.6632503660322109 0.009765625 0.017569546120058566
0.0 0.88671875 0.6346998535871157 0.005859375 0.016105417276720352
0.0 0.86962890625 0.6559297218155198 0.0087890625 0.017569546120058566
0.0 0.8271484375 0.6434846266471449 0.0078125 0.01903367496339678
0.0 0.78662109375 0.677891654465593 0.0107421875 0.020497803806734993
0.0 0.47119140625 0.47291361639824303 0.0068359375 0.01171303074670571
0.0 0.66552734375 0.4253294289897511 0.0048828125 0.010248901903367497
0.0 0.68212890625 0.41947291361639827 0.0048828125 0.010248901903367497
0.0 0.701171875 0.3814055636896047 0.00390625 0.010248901903367497
0.0 0.68212890625 0.40775988286969256 0.0048828125 0.013177159590043924
0.0 0.65234375 0.39092240117130306 0.00390625 0.008784773060029283
0.0 0.65869140625 0.369692532942899 0.0068359375 0.013177159590043924
0.0 0.63671875 0.5153733528550513 0.0078125 0.014641288433382138
0.0 0.64111328125 0.5336749633967789 0.0107421875 0.013177159590043924
0.0 0.21533203125 0.4575402635431918 0.0048828125 0.007320644216691069
0.0 0.203125 0.45314787701317716 0.005859375 0.013177159590043924
0.0 0.1826171875 0.40263543191800877 0.00390625 0.008784773060029283
0.0 0.1982421875 0.4428989751098097 0.005859375 0.013177159590043924
0.0 0.3271484375 0.4699853587115666 0.005859375 0.01171303074670571
0.0 0.40576171875 0.5065885797950219 0.0048828125 0.01171303074670571
0.0 0.31396484375 0.5629575402635432 0.0068359375 0.010248901903367497
0.0 0.4150390625 0.4663250366032211 0.005859375 0.010248901903367497
0.0 0.36865234375 0.5168374816983895 0.0048828125 0.01171303074670571
0.0 0.33642578125 0.5395314787701317 0.0048828125 0.010248901903367497
0.0 0.16552734375 0.4136163982430454 0.0048828125 0.010248901903367497
0.0 0.16259765625 0.431185944363104 0.0029296875 0.007320644216691069
0.0 0.169921875 0.43045387994143486 0.00390625 0.008784773060029283
0.0 0.1796875 0.42972181551976574 0.005859375 0.010248901903367497
0.0 0.29150390625 0.39092240117130306 0.0029296875 0.008784773060029283
0.0 0.2099609375 0.3923865300146413 0.00390625 0.008784773060029283
0.0 0.2275390625 0.3945827232796486 0.00390625 0.010248901903367497
0.0 0.318359375 0.4538799414348463 0.005859375 0.01171303074670571
0.0 0.33203125 0.39970717423133234 0.00390625 0.008784773060029283
0.0 0.0966796875 0.4780380673499268 0.005859375 0.010248901903367497
