0.0 0.3564453125 0.3163035311795642 0.123046875 0.067618332081142
0.0 0.6923828125 0.2610818933132983 0.099609375 0.06987227648384674
0.0 0.1982421875 0.6502629601803156 0.07421875 0.06536438767843726
0.0 0.74365234375 0.8959429000751314 0.0263671875 0.029301277235161533
0.0 0.78662109375 0.9117205108940646 0.0205078125 0.02629601803155522
0.0 0.8115234375 0.9455296769346356 0.03125 0.029301277235161533
0.0 0.86279296875 0.9226145755071374 0.0263671875 0.027047332832456798
0.0 0.92578125 0.9429000751314801 0.02734375 0.028549962434259956
0.0 0.470703125 0.886175807663411 0.0234375 0.02329075882794891
0.0 0.3779296875 0.8557475582268971 0.0234375 0.018031555221637866
0.0 0.0458984375 0.9297520661157025 0.04296875 0.035311795642374154
0.0 0.13134765625 0.941397445529677 0.0341796875 0.03456048084147258
0.0 0.02099609375 0.9042073628850489 0.0322265625 0.032306536438767845
0.0 0.7734375 0.8842975206611571 0.02734375 0.022539444027047332
0.0 0.82568359375 0.8959429000751314 0.0263671875 0.018782870022539443
