0.0 0.04638671875 0.05222841225626741 0.0302734375 0.054317548746518104
0.0 0.11083984375 0.03969359331476323 0.0205078125 0.034818941504178275
0.0 0.19287109375 0.055710306406685235 0.0185546875 0.033426183844011144
0.0 0.251953125 0.05013927576601671 0.01953125 0.04178272980501393
0.0 0.2685546875 0.1873259052924791 0.0234375 0.05153203342618384
0.0 0.17041015625 0.18314763231197773 0.0224609375 0.05153203342618384
0.0 0.18310546875 0.15459610027855153 0.0185546875 0.03064066852367688
0.0 0.1015625 0.11977715877437325 0.021484375 0.036211699164345405
0.0 0.056640625 0.20264623955431754 0.0234375 0.04874651810584958
0.0 0.10205078125 0.25069637883008355 0.0224609375 0.04456824512534819
0.0 0.18896484375 0.2562674094707521 0.0302734375 0.052924791086350974
0.0 0.25634765625 0.28481894150417825 0.0244140625 0.04874651810584958
0.0 0.2265625 0.36142061281337046 0.029296875 0.05988857938718663
0.0 0.0947265625 0.40668523676880225 0.03125 0.06406685236768803
0.0 0.18603515625 0.3906685236768802 0.0341796875 0.06824512534818941
0.0 0.30322265625 0.4477715877437326 0.0224609375 0.05153203342618384
0.0 0.27392578125 0.40947075208913647 0.0244140625 0.055710306406685235
0.0 0.318359375 0.35863509749303624 0.02734375 0.04874651810584958
0.0 0.099609375 0.3711699164345404 0.03125 0.04317548746518106
0.0 0.345703125 0.04178272980501393 0.021484375 0.03064066852367688
0.0 0.3564453125 0.07311977715877438 0.01953125 0.0403899721448468
0.0 0.39990234375 0.055710306406685235 0.0166015625 0.025069637883008356
0.0 0.421875 0.08008356545961003 0.017578125 0.037604456824512536
0.0 0.42578125 0.12186629526462396 0.01953125 0.04596100278551532
0.0 0.376953125 0.1532033426183844 0.0234375 0.04456824512534819
0.0 0.35595703125 0.19080779944289694 0.0244140625 0.05013927576601671
0.0 0.3125 0.13857938718662952 0.021484375 0.04596100278551532
0.0 0.27685546875 0.149025069637883 0.0224609375 0.04456824512534819
0.0 0.34375 0.27924791086350975 0.02734375 0.04596100278551532
0.0 0.40478515625 0.27924791086350975 0.0224609375 0.05988857938718663
0.0 0.39892578125 0.3983286908077994 0.0302734375 0.055710306406685235
0.0 0.4443359375 0.03969359331476323 0.025390625 0.02924791086350975
0.0 0.52685546875 0.052924791086350974 0.0205078125 0.04178272980501393
0.0 0.50390625 0.14066852367688024 0.048828125 0.10306406685236769
0.0 0.552734375 0.14415041782729804 0.0234375 0.054317548746518104
0.0 0.6083984375 0.07242339832869081 0.025390625 0.04735376044568245
0.0 0.61376953125 0.034818941504178275 0.0205078125 0.025069637883008356
0.0 0.62060546875 0.14623955431754876 0.0244140625 0.0584958217270195
0.0 0.64404296875 0.19707520891364902 0.0302734375 0.054317548746518104
0.0 0.5478515625 0.22493036211699163 0.0390625 0.07938718662952646
0.0 0.6220703125 0.3043175487465181 0.02734375 0.04874651810584958
0.0 0.6923828125 0.04387186629526462 0.01953125 0.037604456824512536
0.0 0.71044921875 0.07172701949860724 0.0224609375 0.04874651810584958
0.0 0.73095703125 0.09192200557103064 0.0224609375 0.04735376044568245
0.0 0.75830078125 0.026462395543175487 0.0166015625 0.027855153203342618
0.0 0.77685546875 0.04874651810584958 0.0166015625 0.03899721448467967
0.0 0.78662109375 0.10167130919220056 0.0224609375 0.04456824512534819
0.0 0.84619140625 0.0988857938718663 0.0263671875 0.052924791086350974
0.0 0.7041015625 0.25348189415041783 0.025390625 0.05013927576601671
0.0 0.75390625 0.2214484679665738 0.01953125 0.05013927576601671
0.0 0.8359375 0.21239554317548748 0.021484375 0.04874651810584958
0.0 0.82958984375 0.27298050139275765 0.0205078125 0.05013927576601671
0.0 0.87890625 0.04805013927576602 0.01953125 0.037604456824512536
0.0 0.91162109375 0.032729805013927575 0.0205078125 0.023676880222841225
0.0 0.9287109375 0.11142061281337047 0.02734375 0.0584958217270195
0.0 0.970703125 0.1915041782729805 0.029296875 0.057103064066852366
0.0 0.869140625 0.26323119777158777 0.0234375 0.052924791086350974
0.0 0.88916015625 0.32729805013927576 0.0283203125 0.05013927576601671
0.0 0.91943359375 0.37047353760445684 0.0302734375 0.06406685236768803
0.0 0.92919921875 0.41086350974930363 0.0361328125 0.06963788300835655
0.0 0.83056640625 0.3342618384401114 0.0244140625 0.04178272980501393
0.0 0.81298828125 0.3767409470752089 0.0283203125 0.054317548746518104
0.0 0.75341796875 0.31754874651810583 0.0283203125 0.06128133704735376
0.0 0.759765625 0.42479108635097496 0.033203125 0.06128133704735376
0.0 0.8515625 0.4456824512534819 0.03125 0.06128133704735376
0.0 0.6845703125 0.36420612813370473 0.025390625 0.05153203342618384
0.0 0.6708984375 0.3969359331476323 0.03125 0.052924791086350974
0.0 0.0107421875 0.3544568245125348 0.017578125 0.057103064066852366
0.0 0.013671875 0.2924791086350975 0.017578125 0.033426183844011144
0.0 0.02880859375 0.031337047353760444 0.0244140625 0.03203342618384401
