0.0 0.5263671875 0.23697916666666666 0.033203125 0.0625
0.0 0.59375 0.283203125 0.03515625 0.06380208333333333
0.0 0.5654296875 0.24869791666666666 0.025390625 0.041666666666666664
0.0 0.4921875 0.20182291666666666 0.015625 0.033854166666666664
0.0 0.4443359375 0.2727864583333333 0.03125 0.05078125
0.0 0.61083984375 0.17447916666666666 0.0107421875 0.026041666666666668
0.0 0.41748046875 0.18489583333333334 0.0146484375 0.026041666666666668
0.0 0.39990234375 0.18033854166666666 0.0166015625 0.037760416666666664
0.0 0.109375 0.12890625 0.017578125 0.026041666666666668
0.0 0.26220703125 0.13671875 0.0185546875 0.03125
0.0 0.20361328125 0.18815104166666666 0.0166015625 0.02734375
0.0 0.0859375 0.17708333333333334 0.01953125 0.033854166666666664
0.0 0.265625 0.2727864583333333 0.025390625 0.05078125
0.0 0.22998046875 0.2513020833333333 0.0302734375 0.06770833333333333
0.0 0.21337890625 0.2766927083333333 0.0283203125 0.053385416666666664
0.0 0.26904296875 0.3138020833333333 0.0244140625 0.07291666666666667
0.0 0.20263671875 0.3404947916666667 0.0283203125 0.06380208333333333
0.0 0.36865234375 0.287109375 0.0263671875 0.048177083333333336
0.0 0.3125 0.2884114583333333 0.03125 0.05859375
0.0 0.5810546875 0.018880208333333332 0.01171875 0.02734375
0.0 0.5126953125 0.0234375 0.013671875 0.028645833333333332
0.0 0.689453125 0.18619791666666666 0.013671875 0.028645833333333332
0.0 0.72802734375 0.15104166666666666 0.0166015625 0.033854166666666664
0.0 0.6953125 0.2688802083333333 0.033203125 0.048177083333333336
0.0 0.759765625 0.2513020833333333 0.02734375 0.052083333333333336
0.0 0.86083984375 0.2688802083333333 0.0263671875 0.045572916666666664
0.0 0.89306640625 0.26953125 0.0283203125 0.059895833333333336
0.0 0.90673828125 0.16015625 0.0166015625 0.033854166666666664
0.0 0.91748046875 0.008463541666666666 0.0166015625 0.014322916666666666
0.0 0.2880859375 0.11263020833333333 0.013671875 0.022135416666666668
0.0 0.169921875 0.3190104166666667 0.03125 0.06770833333333333
