0.0 0.474609375 0.5766192733017378 0.0205078125 0.04265402843601896
0.0 0.017578125 0.5750394944707741 0.0166015625 0.030015797788309637
0.0 0.08203125 0.5924170616113744 0.013671875 0.026856240126382307
0.0 0.09765625 0.593996840442338 0.013671875 0.030015797788309637
0.0 0.10546875 0.6129541864139021 0.017578125 0.036334913112164295
0.0 0.044921875 0.617693522906793 0.013671875 0.02527646129541864
0.0 0.154296875 0.5987361769352291 0.017578125 0.03475513428120063
0.0 0.193359375 0.6224328593996841 0.015625 0.0315955766192733
0.0 0.203125 0.6145339652448657 0.0126953125 0.02843601895734597
0.0 0.2431640625 0.5860979462875198 0.015625 0.02843601895734597
0.0 0.2529296875 0.6097946287519748 0.0078125 0.023696682464454975
0.0 0.283203125 0.6018957345971564 0.013671875 0.02843601895734597
0.0 0.294921875 0.6050552922590837 0.013671875 0.02843601895734597
0.0 0.314453125 0.655608214849921 0.0126953125 0.030015797788309637
0.0 0.3251953125 0.665086887835703 0.0078125 0.02527646129541864
0.0 0.6611328125 0.7093206951026856 0.0087890625 0.018957345971563982
0.0 0.65234375 0.7093206951026856 0.005859375 0.01263823064770932
0.0 0.6884765625 0.7093206951026856 0.0087890625 0.023696682464454975
0.0 0.5537109375 0.23222748815165878 0.0205078125 0.04739336492890995
0.0 0.69921875 0.7093206951026856 0.01171875 0.023696682464454975
0.0 0.720703125 0.7030015797788309 0.009765625 0.018957345971563982
0.0 0.7490234375 0.6966824644549763 0.01171875 0.02527646129541864
0.0 0.779296875 0.7661927330173776 0.0107421875 0.023696682464454975
0.0 0.775390625 0.6951026856240127 0.0107421875 0.02527646129541864
0.0 0.802734375 0.6998420221169036 0.0107421875 0.026856240126382307
0.0 0.83984375 0.6856240126382307 0.0107421875 0.02527646129541864
0.0 0.8955078125 0.693522906793049 0.0107421875 0.020537124802527645
0.0 0.943359375 0.6903633491311216 0.0107421875 0.022116903633491312
0.0 0.919921875 0.8009478672985783 0.0078125 0.018957345971563982
0.0 0.6318359375 0.7014218009478673 0.0107421875 0.014218009478672985
0.0 0.646484375 0.6998420221169036 0.0048828125 0.01263823064770932
0.0 0.0146484375 0.5371248025276462 0.0068359375 0.014218009478672985
0.0 0.0419921875 0.5513428120063191 0.005859375 0.01263823064770932
0.0 0.046875 0.5497630331753555 0.005859375 0.01579778830963665
0.0 0.06640625 0.584518167456556 0.0087890625 0.01579778830963665
0.0 0.087890625 0.5387045813586098 0.0068359375 0.017377567140600316
0.0 0.1103515625 0.5497630331753555 0.0068359375 0.01579778830963665
0.0 0.1171875 0.5908372827804107 0.0078125 0.017377567140600316
0.0 0.130859375 0.6240126382306477 0.0078125 0.01579778830963665
0.0 0.126953125 0.5734597156398105 0.005859375 0.014218009478672985
0.0 0.119140625 0.5513428120063191 0.005859375 0.011058451816745656
0.0 0.1298828125 0.5624012638230648 0.0068359375 0.01263823064770932
0.0 0.1669921875 0.5371248025276462 0.0068359375 0.01263823064770932
0.0 0.1826171875 0.5924170616113744 0.0078125 0.020537124802527645
0.0 0.2197265625 0.5371248025276462 0.005859375 0.01263823064770932
0.0 0.2255859375 0.5624012638230648 0.0068359375 0.014218009478672985
0.0 0.228515625 0.5466034755134281 0.005859375 0.011058451816745656
0.0 0.232421875 0.5813586097946287 0.0068359375 0.014218009478672985
0.0 0.2646484375 0.5860979462875198 0.0068359375 0.01579778830963665
0.0 0.2490234375 0.5529225908372828 0.005859375 0.014218009478672985
0.0 0.2861328125 0.5781990521327014 0.005859375 0.01263823064770932
0.0 0.294921875 0.5576619273301737 0.0068359375 0.01263823064770932
0.0 0.3212890625 0.5513428120063191 0.005859375 0.01263823064770932
0.0 0.3095703125 0.5481832543443917 0.00390625 0.009478672985781991
0.0 0.3212890625 0.5987361769352291 0.005859375 0.01263823064770932
0.0 0.30859375 0.6145339652448657 0.0078125 0.020537124802527645
0.0 0.330078125 0.6050552922590837 0.005859375 0.01263823064770932
0.0 0.3349609375 0.6240126382306477 0.0078125 0.017377567140600316
0.0 0.345703125 0.6240126382306477 0.005859375 0.014218009478672985
0.0 0.33984375 0.6003159557661928 0.0048828125 0.014218009478672985
0.0 0.3583984375 0.6003159557661928 0.0048828125 0.01263823064770932
0.0 0.3740234375 0.5987361769352291 0.0078125 0.017377567140600316
0.0 0.359375 0.5560821484992101 0.005859375 0.01263823064770932
0.0 0.3408203125 0.5529225908372828 0.005859375 0.01263823064770932
0.0 0.375 0.5687203791469194 0.005859375 0.01579778830963665
0.0 0.3974609375 0.6003159557661928 0.0087890625 0.014218009478672985
0.0 0.4072265625 0.5655608214849921 0.005859375 0.01579778830963665
0.0 0.419921875 0.5687203791469194 0.0078125 0.017377567140600316
0.0 0.443359375 0.6097946287519748 0.0048828125 0.00631911532385466
0.0 0.453125 0.5955766192733017 0.0048828125 0.009478672985781991
0.0 0.462890625 0.5908372827804107 0.0048828125 0.009478672985781991
0.0 0.4990234375 0.6145339652448657 0.0048828125 0.009478672985781991
0.0 0.50390625 0.6113744075829384 0.0048828125 0.009478672985781991
0.0 0.509765625 0.6097946287519748 0.005859375 0.014218009478672985
0.0 0.5771484375 0.6445497630331753 0.005859375 0.011058451816745656
0.0 0.5205078125 0.6066350710900474 0.005859375 0.01263823064770932
0.0 0.5478515625 0.6192733017377567 0.005859375 0.01263823064770932
0.0 0.576171875 0.6255924170616114 0.0048828125 0.011058451816745656
0.0 0.603515625 0.6445497630331753 0.005859375 0.01263823064770932
0.0 0.6181640625 0.669826224328594 0.0078125 0.018957345971563982
0.0 0.6318359375 0.6793048973143759 0.005859375 0.014218009478672985
0.0 0.6484375 0.674565560821485 0.005859375 0.014218009478672985
0.0 0.6337890625 0.6255924170616114 0.0048828125 0.011058451816745656
0.0 0.6376953125 0.6097946287519748 0.005859375 0.01263823064770932
0.0 0.6044921875 0.6240126382306477 0.0068359375 0.01263823064770932
0.0 0.5791015625 0.6113744075829384 0.0068359375 0.014218009478672985
0.0 0.5947265625 0.6097946287519748 0.005859375 0.01263823064770932
0.0 0.6298828125 0.660347551342812 0.0068359375 0.01579778830963665
0.0 0.673828125 0.6793048973143759 0.009765625 0.017377567140600316
0.0 0.6767578125 0.7030015797788309 0.0078125 0.014218009478672985
0.0 0.7060546875 0.688783570300158 0.0068359375 0.014218009478672985
0.0 0.7294921875 0.6729857819905213 0.005859375 0.014218009478672985
0.0 0.75 0.6714060031595577 0.0048828125 0.011058451816745656
0.0 0.7607421875 0.6682464454976303 0.005859375 0.011058451816745656
0.0 0.763671875 0.688783570300158 0.0068359375 0.014218009478672985
0.0 0.775390625 0.665086887835703 0.0048828125 0.009478672985781991
0.0 0.7373046875 0.6524486571879937 0.005859375 0.011058451816745656
0.0 0.7431640625 0.6461295418641391 0.005859375 0.01263823064770932
0.0 0.728515625 0.6461295418641391 0.005859375 0.01263823064770932
0.0 0.6640625 0.6666666666666666 0.005859375 0.011058451816745656
0.0 0.8251953125 0.6903633491311216 0.0078125 0.01263823064770932
0.0 0.814453125 0.7030015797788309 0.005859375 0.009478672985781991
0.0 0.78125 0.684044233807267 0.0068359375 0.011058451816745656
0.0 0.880859375 0.7519747235387045 0.0068359375 0.01579778830963665
0.0 0.8662109375 0.7377567140600316 0.005859375 0.01263823064770932
0.0 0.873046875 0.7472353870458136 0.005859375 0.011058451816745656
0.0 0.8798828125 0.6998420221169036 0.0048828125 0.011058451816745656
0.0 0.9228515625 0.7045813586097947 0.0068359375 0.01263823064770932
0.0 0.8740234375 0.7045813586097947 0.0068359375 0.01263823064770932
0.0 0.982421875 0.7156398104265402 0.009765625 0.020537124802527645
0.0 0.7021484375 0.6445497630331753 0.00390625 0.007898894154818325
0.0 0.7177734375 0.6398104265402843 0.00390625 0.009478672985781991
0.0 0.669921875 0.6571879936808847 0.00390625 0.007898894154818325
0.0 0.6728515625 0.608214849921011 0.0048828125 0.009478672985781991
0.0 0.6865234375 0.6003159557661928 0.0048828125 0.009478672985781991
