0.0 0.68505859375 0.265625 0.0537109375 0.09895833333333333
0.0 0.43310546875 0.18880208333333334 0.0517578125 0.1015625
0.0 0.23681640625 0.2975260416666667 0.0380859375 0.06901041666666667
0.0 0.0927734375 0.583984375 0.01953125 0.032552083333333336
0.0 0.06201171875 0.591796875 0.0205078125 0.029947916666666668
0.0 0.04345703125 0.5709635416666666 0.0166015625 0.029947916666666668
0.0 0.00830078125 0.5852864583333334 0.0166015625 0.032552083333333336
0.0 0.005859375 0.5631510416666666 0.01171875 0.02734375
0.0 0.06396484375 0.5696614583333334 0.0166015625 0.032552083333333336
0.0 0.1357421875 0.5755208333333334 0.01953125 0.033854166666666664
0.0 0.1611328125 0.5794270833333334 0.01953125 0.03125
0.0 0.3017578125 0.5592447916666666 0.025390625 0.032552083333333336
0.0 0.93115234375 0.5182291666666666 0.0341796875 0.057291666666666664
0.0 0.88916015625 0.5091145833333334 0.0322265625 0.049479166666666664
0.0 0.83544921875 0.51171875 0.0302734375 0.052083333333333336
0.0 0.95361328125 0.4850260416666667 0.0224609375 0.040364583333333336
0.0 0.98876953125 0.498046875 0.0224609375 0.048177083333333336
0.0 0.96533203125 0.392578125 0.0205078125 0.03515625
0.0 0.947265625 0.4225260416666667 0.015625 0.029947916666666668
0.0 0.8896484375 0.408203125 0.017578125 0.02734375
0.0 0.87109375 0.4440104166666667 0.015625 0.03125
0.0 0.8271484375 0.4596354166666667 0.015625 0.033854166666666664
0.0 0.853515625 0.3841145833333333 0.013671875 0.0234375
0.0 0.865234375 0.408203125 0.017578125 0.029947916666666668
0.0 0.8388671875 0.3841145833333333 0.015625 0.026041666666666668
0.0 0.814453125 0.3860677083333333 0.017578125 0.029947916666666668
0.0 0.83154296875 0.3671875 0.0166015625 0.028645833333333332
0.0 0.865234375 0.35546875 0.017578125 0.03125
0.0 0.845703125 0.3333333333333333 0.013671875 0.0234375
0.0 0.82177734375 0.3294270833333333 0.0146484375 0.026041666666666668
0.0 0.81884765625 0.3645833333333333 0.0146484375 0.026041666666666668
0.0 0.8095703125 0.345703125 0.013671875 0.024739583333333332
0.0 0.98388671875 0.3587239583333333 0.0185546875 0.029947916666666668
0.0 0.5869140625 0.55859375 0.01953125 0.033854166666666664
0.0 0.57568359375 0.5436197916666666 0.0205078125 0.03515625
0.0 0.57080078125 0.4837239583333333 0.0146484375 0.02734375
0.0 0.5625 0.5260416666666666 0.017578125 0.033854166666666664
0.0 0.548828125 0.5188802083333334 0.015625 0.029947916666666668
0.0 0.515625 0.5462239583333334 0.017578125 0.032552083333333336
0.0 0.52099609375 0.5013020833333334 0.0146484375 0.0234375
0.0 0.53564453125 0.4654947916666667 0.0126953125 0.024739583333333332
0.0 0.55322265625 0.478515625 0.0146484375 0.024739583333333332
0.0 0.521484375 0.451171875 0.01171875 0.016927083333333332
0.0 0.51318359375 0.435546875 0.0107421875 0.022135416666666668
0.0 0.48486328125 0.4505208333333333 0.0146484375 0.026041666666666668
0.0 0.51123046875 0.4973958333333333 0.0107421875 0.026041666666666668
0.0 0.60009765625 0.4166666666666667 0.0126953125 0.0234375
0.0 0.583984375 0.4166666666666667 0.01171875 0.020833333333333332
0.0 0.78759765625 0.3587239583333333 0.0146484375 0.024739583333333332
0.0 0.78662109375 0.3365885416666667 0.0126953125 0.01953125
0.0 0.8095703125 0.3046875 0.013671875 0.020833333333333332
0.0 0.83203125 0.3059895833333333 0.013671875 0.0234375
0.0 0.86376953125 0.2955729166666667 0.0107421875 0.020833333333333332
0.0 0.86474609375 0.267578125 0.0126953125 0.024739583333333332
0.0 0.86474609375 0.24544270833333334 0.0107421875 0.022135416666666668
0.0 0.85302734375 0.24934895833333334 0.0146484375 0.024739583333333332
0.0 0.85009765625 0.2799479166666667 0.0107421875 0.018229166666666668
0.0 0.83056640625 0.28515625 0.0107421875 0.020833333333333332
0.0 0.818359375 0.2701822916666667 0.013671875 0.022135416666666668
0.0 0.82421875 0.23697916666666666 0.01171875 0.020833333333333332
0.0 0.84130859375 0.23111979166666666 0.0107421875 0.016927083333333332
0.0 0.85400390625 0.212890625 0.0087890625 0.01953125
0.0 0.7939453125 0.2819010416666667 0.013671875 0.024739583333333332
0.0 0.765625 0.322265625 0.01171875 0.01953125
0.0 0.76513671875 0.2936197916666667 0.0126953125 0.022135416666666668
0.0 0.76904296875 0.2708333333333333 0.0126953125 0.020833333333333332
0.0 0.78369140625 0.24479166666666666 0.0087890625 0.018229166666666668
0.0 0.7783203125 0.21875 0.01171875 0.0234375
0.0 0.7978515625 0.19596354166666666 0.009765625 0.01953125
0.0 0.82275390625 0.19856770833333334 0.0087890625 0.016927083333333332
0.0 0.755859375 0.248046875 0.01171875 0.01953125
0.0 0.74072265625 0.2825520833333333 0.0107421875 0.018229166666666668
0.0 0.7255859375 0.2786458333333333 0.009765625 0.020833333333333332
0.0 0.7431640625 0.23763020833333334 0.009765625 0.016927083333333332
0.0 0.76318359375 0.20638020833333334 0.0107421875 0.01953125
0.0 0.7734375 0.18424479166666666 0.009765625 0.01953125
0.0 0.7275390625 0.21744791666666666 0.009765625 0.018229166666666668
0.0 0.8154296875 0.169921875 0.009765625 0.016927083333333332
0.0 0.8466796875 0.16796875 0.009765625 0.018229166666666668
0.0 0.96240234375 0.275390625 0.0126953125 0.022135416666666668
0.0 0.990234375 0.298828125 0.01953125 0.024739583333333332
0.0 0.9931640625 0.17513020833333334 0.01171875 0.024739583333333332
0.0 0.962890625 0.23828125 0.013671875 0.026041666666666668
0.0 0.9609375 0.1953125 0.01171875 0.0234375
0.0 0.94580078125 0.20247395833333334 0.0107421875 0.01953125
0.0 0.9169921875 0.20442708333333334 0.01171875 0.020833333333333332
0.0 0.91748046875 0.17903645833333334 0.0107421875 0.01953125
0.0 0.93408203125 0.16796875 0.0107421875 0.020833333333333332
0.0 0.947265625 0.17057291666666666 0.01171875 0.020833333333333332
0.0 0.97705078125 0.15755208333333334 0.0107421875 0.018229166666666668
0.0 0.982421875 0.13997395833333334 0.01171875 0.01953125
0.0 0.95703125 0.123046875 0.01171875 0.016927083333333332
0.0 0.95166015625 0.146484375 0.0107421875 0.016927083333333332
0.0 0.87744140625 0.138671875 0.0087890625 0.01953125
0.0 0.9208984375 0.12890625 0.009765625 0.018229166666666668
0.0 0.90283203125 0.19205729166666666 0.0146484375 0.032552083333333336
0.0 0.96826171875 0.10026041666666667 0.0126953125 0.015625
0.0 0.990234375 0.12174479166666667 0.01171875 0.01953125
0.0 0.9951171875 0.14518229166666666 0.009765625 0.01953125
0.0 0.9208984375 0.4251302083333333 0.021484375 0.03515625
0.0 0.04248046875 0.365234375 0.0107421875 0.01953125
0.0 0.0771484375 0.3548177083333333 0.01171875 0.01953125
0.0 0.091796875 0.3815104166666667 0.009765625 0.018229166666666668
0.0 0.125 0.3717447916666667 0.01171875 0.01953125
0.0 0.15185546875 0.3971354166666667 0.0107421875 0.020833333333333332
0.0 0.158203125 0.345703125 0.01171875 0.022135416666666668
0.0 0.123046875 0.3548177083333333 0.01171875 0.01953125
0.0 0.14599609375 0.328125 0.0107421875 0.018229166666666668
0.0 0.150390625 0.3059895833333333 0.009765625 0.018229166666666668
0.0 0.19580078125 0.3294270833333333 0.0107421875 0.018229166666666668
0.0 0.0654296875 0.3255208333333333 0.01171875 0.018229166666666668
0.0 0.02392578125 0.3235677083333333 0.0107421875 0.01953125
0.0 0.02685546875 0.3059895833333333 0.0107421875 0.018229166666666668
0.0 0.0732421875 0.3053385416666667 0.009765625 0.01953125
0.0 0.10498046875 0.2916666666666667 0.0087890625 0.015625
0.0 0.12451171875 0.3033854166666667 0.0087890625 0.018229166666666668
0.0 0.1474609375 0.275390625 0.009765625 0.01953125
0.0 0.1865234375 0.2799479166666667 0.009765625 0.018229166666666668
0.0 0.2001953125 0.3046875 0.009765625 0.018229166666666668
0.0 0.17822265625 0.234375 0.0126953125 0.018229166666666668
0.0 0.1240234375 0.23046875 0.01171875 0.018229166666666668
0.0 0.10595703125 0.2552083333333333 0.0087890625 0.018229166666666668
0.0 0.07373046875 0.291015625 0.0107421875 0.01953125
0.0 0.02490234375 0.2760416666666667 0.0107421875 0.018229166666666668
0.0 0.0546875 0.2786458333333333 0.009765625 0.018229166666666668
0.0 0.05029296875 0.23502604166666666 0.0107421875 0.016927083333333332
0.0 0.1025390625 0.23111979166666666 0.009765625 0.016927083333333332
0.0 0.08251953125 0.21028645833333334 0.0107421875 0.016927083333333332
0.0 0.01611328125 0.23177083333333334 0.0126953125 0.018229166666666668
0.0 0.0185546875 0.2610677083333333 0.009765625 0.016927083333333332
0.0 0.1591796875 0.2109375 0.009765625 0.018229166666666668
0.0 0.18994140625 0.22005208333333334 0.0087890625 0.015625
0.0 0.21533203125 0.2421875 0.0087890625 0.018229166666666668
0.0 0.22900390625 0.23828125 0.0087890625 0.018229166666666668
0.0 0.2314453125 0.21158854166666666 0.009765625 0.016927083333333332
0.0 0.12060546875 0.208984375 0.0107421875 0.016927083333333332
0.0 0.13134765625 0.18619791666666666 0.0126953125 0.018229166666666668
0.0 0.1630859375 0.19661458333333334 0.009765625 0.015625
0.0 0.19873046875 0.19010416666666666 0.0107421875 0.015625
0.0 0.04345703125 0.21549479166666666 0.0087890625 0.016927083333333332
0.0 0.0888671875 0.19010416666666666 0.009765625 0.015625
0.0 0.00341796875 0.21809895833333334 0.0068359375 0.01953125
0.0 0.1044921875 0.3346354166666667 0.01171875 0.020833333333333332
0.0 0.28515625 0.18880208333333334 0.009765625 0.018229166666666668
0.0 0.265625 0.20442708333333334 0.009765625 0.020833333333333332
0.0 0.1181640625 0.1640625 0.009765625 0.018229166666666668
0.0 0.15771484375 0.17057291666666666 0.0107421875 0.018229166666666668
0.0 0.185546875 0.17643229166666666 0.0078125 0.016927083333333332
0.0 0.22216796875 0.1484375 0.0087890625 0.015625
0.0 0.24658203125 0.15364583333333334 0.0087890625 0.018229166666666668
0.0 0.28662109375 0.146484375 0.0107421875 0.01953125
0.0 0.3203125 0.16666666666666666 0.009765625 0.015625
0.0 0.310546875 0.15169270833333334 0.0078125 0.014322916666666666
0.0 0.310546875 0.1328125 0.009765625 0.015625
0.0 0.3466796875 0.125 0.009765625 0.018229166666666668
0.0 0.3662109375 0.11002604166666667 0.009765625 0.014322916666666666
0.0 0.29736328125 0.111328125 0.0107421875 0.016927083333333332
0.0 0.27001953125 0.130859375 0.0107421875 0.01953125
0.0 0.23291015625 0.11328125 0.0087890625 0.018229166666666668
0.0 0.2119140625 0.12890625 0.009765625 0.015625
0.0 0.18310546875 0.13997395833333334 0.0107421875 0.01953125
0.0 0.13623046875 0.134765625 0.0107421875 0.022135416666666668
0.0 0.10986328125 0.150390625 0.0107421875 0.016927083333333332
0.0 0.10595703125 0.13020833333333334 0.0087890625 0.015625
0.0 0.072265625 0.16861979166666666 0.009765625 0.016927083333333332
0.0 0.03662109375 0.173828125 0.0107421875 0.01953125
0.0 0.0078125 0.16731770833333334 0.009765625 0.016927083333333332
0.0 0.03466796875 0.14973958333333334 0.0087890625 0.015625
0.0 0.01904296875 0.08919270833333333 0.0087890625 0.016927083333333332
0.0 0.0517578125 0.09765625 0.009765625 0.018229166666666668
0.0 0.12744140625 0.111328125 0.0087890625 0.016927083333333332
0.0 0.15966796875 0.10807291666666667 0.0087890625 0.015625
0.0 0.15185546875 0.09375 0.0087890625 0.013020833333333334
0.0 0.18505859375 0.09375 0.0087890625 0.015625
0.0 0.22314453125 0.08984375 0.0107421875 0.018229166666666668
0.0 0.2587890625 0.09830729166666667 0.0078125 0.014322916666666666
0.0 0.26416015625 0.07291666666666667 0.0087890625 0.015625
0.0 0.2822265625 0.10481770833333333 0.0078125 0.014322916666666666
0.0 0.306640625 0.08984375 0.0078125 0.015625
0.0 0.32421875 0.10611979166666667 0.0078125 0.016927083333333332
0.0 0.29736328125 0.07356770833333333 0.0087890625 0.014322916666666666
0.0 0.3515625 0.08723958333333333 0.009765625 0.018229166666666668
0.0 0.37158203125 0.07486979166666667 0.0087890625 0.014322916666666666
0.0 0.32958984375 0.06901041666666667 0.0087890625 0.015625
0.0 0.359375 0.055338541666666664 0.0078125 0.014322916666666666
0.0 0.34130859375 0.037109375 0.0087890625 0.014322916666666666
0.0 0.31201171875 0.037109375 0.0087890625 0.016927083333333332
0.0 0.18896484375 0.07356770833333333 0.0087890625 0.016927083333333332
0.0 0.1650390625 0.07486979166666667 0.009765625 0.016927083333333332
0.0 0.125 0.07096354166666667 0.009765625 0.016927083333333332
0.0 0.09033203125 0.07291666666666667 0.0107421875 0.018229166666666668
0.0 0.0908203125 0.115234375 0.009765625 0.014322916666666666
0.0 0.07080078125 0.11393229166666667 0.0087890625 0.014322916666666666
0.0 0.05078125 0.13997395833333334 0.009765625 0.014322916666666666
0.0 0.02001953125 0.11197916666666667 0.0087890625 0.013020833333333334
0.0 0.0478515625 0.054036458333333336 0.0078125 0.014322916666666666
0.0 0.02880859375 0.05078125 0.0087890625 0.013020833333333334
0.0 0.07666015625 0.026041666666666668 0.0087890625 0.013020833333333334
0.0 0.1005859375 0.043619791666666664 0.0078125 0.016927083333333332
0.0 0.1064453125 0.024088541666666668 0.009765625 0.014322916666666666
0.0 0.14990234375 0.038411458333333336 0.0087890625 0.014322916666666666
0.0 0.15771484375 0.055989583333333336 0.0087890625 0.013020833333333334
0.0 0.17822265625 0.03125 0.0087890625 0.015625
0.0 0.138671875 0.022786458333333332 0.009765625 0.014322916666666666
0.0 0.19775390625 0.022135416666666668 0.0087890625 0.015625
0.0 0.208984375 0.04296875 0.009765625 0.018229166666666668
0.0 0.23974609375 0.030598958333333332 0.0087890625 0.014322916666666666
0.0 0.2666015625 0.033203125 0.0078125 0.014322916666666666
0.0 0.29248046875 0.030598958333333332 0.0087890625 0.01171875
0.0 0.2880859375 0.059895833333333336 0.0078125 0.010416666666666666
0.0 0.3349609375 0.016927083333333332 0.0078125 0.018229166666666668
0.0 0.35986328125 0.025390625 0.0087890625 0.016927083333333332
0.0 0.23828125 0.014322916666666666 0.0078125 0.013020833333333334
0.0 0.1650390625 0.005859375 0.009765625 0.01171875
0.0 0.04443359375 0.018229166666666668 0.0087890625 0.015625
0.0 0.07763671875 0.050130208333333336 0.0087890625 0.014322916666666666
0.0 0.12451171875 0.051432291666666664 0.0087890625 0.014322916666666666
0.0 0.0087890625 0.033203125 0.013671875 0.02734375
0.0 0.3193359375 0.11783854166666667 0.01171875 0.024739583333333332
0.0 0.5458984375 0.330078125 0.01171875 0.022135416666666668
0.0 0.60400390625 0.3046875 0.0107421875 0.018229166666666668
0.0 0.65283203125 0.265625 0.0087890625 0.018229166666666668
0.0 0.634765625 0.2923177083333333 0.0078125 0.016927083333333332
0.0 0.5927734375 0.3997395833333333 0.013671875 0.0234375
0.0 0.5126953125 0.23828125 0.009765625 0.018229166666666668
0.0 0.5107421875 0.21354166666666666 0.009765625 0.018229166666666668
0.0 0.4794921875 0.22135416666666666 0.0078125 0.013020833333333334
0.0 0.48876953125 0.24348958333333334 0.0087890625 0.018229166666666668
0.0 0.56298828125 0.21484375 0.0107421875 0.018229166666666668
0.0 0.59423828125 0.19010416666666666 0.0107421875 0.018229166666666668
0.0 0.6162109375 0.169921875 0.0078125 0.016927083333333332
0.0 0.64453125 0.158203125 0.009765625 0.016927083333333332
0.0 0.66162109375 0.13932291666666666 0.0107421875 0.015625
0.0 0.57861328125 0.16666666666666666 0.0087890625 0.018229166666666668
0.0 0.548828125 0.16861979166666666 0.009765625 0.014322916666666666
0.0 0.509765625 0.171875 0.009765625 0.018229166666666668
0.0 0.52099609375 0.193359375 0.0087890625 0.014322916666666666
0.0 0.498046875 0.19856770833333334 0.009765625 0.016927083333333332
0.0 0.4775390625 0.15104166666666666 0.0078125 0.013020833333333334
0.0 0.46728515625 0.126953125 0.0087890625 0.016927083333333332
0.0 0.494140625 0.12369791666666667 0.009765625 0.018229166666666668
0.0 0.5732421875 0.12630208333333334 0.009765625 0.018229166666666668
0.0 0.58740234375 0.12955729166666666 0.0087890625 0.016927083333333332
0.0 0.60009765625 0.11328125 0.0068359375 0.015625
0.0 0.640625 0.119140625 0.009765625 0.016927083333333332
0.0 0.6650390625 0.11848958333333333 0.009765625 0.015625
0.0 0.69384765625 0.13151041666666666 0.0107421875 0.018229166666666668
0.0 0.71875 0.123046875 0.0078125 0.014322916666666666
0.0 0.7392578125 0.11848958333333333 0.009765625 0.018229166666666668
0.0 0.7412109375 0.09830729166666667 0.0078125 0.014322916666666666
0.0 0.77197265625 0.08658854166666667 0.0107421875 0.01953125
0.0 0.70458984375 0.10026041666666667 0.0107421875 0.018229166666666668
0.0 0.66259765625 0.09830729166666667 0.0107421875 0.016927083333333332
0.0 0.62744140625 0.10807291666666667 0.0087890625 0.015625
0.0 0.63037109375 0.064453125 0.0087890625 0.01953125
0.0 0.64990234375 0.0546875 0.0107421875 0.018229166666666668
0.0 0.60888671875 0.054036458333333336 0.0087890625 0.014322916666666666
0.0 0.5537109375 0.060546875 0.0078125 0.016927083333333332
0.0 0.7255859375 0.057942708333333336 0.01171875 0.01953125
0.0 0.75341796875 0.06770833333333333 0.0087890625 0.018229166666666668
0.0 0.7861328125 0.068359375 0.0078125 0.016927083333333332
0.0 0.5625 0.042317708333333336 0.0078125 0.014322916666666666
0.0 0.51953125 0.041666666666666664 0.005859375 0.010416666666666666
0.0 0.50732421875 0.031901041666666664 0.0087890625 0.016927083333333332
0.0 0.43115234375 0.033203125 0.0107421875 0.01953125
0.0 0.3974609375 0.064453125 0.009765625 0.016927083333333332
0.0 0.3818359375 0.08854166666666667 0.009765625 0.018229166666666668
0.0 0.400390625 0.03125 0.009765625 0.015625
0.0 0.65234375 0.033854166666666664 0.0078125 0.015625
0.0 0.67724609375 0.02734375 0.0087890625 0.015625
0.0 0.69287109375 0.036458333333333336 0.0087890625 0.018229166666666668
0.0 0.712890625 0.033854166666666664 0.0078125 0.015625
0.0 0.77294921875 0.035807291666666664 0.0107421875 0.016927083333333332
0.0 0.8056640625 0.028645833333333332 0.0078125 0.013020833333333334
0.0 0.82080078125 0.046223958333333336 0.0107421875 0.016927083333333332
0.0 0.814453125 0.07161458333333333 0.009765625 0.018229166666666668
0.0 0.85498046875 0.050130208333333336 0.0107421875 0.01953125
0.0 0.62158203125 0.043619791666666664 0.0068359375 0.014322916666666666
0.0 0.638671875 0.045572916666666664 0.009765625 0.015625
0.0 0.83984375 0.013671875 0.009765625 0.01171875
0.0 0.69677734375 0.013020833333333334 0.0087890625 0.013020833333333334
0.0 0.72998046875 0.011067708333333334 0.0087890625 0.009114583333333334
0.0 0.75244140625 0.01171875 0.0087890625 0.015625
0.0 0.6640625 0.052734375 0.0078125 0.014322916666666666
0.0 0.6015625 0.0625 0.0078125 0.013020833333333334
0.0 0.79833984375 0.015625 0.0068359375 0.013020833333333334
0.0 0.86572265625 0.0078125 0.0087890625 0.015625
0.0 0.818359375 0.005208333333333333 0.009765625 0.010416666666666666
0.0 0.8935546875 0.026692708333333332 0.01171875 0.01953125
0.0 0.91357421875 0.005859375 0.0107421875 0.01171875
0.0 0.10546875 0.5625 0.013671875 0.0234375
0.0 0.0048828125 0.19401041666666666 0.0078125 0.015625
0.0 0.0625 0.142578125 0.0078125 0.014322916666666666
0.0 0.1689453125 0.13216145833333334 0.0078125 0.014322916666666666
0.0 0.1962890625 0.16731770833333334 0.0078125 0.01171875
0.0 0.244140625 0.19010416666666666 0.009765625 0.018229166666666668
0.0 0.38818359375 0.017578125 0.0087890625 0.014322916666666666
0.0 0.423828125 0.013671875 0.009765625 0.014322916666666666
0.0 0.44873046875 0.01171875 0.0087890625 0.015625
0.0 0.40478515625 0.006510416666666667 0.0087890625 0.013020833333333334
0.0 0.3759765625 0.006510416666666667 0.0078125 0.013020833333333334
0.0 0.41064453125 0.048177083333333336 0.0087890625 0.015625
0.0 0.9697265625 0.330078125 0.021484375 0.02734375
0.0 0.7978515625 0.4016927083333333 0.013671875 0.024739583333333332
