0.0 0.904296875 0.2184950135992747 0.03515625 0.04533091568449683
0.0 0.8916015625 0.25022665457842247 0.02734375 0.02357207615593835
0.0 0.818359375 0.26473254759746145 0.03125 0.0371713508612874
0.0 0.759765625 0.27379873073436084 0.03515625 0.04170444242973708
0.0 0.6845703125 0.26201269265639165 0.0302734375 0.03626473254759746
0.0 0.7119140625 0.20308250226654578 0.0263671875 0.02901178603807797
0.0 0.5908203125 0.027198549410698096 0.0234375 0.02085222121486854
0.0 0.6552734375 0.0643699002719855 0.0263671875 0.03173164097914778
0.0 0.703125 0.13689936536718042 0.0322265625 0.03989120580235721
0.0 0.587890625 0.09156844968268359 0.0244140625 0.03173164097914778
0.0 0.5986328125 0.1242067089755213 0.0244140625 0.03173164097914778
0.0 0.5537109375 0.16047144152311876 0.033203125 0.05439709882139619
0.0 0.6708984375 0.242973708068903 0.0283203125 0.030825022665457842
0.0 0.6123046875 0.20670897552130554 0.029296875 0.038077969174977334
0.0 0.6240234375 0.271985494106981 0.052734375 0.06255666364460562
0.0 0.51953125 0.2601994560290118 0.0341796875 0.04986400725294651
0.0 0.50390625 0.2665457842248413 0.0224609375 0.02629193109700816
0.0 0.4833984375 0.04623753399818677 0.0205078125 0.029918404351767906
0.0 0.482421875 0.13327289211242066 0.02734375 0.032638259292837715
0.0 0.37890625 0.02085222121486854 0.021484375 0.02629193109700816
0.0 0.396484375 0.05530371713508613 0.025390625 0.030825022665457842
0.0 0.359375 0.16228467815049863 0.0244140625 0.02901178603807797
0.0 0.294921875 0.022665457842248413 0.0283203125 0.027198549410698096
0.0 0.2158203125 0.033544877606527655 0.0263671875 0.032638259292837715
0.0 0.2138671875 0.06346328195829556 0.0302734375 0.03535811423390753
0.0 0.236328125 0.18041704442429737 0.0322265625 0.03445149592021759
0.0 0.375 0.22665457842248413 0.033203125 0.04079782411604715
0.0 0.43359375 0.2583862194016319 0.033203125 0.04079782411604715
0.0 0.2705078125 0.21940163191296463 0.0498046875 0.07615593834995467
0.0 0.2255859375 0.27651858567543064 0.0263671875 0.03626473254759746
0.0 0.0078125 0.056210335448776065 0.025390625 0.03173164097914778
0.0 0.0703125 0.05802357207615594 0.029296875 0.03173164097914778
0.0 0.1416015625 0.028105167724388033 0.0244140625 0.030825022665457842
0.0 0.119140625 0.07978241160471441 0.03125 0.033544877606527655
0.0 0.1669921875 0.15049864007252947 0.0263671875 0.033544877606527655
0.0 0.0625 0.1613780598368087 0.0263671875 0.03173164097914778
0.0 0.09375 0.1985494106980961 0.03125 0.032638259292837715
0.0 0.033203125 0.20942883046237534 0.0263671875 0.033544877606527655
0.0 0.0703125 0.23118766999093382 0.0361328125 0.04170444242973708
0.0 0.1533203125 0.28649138712601996 0.03125 0.03989120580235721
0.0 0.2412109375 0.3771532184950136 0.033203125 0.04079782411604715
0.0 0.0380859375 0.42067089755213055 0.03515625 0.03173164097914778
0.0 0.1591796875 0.46237533998186764 0.0361328125 0.04623753399818677
0.0 0.001953125 0.12058023572076156 0.0244140625 0.029918404351767906
0.0 0.4345703125 0.0 0.033203125 0.03173164097914778
0.0 0.1357421875 0.2112420670897552 0.033203125 0.04261106074342702
