0.0 0.12158203125 0.5091145833333334 0.0087890625 0.013020833333333334
0.0 0.12939453125 0.5325520833333334 0.0107421875 0.015625
0.0 0.15087890625 0.5364583333333334 0.0107421875 0.020833333333333332
0.0 0.16357421875 0.564453125 0.0107421875 0.01953125
0.0 0.1728515625 0.6536458333333334 0.009765625 0.018229166666666668
0.0 0.20849609375 0.6263020833333334 0.0087890625 0.015625
0.0 0.263671875 0.5924479166666666 0.009765625 0.018229166666666668
0.0 0.263671875 0.5442708333333334 0.01171875 0.015625
0.0 0.1806640625 0.5377604166666666 0.009765625 0.015625
0.0 0.16357421875 0.4615885416666667 0.0087890625 0.01171875
0.0 0.2080078125 0.466796875 0.0078125 0.014322916666666666
0.0 0.19482421875 0.453125 0.0087890625 0.013020833333333334
0.0 0.1796875 0.4654947916666667 0.0078125 0.01171875
0.0 0.14453125 0.40625 0.01171875 0.018229166666666668
0.0 0.1796875 0.42578125 0.009765625 0.018229166666666668
0.0 0.25634765625 0.4817708333333333 0.0107421875 0.015625
0.0 0.27099609375 0.4713541666666667 0.0087890625 0.015625
0.0 0.283203125 0.4459635416666667 0.009765625 0.016927083333333332
0.0 0.24462890625 0.4140625 0.0068359375 0.015625
0.0 0.21142578125 0.392578125 0.0087890625 0.014322916666666666
0.0 0.24755859375 0.3938802083333333 0.0087890625 0.016927083333333332
0.0 0.27099609375 0.4381510416666667 0.0087890625 0.014322916666666666
0.0 0.27001953125 0.41796875 0.0087890625 0.015625
0.0 0.302734375 0.3509114583333333 0.01171875 0.01171875
0.0 0.328125 0.3502604166666667 0.009765625 0.013020833333333334
0.0 0.3154296875 0.404296875 0.01171875 0.016927083333333332
0.0 0.2255859375 0.375 0.01171875 0.013020833333333334
0.0 0.2490234375 0.3756510416666667 0.009765625 0.014322916666666666
0.0 0.3154296875 0.3815104166666667 0.0078125 0.015625
0.0 0.3427734375 0.373046875 0.0078125 0.014322916666666666
0.0 0.36181640625 0.3678385416666667 0.0087890625 0.016927083333333332
0.0 0.38134765625 0.3802083333333333 0.0068359375 0.015625
0.0 0.36767578125 0.3815104166666667 0.0068359375 0.013020833333333334
0.0 0.37255859375 0.4069010416666667 0.0107421875 0.016927083333333332
0.0 0.35205078125 0.4153645833333333 0.0087890625 0.018229166666666668
0.0 0.34130859375 0.4134114583333333 0.0107421875 0.014322916666666666
0.0 0.31103515625 0.4322916666666667 0.0107421875 0.013020833333333334
0.0 0.31982421875 0.4485677083333333 0.0107421875 0.016927083333333332
0.0 0.38330078125 0.431640625 0.0087890625 0.016927083333333332
0.0 0.40869140625 0.4134114583333333 0.0087890625 0.016927083333333332
0.0 0.3994140625 0.412109375 0.009765625 0.01171875
0.0 0.42138671875 0.388671875 0.0087890625 0.016927083333333332
0.0 0.4072265625 0.3828125 0.0078125 0.013020833333333334
0.0 0.4482421875 0.388671875 0.009765625 0.016927083333333332
0.0 0.47265625 0.392578125 0.0078125 0.014322916666666666
0.0 0.47705078125 0.4140625 0.0087890625 0.013020833333333334
0.0 0.44482421875 0.4134114583333333 0.0087890625 0.01171875
0.0 0.4345703125 0.4166666666666667 0.005859375 0.013020833333333334
0.0 0.4765625 0.4889322916666667 0.009765625 0.016927083333333332
0.0 0.4296875 0.5227864583333334 0.009765625 0.016927083333333332
0.0 0.39892578125 0.5169270833333334 0.0087890625 0.018229166666666668
0.0 0.37158203125 0.5247395833333334 0.0087890625 0.015625
0.0 0.447265625 0.6419270833333334 0.017578125 0.020833333333333332
0.0 0.02783203125 0.376953125 0.0087890625 0.016927083333333332
0.0 0.04638671875 0.3561197916666667 0.0068359375 0.014322916666666666
0.0 0.033203125 0.4029947916666667 0.009765625 0.016927083333333332
0.0 0.02734375 0.4427083333333333 0.01171875 0.018229166666666668
0.0 0.03662109375 0.4798177083333333 0.0087890625 0.022135416666666668
0.0 0.025390625 0.4908854166666667 0.009765625 0.015625
0.0 0.02978515625 0.5279947916666666 0.0087890625 0.016927083333333332
0.0 0.0322265625 0.5462239583333334 0.009765625 0.016927083333333332
0.0 0.025390625 0.60546875 0.009765625 0.020833333333333332
0.0 0.03662109375 0.626953125 0.0087890625 0.016927083333333332
0.0 0.38916015625 0.35546875 0.0087890625 0.015625
0.0 0.416015625 0.3411458333333333 0.009765625 0.015625
0.0 0.4384765625 0.3502604166666667 0.0078125 0.013020833333333334
0.0 0.51611328125 0.380859375 0.0087890625 0.016927083333333332
0.0 0.56494140625 0.390625 0.0048828125 0.013020833333333334
0.0 0.54736328125 0.41015625 0.0087890625 0.013020833333333334
0.0 0.5546875 0.423828125 0.009765625 0.01953125
0.0 0.5595703125 0.4427083333333333 0.0078125 0.018229166666666668
0.0 0.5390625 0.4720052083333333 0.0078125 0.016927083333333332
0.0 0.5458984375 0.490234375 0.009765625 0.014322916666666666
0.0 0.09228515625 0.3444010416666667 0.0068359375 0.01171875
0.0 0.7900390625 0.720703125 0.01171875 0.02734375
0.0 0.0751953125 0.361328125 0.0078125 0.01171875
0.0 0.0986328125 0.3619791666666667 0.009765625 0.015625
0.0 0.05908203125 0.3932291666666667 0.0068359375 0.013020833333333334
0.0 0.0703125 0.396484375 0.005859375 0.009114583333333334
0.0 0.05859375 0.447265625 0.01171875 0.016927083333333332
0.0 0.0498046875 0.5852864583333334 0.01171875 0.016927083333333332
0.0 0.92431640625 0.58203125 0.0087890625 0.015625
0.0 0.98388671875 0.4212239583333333 0.0087890625 0.016927083333333332
0.0 0.84228515625 0.4173177083333333 0.0068359375 0.014322916666666666
0.0 0.86962890625 0.4186197916666667 0.0087890625 0.01171875
0.0 0.81005859375 0.4147135416666667 0.0087890625 0.014322916666666666
0.0 0.83837890625 0.3971354166666667 0.0068359375 0.013020833333333334
0.0 0.76611328125 0.404296875 0.0087890625 0.014322916666666666
0.0 0.9345703125 0.390625 0.0078125 0.010416666666666666
0.0 0.9453125 0.4088541666666667 0.0078125 0.015625
0.0 0.9248046875 0.412109375 0.0078125 0.01171875
0.0 0.91357421875 0.396484375 0.0087890625 0.014322916666666666
0.0 0.97900390625 0.3548177083333333 0.0087890625 0.014322916666666666
0.0 0.26904296875 0.349609375 0.0068359375 0.01171875
0.0 0.3525390625 0.3307291666666667 0.009765625 0.010416666666666666
0.0 0.3779296875 0.34765625 0.005859375 0.010416666666666666
0.0 0.5859375 0.3697916666666667 0.0078125 0.013020833333333334
0.0 0.599609375 0.392578125 0.0078125 0.014322916666666666
0.0 0.58984375 0.4283854166666667 0.0078125 0.013020833333333334
0.0 0.583984375 0.4212239583333333 0.005859375 0.014322916666666666
0.0 0.58984375 0.4498697916666667 0.0078125 0.014322916666666666
0.0 0.59326171875 0.513671875 0.0087890625 0.014322916666666666
0.0 0.708984375 0.357421875 0.0078125 0.01171875
0.0 0.681640625 0.3658854166666667 0.0078125 0.010416666666666666
0.0 0.6142578125 0.3658854166666667 0.0078125 0.010416666666666666
0.0 0.63427734375 0.3736979166666667 0.0068359375 0.013020833333333334
0.0 0.62158203125 0.4088541666666667 0.0087890625 0.015625
0.0 0.619140625 0.4290364583333333 0.009765625 0.014322916666666666
0.0 0.63671875 0.3977864583333333 0.0078125 0.016927083333333332
0.0 0.6650390625 0.380859375 0.0078125 0.014322916666666666
0.0 0.66259765625 0.3990885416666667 0.0107421875 0.014322916666666666
0.0 0.65576171875 0.4166666666666667 0.0087890625 0.015625
0.0 0.6474609375 0.431640625 0.0078125 0.014322916666666666
0.0 0.685546875 0.4088541666666667 0.0078125 0.015625
0.0 0.6923828125 0.3899739583333333 0.0078125 0.014322916666666666
0.0 0.70849609375 0.3912760416666667 0.0048828125 0.014322916666666666
0.0 0.72021484375 0.3990885416666667 0.0068359375 0.014322916666666666
0.0 0.70068359375 0.4427083333333333 0.0087890625 0.015625
0.0 0.7138671875 0.447265625 0.0078125 0.014322916666666666
0.0 0.6923828125 0.4505208333333333 0.005859375 0.013020833333333334
0.0 0.67724609375 0.474609375 0.0087890625 0.016927083333333332
0.0 0.6396484375 0.48828125 0.0078125 0.018229166666666668
0.0 0.62548828125 0.4876302083333333 0.0087890625 0.014322916666666666
0.0 0.63232421875 0.517578125 0.0107421875 0.01953125
0.0 0.71337890625 0.5162760416666666 0.0087890625 0.01171875
0.0 0.7041015625 0.4602864583333333 0.0078125 0.014322916666666666
0.0 0.5869140625 0.5891927083333334 0.01171875 0.01953125
0.0 0.603515625 0.5944010416666666 0.01171875 0.022135416666666668
0.0 0.6201171875 0.5638020833333334 0.009765625 0.015625
0.0 0.64892578125 0.5826822916666666 0.0107421875 0.01953125
0.0 0.642578125 0.611328125 0.01171875 0.016927083333333332
0.0 0.60888671875 0.626953125 0.0107421875 0.014322916666666666
0.0 0.56884765625 0.6588541666666666 0.0126953125 0.028645833333333332
0.0 0.58447265625 0.6529947916666666 0.0087890625 0.014322916666666666
0.0 0.58447265625 0.6712239583333334 0.0126953125 0.016927083333333332
0.0 0.60302734375 0.6803385416666666 0.0107421875 0.01953125
0.0 0.62353515625 0.7024739583333334 0.0126953125 0.022135416666666668
0.0 0.63671875 0.7037760416666666 0.009765625 0.01953125
0.0 0.63232421875 0.6510416666666666 0.0107421875 0.020833333333333332
0.0 0.64208984375 0.630859375 0.0087890625 0.016927083333333332
0.0 0.6416015625 0.6705729166666666 0.013671875 0.015625
0.0 0.6533203125 0.8268229166666666 0.01171875 0.0234375
0.0 0.6279296875 0.8326822916666666 0.01171875 0.022135416666666668
0.0 0.7275390625 0.5631510416666666 0.009765625 0.016927083333333332
0.0 0.74462890625 0.5423177083333334 0.0087890625 0.014322916666666666
0.0 0.73876953125 0.5384114583333334 0.0068359375 0.014322916666666666
0.0 0.78173828125 0.560546875 0.0087890625 0.016927083333333332
0.0 0.775390625 0.5774739583333334 0.009765625 0.016927083333333332
0.0 0.73681640625 0.5813802083333334 0.0107421875 0.014322916666666666
0.0 0.75537109375 0.6373697916666666 0.0107421875 0.016927083333333332
0.0 0.76416015625 0.6100260416666666 0.0107421875 0.016927083333333332
0.0 0.779296875 0.6640625 0.009765625 0.0234375
0.0 0.74267578125 0.701171875 0.0107421875 0.016927083333333332
0.0 0.78271484375 0.7083333333333334 0.0107421875 0.026041666666666668
0.0 0.79833984375 0.7018229166666666 0.0107421875 0.0234375
0.0 0.79052734375 0.681640625 0.0107421875 0.016927083333333332
0.0 0.7998046875 0.6321614583333334 0.009765625 0.01953125
0.0 0.734375 0.833984375 0.009765625 0.01953125
0.0 0.77978515625 0.8326822916666666 0.0126953125 0.01953125
0.0 0.85107421875 0.53125 0.0087890625 0.015625
0.0 0.84716796875 0.556640625 0.0087890625 0.014322916666666666
0.0 0.85009765625 0.5729166666666666 0.0087890625 0.020833333333333332
0.0 0.8369140625 0.6145833333333334 0.009765625 0.018229166666666668
0.0 0.822265625 0.65234375 0.009765625 0.018229166666666668
0.0 0.83154296875 0.6868489583333334 0.0087890625 0.01953125
0.0 0.8359375 0.693359375 0.01171875 0.022135416666666668
0.0 0.85595703125 0.7044270833333334 0.0107421875 0.018229166666666668
0.0 0.890625 0.57421875 0.0078125 0.013020833333333334
0.0 0.87158203125 0.5944010416666666 0.0107421875 0.01953125
0.0 0.86328125 0.6126302083333334 0.01171875 0.016927083333333332
0.0 0.89501953125 0.6393229166666666 0.0126953125 0.018229166666666668
0.0 0.85302734375 0.6380208333333334 0.0107421875 0.015625
0.0 0.880859375 0.6712239583333334 0.009765625 0.016927083333333332
0.0 0.90966796875 0.6595052083333334 0.0107421875 0.016927083333333332
0.0 0.90185546875 0.6848958333333334 0.0107421875 0.018229166666666668
0.0 0.9140625 0.6953125 0.01171875 0.020833333333333332
0.0 0.87255859375 0.7975260416666666 0.0107421875 0.01953125
0.0 0.86474609375 0.83984375 0.0126953125 0.020833333333333332
0.0 0.89990234375 0.8463541666666666 0.0126953125 0.0234375
0.0 0.921875 0.7981770833333334 0.01171875 0.018229166666666668
0.0 0.91943359375 0.591796875 0.0087890625 0.014322916666666666
0.0 0.9111328125 0.6197916666666666 0.009765625 0.018229166666666668
0.0 0.73095703125 0.4140625 0.0087890625 0.013020833333333334
0.0 0.74609375 0.4322916666666667 0.009765625 0.015625
0.0 0.76318359375 0.447265625 0.0087890625 0.016927083333333332
0.0 0.75830078125 0.48046875 0.0107421875 0.018229166666666668
0.0 0.7431640625 0.50390625 0.0078125 0.015625
0.0 0.7509765625 0.513671875 0.009765625 0.016927083333333332
0.0 0.7646484375 0.490234375 0.01171875 0.016927083333333332
0.0 0.7705078125 0.5221354166666666 0.01171875 0.018229166666666668
0.0 0.78662109375 0.490234375 0.0087890625 0.016927083333333332
0.0 0.79296875 0.466796875 0.009765625 0.01953125
0.0 0.79638671875 0.44140625 0.0087890625 0.018229166666666668
0.0 0.86181640625 0.3528645833333333 0.0087890625 0.013020833333333334
0.0 0.88916015625 0.412109375 0.0087890625 0.01171875
0.0 0.9375 0.65234375 0.009765625 0.015625
0.0 0.93896484375 0.6204427083333334 0.0087890625 0.016927083333333332
0.0 0.9921875 0.6106770833333334 0.0078125 0.015625
0.0 0.97802734375 0.6458333333333334 0.0126953125 0.018229166666666668
0.0 0.99169921875 0.673828125 0.0126953125 0.016927083333333332
0.0 0.95068359375 0.6842447916666666 0.0126953125 0.016927083333333332
0.0 0.94970703125 0.8020833333333334 0.0126953125 0.020833333333333332
0.0 0.544921875 0.5755208333333334 0.009765625 0.0234375
0.0 0.7412109375 0.400390625 0.0078125 0.014322916666666666
0.0 0.7451171875 0.3704427083333333 0.0078125 0.014322916666666666
0.0 0.73583984375 0.3580729166666667 0.0068359375 0.013020833333333334
0.0 0.78564453125 0.3873697916666667 0.0068359375 0.01171875
0.0 0.76220703125 0.3828125 0.0107421875 0.015625
0.0 0.7734375 0.3841145833333333 0.005859375 0.010416666666666666
0.0 0.814453125 0.380859375 0.0078125 0.014322916666666666
0.0 0.818359375 0.3502604166666667 0.009765625 0.015625
0.0 0.8740234375 0.3274739583333333 0.0078125 0.014322916666666666
0.0 0.88037109375 0.3665364583333333 0.0068359375 0.009114583333333334
0.0 0.84521484375 0.380859375 0.0068359375 0.01171875
0.0 0.87646484375 0.3880208333333333 0.0068359375 0.010416666666666666
0.0 0.892578125 0.3658854166666667 0.0078125 0.013020833333333334
0.0 0.88427734375 0.3372395833333333 0.0068359375 0.013020833333333334
0.0 0.3857421875 0.3313802083333333 0.005859375 0.01171875
0.0 0.3994140625 0.328125 0.0078125 0.013020833333333334
0.0 0.36474609375 0.306640625 0.0068359375 0.01171875
0.0 0.4482421875 0.3385416666666667 0.0078125 0.010416666666666666
0.0 0.4326171875 0.3190104166666667 0.0078125 0.013020833333333334
0.0 0.47607421875 0.3391927083333333 0.0068359375 0.009114583333333334
0.0 0.4990234375 0.3411458333333333 0.005859375 0.010416666666666666
0.0 0.501953125 0.3541666666666667 0.0078125 0.015625
0.0 0.56005859375 0.388671875 0.0068359375 0.01171875
0.0 0.92529296875 0.361328125 0.0087890625 0.014322916666666666
0.0 0.9453125 0.3938802083333333 0.0078125 0.01171875
0.0 0.95361328125 0.3671875 0.0068359375 0.010416666666666666
0.0 0.96923828125 0.3802083333333333 0.0068359375 0.013020833333333334
0.0 0.97412109375 0.3977864583333333 0.0068359375 0.01171875
0.0 0.8642578125 0.375 0.009765625 0.015625
0.0 0.0146484375 0.3541666666666667 0.0078125 0.013020833333333334
0.0 0.01611328125 0.4029947916666667 0.0068359375 0.014322916666666666
0.0 0.013671875 0.4557291666666667 0.0078125 0.015625
0.0 0.1240234375 0.353515625 0.009765625 0.016927083333333332
0.0 0.18603515625 0.369140625 0.0107421875 0.01953125
0.0 0.01025390625 0.5787760416666666 0.0068359375 0.014322916666666666
0.0 0.0146484375 0.6315104166666666 0.009765625 0.018229166666666668
0.0 0.0126953125 0.673828125 0.009765625 0.016927083333333332
0.0 0.16796875 0.7819010416666666 0.015625 0.01953125
0.0 0.6630859375 0.5052083333333334 0.009765625 0.015625
0.0 0.5869140625 0.47265625 0.0078125 0.013020833333333334
0.0 0.58056640625 0.4622395833333333 0.0068359375 0.010416666666666666
0.0 0.65478515625 0.5436197916666666 0.0107421875 0.016927083333333332
0.0 0.7021484375 0.5045572916666666 0.0078125 0.014322916666666666
0.0 0.7197265625 0.4759114583333333 0.0078125 0.016927083333333332
0.0 0.68798828125 0.5520833333333334 0.0087890625 0.013020833333333334
0.0 0.69970703125 0.587890625 0.0107421875 0.016927083333333332
0.0 0.71484375 0.5338541666666666 0.009765625 0.015625
0.0 0.05126953125 0.6100260416666666 0.0107421875 0.014322916666666666
0.0 0.07177734375 0.6197916666666666 0.0107421875 0.015625
0.0 0.1201171875 0.6276041666666666 0.009765625 0.018229166666666668
0.0 0.052734375 0.65234375 0.017578125 0.026041666666666668
0.0 0.08984375 0.6640625 0.0078125 0.015625
0.0 0.13037109375 0.6595052083333334 0.0107421875 0.016927083333333332
0.0 0.1396484375 0.6796875 0.01171875 0.018229166666666668
0.0 0.07568359375 0.5963541666666666 0.0087890625 0.015625
0.0 0.11962890625 0.5970052083333334 0.0087890625 0.016927083333333332
0.0 0.14208984375 0.6061197916666666 0.0107421875 0.016927083333333332
0.0 0.12646484375 0.5807291666666666 0.0087890625 0.013020833333333334
0.0 0.16455078125 0.5904947916666666 0.0087890625 0.01953125
0.0 0.09423828125 0.44140625 0.0087890625 0.015625
0.0 0.07568359375 0.4375 0.0068359375 0.013020833333333334
0.0 0.04296875 0.4283854166666667 0.005859375 0.013020833333333334
0.0 0.0947265625 0.400390625 0.005859375 0.01171875
0.0 0.10595703125 0.4811197916666667 0.0087890625 0.016927083333333332
0.0 0.08837890625 0.4733072916666667 0.0087890625 0.016927083333333332
0.0 0.08056640625 0.4986979166666667 0.0087890625 0.015625
0.0 0.05810546875 0.4876302083333333 0.0068359375 0.014322916666666666
0.0 0.0966796875 0.6028645833333334 0.009765625 0.018229166666666668
0.0 0.10009765625 0.6783854166666666 0.0107421875 0.018229166666666668
0.0 0.1083984375 0.6790364583333334 0.01171875 0.022135416666666668
0.0 0.1865234375 0.5201822916666666 0.01171875 0.016927083333333332
0.0 0.21533203125 0.54296875 0.0068359375 0.010416666666666666
0.0 0.2490234375 0.5631510416666666 0.009765625 0.01953125
0.0 0.21826171875 0.5904947916666666 0.0107421875 0.014322916666666666
0.0 0.09814453125 0.552734375 0.0107421875 0.01953125
0.0 0.072265625 0.560546875 0.009765625 0.014322916666666666
0.0 0.064453125 0.541015625 0.0078125 0.014322916666666666
0.0 0.046875 0.5123697916666666 0.0078125 0.016927083333333332
0.0 0.05029296875 0.5390625 0.0107421875 0.018229166666666668
0.0 0.4521484375 0.5026041666666666 0.0078125 0.013020833333333334
0.0 0.6796875 0.6315104166666666 0.009765625 0.018229166666666668
0.0 0.38916015625 0.474609375 0.0068359375 0.01171875
0.0 0.42138671875 0.44921875 0.0068359375 0.010416666666666666
0.0 0.41748046875 0.474609375 0.0068359375 0.01171875
0.0 0.34033203125 0.4694010416666667 0.0068359375 0.014322916666666666
0.0 0.33251953125 0.4368489583333333 0.0068359375 0.01171875
0.0 0.36376953125 0.4505208333333333 0.0068359375 0.013020833333333334
0.0 0.45263671875 0.8138020833333334 0.0087890625 0.013020833333333334
0.0 0.3603515625 0.681640625 0.01171875 0.024739583333333332
0.0 0.3837890625 0.6959635416666666 0.013671875 0.022135416666666668
0.0 0.40625 0.7122395833333334 0.0078125 0.013020833333333334
0.0 0.4296875 0.705078125 0.01171875 0.01953125
0.0 0.50244140625 0.724609375 0.0087890625 0.016927083333333332
0.0 0.240234375 0.6861979166666666 0.015625 0.028645833333333332
0.0 0.20947265625 0.6848958333333334 0.0107421875 0.018229166666666668
0.0 0.44775390625 0.4348958333333333 0.0087890625 0.015625
0.0 0.548828125 0.5052083333333334 0.005859375 0.0078125
0.0 0.72216796875 0.6119791666666666 0.0107421875 0.015625
0.0 0.71630859375 0.6295572916666666 0.0087890625 0.014322916666666666
0.0 0.740234375 0.6712239583333334 0.0078125 0.016927083333333332
0.0 0.7392578125 0.7220052083333334 0.009765625 0.016927083333333332
0.0 0.7578125 0.7233072916666666 0.01171875 0.01953125
0.0 0.8447265625 0.732421875 0.01171875 0.016927083333333332
0.0 0.9111328125 0.4290364583333333 0.005859375 0.01171875
0.0 0.91357421875 0.455078125 0.0068359375 0.01171875
0.0 0.91650390625 0.4720052083333333 0.0068359375 0.01171875
0.0 0.953125 0.466796875 0.0078125 0.01171875
0.0 0.95947265625 0.474609375 0.0068359375 0.014322916666666666
0.0 0.94921875 0.4381510416666667 0.005859375 0.01171875
0.0 0.9697265625 0.45703125 0.0078125 0.010416666666666666
0.0 0.9853515625 0.4537760416666667 0.0078125 0.014322916666666666
0.0 0.89599609375 0.5078125 0.0068359375 0.015625
0.0 0.919921875 0.529296875 0.009765625 0.014322916666666666
0.0 0.9443359375 0.5436197916666666 0.009765625 0.014322916666666666
0.0 0.9736328125 0.5052083333333334 0.0078125 0.013020833333333334
0.0 0.9765625 0.5201822916666666 0.0078125 0.014322916666666666
0.0 0.98876953125 0.5201822916666666 0.0087890625 0.014322916666666666
0.0 0.8544921875 0.4817708333333333 0.005859375 0.013020833333333334
0.0 0.84521484375 0.4908854166666667 0.0087890625 0.015625
0.0 0.8271484375 0.48046875 0.009765625 0.013020833333333334
0.0 0.814453125 0.5123697916666666 0.0078125 0.016927083333333332
0.0 0.8115234375 0.5397135416666666 0.009765625 0.014322916666666666
0.0 0.88623046875 0.541015625 0.0068359375 0.01171875
0.0 0.89208984375 0.5442708333333334 0.0087890625 0.015625
0.0 0.9052734375 0.552734375 0.0078125 0.014322916666666666
0.0 0.9638671875 0.5638020833333334 0.009765625 0.018229166666666668
0.0 0.9736328125 0.5618489583333334 0.009765625 0.014322916666666666
0.0 0.95458984375 0.6015625 0.0107421875 0.018229166666666668
0.0 0.86376953125 0.4368489583333333 0.0068359375 0.01171875
0.0 0.88671875 0.4524739583333333 0.0078125 0.014322916666666666
0.0 0.482421875 0.7350260416666666 0.0078125 0.016927083333333332
