0.0 0.8896484375 0.12825396825396826 0.0869140625 0.08952380952380952
0.0 0.4619140625 0.05587301587301587 0.13671875 0.11682539682539683
0.0 0.048828125 0.05396825396825397 0.08984375 0.08126984126984127
0.0 0.16796875 0.17206349206349206 0.0380859375 0.031746031746031744
0.0 0.7421875 0.21523809523809523 0.0546875 0.0419047619047619
0.0 0.6943359375 0.2596825396825397 0.01953125 0.015873015873015872
0.0 0.6591796875 0.2787301587301587 0.0244140625 0.02095238095238095
0.0 0.1845703125 0.09650793650793651 0.0234375 0.020317460317460317
0.0 0.2626953125 0.12063492063492064 0.0146484375 0.013333333333333334
0.0 0.30078125 0.13968253968253969 0.013671875 0.010158730158730159
0.0 0.39453125 0.14666666666666667 0.013671875 0.010793650793650795
0.0 0.3544921875 0.1288888888888889 0.0126953125 0.013333333333333334
0.0 0.373046875 0.12253968253968255 0.01171875 0.010793650793650795
0.0 0.298828125 0.11619047619047619 0.013671875 0.010158730158730159
0.0 0.2626953125 0.09904761904761905 0.013671875 0.012063492063492064
0.0 0.2978515625 0.09079365079365079 0.009765625 0.008888888888888889
0.0 0.1328125 0.1415873015873016 0.021484375 0.014603174603174604
0.0 0.2158203125 0.07365079365079365 0.0146484375 0.010793650793650795
0.0 0.6767578125 0.43047619047619046 0.072265625 0.05714285714285714
0.0 0.951171875 0.19238095238095237 0.037109375 0.03365079365079365
0.0 0.669921875 0.20317460317460317 0.013671875 0.013968253968253968
