0.0 0.7978515625 0.4977973568281938 0.015625 0.033773861967694566
0.0 0.7392578125 0.4919236417033774 0.0166015625 0.033773861967694566
0.0 0.671875 0.48751835535976507 0.0146484375 0.030837004405286344
0.0 0.60546875 0.4801762114537445 0.01171875 0.02936857562408223
0.0 0.54296875 0.4933920704845815 0.0146484375 0.02936857562408223
0.0 0.4873046875 0.48604992657856094 0.013671875 0.027900146842878122
0.0 0.4287109375 0.49045521292217326 0.015625 0.030837004405286344
0.0 0.3603515625 0.4684287812041116 0.015625 0.032305433186490456
0.0 0.294921875 0.47577092511013214 0.013671875 0.02936857562408223
0.0 0.3125 0.4889867841409692 0.0009765625 0.0
0.0 0.2294921875 0.4787077826725404 0.0146484375 0.02643171806167401
0.0 0.1328125 0.39794419970631423 0.017578125 0.033773861967694566
0.0 0.095703125 0.4581497797356828 0.0224609375 0.041116005873715125
0.0 0.166015625 0.4669603524229075 0.015625 0.032305433186490456
0.0 0.1943359375 0.4111600587371512 0.0146484375 0.030837004405286344
0.0 0.2412109375 0.4052863436123348 0.0146484375 0.02936857562408223
0.0 0.29296875 0.40969162995594716 0.0166015625 0.032305433186490456
0.0 0.3349609375 0.4052863436123348 0.0126953125 0.032305433186490456
0.0 0.3818359375 0.4023494860499266 0.0126953125 0.032305433186490456
0.0 0.4345703125 0.3935389133627019 0.015625 0.03524229074889868
0.0 0.486328125 0.38472834067547723 0.015625 0.032305433186490456
0.0 0.5380859375 0.4052863436123348 0.013671875 0.032305433186490456
0.0 0.583984375 0.4052863436123348 0.013671875 0.02936857562408223
0.0 0.63671875 0.4170337738619677 0.0146484375 0.030837004405286344
0.0 0.6904296875 0.4170337738619677 0.0146484375 0.033773861967694566
0.0 0.7431640625 0.434654919236417 0.015625 0.02936857562408223
0.0 0.7998046875 0.43759177679882527 0.017578125 0.030837004405286344
0.0 0.857421875 0.4170337738619677 0.017578125 0.03671071953010279
0.0 0.9150390625 0.5051395007342144 0.0166015625 0.03671071953010279
0.0 0.8525390625 0.5036710719530103 0.0166015625 0.033773861967694566
