0.0 0.25390625 0.5169270833333334 0.00390625 0.0078125
0.0 0.2431640625 0.5247395833333334 0.00390625 0.009114583333333334
0.0 0.3583984375 0.53515625 0.0048828125 0.009114583333333334
0.0 0.3740234375 0.5338541666666666 0.0048828125 0.009114583333333334
0.0 0.3818359375 0.5299479166666666 0.0048828125 0.009114583333333334
0.0 0.3955078125 0.5221354166666666 0.005859375 0.010416666666666666
0.0 0.87890625 0.5455729166666666 0.00390625 0.006510416666666667
0.0 0.6552734375 0.5494791666666666 0.005859375 0.009114583333333334
0.0 0.0693359375 0.8880208333333334 0.0146484375 0.0234375
0.0 0.12109375 0.6953125 0.0078125 0.015625
0.0 0.0244140625 0.6223958333333334 0.0087890625 0.015625
0.0 0.0419921875 0.6223958333333334 0.005859375 0.014322916666666666
0.0 0.412109375 0.5299479166666666 0.00390625 0.006510416666666667
0.0 0.0107421875 0.6197916666666666 0.005859375 0.01171875
0.0 0.2861328125 0.9192708333333334 0.0185546875 0.040364583333333336
0.0 0.77734375 0.53125 0.005859375 0.0078125
0.0 0.9072265625 0.5416666666666666 0.00390625 0.0078125
0.0 0.93359375 0.55078125 0.00390625 0.006510416666666667
