0.0 0.4130859375 0.28248932275777916 0.091796875 0.06589383770591824
0.0 0.8583984375 0.4115314215985357 0.021484375 0.014032946918852958
0.0 0.69189453125 0.38194020744356316 0.0224609375 0.013422818791946308
0.0 0.62744140625 0.5283709579011593 0.0302734375 0.024405125076266018
0.0 0.564453125 0.5216595485051861 0.0234375 0.017083587553386213
0.0 0.7470703125 0.5509456985967053 0.033203125 0.025625381330079317
0.0 0.8330078125 0.546064673581452 0.03515625 0.026845637583892617
0.0 0.865234375 0.5726052471018914 0.03515625 0.027455765710799267
0.0 0.88818359375 0.5283709579011593 0.0283203125 0.024405125076266018
0.0 0.9072265625 0.4807809640024405 0.02734375 0.023184868822452714
0.0 0.88232421875 0.48749237339841367 0.0244140625 0.021964612568639415
0.0 0.26513671875 0.46064673581452104 0.0244140625 0.01464307504575961
0.0 0.208984375 0.4917632702867602 0.017578125 0.01464307504575961
0.0 0.18603515625 0.49084807809640024 0.0185546875 0.01647345942647956
0.0 0.85791015625 0.3572300183038438 0.0263671875 0.01647345942647956
