0.0 0.3154296875 0.2743966421825813 0.068359375 0.11227701993704092
0.0 0.74609375 0.45015739769150054 0.068359375 0.08814270724029381
0.0 0.53857421875 0.5299055613850997 0.0224609375 0.033578174186778595
0.0 0.080078125 0.6516264428121721 0.017578125 0.02938090241343127
0.0 0.08642578125 0.7261280167890871 0.0205078125 0.02728226652675761
0.0 0.18798828125 0.5519412381951732 0.0224609375 0.03147953830010493
0.0 0.1005859375 0.5535152151101784 0.0234375 0.026232948583420776
0.0 0.0908203125 0.4601259181532004 0.01953125 0.022035676810073453
0.0 0.091796875 0.5188877229800629 0.015625 0.024134312696747113
0.0 0.4609375 0.555613850996852 0.02734375 0.03462749213011543
0.0 0.46435546875 0.7371458551941238 0.0244140625 0.030430220356768102
0.0 0.92626953125 0.4790136411332634 0.0205078125 0.03252885624344176
0.0 0.93115234375 0.6390346274921301 0.0224609375 0.03147953830010493
0.0 0.97998046875 0.4333683105981112 0.0205078125 0.02728226652675761
0.0 0.85400390625 0.4700944386149003 0.0263671875 0.03147953830010493
0.0 0.03515625 0.7523609653725079 0.015625 0.033578174186778595
0.0 0.060546875 0.8032528856243442 0.02734375 0.03672612801678909
0.0 0.08447265625 0.8347324239244491 0.0244140625 0.03882476390346275
0.0 0.11474609375 0.7618048268625394 0.0263671875 0.033578174186778595
0.0 0.1337890625 0.7402938090241343 0.021484375 0.024134312696747113
0.0 0.19287109375 0.7602308499475341 0.0244140625 0.026232948583420776
0.0 0.11279296875 0.7985309548793285 0.0224609375 0.03147953830010493
0.0 0.13720703125 0.8121720881427072 0.0244140625 0.02938090241343127
0.0 0.19189453125 0.8614900314795383 0.0302734375 0.03987408184679958
0.0 0.15087890625 0.9050367261280168 0.0283203125 0.03252885624344176
0.0 0.16357421875 0.9317943336831059 0.0263671875 0.03147953830010493
0.0 0.107421875 0.9375655823714586 0.033203125 0.03252885624344176
0.0 0.05126953125 0.9249737670514165 0.0244140625 0.03252885624344176
0.0 0.07763671875 0.8924449108079748 0.0244140625 0.03882476390346275
0.0 0.0537109375 0.9669464847848899 0.03125 0.04302203567681007
0.0 0.3212890625 0.9422875131164743 0.025390625 0.03147953830010493
0.0 0.3623046875 0.9863588667366212 0.03125 0.02728226652675761
0.0 0.4462890625 0.9795383001049318 0.03125 0.040923399790136414
0.0 0.55419921875 0.9333683105981112 0.0341796875 0.04302203567681007
0.0 0.3876953125 0.7392444910807975 0.0234375 0.02833158447009444
0.0 0.4072265625 0.7586568730325288 0.0234375 0.02938090241343127
0.0 0.40283203125 0.7817418677859391 0.0283203125 0.03147953830010493
0.0 0.43798828125 0.8305351521511017 0.0302734375 0.040923399790136414
0.0 0.5400390625 0.7838405036726128 0.025390625 0.02938090241343127
0.0 0.5634765625 0.8237145855194123 0.03515625 0.060860440713536204
0.0 0.55029296875 0.863588667366212 0.0322265625 0.03987408184679958
0.0 0.4462890625 0.46799580272822666 0.01953125 0.023084994753410283
0.0 0.5595703125 0.45487932843651624 0.01953125 0.02833158447009444
0.0 0.60791015625 0.49370409233997903 0.0205078125 0.030430220356768102
0.0 0.6259765625 0.5445960125918153 0.021484375 0.03147953830010493
0.0 0.56396484375 0.5330535152151101 0.0166015625 0.02098635886673662
0.0 0.708984375 0.04459601259181532 0.01953125 0.022035676810073453
0.0 0.75341796875 0.04354669464847849 0.0166015625 0.01993704092339979
0.0 0.7724609375 0.06820566631689402 0.01953125 0.023084994753410283
0.0 0.759765625 0.10178384050367262 0.021484375 0.025183630640083946
0.0 0.81787109375 0.04879328436516264 0.0205078125 0.026232948583420776
0.0 0.853515625 0.0676810073452256 0.01953125 0.026232948583420776
0.0 0.87158203125 0.0944386149003148 0.0205078125 0.03147953830010493
0.0 0.91015625 0.04459601259181532 0.017578125 0.030430220356768102
0.0 0.9130859375 0.10020986358866736 0.021484375 0.026232948583420776
0.0 0.9833984375 0.055613850996852045 0.021484375 0.033578174186778595
0.0 0.97900390625 0.1348373557187828 0.0205078125 0.02833158447009444
0.0 0.9072265625 0.1453305351521511 0.01953125 0.02833158447009444
0.0 0.92333984375 0.1589716684155299 0.0205078125 0.02833158447009444
0.0 0.91845703125 0.20724029380902415 0.0205078125 0.030430220356768102
0.0 0.97265625 0.20828961175236096 0.01953125 0.02833158447009444
0.0 0.98095703125 0.2534102833158447 0.0224609375 0.030430220356768102
0.0 0.92578125 0.2633788037775446 0.017578125 0.025183630640083946
0.0 0.92822265625 0.2969569779643232 0.0205078125 0.035676810073452254
0.0 0.81298828125 0.11385099685204617 0.0185546875 0.02833158447009444
0.0 0.78857421875 0.18153200419727178 0.0205078125 0.025183630640083946
0.0 0.8212890625 0.1930745015739769 0.021484375 0.025183630640083946
0.0 0.86474609375 0.2193074501573977 0.0205078125 0.023084994753410283
0.0 0.80615234375 0.22455403987408185 0.0205078125 0.025183630640083946
0.0 0.75146484375 0.23137460650577124 0.0185546875 0.024134312696747113
0.0 0.7451171875 0.25603357817418676 0.017578125 0.025183630640083946
0.0 0.78369140625 0.30692549842602307 0.0185546875 0.024134312696747113
0.0 0.80859375 0.2602308499475341 0.017578125 0.025183630640083946
0.0 0.853515625 0.2534102833158447 0.01953125 0.026232948583420776
0.0 0.86083984375 0.29223504721930743 0.0224609375 0.026232948583420776
0.0 0.87646484375 0.3315844700944386 0.0263671875 0.035676810073452254
0.0 0.78466796875 0.39611752360965374 0.0185546875 0.024134312696747113
0.0 0.79443359375 0.43074501573976914 0.0185546875 0.030430220356768102
0.0 0.806640625 0.3614900314795383 0.017578125 0.01993704092339979
0.0 0.8525390625 0.3761804826862539 0.0234375 0.026232948583420776
0.0 0.9326171875 0.3378803777544596 0.021484375 0.023084994753410283
0.0 0.98388671875 0.37670514165792235 0.0244140625 0.035676810073452254
0.0 0.93359375 0.39611752360965374 0.0234375 0.030430220356768102
0.0 0.87158203125 0.5162644281217209 0.0244140625 0.035676810073452254
0.0 0.79296875 0.534102833158447 0.0234375 0.02728226652675761
0.0 0.58251953125 0.7366211962224554 0.0322265625 0.03987408184679958
0.0 0.60986328125 0.7780692549842603 0.0302734375 0.030430220356768102
0.0 0.61865234375 0.9412381951731374 0.0361328125 0.03987408184679958
0.0 0.6376953125 0.9842602308499475 0.033203125 0.03147953830010493
0.0 0.7705078125 0.835781741867786 0.03125 0.04931794333683106
0.0 0.806640625 0.7995802728226653 0.029296875 0.03987408184679958
0.0 0.83544921875 0.7292759706190975 0.0302734375 0.03147953830010493
0.0 0.85693359375 0.779118572927597 0.0283203125 0.040923399790136414
0.0 0.87646484375 0.7581322140608604 0.0224609375 0.026232948583420776
0.0 0.88671875 0.8048268625393494 0.029296875 0.03777544596012592
0.0 0.85400390625 0.8620146904512067 0.0302734375 0.03252885624344176
0.0 0.91162109375 0.8405036726128017 0.0283203125 0.035676810073452254
0.0 0.9716796875 0.9029380902413431 0.029296875 0.04302203567681007
0.0 0.95751953125 0.8793284365162645 0.0244140625 0.035676810073452254
0.0 0.9658203125 0.8478488982161595 0.0234375 0.02938090241343127
0.0 0.9931640625 0.8525708289611752 0.013671875 0.03252885624344176
0.0 0.96533203125 0.7969569779643232 0.0283203125 0.03462749213011543
0.0 0.98291015625 0.7654774396642182 0.0263671875 0.03672612801678909
0.0 0.509765625 0.8405036726128017 0.025390625 0.03777544596012592
0.0 0.0380859375 0.5089192025183631 0.025390625 0.03147953830010493
0.0 0.05224609375 0.472193074501574 0.0205078125 0.02938090241343127
0.0 0.0087890625 0.48006295907660024 0.017578125 0.022035676810073453
0.0 0.03955078125 0.3719832109129066 0.0166015625 0.022035676810073453
0.0 0.08203125 0.36096537250786986 0.017578125 0.023084994753410283
0.0 0.17431640625 0.3898216159496327 0.0185546875 0.026232948583420776
0.0 0.1640625 0.4695697796432319 0.01953125 0.03252885624344176
0.0 0.19482421875 0.49527806925498424 0.0224609375 0.02938090241343127
0.0 0.1533203125 0.5503672612801679 0.025390625 0.03252885624344176
0.0 0.21142578125 0.45120671563483733 0.0244140625 0.03147953830010493
0.0 0.36328125 0.3268625393494229 0.0234375 0.02833158447009444
0.0 0.41748046875 0.3273871983210913 0.0185546875 0.025183630640083946
0.0 0.4609375 0.3284365162644281 0.017578125 0.02728226652675761
0.0 0.47119140625 0.36621196222455404 0.0185546875 0.02728226652675761
0.0 0.43212890625 0.276495278069255 0.0185546875 0.026232948583420776
0.0 0.046875 0.2759706190975866 0.021484375 0.03147953830010493
0.0 0.02001953125 0.29223504721930743 0.0166015625 0.01993704092339979
0.0 0.36376953125 0.3011542497376705 0.0166015625 0.023084994753410283
0.0 0.52001953125 0.3604407135362015 0.0185546875 0.02833158447009444
0.0 0.435546875 0.5146904512067156 0.0234375 0.03252885624344176
0.0 0.4970703125 0.4879328436516264 0.021484375 0.035676810073452254
0.0 0.0283203125 0.1825813221406086 0.01171875 0.016789087093389297
0.0 0.0361328125 0.2166841552990556 0.013671875 0.01993704092339979
0.0 0.06005859375 0.23032528856243442 0.0166015625 0.022035676810073453
0.0 0.072265625 0.20566631689401887 0.015625 0.02098635886673662
0.0 0.09912109375 0.2124868835257083 0.0185546875 0.024134312696747113
0.0 0.06201171875 0.1789087093389297 0.0126953125 0.015739769150052464
0.0 0.10205078125 0.1689401888772298 0.0146484375 0.01888772298006296
0.0 0.13671875 0.20199370409233997 0.015625 0.022035676810073453
0.0 0.10107421875 0.12224554039874082 0.0146484375 0.01993704092339979
0.0 0.060546875 0.11227701993704092 0.015625 0.02098635886673662
0.0 0.1865234375 0.16998950682056663 0.015625 0.025183630640083946
0.0 0.0361328125 0.12434417628541448 0.013671875 0.015739769150052464
0.0 0.06494140625 0.07450157397691501 0.0126953125 0.014690451206715634
0.0 0.10888671875 0.07187827911857293 0.0126953125 0.01993704092339979
0.0 0.083984375 0.09968520461699895 0.009765625 0.012591815320041973
0.0 0.25439453125 0.18782791185729275 0.0205078125 0.023084994753410283
0.0 0.2685546875 0.16054564533053514 0.017578125 0.023084994753410283
0.0 0.29638671875 0.15320041972717732 0.0146484375 0.01888772298006296
0.0 0.31689453125 0.11647429171038824 0.0185546875 0.023084994753410283
0.0 0.34326171875 0.11962224554039874 0.0166015625 0.023084994753410283
0.0 0.36279296875 0.08971668415529906 0.0146484375 0.01993704092339979
0.0 0.40185546875 0.08342077649527807 0.0146484375 0.017838405036726127
0.0 0.466796875 0.1322140608604407 0.017578125 0.025183630640083946
0.0 0.478515625 0.10755508919202518 0.015625 0.022035676810073453
0.0 0.35009765625 0.24554039874081846 0.0166015625 0.02728226652675761
0.0 0.376953125 0.26285414480587616 0.017578125 0.026232948583420776
0.0 0.37451171875 0.195697796432319 0.0205078125 0.026232948583420776
0.0 0.42138671875 0.2518363064008394 0.0224609375 0.033578174186778595
0.0 0.42138671875 0.20933892969569778 0.0205078125 0.026232948583420776
0.0 0.44189453125 0.1783840503672613 0.0185546875 0.02728226652675761
0.0 0.453125 0.2088142707240294 0.015625 0.023084994753410283
0.0 0.50634765625 0.19727177334732424 0.0185546875 0.02938090241343127
0.0 0.51904296875 0.05666316894018888 0.0185546875 0.023084994753410283
0.0 0.52001953125 0.08761804826862539 0.0185546875 0.024134312696747113
0.0 0.56494140625 0.05666316894018888 0.0166015625 0.02098635886673662
0.0 0.57177734375 0.11962224554039874 0.0224609375 0.02938090241343127
0.0 0.5869140625 0.08919202518363065 0.01953125 0.025183630640083946
0.0 0.56787109375 0.16631689401888772 0.0224609375 0.026232948583420776
0.0 0.5947265625 0.15162644281217208 0.017578125 0.02833158447009444
0.0 0.609375 0.13273871983210914 0.01953125 0.02833158447009444
0.0 0.6513671875 0.11280167890870933 0.017578125 0.030430220356768102
0.0 0.65478515625 0.061385099685204614 0.0185546875 0.026232948583420776
0.0 0.62060546875 0.051941238195173135 0.0185546875 0.022035676810073453
0.0 0.71728515625 0.1180482686253935 0.0185546875 0.030430220356768102
0.0 0.6845703125 0.1657922350472193 0.017578125 0.025183630640083946
0.0 0.72509765625 0.16054564533053514 0.0185546875 0.025183630640083946
0.0 0.65625 0.1925498426023085 0.017578125 0.024134312696747113
0.0 0.623046875 0.1993704092339979 0.015625 0.023084994753410283
0.0 0.5263671875 0.23924449108079748 0.0234375 0.03147953830010493
0.0 0.57470703125 0.23294858342077648 0.0185546875 0.02098635886673662
0.0 0.62890625 0.2402938090241343 0.01953125 0.02098635886673662
0.0 0.54150390625 0.3126967471143757 0.0166015625 0.023084994753410283
0.0 0.5927734375 0.31217208814270725 0.017578125 0.026232948583420776
0.0 0.5869140625 0.35099685204617 0.021484375 0.02833158447009444
0.0 0.70849609375 0.35414480587618047 0.0205078125 0.024134312696747113
0.0 0.71923828125 0.31007345225603355 0.0205078125 0.030430220356768102
0.0 0.7587890625 0.36621196222455404 0.01953125 0.023084994753410283
0.0 0.93017578125 0.742392444910808 0.0283203125 0.03462749213011543
0.0 0.71533203125 0.3861490031479538 0.0224609375 0.025183630640083946
0.0 0.02880859375 0.8399790136411333 0.0224609375 0.03672612801678909
0.0 0.5595703125 0.024134312696747113 0.013671875 0.016789087093389297
0.0 0.6015625 0.019412381951731374 0.015625 0.01993704092339979
0.0 0.71044921875 0.015739769150052464 0.0166015625 0.02098635886673662
0.0 0.79443359375 0.016789087093389297 0.0166015625 0.02098635886673662
0.0 0.9326171875 0.02938090241343127 0.015625 0.01888772298006296
0.0 0.0078125 0.8903462749213011 0.015625 0.03882476390346275
0.0 0.5986328125 0.8824763903462749 0.03125 0.03777544596012592
