0.0 0.21435546875 0.4837758112094395 0.0146484375 0.02654867256637168
0.0 0.1640625 0.48451327433628316 0.01171875 0.025073746312684365
0.0 0.07958984375 0.5789085545722714 0.0185546875 0.03982300884955752
0.0 0.271484375 0.5678466076696165 0.01953125 0.0471976401179941
0.0 0.2470703125 0.6224188790560472 0.01171875 0.04424778761061947
0.0 0.18310546875 0.5796460176991151 0.0185546875 0.04129793510324484
0.0 0.4375 0.4225663716814159 0.013671875 0.028023598820058997
0.0 0.4619140625 0.45353982300884954 0.01171875 0.022123893805309734
0.0 0.49560546875 0.4557522123893805 0.0146484375 0.02654867256637168
0.0 0.423828125 0.6364306784660767 0.013671875 0.030973451327433628
0.0 0.38671875 0.6998525073746312 0.015625 0.03687315634218289
0.0 0.4716796875 0.6880530973451328 0.015625 0.03392330383480826
0.0 0.50927734375 0.6342182890855457 0.0126953125 0.038348082595870206
0.0 0.2509765625 0.7529498525073747 0.017578125 0.03392330383480826
0.0 0.060546875 0.5228613569321534 0.017578125 0.030973451327433628
0.0 0.60498046875 0.46607669616519176 0.0146484375 0.029498525073746312
0.0 0.564453125 0.48156342182890854 0.015625 0.030973451327433628
0.0 0.626953125 0.6386430678466076 0.015625 0.032448377581120944
0.0 0.8173828125 0.44542772861356933 0.013671875 0.029498525073746312
0.0 0.865234375 0.4026548672566372 0.013671875 0.02654867256637168
0.0 0.57568359375 0.39233038348082594 0.0126953125 0.029498525073746312
0.0 0.681640625 0.42920353982300885 0.015625 0.035398230088495575
0.0 0.841796875 0.36504424778761063 0.01171875 0.030973451327433628
0.0 0.6484375 0.6932153392330384 0.015625 0.029498525073746312
0.0 0.8828125 0.3532448377581121 0.013671875 0.028023598820058997
0.0 0.80859375 0.33112094395280234 0.013671875 0.028023598820058997
0.0 0.48876953125 0.32890855457227136 0.0146484375 0.029498525073746312
0.0 0.36181640625 0.278023598820059 0.0126953125 0.028023598820058997
0.0 0.1943359375 0.4019174041297935 0.01171875 0.025073746312684365
0.0 0.158203125 0.4107669616519174 0.009765625 0.019174041297935103
0.0 0.0703125 0.43289085545722716 0.01171875 0.022123893805309734
0.0 0.07568359375 0.4690265486725664 0.0126953125 0.02654867256637168
0.0 0.462890625 0.41297935103244837 0.01171875 0.02359882005899705
0.0 0.41796875 0.4336283185840708 0.013671875 0.02359882005899705
0.0 0.53271484375 0.40634218289085544 0.0126953125 0.028023598820058997
0.0 0.6064453125 0.3443952802359882 0.013671875 0.028023598820058997
0.0 0.66455078125 0.36578171091445427 0.0107421875 0.029498525073746312
0.0 0.47900390625 0.3635693215339233 0.0146484375 0.025073746312684365
0.0 0.42578125 0.3554572271386431 0.013671875 0.02654867256637168
0.0 0.4462890625 0.3333333333333333 0.009765625 0.02359882005899705
0.0 0.58935546875 0.45427728613569324 0.0107421875 0.029498525073746312
0.0 0.61865234375 0.41297935103244837 0.0126953125 0.02654867256637168
0.0 0.73095703125 0.2994100294985251 0.0107421875 0.02359882005899705
0.0 0.7470703125 0.26843657817109146 0.01171875 0.02654867256637168
0.0 0.83251953125 0.29793510324483774 0.0107421875 0.02359882005899705
0.0 0.8994140625 0.33775811209439527 0.013671875 0.029498525073746312
0.0 0.763671875 0.43731563421828906 0.01171875 0.03392330383480826
0.0 0.79052734375 0.38716814159292035 0.0087890625 0.028023598820058997
0.0 0.0205078125 0.523598820058997 0.013671875 0.029498525073746312
0.0 0.056640625 0.3775811209439528 0.013671875 0.029498525073746312
0.0 0.04443359375 0.3355457227138643 0.0107421875 0.025073746312684365
0.0 0.05810546875 0.31563421828908556 0.0107421875 0.02064896755162242
0.0 0.17041015625 0.35693215339233036 0.0107421875 0.02654867256637168
0.0 0.154296875 0.33185840707964603 0.01171875 0.02654867256637168
0.0 0.10595703125 0.4314159292035398 0.0126953125 0.025073746312684365
0.0 0.1044921875 0.3355457227138643 0.009765625 0.019174041297935103
0.0 0.201171875 0.31563421828908556 0.009765625 0.02064896755162242
0.0 0.1826171875 0.3200589970501475 0.009765625 0.02064896755162242
0.0 0.12353515625 0.46238938053097345 0.0126953125 0.025073746312684365
0.0 0.07421875 0.35693215339233036 0.009765625 0.02064896755162242
0.0 0.02685546875 0.34365781710914456 0.0087890625 0.02064896755162242
0.0 0.21923828125 0.37168141592920356 0.0126953125 0.029498525073746312
0.0 0.208984375 0.28982300884955753 0.01171875 0.025073746312684365
0.0 0.1748046875 0.28761061946902655 0.009765625 0.02654867256637168
0.0 0.10009765625 0.306047197640118 0.0126953125 0.025073746312684365
0.0 0.25341796875 0.38495575221238937 0.0146484375 0.02654867256637168
0.0 0.2197265625 0.33185840707964603 0.01171875 0.02064896755162242
0.0 0.326171875 0.27654867256637167 0.01171875 0.025073746312684365
0.0 0.2041015625 0.22861356932153393 0.01171875 0.02359882005899705
0.0 0.17529296875 0.2529498525073746 0.0107421875 0.022123893805309734
0.0 0.271484375 0.2153392330383481 0.009765625 0.02064896755162242
0.0 0.24609375 0.23008849557522124 0.009765625 0.02064896755162242
0.0 0.3134765625 0.22492625368731564 0.009765625 0.022123893805309734
0.0 0.28173828125 0.28392330383480824 0.0126953125 0.022123893805309734
0.0 0.39306640625 0.21091445427728614 0.0107421875 0.02064896755162242
0.0 0.337890625 0.19100294985250738 0.01171875 0.022123893805309734
0.0 0.40625 0.2662241887905605 0.013671875 0.028023598820058997
0.0 0.38330078125 0.3222713864306785 0.0107421875 0.025073746312684365
0.0 0.39208984375 0.4446902654867257 0.0146484375 0.028023598820058997
0.0 0.3759765625 0.43731563421828906 0.013671875 0.030973451327433628
0.0 0.349609375 0.46238938053097345 0.013671875 0.025073746312684365
0.0 0.44677734375 0.2868731563421829 0.0126953125 0.025073746312684365
0.0 0.4189453125 0.16740412979351033 0.01171875 0.022123893805309734
0.0 0.5419921875 0.31563421828908556 0.01171875 0.02654867256637168
0.0 0.33349609375 0.3834808259587021 0.0126953125 0.029498525073746312
0.0 0.50244140625 0.3827433628318584 0.0146484375 0.025073746312684365
0.0 0.90966796875 0.46828908554572274 0.0107421875 0.025073746312684365
0.0 0.70947265625 0.5154867256637168 0.0146484375 0.04277286135693215
0.0 0.8173828125 0.5744837758112095 0.015625 0.025073746312684365
0.0 0.79541015625 0.25147492625368734 0.0126953125 0.025073746312684365
0.0 0.93212890625 0.3148967551622419 0.0126953125 0.028023598820058997
0.0 0.97119140625 0.23820058997050148 0.0126953125 0.022123893805309734
0.0 0.912109375 0.2168141592920354 0.013671875 0.02654867256637168
0.0 0.8310546875 0.22640117994100295 0.01171875 0.022123893805309734
0.0 0.69677734375 0.140117994100295 0.0107421875 0.02064896755162242
0.0 0.85205078125 0.3480825958702065 0.0126953125 0.032448377581120944
0.0 0.806640625 0.41150442477876104 0.013671875 0.02654867256637168
0.0 0.7470703125 0.10545722713864307 0.009765625 0.022123893805309734
0.0 0.78271484375 0.13495575221238937 0.0107421875 0.022123893805309734
0.0 0.84814453125 0.12463126843657817 0.0126953125 0.025073746312684365
0.0 0.8349609375 0.137905604719764 0.009765625 0.022123893805309734
0.0 0.80859375 0.14823008849557523 0.01171875 0.019174041297935103
0.0 0.82421875 0.10029498525073746 0.009765625 0.02359882005899705
0.0 0.94873046875 0.12684365781710916 0.0126953125 0.02359882005899705
0.0 0.5859375 0.6578171091445427 0.021484375 0.04424778761061947
0.0 0.93017578125 0.6150442477876106 0.0126953125 0.029498525073746312
0.0 0.52734375 0.14233038348082597 0.009765625 0.019174041297935103
0.0 0.6025390625 0.29129793510324486 0.01171875 0.025073746312684365
0.0 0.109375 0.2743362831858407 0.01171875 0.02064896755162242
0.0 0.27783203125 0.1747787610619469 0.0107421875 0.019174041297935103
0.0 0.34228515625 0.1556047197640118 0.0087890625 0.019174041297935103
0.0 0.13525390625 0.14896755162241887 0.0107421875 0.02064896755162242
0.0 0.25634765625 0.19321533923303835 0.0126953125 0.02064896755162242
0.0 0.150390625 0.2750737463126844 0.013671875 0.022123893805309734
0.0 0.189453125 0.2182890855457227 0.013671875 0.02064896755162242
0.0 0.224609375 0.2168141592920354 0.01171875 0.02064896755162242
0.0 0.3818359375 0.528023598820059 0.013671875 0.02064896755162242
0.0 0.34130859375 0.3333333333333333 0.0126953125 0.02064896755162242
0.0 0.54248046875 0.3532448377581121 0.0107421875 0.022123893805309734
0.0 0.22802734375 0.27654867256637167 0.0107421875 0.019174041297935103
0.0 0.30712890625 0.2617994100294985 0.0107421875 0.019174041297935103
0.0 0.62744140625 0.17256637168141592 0.0087890625 0.02064896755162242
0.0 0.70849609375 0.1902654867256637 0.0126953125 0.02064896755162242
0.0 0.3447265625 0.06415929203539823 0.009765625 0.019174041297935103
0.0 0.34521484375 0.036135693215339236 0.0107421875 0.022123893805309734
0.0 0.78173828125 0.11209439528023599 0.0107421875 0.017699115044247787
0.0 0.8701171875 0.2359882005899705 0.009765625 0.02064896755162242
0.0 0.94873046875 0.26327433628318586 0.0107421875 0.022123893805309734
0.0 0.990234375 0.19247787610619468 0.01171875 0.025073746312684365
0.0 0.9765625 0.11283185840707964 0.009765625 0.019174041297935103
0.0 0.95849609375 0.15265486725663716 0.0126953125 0.022123893805309734
0.0 0.9267578125 0.10619469026548672 0.009765625 0.02359882005899705
0.0 0.93798828125 0.11651917404129794 0.0107421875 0.02064896755162242
0.0 0.86376953125 0.11061946902654868 0.0107421875 0.02359882005899705
0.0 0.91552734375 0.3112094395280236 0.0107421875 0.02064896755162242
0.0 0.12158203125 0.0420353982300885 0.0087890625 0.016224188790560472
0.0 0.0712890625 0.11504424778761062 0.01171875 0.02064896755162242
0.0 0.09521484375 0.19100294985250738 0.0107421875 0.019174041297935103
0.0 0.1484375 0.056784660766961655 0.009765625 0.016224188790560472
0.0 0.17919921875 0.05309734513274336 0.0087890625 0.017699115044247787
0.0 0.21484375 0.04498525073746313 0.009765625 0.016224188790560472
0.0 0.04296875 0.04498525073746313 0.009765625 0.016224188790560472
0.0 0.89208984375 0.09660766961651918 0.0322265625 0.05457227138643068
0.0 0.27197265625 0.3200589970501475 0.0087890625 0.017699115044247787
0.0 0.29443359375 0.31194690265486724 0.0087890625 0.019174041297935103
0.0 0.27099609375 0.26991150442477874 0.0107421875 0.017699115044247787
0.0 0.345703125 0.2942477876106195 0.009765625 0.022123893805309734
0.0 0.68896484375 0.3864306784660767 0.0146484375 0.02654867256637168
0.0 0.5126953125 0.17699115044247787 0.009765625 0.02359882005899705
0.0 0.54150390625 0.16666666666666666 0.0087890625 0.02064896755162242
0.0 0.8896484375 0.2028023598820059 0.013671875 0.028023598820058997
0.0 0.00927734375 0.5825958702064897 0.0126953125 0.02359882005899705
0.0 0.00830078125 0.7094395280235988 0.0166015625 0.035398230088495575
0.0 0.365234375 0.3473451327433628 0.01171875 0.022123893805309734
0.0 0.017578125 0.0420353982300885 0.0078125 0.016224188790560472
0.0 0.00390625 0.36799410029498525 0.0078125 0.022123893805309734
0.0 0.0166015625 0.5007374631268436 0.01171875 0.025073746312684365
0.0 0.99658203125 0.7794985250737463 0.0068359375 0.025073746312684365
