0.0 0.3203125 0.6693989071038251 0.017578125 0.031420765027322405
0.0 0.34375 0.6475409836065574 0.021484375 0.03961748633879782
0.0 0.1845703125 0.6857923497267759 0.0205078125 0.03415300546448088
0.0 0.6572265625 0.2609289617486339 0.0146484375 0.020491803278688523
0.0 0.5771484375 0.2718579234972678 0.013671875 0.017759562841530054
0.0 0.86328125 0.7021857923497268 0.017578125 0.031420765027322405
0.0 0.8896484375 0.6939890710382514 0.0185546875 0.031420765027322405
0.0 0.7197265625 0.6762295081967213 0.0146484375 0.03415300546448088
0.0 0.9482421875 0.6653005464480874 0.009765625 0.03551912568306011
0.0 0.0634765625 0.5860655737704918 0.013671875 0.03551912568306011
0.0 0.66796875 0.6502732240437158 0.0107421875 0.02185792349726776
