0.0 0.60986328125 0.3923865300146413 0.1396484375 0.22547584187408493
0.0 0.3388671875 0.29502196193265007 0.138671875 0.25036603221083453
0.0 0.4609375 0.2781844802342606 0.06640625 0.13469985358711567
0.0 0.7275390625 0.363103953147877 0.03515625 0.05856515373352855
0.0 0.8408203125 0.4216691068814056 0.03125 0.06149341142020498
0.0 0.916015625 0.541727672035139 0.056640625 0.10248901903367497
0.0 0.9765625 0.40922401171303074 0.037109375 0.06588579795021962
0.0 0.8017578125 0.5717423133235725 0.04296875 0.048316251830161056
0.0 0.181640625 0.4150805270863836 0.025390625 0.048316251830161056
0.0 0.13720703125 0.3191800878477306 0.0341796875 0.0849194729136164
