0.0 0.2734375 0.2585345545378851 0.064453125 0.06744379683597003
0.0 0.5732421875 0.1498751040799334 0.07421875 0.10657785179017486
0.0 0.650390625 0.17985012489592006 0.083984375 0.1015820149875104
0.0 0.40673828125 0.45253955037468774 0.0439453125 0.05745212323064113
0.0 0.080078125 0.4358867610324729 0.046875 0.04746044962531224
0.0 0.82275390625 0.09658617818484597 0.0322265625 0.041631973355537054
0.0 0.982421875 0.4063280599500416 0.03125 0.04829308909242298
0.0 0.369140625 0.2714404662781016 0.041015625 0.044962531223980015
0.0 0.93115234375 0.25104079933388845 0.0439453125 0.049125728559533725
0.0 0.1611328125 0.1286427976686095 0.037109375 0.04079933388842631
0.0 0.29931640625 0.1228143213988343 0.0380859375 0.04412989175686927
0.0 0.84375 0.18984179850124897 0.041015625 0.04995836802664446
0.0 0.42138671875 0.05245628642797669 0.0283203125 0.02997502081598668
0.0 0.69677734375 0.11990008326394672 0.0283203125 0.034970857618651124
0.0 0.05419921875 0.2597835137385512 0.0341796875 0.044962531223980015
0.0 0.056640625 0.1311407160699417 0.03125 0.0324729392173189
