0.0 0.9453125 0.06147540983606557 0.0517578125 0.06420765027322405
0.0 0.60546875 0.20423497267759563 0.091796875 0.08265027322404371
0.0 0.669921875 0.25614754098360654 0.052734375 0.05669398907103825
0.0 0.3916015625 0.1092896174863388 0.23828125 0.21448087431693988
0.0 0.7666015625 0.2848360655737705 0.01953125 0.01639344262295082
0.0 0.7724609375 0.21789617486338797 0.015625 0.015710382513661202
0.0 0.3447265625 0.22882513661202186 0.0791015625 0.06215846994535519
0.0 0.314453125 0.28005464480874315 0.0458984375 0.040300546448087435
0.0 0.2314453125 0.23224043715846995 0.064453125 0.05942622950819672
0.0 0.1279296875 0.2581967213114754 0.103515625 0.08401639344262295
0.0 0.0185546875 0.26024590163934425 0.05859375 0.05806010928961749
0.0 0.2841796875 0.2575136612021858 0.0224609375 0.02185792349726776
0.0 0.294921875 0.20765027322404372 0.0224609375 0.012295081967213115
0.0 0.1708984375 0.2192622950819672 0.0146484375 0.012295081967213115
0.0 0.1064453125 0.2192622950819672 0.0166015625 0.012978142076502733
0.0 0.0673828125 0.20218579234972678 0.0146484375 0.014344262295081968
0.0 0.0478515625 0.21653005464480873 0.0166015625 0.015710382513661202
0.0 0.01171875 0.20150273224043716 0.0185546875 0.015710382513661202
0.0 0.1259765625 0.1885245901639344 0.0166015625 0.012295081967213115
0.0 0.333984375 0.21174863387978143 0.0185546875 0.01707650273224044
