0.0 0.1259765625 0.3888888888888889 0.0126953125 0.019005847953216373
0.0 0.2109375 0.3991228070175439 0.01171875 0.023391812865497075
0.0 0.2421875 0.4093567251461988 0.0087890625 0.013157894736842105
0.0 0.2646484375 0.4137426900584795 0.0087890625 0.013157894736842105
0.0 0.2744140625 0.34502923976608185 0.0078125 0.01608187134502924
0.0 0.2421875 0.3347953216374269 0.0087890625 0.01608187134502924
0.0 0.220703125 0.3128654970760234 0.0087890625 0.01608187134502924
0.0 0.1884765625 0.3216374269005848 0.0087890625 0.014619883040935672
0.0 0.0771484375 0.41228070175438597 0.0087890625 0.014619883040935672
0.0 0.033203125 0.29239766081871343 0.0068359375 0.01023391812865497
0.0 0.03125 0.26608187134502925 0.0078125 0.013157894736842105
0.0 0.4208984375 0.4283625730994152 0.013671875 0.021929824561403508
0.0 0.4189453125 0.3845029239766082 0.0107421875 0.017543859649122806
0.0 0.341796875 0.42251461988304095 0.0078125 0.014619883040935672
0.0 0.3544921875 0.38596491228070173 0.009765625 0.017543859649122806
0.0 0.2744140625 0.27046783625730997 0.0087890625 0.019005847953216373
0.0 0.5 0.34210526315789475 0.0078125 0.019005847953216373
0.0 0.4794921875 0.35526315789473684 0.0078125 0.01608187134502924
0.0 0.31640625 0.347953216374269 0.0078125 0.01608187134502924
0.0 0.69921875 0.44005847953216376 0.013671875 0.03070175438596491
0.0 0.6708984375 0.44005847953216376 0.009765625 0.021929824561403508
0.0 0.55078125 0.30994152046783624 0.0068359375 0.01608187134502924
0.0 0.9111328125 0.44005847953216376 0.0126953125 0.024853801169590642
0.0 0.9677734375 0.5190058479532164 0.0107421875 0.021929824561403508
0.0 0.751953125 0.47368421052631576 0.0107421875 0.019005847953216373
0.0 0.7646484375 0.2997076023391813 0.0078125 0.014619883040935672
0.0 0.7861328125 0.3216374269005848 0.0068359375 0.011695906432748537
0.0 0.90625 0.3508771929824561 0.0078125 0.017543859649122806
0.0 0.84375 0.3391812865497076 0.0078125 0.014619883040935672
0.0 0.837890625 0.30701754385964913 0.0078125 0.014619883040935672
0.0 0.9326171875 0.27485380116959063 0.0078125 0.013157894736842105
0.0 0.9140625 0.3216374269005848 0.0078125 0.013157894736842105
0.0 0.8310546875 0.5058479532163743 0.0087890625 0.01608187134502924
0.0 0.822265625 0.49122807017543857 0.0087890625 0.017543859649122806
0.0 0.822265625 0.4692982456140351 0.009765625 0.01608187134502924
0.0 0.0341796875 0.3815789473684211 0.0078125 0.017543859649122806
0.0 0.0419921875 0.35233918128654973 0.0068359375 0.01608187134502924
0.0 0.0419921875 0.3230994152046784 0.0078125 0.01608187134502924
0.0 0.09765625 0.3084795321637427 0.0068359375 0.013157894736842105
0.0 0.1142578125 0.3055555555555556 0.0078125 0.013157894736842105
0.0 0.0 0.26608187134502925 0.005859375 0.011695906432748537
0.0 0.1884765625 0.2997076023391813 0.0078125 0.013157894736842105
0.0 0.2138671875 0.29678362573099415 0.0068359375 0.011695906432748537
0.0 0.2421875 0.2894736842105263 0.0078125 0.014619883040935672
0.0 0.2626953125 0.28654970760233917 0.0087890625 0.014619883040935672
0.0 0.296875 0.36403508771929827 0.0068359375 0.013157894736842105
0.0 0.2900390625 0.40789473684210525 0.0078125 0.013157894736842105
0.0 0.19921875 0.3888888888888889 0.0078125 0.014619883040935672
0.0 0.2802734375 0.3172514619883041 0.0078125 0.011695906432748537
0.0 0.251953125 0.31871345029239767 0.0078125 0.014619883040935672
0.0 0.3076171875 0.31432748538011696 0.0087890625 0.013157894736842105
0.0 0.2978515625 0.2953216374269006 0.0078125 0.013157894736842105
0.0 0.3291015625 0.33187134502923976 0.0068359375 0.013157894736842105
0.0 0.3447265625 0.3654970760233918 0.0078125 0.01608187134502924
0.0 0.369140625 0.347953216374269 0.0078125 0.013157894736842105
0.0 0.345703125 0.2982456140350877 0.009765625 0.01608187134502924
0.0 0.3349609375 0.3991228070175439 0.0078125 0.013157894736842105
0.0 0.3916015625 0.33187134502923976 0.0087890625 0.014619883040935672
0.0 0.3876953125 0.37719298245614036 0.005859375 0.011695906432748537
0.0 0.3994140625 0.38596491228070173 0.0087890625 0.014619883040935672
0.0 0.4423828125 0.3508771929824561 0.0087890625 0.01608187134502924
0.0 0.4453125 0.3201754385964912 0.0078125 0.01608187134502924
0.0 0.4208984375 0.3216374269005848 0.0078125 0.014619883040935672
0.0 0.3974609375 0.25584795321637427 0.0087890625 0.019005847953216373
0.0 0.455078125 0.27485380116959063 0.0087890625 0.019005847953216373
0.0 0.4296875 0.2850877192982456 0.0078125 0.013157894736842105
0.0 0.4482421875 0.260233918128655 0.0068359375 0.011695906432748537
0.0 0.47265625 0.32748538011695905 0.0087890625 0.01608187134502924
0.0 0.5 0.3201754385964912 0.0078125 0.014619883040935672
0.0 0.525390625 0.32894736842105265 0.0068359375 0.014619883040935672
0.0 0.5263671875 0.2807017543859649 0.0078125 0.011695906432748537
0.0 0.4892578125 0.27485380116959063 0.0078125 0.017543859649122806
0.0 0.57421875 0.2894736842105263 0.0078125 0.013157894736842105
0.0 0.67578125 0.33771929824561403 0.0087890625 0.01608187134502924
0.0 0.65625 0.32748538011695905 0.0068359375 0.01608187134502924
0.0 0.689453125 0.37719298245614036 0.009765625 0.013157894736842105
0.0 0.5888671875 0.3815789473684211 0.0078125 0.01608187134502924
0.0 0.6181640625 0.347953216374269 0.0078125 0.014619883040935672
0.0 0.6455078125 0.3684210526315789 0.0068359375 0.011695906432748537
0.0 0.53515625 0.3508771929824561 0.0087890625 0.014619883040935672
0.0 0.82421875 0.3406432748538012 0.0087890625 0.01608187134502924
0.0 0.75390625 0.41228070175438597 0.0078125 0.01608187134502924
0.0 0.7958984375 0.48099415204678364 0.0107421875 0.01608187134502924
0.0 0.8466796875 0.391812865497076 0.0078125 0.013157894736842105
0.0 0.791015625 0.4546783625730994 0.009765625 0.013157894736842105
0.0 0.7763671875 0.4152046783625731 0.0068359375 0.01608187134502924
0.0 0.890625 0.3654970760233918 0.0068359375 0.013157894736842105
0.0 0.8701171875 0.3684210526315789 0.0068359375 0.013157894736842105
0.0 0.859375 0.35526315789473684 0.0078125 0.014619883040935672
0.0 0.900390625 0.3304093567251462 0.0068359375 0.013157894736842105
0.0 0.892578125 0.3084795321637427 0.0068359375 0.01023391812865497
0.0 0.9345703125 0.33187134502923976 0.0078125 0.014619883040935672
0.0 0.919921875 0.347953216374269 0.0078125 0.014619883040935672
0.0 0.9345703125 0.44883040935672514 0.0087890625 0.014619883040935672
0.0 0.974609375 0.44005847953216376 0.0087890625 0.013157894736842105
0.0 0.98828125 0.4546783625730994 0.0087890625 0.017543859649122806
0.0 0.966796875 0.40350877192982454 0.0087890625 0.014619883040935672
0.0 0.943359375 0.40789473684210525 0.0087890625 0.01608187134502924
0.0 0.97265625 0.3055555555555556 0.009765625 0.017543859649122806
0.0 0.958984375 0.2807017543859649 0.0087890625 0.014619883040935672
0.0 0.9736328125 0.2777777777777778 0.0087890625 0.013157894736842105
0.0 0.9345703125 0.29239766081871343 0.0078125 0.01023391812865497
0.0 0.8759765625 0.2821637426900585 0.0078125 0.013157894736842105
0.0 0.8515625 0.3260233918128655 0.0068359375 0.01023391812865497
0.0 0.8935546875 0.2777777777777778 0.0068359375 0.011695906432748537
0.0 0.9052734375 0.26608187134502925 0.0068359375 0.013157894736842105
0.0 0.916015625 0.2573099415204678 0.005859375 0.013157894736842105
0.0 0.9306640625 0.24707602339181287 0.0078125 0.013157894736842105
0.0 0.9677734375 0.2412280701754386 0.0068359375 0.014619883040935672
0.0 0.958984375 0.23684210526315788 0.005859375 0.01023391812865497
0.0 0.923828125 0.2134502923976608 0.0078125 0.011695906432748537
0.0 0.892578125 0.3230994152046784 0.0068359375 0.013157894736842105
0.0 0.982421875 0.22514619883040934 0.0087890625 0.013157894736842105
0.0 0.94921875 0.21783625730994152 0.0048828125 0.011695906432748537
0.0 0.9609375 0.2236842105263158 0.0068359375 0.013157894736842105
0.0 0.8681640625 0.47514619883040937 0.009765625 0.029239766081871343
0.0 0.970703125 0.49122807017543857 0.0087890625 0.019005847953216373
0.0 0.8798828125 0.3888888888888889 0.0078125 0.014619883040935672
