0.0 0.0595703125 0.16393442622950818 0.02734375 0.07962529274004684
0.0 0.1640625 0.1686182669789227 0.0244140625 0.08196721311475409
0.0 0.2529296875 0.25526932084309134 0.0234375 0.08196721311475409
0.0 0.2802734375 0.40046838407494145 0.0234375 0.08899297423887588
0.0 0.1201171875 0.42857142857142855 0.02734375 0.09133489461358314
0.0 0.169921875 0.4262295081967213 0.025390625 0.08899297423887588
0.0 0.248046875 0.6182669789227166 0.0244140625 0.08899297423887588
0.0 0.34375 0.29508196721311475 0.025390625 0.08430913348946135
0.0 0.375 0.39344262295081966 0.0263671875 0.10070257611241218
0.0 0.3603515625 0.6370023419203747 0.029296875 0.0936768149882904
0.0 0.4833984375 0.6346604215456675 0.0244140625 0.07962529274004684
0.0 0.4697265625 0.4098360655737705 0.0263671875 0.08430913348946135
0.0 0.42578125 0.2505854800936768 0.0263671875 0.09133489461358314
0.0 0.509765625 0.234192037470726 0.025390625 0.08430913348946135
0.0 0.5546875 0.41217798594847777 0.025390625 0.08665105386416862
0.0 0.6005859375 0.6346604215456675 0.0263671875 0.08899297423887588
0.0 0.7197265625 0.6323185011709602 0.0283203125 0.09601873536299765
0.0 0.6416015625 0.4215456674473068 0.025390625 0.08196721311475409
0.0 0.599609375 0.28337236533957844 0.0234375 0.08430913348946135
0.0 0.689453125 0.29508196721311475 0.0263671875 0.08196721311475409
0.0 0.7841796875 0.2786885245901639 0.0263671875 0.06791569086651054
0.0 0.73828125 0.4332552693208431 0.0234375 0.07259953161592506
0.0 0.8330078125 0.41451990632318503 0.025390625 0.09601873536299765
0.0 0.8974609375 0.42857142857142855 0.0244140625 0.09836065573770492
0.0 0.8916015625 0.2786885245901639 0.0224609375 0.07494145199063232
