0.0 0.30126953125 0.3235677083333333 0.0380859375 0.06640625
0.0 0.4404296875 0.3125 0.03515625 0.06770833333333333
0.0 0.55615234375 0.3502604166666667 0.0400390625 0.07291666666666667
0.0 0.63623046875 0.3274739583333333 0.0400390625 0.06640625
0.0 0.7509765625 0.3444010416666667 0.041015625 0.07161458333333333
0.0 0.72314453125 0.625 0.0458984375 0.078125
0.0 0.599609375 0.6145833333333334 0.044921875 0.08333333333333333
0.0 0.4912109375 0.556640625 0.041015625 0.07421875
0.0 0.35107421875 0.591796875 0.0419921875 0.07942708333333333
0.0 0.19921875 0.5703125 0.037109375 0.06770833333333333
