0.0 0.8359375 0.0 0.052734375 0.0951683748169839
0.0 0.7431640625 0.0029282576866764276 0.046875 0.09224011713030747
0.0 0.595703125 0.07174231332357248 0.0595703125 0.10688140556368961
0.0 0.501953125 0.07613469985358712 0.0625 0.10834553440702782
0.0 0.544921875 0.03953147877013177 0.0390625 0.08345534407027819
0.0 0.2216796875 0.1478770131771596 0.052734375 0.10688140556368961
0.0 0.3681640625 0.1903367496339678 0.0556640625 0.10395314787701318
0.0 0.33203125 0.10688140556368961 0.0400390625 0.08784773060029283
0.0 0.30859375 0.0527086383601757 0.0439453125 0.09224011713030747
0.0 0.416015625 0.0 0.0390625 0.060029282576866766
0.0 0.20703125 0.005856515373352855 0.05078125 0.08784773060029283
0.0 0.171875 0.09663250366032211 0.044921875 0.09224011713030747
0.0 0.060546875 0.13030746705710103 0.048828125 0.0849194729136164
0.0 0.0458984375 0.0 0.044921875 0.06442166910688141
0.0 0.048828125 0.07613469985358712 0.041015625 0.08199121522693997
0.0 0.02734375 0.014641288433382138 0.03515625 0.07320644216691069
0.0 0.0 0.08931185944363104 0.0283203125 0.09224011713030747
0.0 0.666015625 0.013177159590043924 0.0517578125 0.08052708638360176
0.0 0.0 0.25329428989751096 0.0302734375 0.10395314787701318
