0.0 0.2255859375 0.359375 0.009765625 0.016927083333333332
0.0 0.27734375 0.3372395833333333 0.0087890625 0.014322916666666666
0.0 0.310546875 0.3450520833333333 0.0087890625 0.015625
0.0 0.341796875 0.34375 0.009765625 0.014322916666666666
0.0 0.2958984375 0.30859375 0.0068359375 0.01171875
0.0 0.2568359375 0.2994791666666667 0.0068359375 0.010416666666666666
0.0 0.2353515625 0.3059895833333333 0.005859375 0.013020833333333334
0.0 0.224609375 0.2903645833333333 0.0078125 0.013020833333333334
0.0 0.1943359375 0.30859375 0.0087890625 0.014322916666666666
0.0 0.1630859375 0.3151041666666667 0.0078125 0.01171875
0.0 0.1748046875 0.3372395833333333 0.0078125 0.013020833333333334
0.0 0.154296875 0.3658854166666667 0.0087890625 0.014322916666666666
0.0 0.1220703125 0.3658854166666667 0.0078125 0.015625
0.0 0.0947265625 0.4440104166666667 0.01171875 0.016927083333333332
0.0 0.1015625 0.41796875 0.0107421875 0.01953125
0.0 0.130859375 0.4401041666666667 0.0107421875 0.018229166666666668
0.0 0.0458984375 0.4388020833333333 0.013671875 0.020833333333333332
0.0 0.1875 0.4010416666666667 0.0224609375 0.0390625
0.0 0.240234375 0.3919270833333333 0.0244140625 0.040364583333333336
0.0 0.2998046875 0.4466145833333333 0.0205078125 0.037760416666666664
0.0 0.3115234375 0.4231770833333333 0.0205078125 0.037760416666666664
0.0 0.3408203125 0.421875 0.0224609375 0.036458333333333336
0.0 0.28125 0.4140625 0.0107421875 0.016927083333333332
0.0 0.15234375 0.4153645833333333 0.0087890625 0.018229166666666668
0.0 0.4375 0.2578125 0.005859375 0.010416666666666666
0.0 0.470703125 0.2552083333333333 0.005859375 0.010416666666666666
0.0 0.49609375 0.2786458333333333 0.0068359375 0.010416666666666666
0.0 0.5234375 0.2747395833333333 0.0078125 0.013020833333333334
0.0 0.505859375 0.2421875 0.0068359375 0.01171875
0.0 0.5751953125 0.2864583333333333 0.0078125 0.013020833333333334
0.0 0.5576171875 0.2760416666666667 0.0078125 0.014322916666666666
0.0 0.5986328125 0.25390625 0.0068359375 0.010416666666666666
0.0 0.6064453125 0.2890625 0.0078125 0.01171875
0.0 0.6240234375 0.31640625 0.0078125 0.01171875
0.0 0.6552734375 0.3098958333333333 0.0078125 0.013020833333333334
0.0 0.6630859375 0.26953125 0.0078125 0.010416666666666666
0.0 0.5224609375 0.3463541666666667 0.0078125 0.013020833333333334
0.0 0.4990234375 0.3333333333333333 0.0078125 0.014322916666666666
0.0 0.4853515625 0.3776041666666667 0.0185546875 0.036458333333333336
0.0 0.517578125 0.40625 0.0185546875 0.032552083333333336
0.0 0.537109375 0.4036458333333333 0.01171875 0.015625
0.0 0.556640625 0.4309895833333333 0.0185546875 0.029947916666666668
0.0 0.595703125 0.421875 0.021484375 0.036458333333333336
0.0 0.6181640625 0.4361979166666667 0.0205078125 0.028645833333333332
0.0 0.6591796875 0.3919270833333333 0.009765625 0.016927083333333332
0.0 0.673828125 0.4361979166666667 0.0205078125 0.033854166666666664
0.0 0.69140625 0.4036458333333333 0.0087890625 0.015625
0.0 0.51171875 0.4466145833333333 0.01953125 0.03125
0.0 0.443359375 0.4075520833333333 0.021484375 0.033854166666666664
0.0 0.3974609375 0.4140625 0.0224609375 0.033854166666666664
0.0 0.30859375 0.5247395833333334 0.02734375 0.041666666666666664
0.0 0.16015625 0.5078125 0.0322265625 0.046875
0.0 0.4443359375 0.54296875 0.025390625 0.040364583333333336
0.0 0.501953125 0.5598958333333334 0.0224609375 0.03515625
0.0 0.3671875 0.4049479166666667 0.009765625 0.016927083333333332
0.0 0.630859375 0.53125 0.0205078125 0.029947916666666668
0.0 0.744140625 0.51953125 0.021484375 0.033854166666666664
0.0 0.814453125 0.4973958333333333 0.021484375 0.03515625
0.0 0.7158203125 0.4322916666666667 0.021484375 0.033854166666666664
0.0 0.9697265625 0.46484375 0.009765625 0.01953125
0.0 0.9560546875 0.4401041666666667 0.0126953125 0.01953125
0.0 0.93359375 0.4361979166666667 0.013671875 0.01953125
0.0 0.9208984375 0.4361979166666667 0.0087890625 0.016927083333333332
0.0 0.8662109375 0.4466145833333333 0.01171875 0.016927083333333332
0.0 0.935546875 0.3919270833333333 0.009765625 0.018229166666666668
0.0 0.818359375 0.39453125 0.009765625 0.016927083333333332
0.0 0.787109375 0.3958333333333333 0.0087890625 0.014322916666666666
0.0 0.7451171875 0.3658854166666667 0.0087890625 0.015625
0.0 0.771484375 0.3567708333333333 0.009765625 0.013020833333333334
0.0 0.7646484375 0.3424479166666667 0.0087890625 0.014322916666666666
0.0 0.8125 0.3424479166666667 0.0078125 0.014322916666666666
0.0 0.837890625 0.36328125 0.0078125 0.010416666666666666
0.0 0.859375 0.3958333333333333 0.0087890625 0.014322916666666666
0.0 0.91796875 0.3372395833333333 0.0078125 0.014322916666666666
0.0 0.9306640625 0.3333333333333333 0.0078125 0.014322916666666666
0.0 0.90625 0.3346354166666667 0.0078125 0.013020833333333334
0.0 0.9248046875 0.3580729166666667 0.0078125 0.015625
0.0 0.9619140625 0.3580729166666667 0.0068359375 0.013020833333333334
0.0 0.9501953125 0.2708333333333333 0.005859375 0.010416666666666666
0.0 0.9677734375 0.2734375 0.0068359375 0.010416666666666666
0.0 0.970703125 0.3450520833333333 0.009765625 0.014322916666666666
0.0 0.8515625 0.3606770833333333 0.0068359375 0.013020833333333334
0.0 0.2109375 0.3203125 0.009765625 0.014322916666666666
0.0 0.287109375 0.296875 0.0048828125 0.010416666666666666
0.0 0.4072265625 0.3059895833333333 0.0126953125 0.013020833333333334
