0.0 0.1376953125 0.0975609756097561 0.0078125 0.015853658536585366
0.0 0.0703125 0.10853658536585366 0.01171875 0.020731707317073172
0.0 0.095703125 0.12073170731707317 0.0087890625 0.01707317073170732
0.0 0.125 0.14512195121951219 0.0126953125 0.024390243902439025
0.0 0.080078125 0.14390243902439023 0.0087890625 0.013414634146341463
0.0 0.0146484375 0.18292682926829268 0.013671875 0.02195121951219512
0.0 0.046875 0.1878048780487805 0.013671875 0.023170731707317073
0.0 0.0771484375 0.1926829268292683 0.01171875 0.020731707317073172
0.0 0.1142578125 0.21951219512195122 0.013671875 0.025609756097560974
0.0 0.154296875 0.2 0.0107421875 0.02195121951219512
0.0 0.197265625 0.24024390243902438 0.0126953125 0.023170731707317073
0.0 0.166015625 0.23414634146341465 0.0126953125 0.024390243902439025
0.0 0.13671875 0.2573170731707317 0.0126953125 0.023170731707317073
0.0 0.09765625 0.2841463414634146 0.015625 0.03048780487804878
0.0 0.0732421875 0.2841463414634146 0.0126953125 0.025609756097560974
0.0 0.0595703125 0.22682926829268293 0.0107421875 0.026829268292682926
0.0 0.0322265625 0.23902439024390243 0.0126953125 0.026829268292682926
0.0 0.0263671875 0.2890243902439024 0.015625 0.023170731707317073
0.0 0.1162109375 0.3353658536585366 0.013671875 0.024390243902439025
0.0 0.1611328125 0.348780487804878 0.01171875 0.025609756097560974
0.0 0.1875 0.35609756097560974 0.0126953125 0.020731707317073172
0.0 0.1328125 0.2865853658536585 0.0126953125 0.01707317073170732
0.0 0.1787109375 0.2731707317073171 0.0107421875 0.01951219512195122
0.0 0.1845703125 0.2865853658536585 0.013671875 0.023170731707317073
0.0 0.2060546875 0.35365853658536583 0.0107421875 0.01951219512195122
0.0 0.0224609375 0.48048780487804876 0.02734375 0.04878048780487805
0.0 0.0673828125 0.46463414634146344 0.025390625 0.042682926829268296
0.0 0.09765625 0.49634146341463414 0.0166015625 0.026829268292682926
0.0 0.13671875 0.48292682926829267 0.025390625 0.045121951219512194
0.0 0.177734375 0.4975609756097561 0.0302734375 0.041463414634146344
0.0 0.3291015625 0.12804878048780488 0.0419921875 0.09634146341463415
0.0 0.5703125 0.29634146341463413 0.0458984375 0.07926829268292683
0.0 0.4169921875 0.45365853658536587 0.013671875 0.02195121951219512
0.0 0.400390625 0.5219512195121951 0.013671875 0.026829268292682926
0.0 0.41796875 0.5219512195121951 0.013671875 0.02804878048780488
0.0 0.4384765625 0.3170731707317073 0.0126953125 0.01951219512195122
0.0 0.498046875 0.3329268292682927 0.0146484375 0.02195121951219512
0.0 0.4462890625 0.3780487804878049 0.009765625 0.018292682926829267
0.0 0.498046875 0.36585365853658536 0.0107421875 0.023170731707317073
0.0 0.3984375 0.5670731707317073 0.017578125 0.023170731707317073
0.0 0.650390625 0.22317073170731708 0.0390625 0.06219512195121951
0.0 0.8447265625 0.01707317073170732 0.015625 0.023170731707317073
0.0 0.8681640625 0.15 0.0087890625 0.01707317073170732
0.0 0.7958984375 0.27195121951219514 0.009765625 0.020731707317073172
0.0 0.87890625 0.33902439024390246 0.01171875 0.025609756097560974
0.0 0.7841796875 0.3 0.01171875 0.018292682926829267
0.0 0.8134765625 0.30365853658536585 0.0078125 0.014634146341463415
0.0 0.9267578125 0.23902439024390243 0.009765625 0.018292682926829267
0.0 0.94921875 0.26951219512195124 0.01171875 0.020731707317073172
0.0 0.919921875 0.26707317073170733 0.009765625 0.02195121951219512
0.0 0.9462890625 0.31097560975609756 0.0107421875 0.014634146341463415
0.0 0.927734375 0.34512195121951217 0.0126953125 0.018292682926829267
0.0 0.8759765625 0.3804878048780488 0.0146484375 0.01951219512195122
0.0 0.921875 0.3780487804878049 0.0185546875 0.02195121951219512
0.0 0.9765625 0.3829268292682927 0.0087890625 0.01951219512195122
0.0 0.8046875 0.49878048780487805 0.0146484375 0.020731707317073172
0.0 0.7763671875 0.5317073170731708 0.0185546875 0.03414634146341464
0.0 0.7998046875 0.5573170731707318 0.017578125 0.02804878048780488
0.0 0.830078125 0.5304878048780488 0.0205078125 0.03536585365853658
0.0 0.8271484375 0.5926829268292683 0.015625 0.023170731707317073
0.0 0.87109375 0.5548780487804879 0.0146484375 0.024390243902439025
0.0 0.900390625 0.5646341463414634 0.0146484375 0.024390243902439025
0.0 0.9755859375 0.49634146341463414 0.01171875 0.020731707317073172
0.0 0.9580078125 0.34146341463414637 0.015625 0.03048780487804878
0.0 0.9755859375 0.23658536585365852 0.0126953125 0.024390243902439025
0.0 0.912109375 0.5475609756097561 0.013671875 0.024390243902439025
0.0 0.8388671875 0.3402439024390244 0.0126953125 0.020731707317073172
