0.0 0.126953125 0.2600911458333333 0.029296875 0.024088541666666668
0.0 0.24658203125 0.2545572916666667 0.0263671875 0.0234375
0.0 0.22314453125 0.21419270833333334 0.0263671875 0.01953125
0.0 0.31689453125 0.21614583333333334 0.0263671875 0.020833333333333332
0.0 0.18359375 0.17024739583333334 0.021484375 0.020182291666666668
0.0 0.1171875 0.18619791666666666 0.025390625 0.0234375
0.0 0.02197265625 0.216796875 0.0244140625 0.020833333333333332
0.0 0.041015625 0.17740885416666666 0.02734375 0.020182291666666668
0.0 0.11181640625 0.4765625 0.0439453125 0.0390625
0.0 0.0361328125 0.4899088541666667 0.0390625 0.027994791666666668
0.0 0.23974609375 0.4860026041666667 0.0322265625 0.025390625
0.0 0.658203125 0.4690755208333333 0.044921875 0.033203125
0.0 0.82177734375 0.24934895833333334 0.0712890625 0.06640625
0.0 0.466796875 0.150390625 0.09765625 0.09244791666666667
0.0 0.310546875 0.2897135416666667 0.033203125 0.024739583333333332
0.0 0.6357421875 0.2913411458333333 0.025390625 0.024088541666666668
0.0 0.92578125 0.2503255208333333 0.03125 0.025390625
0.0 0.01611328125 0.5133463541666666 0.0263671875 0.022786458333333332
0.0 0.15576171875 0.322265625 0.0283203125 0.018229166666666668
