0.0 0.0048828125 0.17708333333333334 0.0087890625 0.022569444444444444
0.0 0.1923828125 0.019097222222222224 0.0107421875 0.027777777777777776
0.0 0.2294921875 0.017361111111111112 0.0126953125 0.019097222222222224
0.0 0.1787109375 0.0642361111111111 0.009765625 0.024305555555555556
0.0 0.14453125 0.06770833333333333 0.0107421875 0.022569444444444444
0.0 0.203125 0.0920138888888889 0.0107421875 0.022569444444444444
0.0 0.2001953125 0.1267361111111111 0.0107421875 0.024305555555555556
0.0 0.158203125 0.13020833333333334 0.0126953125 0.027777777777777776
0.0 0.1552734375 0.2048611111111111 0.0107421875 0.029513888888888888
0.0 0.1650390625 0.1753472222222222 0.0126953125 0.029513888888888888
0.0 0.203125 0.18055555555555555 0.0078125 0.027777777777777776
0.0 0.197265625 0.2048611111111111 0.0087890625 0.026041666666666668
0.0 0.1787109375 0.2170138888888889 0.009765625 0.036458333333333336
0.0 0.216796875 0.3177083333333333 0.0126953125 0.03125
0.0 0.203125 0.2621527777777778 0.01171875 0.041666666666666664
0.0 0.1689453125 0.25 0.01171875 0.029513888888888888
0.0 0.1728515625 0.3888888888888889 0.0126953125 0.029513888888888888
0.0 0.2373046875 0.046875 0.013671875 0.03298611111111111
0.0 0.279296875 0.052083333333333336 0.0107421875 0.027777777777777776
0.0 0.283203125 0.022569444444444444 0.0078125 0.020833333333333332
0.0 0.3203125 0.024305555555555556 0.0078125 0.022569444444444444
0.0 0.3232421875 0.0642361111111111 0.01171875 0.027777777777777776
0.0 0.341796875 0.027777777777777776 0.009765625 0.022569444444444444
0.0 0.3564453125 0.06076388888888889 0.01171875 0.027777777777777776
0.0 0.375 0.10416666666666667 0.009765625 0.027777777777777776
0.0 0.4140625 0.08680555555555555 0.0107421875 0.027777777777777776
0.0 0.376953125 0.1753472222222222 0.0107421875 0.026041666666666668
0.0 0.341796875 0.16666666666666666 0.0126953125 0.03298611111111111
0.0 0.3212890625 0.13541666666666666 0.01171875 0.027777777777777776
0.0 0.283203125 0.1267361111111111 0.01171875 0.029513888888888888
0.0 0.2470703125 0.1284722222222222 0.015625 0.022569444444444444
0.0 0.2412109375 0.09722222222222222 0.01171875 0.026041666666666668
0.0 0.24609375 0.16666666666666666 0.009765625 0.027777777777777776
0.0 0.2900390625 0.1736111111111111 0.0146484375 0.026041666666666668
0.0 0.2578125 0.2013888888888889 0.0107421875 0.027777777777777776
0.0 0.30859375 0.2552083333333333 0.01171875 0.029513888888888888
0.0 0.34765625 0.2586805555555556 0.01171875 0.027777777777777776
0.0 0.36328125 0.2829861111111111 0.0126953125 0.03125
0.0 0.37890625 0.2517361111111111 0.021484375 0.050347222222222224
0.0 0.3623046875 0.3333333333333333 0.0126953125 0.027777777777777776
0.0 0.3056640625 0.3263888888888889 0.0126953125 0.03298611111111111
0.0 0.2451171875 0.24479166666666666 0.009765625 0.03298611111111111
0.0 0.41796875 0.13020833333333334 0.0185546875 0.07291666666666667
0.0 0.373046875 0.050347222222222224 0.009765625 0.024305555555555556
0.0 0.36328125 0.04513888888888889 0.0107421875 0.019097222222222224
0.0 0.4638671875 0.0954861111111111 0.0087890625 0.022569444444444444
0.0 0.470703125 0.13541666666666666 0.009765625 0.026041666666666668
0.0 0.4853515625 0.18055555555555555 0.0126953125 0.024305555555555556
0.0 0.4951171875 0.07118055555555555 0.01171875 0.026041666666666668
0.0 0.5283203125 0.16145833333333334 0.021484375 0.078125
0.0 0.6044921875 0.03298611111111111 0.0126953125 0.024305555555555556
0.0 0.5751953125 0.1996527777777778 0.013671875 0.03125
0.0 0.6142578125 0.3246527777777778 0.01171875 0.03125
0.0 0.6640625 0.012152777777777778 0.0087890625 0.017361111111111112
0.0 0.6376953125 0.03298611111111111 0.0107421875 0.024305555555555556
0.0 0.6708984375 0.09722222222222222 0.009765625 0.027777777777777776
0.0 0.7138671875 0.10590277777777778 0.009765625 0.029513888888888888
0.0 0.6796875 0.1388888888888889 0.0107421875 0.026041666666666668
0.0 0.73828125 0.1701388888888889 0.013671875 0.026041666666666668
0.0 0.6318359375 0.1388888888888889 0.01171875 0.029513888888888888
0.0 0.62109375 0.21006944444444445 0.013671875 0.034722222222222224
0.0 0.6552734375 0.21180555555555555 0.0107421875 0.026041666666666668
0.0 0.6318359375 0.265625 0.0126953125 0.026041666666666668
0.0 0.6455078125 0.2829861111111111 0.0146484375 0.029513888888888888
0.0 0.658203125 0.328125 0.015625 0.034722222222222224
0.0 0.6943359375 0.2934027777777778 0.0126953125 0.036458333333333336
0.0 0.67578125 0.3090277777777778 0.0087890625 0.017361111111111112
0.0 0.7109375 0.3229166666666667 0.0107421875 0.029513888888888888
0.0 0.720703125 0.2552083333333333 0.0146484375 0.03298611111111111
0.0 0.78515625 0.24305555555555555 0.0146484375 0.03125
0.0 0.7568359375 0.3298611111111111 0.013671875 0.03125
0.0 0.6669921875 0.3854166666666667 0.0146484375 0.029513888888888888
0.0 0.8095703125 0.3368055555555556 0.01171875 0.027777777777777776
0.0 0.7197265625 0.3940972222222222 0.0146484375 0.034722222222222224
0.0 0.765625 0.3958333333333333 0.0146484375 0.03298611111111111
0.0 0.8115234375 0.3940972222222222 0.0185546875 0.03819444444444445
0.0 0.88671875 0.3888888888888889 0.0146484375 0.036458333333333336
0.0 0.8759765625 0.03993055555555555 0.01171875 0.026041666666666668
0.0 0.9716796875 0.03819444444444445 0.0087890625 0.024305555555555556
0.0 0.96875 0.10416666666666667 0.0087890625 0.027777777777777776
0.0 0.8701171875 0.11979166666666667 0.0107421875 0.020833333333333332
0.0 0.9111328125 0.2065972222222222 0.0087890625 0.020833333333333332
0.0 0.919921875 0.24305555555555555 0.015625 0.020833333333333332
0.0 0.9609375 0.18229166666666666 0.0087890625 0.027777777777777776
0.0 0.9814453125 0.16493055555555555 0.0107421875 0.024305555555555556
0.0 0.986328125 0.19618055555555555 0.0087890625 0.022569444444444444
0.0 0.9736328125 0.2065972222222222 0.009765625 0.027777777777777776
0.0 0.966796875 0.2916666666666667 0.013671875 0.03819444444444445
0.0 0.9794921875 0.3576388888888889 0.0126953125 0.027777777777777776
0.0 0.9765625 0.3940972222222222 0.01953125 0.03298611111111111
0.0 0.830078125 0.4010416666666667 0.0146484375 0.03125
0.0 0.7880859375 0.4704861111111111 0.0087890625 0.029513888888888888
0.0 0.8232421875 0.06597222222222222 0.01171875 0.022569444444444444
