0.0 0.509765625 0.2591508052708638 0.0439453125 0.07759882869692533
0.0 0.328125 0.22693997071742314 0.0439453125 0.06588579795021962
0.0 0.5732421875 0.1903367496339678 0.0078125 0.016105417276720352
0.0 0.556640625 0.1903367496339678 0.0068359375 0.016105417276720352
0.0 0.576171875 0.2240117130307467 0.0087890625 0.016105417276720352
0.0 0.560546875 0.2240117130307467 0.0087890625 0.01903367496339678
0.0 0.525390625 0.23572474377745242 0.0068359375 0.014641288433382138
0.0 0.4990234375 0.2020497803806735 0.005859375 0.014641288433382138
0.0 0.455078125 0.20497803806734993 0.0068359375 0.014641288433382138
0.0 0.419921875 0.21961932650073207 0.0068359375 0.014641288433382138
0.0 0.4013671875 0.18740849194729137 0.0087890625 0.013177159590043924
0.0 0.4736328125 0.24890190336749635 0.0068359375 0.014641288433382138
0.0 0.44921875 0.2591508052708638 0.0068359375 0.013177159590043924
0.0 0.4033203125 0.2635431918008785 0.0087890625 0.016105417276720352
0.0 0.37109375 0.22840409956076135 0.0078125 0.014641288433382138
0.0 0.3603515625 0.22986822840409957 0.005859375 0.010248901903367497
0.0 0.3759765625 0.26207906295754024 0.0078125 0.014641288433382138
0.0 0.3740234375 0.2986822840409956 0.009765625 0.016105417276720352
0.0 0.4072265625 0.2986822840409956 0.0087890625 0.014641288433382138
0.0 0.4208984375 0.2708638360175695 0.0078125 0.01171303074670571
0.0 0.4296875 0.2840409956076135 0.0068359375 0.017569546120058566
0.0 0.486328125 0.28550512445095166 0.0078125 0.013177159590043924
0.0 0.568359375 0.3616398243045388 0.0107421875 0.021961932650073207
0.0 0.5673828125 0.2986822840409956 0.0107421875 0.01903367496339678
0.0 0.5439453125 0.3689604685212299 0.0107421875 0.02342606149341142
0.0 0.0654296875 0.010248901903367497 0.005859375 0.010248901903367497
0.0 0.083984375 0.010248901903367497 0.0048828125 0.008784773060029283
0.0 0.037109375 0.032210834553440704 0.0048828125 0.010248901903367497
0.0 0.078125 0.055636896046852125 0.0048828125 0.008784773060029283
0.0 0.09375 0.0424597364568082 0.00390625 0.008784773060029283
0.0 0.060546875 0.055636896046852125 0.00390625 0.010248901903367497
0.0 0.1357421875 0.2225475841874085 0.0068359375 0.016105417276720352
0.0 0.12109375 0.2342606149341142 0.0068359375 0.013177159590043924
0.0 0.068359375 0.2445095168374817 0.0068359375 0.013177159590043924
0.0 0.03515625 0.2547584187408492 0.0068359375 0.008784773060029283
0.0 0.01171875 0.32503660322108346 0.0048828125 0.007320644216691069
0.0 0.033203125 0.31332357247437775 0.0048828125 0.016105417276720352
0.0 0.06640625 0.3118594436310395 0.005859375 0.013177159590043924
0.0 0.08984375 0.30161054172767204 0.005859375 0.014641288433382138
0.0 0.119140625 0.30307467057101023 0.0068359375 0.01171303074670571
0.0 0.14453125 0.29282576866764276 0.005859375 0.013177159590043924
0.0 0.1640625 0.28550512445095166 0.0048828125 0.01171303074670571
0.0 0.1484375 0.3323572474377745 0.0048828125 0.014641288433382138
0.0 0.1015625 0.3367496339677892 0.0087890625 0.013177159590043924
0.0 0.078125 0.3396778916544656 0.0068359375 0.013177159590043924
0.0 0.068359375 0.3440702781844802 0.0068359375 0.01171303074670571
0.0 0.0419921875 0.3513909224011713 0.0078125 0.01171303074670571
0.0 0.00390625 0.3601756954612006 0.0048828125 0.016105417276720352
0.0 0.005859375 0.38945827232796487 0.0068359375 0.010248901903367497
0.0 0.0185546875 0.34992679355783307 0.0048828125 0.010248901903367497
0.0 0.0458984375 0.3821376281112738 0.0068359375 0.016105417276720352
0.0 0.03515625 0.37920937042459735 0.0078125 0.014641288433382138
0.0 0.068359375 0.37774524158125916 0.00390625 0.010248901903367497
0.0 0.0908203125 0.37042459736456806 0.005859375 0.016105417276720352
0.0 0.125 0.35871156661786235 0.0078125 0.017569546120058566
0.0 0.14453125 0.35724743777452417 0.0048828125 0.013177159590043924
0.0 0.125 0.3953147877013177 0.0078125 0.013177159590043924
0.0 0.099609375 0.4011713030746706 0.0068359375 0.014641288433382138
0.0 0.0751953125 0.40263543191800877 0.0078125 0.021961932650073207
0.0 0.00390625 0.42020497803806733 0.0048828125 0.017569546120058566
0.0 0.00390625 0.45534407027818447 0.0087890625 0.013177159590043924
0.0 0.0224609375 0.4787701317715959 0.0068359375 0.016105417276720352
0.0 0.0390625 0.4480234260614934 0.0068359375 0.013177159590043924
0.0 0.05078125 0.4568081991215227 0.0068359375 0.020497803806734993
0.0 0.0634765625 0.46266471449487556 0.0078125 0.01903367496339678
0.0 0.08984375 0.4582723279648609 0.0078125 0.016105417276720352
0.0 0.109375 0.4494875549048316 0.0087890625 0.017569546120058566
0.0 0.14453125 0.4802342606149341 0.009765625 0.02342606149341142
0.0 0.0263671875 0.4260614934114202 0.0068359375 0.010248901903367497
0.0 0.046875 0.42313323572474376 0.005859375 0.01171303074670571
0.0 0.0283203125 0.513909224011713 0.0068359375 0.017569546120058566
0.0 0.05078125 0.5051244509516838 0.0078125 0.016105417276720352
0.0 0.14453125 0.5256222547584187 0.0107421875 0.021961932650073207
0.0 0.130859375 0.5285505124450952 0.0107421875 0.021961932650073207
0.0 0.1142578125 0.5373352855051244 0.0107421875 0.02342606149341142
0.0 0.130859375 0.5783308931185944 0.0078125 0.01903367496339678
0.0 0.1083984375 0.5900439238653001 0.0107421875 0.020497803806734993
0.0 0.095703125 0.6002928257686676 0.0107421875 0.01903367496339678
0.0 0.083984375 0.6032210834553441 0.0087890625 0.01903367496339678
0.0 0.001953125 0.4904831625183016 0.00390625 0.01903367496339678
0.0 0.009765625 0.5212298682284041 0.0068359375 0.016105417276720352
0.0 0.0322265625 0.5578330893118595 0.0078125 0.017569546120058566
0.0 0.0185546875 0.657393850658858 0.0087890625 0.01903367496339678
0.0 0.0087890625 0.6603221083455344 0.005859375 0.013177159590043924
0.0 0.0244140625 0.6998535871156661 0.0107421875 0.024890190336749635
0.0 0.0419921875 0.6515373352855052 0.0107421875 0.024890190336749635
0.0 0.0576171875 0.6544655929721815 0.009765625 0.02342606149341142
0.0 0.078125 0.6617862371888726 0.0107421875 0.01903367496339678
0.0 0.0791015625 0.6925329428989752 0.0126953125 0.02635431918008785
0.0 0.1279296875 0.6456808199121523 0.0107421875 0.021961932650073207
0.0 0.130859375 0.5929721815519766 0.009765625 0.024890190336749635
0.0 0.1474609375 0.5666178623718887 0.0078125 0.01903367496339678
0.0 0.2294921875 0.23865300146412885 0.005859375 0.010248901903367497
0.0 0.2529296875 0.22986822840409957 0.0078125 0.01171303074670571
0.0 0.2001953125 0.25036603221083453 0.0068359375 0.010248901903367497
0.0 0.1982421875 0.2796486090775988 0.0078125 0.013177159590043924
0.0 0.224609375 0.27232796486090777 0.0087890625 0.017569546120058566
0.0 0.2490234375 0.25768667642752563 0.0078125 0.016105417276720352
0.0 0.2705078125 0.2591508052708638 0.0078125 0.016105417276720352
0.0 0.212890625 0.30453879941434847 0.0078125 0.016105417276720352
0.0 0.1787109375 0.3396778916544656 0.009765625 0.02342606149341142
0.0 0.2001953125 0.3440702781844802 0.005859375 0.014641288433382138
0.0 0.1796875 0.38653001464128844 0.0068359375 0.013177159590043924
0.0 0.271484375 0.3294289897510981 0.009765625 0.017569546120058566
0.0 0.294921875 0.31771595900439237 0.0087890625 0.016105417276720352
0.0 0.2890625 0.3601756954612006 0.009765625 0.016105417276720352
0.0 0.2587890625 0.42752562225475843 0.0068359375 0.016105417276720352
0.0 0.2158203125 0.37920937042459735 0.03125 0.05856515373352855
0.0 0.2890625 0.45241581259150804 0.009765625 0.021961932650073207
0.0 0.251953125 0.4743777452415813 0.0107421875 0.017569546120058566
0.0 0.306640625 0.5065885797950219 0.0078125 0.01903367496339678
0.0 0.322265625 0.5124450951683748 0.0078125 0.014641288433382138
0.0 0.2724609375 0.5168374816983895 0.0107421875 0.021961932650073207
0.0 0.2900390625 0.5651537335285505 0.0126953125 0.027818448023426062
0.0 0.2626953125 0.5739385065885798 0.01171875 0.02342606149341142
0.0 0.2373046875 0.5812591508052709 0.0107421875 0.02342606149341142
0.0 0.279296875 0.6295754026354319 0.01171875 0.02635431918008785
0.0 0.3037109375 0.6339677891654466 0.01171875 0.027818448023426062
0.0 0.2744140625 0.6969253294289898 0.017578125 0.02635431918008785
0.0 0.2587890625 0.6896046852122987 0.0107421875 0.01903367496339678
0.0 0.4560546875 0.17715959004392387 0.0068359375 0.017569546120058566
0.0 0.4052734375 0.13616398243045388 0.0078125 0.016105417276720352
0.0 0.435546875 0.18740849194729137 0.0078125 0.014641288433382138
0.0 0.490234375 0.2430453879941435 0.0068359375 0.013177159590043924
0.0 0.4833984375 0.2562225475841874 0.009765625 0.016105417276720352
0.0 0.43359375 0.11273792093704246 0.005859375 0.01171303074670571
0.0 0.5703125 0.0951683748169839 0.009765625 0.014641288433382138
0.0 0.578125 0.14494875549048317 0.009765625 0.020497803806734993
0.0 0.5673828125 0.15226939970717424 0.0068359375 0.013177159590043924
0.0 0.6025390625 0.1800878477306003 0.0068359375 0.016105417276720352
0.0 0.6240234375 0.20937042459736457 0.009765625 0.01903367496339678
0.0 0.5771484375 0.25036603221083453 0.01171875 0.020497803806734993
0.0 0.5927734375 0.24597364568081992 0.0126953125 0.024890190336749635
0.0 0.5947265625 0.22693997071742314 0.01171875 0.013177159590043924
0.0 0.6083984375 0.3601756954612006 0.0078125 0.016105417276720352
0.0 0.5927734375 0.383601756954612 0.0068359375 0.014641288433382138
0.0 0.6240234375 0.40702781844802344 0.0107421875 0.02635431918008785
0.0 0.6005859375 0.4143484626647145 0.009765625 0.017569546120058566
0.0 0.7919921875 0.03513909224011713 0.0087890625 0.016105417276720352
0.0 0.7626953125 0.04538799414348463 0.0078125 0.016105417276720352
0.0 0.7197265625 0.07027818448023426 0.0078125 0.014641288433382138
0.0 0.685546875 0.0746705710102489 0.0078125 0.010248901903367497
0.0 0.6650390625 0.16251830161054173 0.009765625 0.016105417276720352
0.0 0.6875 0.16251830161054173 0.0078125 0.014641288433382138
0.0 0.71875 0.15080527086383602 0.0078125 0.016105417276720352
0.0 0.7783203125 0.1376281112737921 0.009765625 0.017569546120058566
0.0 0.802734375 0.12884333821376281 0.009765625 0.01903367496339678
0.0 0.80078125 0.21522693997071743 0.0087890625 0.020497803806734993
0.0 0.765625 0.1800878477306003 0.009765625 0.020497803806734993
0.0 0.759765625 0.21376281112737922 0.009765625 0.020497803806734993
0.0 0.806640625 0.2547584187408492 0.009765625 0.021961932650073207
0.0 0.73046875 0.18594436310395315 0.0107421875 0.01903367496339678
0.0 0.7177734375 0.1683748169838946 0.005859375 0.016105417276720352
0.0 0.662109375 0.20497803806734993 0.009765625 0.016105417276720352
0.0 0.6611328125 0.24158125915080528 0.009765625 0.014641288433382138
0.0 0.6376953125 0.16691068814055637 0.0087890625 0.017569546120058566
0.0 0.6337890625 0.24890190336749635 0.0107421875 0.020497803806734993
0.0 0.732421875 0.2635431918008785 0.009765625 0.020497803806734993
0.0 0.6982421875 0.2781844802342606 0.0087890625 0.021961932650073207
0.0 0.720703125 0.23718887262079064 0.0087890625 0.024890190336749635
0.0 0.7373046875 0.3411420204978038 0.0126953125 0.01903367496339678
0.0 0.70703125 0.34699853587115664 0.009765625 0.016105417276720352
0.0 0.65234375 0.35431918008784774 0.0107421875 0.014641288433382138
0.0 0.634765625 0.36749633967789164 0.009765625 0.017569546120058566
0.0 0.646484375 0.3923865300146413 0.0087890625 0.01903367496339678
0.0 0.6845703125 0.4128843338213763 0.0087890625 0.013177159590043924
0.0 0.7275390625 0.3967789165446559 0.0126953125 0.021961932650073207
0.0 0.7197265625 0.45241581259150804 0.0126953125 0.02342606149341142
0.0 0.697265625 0.45095168374816985 0.013671875 0.024890190336749635
0.0 0.6279296875 0.45973645680819913 0.0126953125 0.021961932650073207
0.0 0.607421875 0.47291361639824303 0.009765625 0.021961932650073207
0.0 0.654296875 0.47144948755490484 0.01171875 0.020497803806734993
0.0 0.7021484375 0.5153733528550513 0.01171875 0.024890190336749635
0.0 0.6494140625 0.5329428989751098 0.01171875 0.024890190336749635
0.0 0.6181640625 0.5300146412884333 0.0126953125 0.027818448023426062
0.0 0.5859375 0.5256222547584187 0.0146484375 0.027818448023426062
0.0 0.59375 0.6090775988286969 0.0126953125 0.02635431918008785
0.0 0.6171875 0.6603221083455344 0.015625 0.032210834553440704
0.0 0.681640625 0.6383601756954612 0.0166015625 0.03367496339677892
0.0 0.744140625 0.6442166910688141 0.0185546875 0.03367496339677892
0.0 0.939453125 0.05856515373352855 0.0107421875 0.01903367496339678
0.0 0.916015625 0.08638360175695461 0.009765625 0.02342606149341142
0.0 0.900390625 0.07613469985358712 0.009765625 0.01903367496339678
0.0 0.875 0.07320644216691069 0.0087890625 0.01903367496339678
0.0 0.84375 0.0746705710102489 0.0087890625 0.01903367496339678
0.0 0.84765625 0.11420204978038068 0.0078125 0.017569546120058566
0.0 0.8798828125 0.10688140556368961 0.009765625 0.01903367496339678
0.0 0.837890625 0.16398243045387995 0.009765625 0.020497803806734993
0.0 0.8642578125 0.17862371888726208 0.0107421875 0.02342606149341142
0.0 0.8974609375 0.14494875549048317 0.0078125 0.020497803806734993
0.0 0.8271484375 0.212298682284041 0.009765625 0.021961932650073207
0.0 0.806640625 0.32650073206442165 0.013671875 0.021961932650073207
0.0 0.95703125 0.2240117130307467 0.0126953125 0.02342606149341142
0.0 0.9580078125 0.30307467057101023 0.0087890625 0.024890190336749635
0.0 0.982421875 0.2840409956076135 0.0126953125 0.024890190336749635
0.0 0.994140625 0.17130307467057102 0.005859375 0.01903367496339678
0.0 0.7763671875 0.38799414348462663 0.01171875 0.020497803806734993
0.0 0.9619140625 0.39092240117130306 0.0087890625 0.020497803806734993
0.0 0.951171875 0.42020497803806733 0.015625 0.02342606149341142
0.0 0.8818359375 0.4289897510980966 0.0166015625 0.02342606149341142
0.0 0.9443359375 0.48755490483162517 0.013671875 0.03074670571010249
0.0 0.9892578125 0.4787701317715959 0.0087890625 0.029282576866764276
0.0 0.88671875 0.5036603221083455 0.013671875 0.024890190336749635
0.0 0.83203125 0.486090775988287 0.0146484375 0.032210834553440704
0.0 0.9560546875 0.582723279648609 0.015625 0.029282576866764276
0.0 0.9111328125 0.595900439238653 0.01171875 0.020497803806734993
0.0 0.943359375 0.6149341142020498 0.0166015625 0.03513909224011713
0.0 0.892578125 0.616398243045388 0.0166015625 0.03367496339677892
0.0 0.7939453125 0.582723279648609 0.0146484375 0.029282576866764276
0.0 0.8134765625 0.6266471449487555 0.0166015625 0.03953147877013177
0.0 0.7734375 0.6398243045387995 0.0166015625 0.03367496339677892
0.0 0.8330078125 0.6412884333821376 0.013671875 0.027818448023426062
