0.0 0.4130859375 0.21868289191123838 0.095703125 0.09949892627057981
0.0 0.63330078125 0.14065855404438082 0.0947265625 0.08518253400143164
0.0 0.0634765625 0.15855404438081602 0.0234375 0.02219040801717967
0.0 0.056640625 0.19112383679312814 0.0234375 0.02290622763063708
0.0 0.0908203125 0.20687186828919113 0.02734375 0.02863278453829635
0.0 0.13134765625 0.15891195418754475 0.0263671875 0.021474588403722263
0.0 0.15673828125 0.18647100930565497 0.0224609375 0.020758768790264854
0.0 0.16943359375 0.25483178239083754 0.0283203125 0.021474588403722263
0.0 0.1806640625 0.0329277022190408 0.017578125 0.01717967072297781
0.0 0.1435546875 0.08267716535433071 0.02734375 0.019327129563350035
0.0 0.1337890625 0.05547602004294918 0.01953125 0.020758768790264854
0.0 0.1787109375 0.12526843235504653 0.015625 0.024337866857551897
0.0 0.18359375 0.15926986399427345 0.01953125 0.020758768790264854
0.0 0.21826171875 0.10128847530422333 0.0185546875 0.023622047244094488
0.0 0.24267578125 0.13707945597709378 0.0166015625 0.01789549033643522
0.0 0.24609375 0.1624910522548318 0.01953125 0.020042949176807445
0.0 0.22412109375 0.17859699355762348 0.0166015625 0.019327129563350035
0.0 0.25634765625 0.22440944881889763 0.0283203125 0.020758768790264854
0.0 0.2451171875 0.2437365783822477 0.02734375 0.026485325697924122
0.0 0.30615234375 0.24194702934860415 0.0263671875 0.025769506084466716
0.0 0.3525390625 0.24194702934860415 0.0234375 0.02290622763063708
0.0 0.306640625 0.1893342877594846 0.029296875 0.02791696492483894
0.0 0.27587890625 0.1721546170365068 0.0224609375 0.023622047244094488
0.0 0.3251953125 0.15354330708661418 0.025390625 0.023622047244094488
0.0 0.349609375 0.08446671438797423 0.021484375 0.020042949176807445
0.0 0.39697265625 0.09126700071581961 0.0205078125 0.020758768790264854
0.0 0.40673828125 0.11632068718682892 0.0205078125 0.020758768790264854
0.0 0.48974609375 0.180386542591267 0.0224609375 0.024337866857551897
0.0 0.47314453125 0.22297780959198282 0.0263671875 0.030780243378668574
0.0 0.49169921875 0.11632068718682892 0.0224609375 0.019327129563350035
0.0 0.30908203125 0.06979241231209735 0.0263671875 0.023622047244094488
0.0 0.287109375 0.049033643521832496 0.01953125 0.0164638511095204
0.0 0.3046875 0.12634216177523264 0.025390625 0.02791696492483894
0.0 0.52685546875 0.21009305654974947 0.0244140625 0.025053686471009307
0.0 0.53515625 0.17072297780959197 0.015625 0.019327129563350035
0.0 0.06640625 0.2838224767358626 0.033203125 0.026485325697924122
0.0 0.09912109375 0.3117394416607015 0.0302734375 0.03221188260558339
0.0 0.1884765625 0.3020758768790265 0.02734375 0.02863278453829635
0.0 0.12255859375 0.34609878310665715 0.0283203125 0.02219040801717967
0.0 0.06005859375 0.3428775948460988 0.0361328125 0.025769506084466716
0.0 0.0634765625 0.4008589835361489 0.037109375 0.03865425912670007
0.0 0.09033203125 0.4434502505368647 0.0439453125 0.03793843951324266
0.0 0.2783203125 0.44953471725125266 0.044921875 0.03579098067287044
0.0 0.05029296875 0.48103078024337864 0.0537109375 0.03579098067287044
0.0 0.1708984375 0.49892627057981387 0.048828125 0.04008589835361489
0.0 0.55322265625 0.18503937007874016 0.0244140625 0.026485325697924122
0.0 0.53125 0.2516105941302792 0.021484375 0.0164638511095204
0.0 0.5546875 0.458840372226199 0.041015625 0.03865425912670007
0.0 0.72265625 0.1317108088761632 0.025390625 0.02290622763063708
0.0 0.75927734375 0.1152469577666428 0.0185546875 0.02290622763063708
0.0 0.798828125 0.11381531853972798 0.01953125 0.018611309949892626
0.0 0.796875 0.15354330708661418 0.0234375 0.02219040801717967
0.0 0.83837890625 0.1327845382963493 0.0166015625 0.02219040801717967
0.0 0.85400390625 0.15819613457408732 0.0146484375 0.018611309949892626
0.0 0.92333984375 0.27415891195418757 0.0185546875 0.018611309949892626
0.0 0.951171875 0.3006442376521117 0.0234375 0.02290622763063708
0.0 0.9658203125 0.3768790264853257 0.03125 0.026485325697924122
0.0 0.560546875 0.23156764495347174 0.025390625 0.025053686471009307
0.0 0.5341796875 0.13528990694345025 0.0234375 0.020042949176807445
0.0 0.5546875 0.0812455261274159 0.025390625 0.020758768790264854
0.0 0.52099609375 0.07838224767358626 0.0224609375 0.0164638511095204
0.0 0.50732421875 0.13672154617036505 0.0185546875 0.020042949176807445
0.0 0.2255859375 0.19971367215461705 0.021484375 0.018611309949892626
0.0 0.16064453125 0.2283464566929134 0.0244140625 0.021474588403722263
0.0 0.33544921875 0.21939871152469578 0.0185546875 0.01789549033643522
0.0 0.02734375 0.08876163206871868 0.021484375 0.01717967072297781
0.0 0.01806640625 0.05511811023622047 0.0205078125 0.018611309949892626
0.0 0.08544921875 0.0654974946313529 0.0224609375 0.02219040801717967
0.0 0.1943359375 0.05941302791696493 0.021484375 0.018611309949892626
0.0 0.23681640625 0.08911954187544739 0.0185546875 0.01789549033643522
0.0 0.17431640625 0.09770937723693629 0.0205078125 0.019327129563350035
0.0 0.248046875 0.05905511811023622 0.021484375 0.019327129563350035
0.0 0.27978515625 0.1073729420186113 0.0224609375 0.020042949176807445
0.0 0.35791015625 0.11202576950608446 0.0224609375 0.020758768790264854
0.0 0.35986328125 0.05368647100930565 0.0166015625 0.018611309949892626
0.0 0.3916015625 0.06657122405153901 0.01953125 0.018611309949892626
0.0 0.41455078125 0.06012884753042233 0.0185546875 0.01717967072297781
0.0 0.44384765625 0.10164638511095204 0.0205078125 0.018611309949892626
0.0 0.4521484375 0.08410880458124552 0.017578125 0.0164638511095204
0.0 0.4697265625 0.05440229062276306 0.015625 0.01717967072297781
0.0 0.4375 0.14137437365783823 0.01953125 0.020758768790264854
0.0 0.3916015625 0.15103793843951324 0.025390625 0.018611309949892626
0.0 0.16015625 0.33178239083750893 0.033203125 0.02791696492483894
0.0 0.013671875 0.3364352183249821 0.02734375 0.024337866857551897
0.0 0.2783203125 0.27523264137437364 0.02734375 0.025053686471009307
0.0 0.513671875 0.10236220472440945 0.025390625 0.021474588403722263
0.0 0.55908203125 0.11632068718682892 0.0224609375 0.01789549033643522
0.0 0.60302734375 0.06657122405153901 0.0205078125 0.018611309949892626
0.0 0.65478515625 0.06871868289191124 0.0224609375 0.018611309949892626
0.0 0.7265625 0.09949892627057981 0.0234375 0.018611309949892626
0.0 0.77783203125 0.13385826771653545 0.0224609375 0.020042949176807445
0.0 0.8798828125 0.13493199713672155 0.021484375 0.019327129563350035
0.0 0.9013671875 0.17108088761632068 0.021484375 0.018611309949892626
0.0 0.87158203125 0.08410880458124552 0.0205078125 0.01789549033643522
0.0 0.919921875 0.09735146743020759 0.01953125 0.018611309949892626
0.0 0.9375 0.08840372226198998 0.017578125 0.01789549033643522
0.0 0.96923828125 0.1070150322118826 0.0185546875 0.01789549033643522
0.0 0.9873046875 0.09484609878310665 0.015625 0.0164638511095204
0.0 0.57666015625 0.1492483894058697 0.0205078125 0.01789549033643522
0.0 0.5966796875 0.16893342877594847 0.021484375 0.020042949176807445
0.0 0.51123046875 0.06478167501789549 0.0185546875 0.0164638511095204
0.0 0.7353515625 0.14996420901932714 0.01953125 0.01789549033643522
0.0 0.06103515625 0.14280601288475303 0.0244140625 0.02219040801717967
0.0 0.10546875 0.10343593414459556 0.01953125 0.02219040801717967
0.0 0.0517578125 0.024695776664280602 0.0234375 0.023622047244094488
0.0 0.94677734375 0.4087329992841804 0.0341796875 0.031496062992125984
0.0 0.89453125 0.37294201861130993 0.03125 0.02720114531138153
0.0 0.90625 0.33106657122405153 0.029296875 0.026485325697924122
0.0 0.951171875 0.33786685755189694 0.03125 0.0329277022190408
0.0 0.96923828125 0.27236936292054403 0.0263671875 0.025053686471009307
