0.0 0.29833984375 0.7452415812591509 0.0576171875 0.09077598828696926
0.0 0.40478515625 0.7108345534407028 0.0498046875 0.10688140556368961
0.0 0.45947265625 0.5241581259150805 0.0732421875 0.1493411420204978
0.0 0.63525390625 0.5161054172767203 0.0478515625 0.13030746705710103
0.0 0.71337890625 0.8609077598828697 0.0283203125 0.06734992679355783
0.0 0.958984375 0.7284040995607614 0.041015625 0.1390922401171303
0.0 0.8056640625 0.9392386530014641 0.029296875 0.048316251830161056
0.0 0.0244140625 0.9765739385065886 0.017578125 0.02635431918008785
0.0 0.04150390625 0.9202049780380673 0.0185546875 0.036603221083455345
0.0 0.17041015625 0.7950219619326501 0.0185546875 0.03513909224011713
0.0 0.1767578125 0.7276720351390923 0.015625 0.029282576866764276
0.0 0.091796875 0.6742313323572474 0.015625 0.024890190336749635
0.0 0.14501953125 0.6544655929721815 0.0146484375 0.029282576866764276
0.0 0.33837890625 0.6800878477306003 0.0166015625 0.03074670571010249
0.0 0.33544921875 0.554904831625183 0.0146484375 0.02635431918008785
0.0 0.76171875 0.6749633967789166 0.013671875 0.02635431918008785
0.0 0.80908203125 0.6837481698389458 0.0126953125 0.02342606149341142
0.0 0.77197265625 0.7269399707174231 0.0146484375 0.03074670571010249
0.0 0.80810546875 0.7276720351390923 0.0126953125 0.02342606149341142
0.0 0.77294921875 0.7986822840409956 0.0166015625 0.027818448023426062
0.0 0.83154296875 0.794289897510981 0.0166015625 0.03074670571010249
0.0 0.87158203125 0.7525622254758418 0.0126953125 0.020497803806734993
0.0 0.8916015625 0.7313323572474377 0.01171875 0.027818448023426062
0.0 0.888671875 0.8060029282576867 0.013671875 0.027818448023426062
0.0 0.91943359375 0.8052708638360175 0.0166015625 0.032210834553440704
0.0 0.8359375 0.9121522693997072 0.013671875 0.02635431918008785
0.0 0.84814453125 0.8726207906295754 0.0107421875 0.017569546120058566
0.0 0.87890625 0.863103953147877 0.01171875 0.021961932650073207
0.0 0.0927734375 0.5468521229868228 0.015625 0.027818448023426062
0.0 0.05078125 0.5029282576866764 0.013671875 0.024890190336749635
0.0 0.14306640625 0.5307467057101025 0.0126953125 0.024890190336749635
0.0 0.13525390625 0.5541727672035139 0.0146484375 0.027818448023426062
0.0 0.1015625 0.4568081991215227 0.013671875 0.02635431918008785
0.0 0.07958984375 0.41800878477306 0.0107421875 0.021961932650073207
0.0 0.04296875 0.4084919472913616 0.01171875 0.02635431918008785
0.0 0.12060546875 0.3989751098096633 0.0146484375 0.027818448023426062
0.0 0.189453125 0.5087847730600292 0.013671875 0.027818448023426062
0.0 0.72998046875 0.5797950219619327 0.0107421875 0.017569546120058566
0.0 0.75146484375 0.5344070278184481 0.0126953125 0.02342606149341142
0.0 0.52392578125 0.40263543191800877 0.0126953125 0.02342606149341142
0.0 0.57958984375 0.4289897510980966 0.0107421875 0.020497803806734993
0.0 0.6240234375 0.40995607613469986 0.013671875 0.02342606149341142
0.0 0.59326171875 0.45534407027818447 0.0126953125 0.02342606149341142
0.0 0.55810546875 0.43997071742313326 0.0126953125 0.021961932650073207
0.0 0.56591796875 0.48755490483162517 0.0126953125 0.02342606149341142
0.0 0.58935546875 0.4868228404099561 0.0146484375 0.027818448023426062
0.0 0.0341796875 0.5483162518301611 0.01953125 0.03367496339677892
0.0 0.0419921875 0.3616398243045388 0.015625 0.02635431918008785
0.0 0.04931640625 0.3074670571010249 0.0146484375 0.029282576866764276
0.0 0.10009765625 0.3330893118594436 0.0146484375 0.027818448023426062
0.0 0.1396484375 0.3257686676427526 0.013671875 0.024890190336749635
0.0 0.16357421875 0.3191800878477306 0.0146484375 0.029282576866764276
0.0 0.248046875 0.3374816983894583 0.013671875 0.021961932650073207
0.0 0.33251953125 0.3323572474377745 0.0126953125 0.020497803806734993
0.0 0.34765625 0.31551976573938506 0.01171875 0.021961932650073207
0.0 0.251953125 0.40483162518301613 0.013671875 0.024890190336749635
