0.0 0.4326171875 0.22959844559585493 0.173828125 0.16904145077720206
0.0 0.16064453125 0.3086139896373057 0.0498046875 0.03950777202072539
0.0 0.2294921875 0.25777202072538863 0.02734375 0.02072538860103627
0.0 0.203125 0.266839378238342 0.03515625 0.02461139896373057
0.0 0.12548828125 0.2548575129533679 0.0302734375 0.025259067357512953
0.0 0.24755859375 0.22506476683937823 0.0263671875 0.023963730569948185
0.0 0.2314453125 0.2033678756476684 0.015625 0.012953367875647668
0.0 0.1103515625 0.20401554404145078 0.021484375 0.019430051813471502
0.0 0.14501953125 0.21534974093264247 0.0224609375 0.020077720207253884
0.0 0.16796875 0.163860103626943 0.013671875 0.011658031088082901
0.0 0.0986328125 0.16839378238341968 0.017578125 0.012953367875647668
0.0 0.1259765625 0.17519430051813473 0.017578125 0.016191709844559584
0.0 0.06640625 0.15252590673575128 0.015625 0.013601036269430052
0.0 0.01171875 0.1405440414507772 0.0234375 0.019430051813471502
0.0 0.0830078125 0.1330958549222798 0.01953125 0.014896373056994818
0.0 0.11474609375 0.13374352331606218 0.0107421875 0.008419689119170985
0.0 0.193359375 0.10816062176165803 0.015625 0.010362694300518135
0.0 0.15087890625 0.11949481865284974 0.0185546875 0.014896373056994818
0.0 0.11572265625 0.10848445595854922 0.0224609375 0.014896373056994818
0.0 0.0400390625 0.12305699481865284 0.013671875 0.011658031088082901
0.0 0.025390625 0.1130181347150259 0.013671875 0.013601036269430052
0.0 0.0595703125 0.11237046632124352 0.01171875 0.008419689119170985
0.0 0.09228515625 0.10589378238341969 0.0107421875 0.008419689119170985
0.0 0.76220703125 0.1800518134715026 0.0146484375 0.015544041450777202
0.0 0.73193359375 0.18620466321243523 0.0205078125 0.013601036269430052
0.0 0.70751953125 0.195919689119171 0.0224609375 0.020077720207253884
0.0 0.66748046875 0.20466321243523317 0.0263671875 0.01683937823834197
0.0 0.6611328125 0.234779792746114 0.0234375 0.023963730569948185
0.0 0.62060546875 0.21502590673575128 0.0244140625 0.018134715025906734
0.0 0.59423828125 0.1878238341968912 0.0126953125 0.011658031088082901
0.0 0.6318359375 0.18167098445595856 0.013671875 0.012305699481865285
0.0 0.814453125 0.23056994818652848 0.03125 0.031088082901554404
0.0 0.8232421875 0.20045336787564766 0.025390625 0.01878238341968912
0.0 0.8994140625 0.23575129533678757 0.03125 0.025906735751295335
0.0 0.701171875 0.3118523316062176 0.044921875 0.04209844559585492
0.0 0.79052734375 0.27849740932642486 0.0380859375 0.03756476683937824
0.0 0.91015625 0.2768782383419689 0.041015625 0.036917098445595854
0.0 0.93310546875 0.405440414507772 0.0732421875 0.06217616580310881
0.0 0.837890625 0.5994170984455959 0.119140625 0.09909326424870467
0.0 0.8828125 0.19268134715025906 0.029296875 0.021373056994818652
