0.0 0.3427734375 0.33528550512445093 0.0419921875 0.05417276720351391
0.0 0.5537109375 0.25329428989751096 0.0224609375 0.03806734992679356
0.0 0.3291015625 0.22693997071742314 0.0185546875 0.02635431918008785
0.0 0.0419921875 0.07027818448023426 0.0205078125 0.03074670571010249
0.0 0.0009765625 0.060029282576866766 0.0 0.004392386530014641
0.0 0.0009765625 0.0629575402635432 0.0 0.007320644216691069
0.0 0.0009765625 0.06588579795021962 0.0 0.010248901903367497
0.0 0.0009765625 0.06734992679355783 0.0 0.01171303074670571
0.0 0.0009765625 0.06881405563689605 0.0 0.013177159590043924
0.0 0.5869140625 0.04685212298682284 0.0166015625 0.03074670571010249
0.0 0.6494140625 0.05710102489019034 0.0146484375 0.027818448023426062
0.0 0.486328125 0.2796486090775988 0.0205078125 0.027818448023426062
0.0 0.0009765625 0.055636896046852125 0.0009765625 0.016105417276720352
0.0 0.0009765625 0.055636896046852125 0.0009765625 0.017569546120058566
0.0 0.0009765625 0.055636896046852125 0.0009765625 0.01903367496339678
0.0 0.0009765625 0.055636896046852125 0.0029296875 0.020497803806734993
0.0 0.0009765625 0.055636896046852125 0.00390625 0.02342606149341142
0.0 0.0009765625 0.055636896046852125 0.00390625 0.024890190336749635
0.0 0.0009765625 0.055636896046852125 0.0048828125 0.024890190336749635
0.0 0.0009765625 0.055636896046852125 0.005859375 0.02635431918008785
0.0 0.1689453125 0.05710102489019034 0.013671875 0.029282576866764276
0.0 0.2255859375 0.05710102489019034 0.015625 0.03367496339677892
0.0 0.279296875 0.060029282576866766 0.013671875 0.029282576866764276
0.0 0.0595703125 0.19765739385065886 0.017578125 0.03074670571010249
0.0 0.095703125 0.2005856515373353 0.0166015625 0.024890190336749635
0.0 0.4267578125 0.0424597364568082 0.0166015625 0.029282576866764276
0.0 0.4755859375 0.05710102489019034 0.0185546875 0.024890190336749635
0.0 0.525390625 0.03513909224011713 0.0166015625 0.027818448023426062
0.0 0.9287109375 0.16105417276720352 0.0185546875 0.03513909224011713
