0.0 0.07470703125 0.357421875 0.0244140625 0.04296875
0.0 0.15283203125 0.3756510416666667 0.0185546875 0.03515625
0.0 0.13427734375 0.4557291666666667 0.0205078125 0.0390625
0.0 0.21533203125 0.4524739583333333 0.0185546875 0.037760416666666664
0.0 0.283203125 0.4479166666666667 0.01953125 0.036458333333333336
0.0 0.29150390625 0.361328125 0.0166015625 0.032552083333333336
0.0 0.27978515625 0.2819010416666667 0.0185546875 0.03515625
0.0 0.3388671875 0.2903645833333333 0.017578125 0.028645833333333332
0.0 0.359375 0.3509114583333333 0.015625 0.032552083333333336
0.0 0.3544921875 0.4518229166666667 0.01953125 0.036458333333333336
0.0 0.421875 0.4498697916666667 0.017578125 0.029947916666666668
0.0 0.4296875 0.3600260416666667 0.01953125 0.03515625
0.0 0.39697265625 0.2942708333333333 0.0146484375 0.026041666666666668
0.0 0.45703125 0.2890625 0.015625 0.03125
0.0 0.521484375 0.287109375 0.015625 0.029947916666666668
0.0 0.4990234375 0.333984375 0.017578125 0.037760416666666664
0.0 0.57568359375 0.2845052083333333 0.0166015625 0.03515625
0.0 0.568359375 0.3372395833333333 0.017578125 0.033854166666666664
0.0 0.6298828125 0.2819010416666667 0.015625 0.032552083333333336
0.0 0.6396484375 0.3274739583333333 0.01953125 0.032552083333333336
0.0 0.67822265625 0.2916666666666667 0.0166015625 0.028645833333333332
0.0 0.73291015625 0.2845052083333333 0.0166015625 0.032552083333333336
0.0 0.7109375 0.3359375 0.01953125 0.03125
0.0 0.7685546875 0.3274739583333333 0.017578125 0.029947916666666668
0.0 0.82080078125 0.3450520833333333 0.0185546875 0.026041666666666668
0.0 0.8603515625 0.3352864583333333 0.01953125 0.032552083333333336
0.0 0.8955078125 0.333984375 0.01953125 0.029947916666666668
0.0 0.49267578125 0.44921875 0.0205078125 0.036458333333333336
0.0 0.57373046875 0.4440104166666667 0.0185546875 0.033854166666666664
0.0 0.64404296875 0.4290364583333333 0.0205078125 0.03515625
0.0 0.7177734375 0.4303385416666667 0.017578125 0.032552083333333336
0.0 0.77734375 0.423828125 0.015625 0.029947916666666668
0.0 0.216796875 0.3626302083333333 0.017578125 0.029947916666666668
