0.0 0.2275390625 0.037821482602118005 0.0537109375 0.11649016641452345
0.0 0.4296875 0.1437216338880484 0.083984375 0.1664145234493192
0.0 0.7880859375 0.12708018154311648 0.0185546875 0.04084720121028744
0.0 0.623046875 0.2586989409984871 0.009765625 0.019667170953101363
0.0 0.6396484375 0.26021180030257185 0.0078125 0.018154311649016642
0.0 0.662109375 0.25718608169440244 0.0107421875 0.0226928895612708
0.0 0.6689453125 0.24508320726172467 0.009765625 0.018154311649016642
0.0 0.701171875 0.24357034795763993 0.009765625 0.019667170953101363
0.0 0.71875 0.2314674735249622 0.01171875 0.015128593040847202
0.0 0.82421875 0.19062027231467474 0.01171875 0.0226928895612708
0.0 0.8623046875 0.19062027231467474 0.0107421875 0.02118003025718608
0.0 0.9033203125 0.16338880484114976 0.01171875 0.019667170953101363
0.0 0.083984375 0.44478063540090773 0.01171875 0.0226928895612708
0.0 0.5556640625 0.2783661119515885 0.0107421875 0.018154311649016642
