0.0 0.166015625 0.18355359765051396 0.0302734375 0.0631424375917768
0.0 0.369140625 0.16299559471365638 0.04296875 0.09544787077826726
0.0 0.59375 0.33186490455212925 0.0498046875 0.07342143906020558
0.0 0.765625 0.20998531571218795 0.0478515625 0.0763582966226138
0.0 0.4169921875 0.38179148311306904 0.0341796875 0.055800293685756244
0.0 0.9677734375 0.3920704845814978 0.0234375 0.042584434654919234
0.0 0.0146484375 0.41409691629955947 0.01953125 0.042584434654919234
0.0 0.0751953125 0.4331864904552129 0.01953125 0.0381791483113069
0.0 0.8330078125 0.4052863436123348 0.0205078125 0.033773861967694566
0.0 0.8857421875 0.39794419970631423 0.0224609375 0.030837004405286344
0.0 0.224609375 0.31718061674008813 0.0166015625 0.024963289280469897
