0.0 0.4140625 0.07724137931034483 0.0546875 0.11310344827586206
0.0 0.5947265625 0.23724137931034484 0.0615234375 0.12137931034482759
0.0 0.0361328125 0.35172413793103446 0.0166015625 0.031724137931034485
0.0 0.0009765625 0.45241379310344826 0.0087890625 0.031724137931034485
0.0 0.0673828125 0.46482758620689657 0.017578125 0.03586206896551724
0.0 0.0849609375 0.4496551724137931 0.015625 0.03310344827586207
0.0 0.099609375 0.35172413793103446 0.013671875 0.030344827586206897
0.0 0.1455078125 0.47172413793103446 0.017578125 0.02620689655172414
0.0 0.1669921875 0.45517241379310347 0.017578125 0.030344827586206897
0.0 0.1826171875 0.3875862068965517 0.0146484375 0.031724137931034485
0.0 0.2099609375 0.39586206896551723 0.0146484375 0.02482758620689655
0.0 0.15625 0.42482758620689653 0.01171875 0.028965517241379312
0.0 0.1435546875 0.4220689655172414 0.0126953125 0.023448275862068966
0.0 0.7392578125 0.3255172413793103 0.0146484375 0.022068965517241378
0.0 0.736328125 0.36 0.0185546875 0.031724137931034485
0.0 0.734375 0.3972413793103448 0.017578125 0.02482758620689655
0.0 0.779296875 0.3889655172413793 0.0224609375 0.030344827586206897
0.0 0.80078125 0.36 0.017578125 0.031724137931034485
0.0 0.7958984375 0.3310344827586207 0.0166015625 0.023448275862068966
0.0 0.857421875 0.27448275862068966 0.0146484375 0.02482758620689655
0.0 0.82421875 0.3627586206896552 0.01953125 0.03310344827586207
0.0 0.8681640625 0.3627586206896552 0.0205078125 0.031724137931034485
0.0 0.8427734375 0.4 0.0185546875 0.031724137931034485
0.0 0.90625 0.3544827586206897 0.0205078125 0.04
0.0 0.8935546875 0.33241379310344826 0.01953125 0.034482758620689655
0.0 0.8984375 0.27448275862068966 0.0146484375 0.028965517241379312
0.0 0.927734375 0.26620689655172414 0.0126953125 0.028965517241379312
0.0 0.908203125 0.4027586206896552 0.0205078125 0.03586206896551724
0.0 0.931640625 0.3875862068965517 0.0107421875 0.034482758620689655
0.0 0.94921875 0.26068965517241377 0.015625 0.028965517241379312
0.0 0.9638671875 0.3793103448275862 0.0205078125 0.034482758620689655
0.0 0.94140625 0.38482758620689655 0.0166015625 0.028965517241379312
0.0 0.990234375 0.37517241379310345 0.009765625 0.030344827586206897
