0.0 0.19921875 0.19856459330143542 0.029296875 0.07496012759170653
0.0 0.36279296875 0.17145135566188197 0.0302734375 0.05582137161084529
0.0 0.4375 0.1419457735247209 0.04296875 0.0861244019138756
0.0 0.7021484375 0.16188197767145135 0.04296875 0.07496012759170653
0.0 0.80810546875 0.17304625199362042 0.0478515625 0.07814992025518341
0.0 0.9130859375 0.14752791068580542 0.03125 0.05901116427432217
0.0 0.0537109375 0.19218500797448165 0.013671875 0.03349282296650718
0.0 0.09326171875 0.18740031897926634 0.0146484375 0.02711323763955343
0.0 0.568359375 0.1283891547049442 0.0390625 0.06220095693779904
0.0 0.0126953125 0.20813397129186603 0.01171875 0.023923444976076555
