0.0 0.052734375 0.25775978407557354 0.037109375 0.06612685560053981
0.0 0.162109375 0.2874493927125506 0.0341796875 0.06612685560053981
0.0 0.2705078125 0.29284750337381915 0.03515625 0.06612685560053981
0.0 0.4453125 0.31039136302294196 0.0322265625 0.06342780026990553
0.0 0.5205078125 0.33468286099865047 0.03125 0.0620782726045884
0.0 0.609375 0.349527665317139 0.029296875 0.06072874493927125
0.0 0.0458984375 0.5870445344129555 0.03515625 0.07017543859649122
0.0 0.6982421875 0.6126855600539811 0.0341796875 0.058029689608636977
0.0 0.791015625 0.5263157894736842 0.0361328125 0.06072874493927125
0.0 0.8857421875 0.49527665317139 0.041015625 0.059379217273954114
0.0 0.162109375 0.5856950067476383 0.0390625 0.07017543859649122
0.0 0.291015625 0.543859649122807 0.0341796875 0.07692307692307693
0.0 0.3662109375 0.46153846153846156 0.0361328125 0.059379217273954114
0.0 0.4208984375 0.5978407557354926 0.0380859375 0.06477732793522267
0.0 0.5615234375 0.5020242914979757 0.037109375 0.06477732793522267
0.0 0.669921875 0.32793522267206476 0.0361328125 0.05668016194331984
0.0 0.7607421875 0.3319838056680162 0.0361328125 0.05668016194331984
0.0 0.84765625 0.3157894736842105 0.033203125 0.06342780026990553
