0.0 0.09716796875 0.29941434846266474 0.0478515625 0.0951683748169839
0.0 0.3896484375 0.19326500732064422 0.068359375 0.09370424597364568
0.0 0.333984375 0.4363103953147877 0.05859375 0.0849194729136164
0.0 0.45361328125 0.5080527086383602 0.0458984375 0.07027818448023426
0.0 0.64794921875 0.19985358711566617 0.0576171875 0.08052708638360176
0.0 0.2080078125 0.1603221083455344 0.02734375 0.05417276720351391
0.0 0.07470703125 0.1581259150805271 0.0244140625 0.055636896046852125
0.0 0.9765625 0.11786237188872621 0.0234375 0.05710102489019034
0.0 0.56494140625 0.11127379209370425 0.0244140625 0.03806734992679356
0.0 0.7626953125 0.12225475841874085 0.02734375 0.036603221083455345
