0.0 0.296875 0.4868035190615836 0.03515625 0.08211143695014662
0.0 0.44677734375 0.3951612903225806 0.0341796875 0.0718475073313783
0.0 0.5634765625 0.5241935483870968 0.033203125 0.0689149560117302
0.0 0.91748046875 0.021994134897360705 0.0224609375 0.03225806451612903
0.0 0.5703125 0.0967741935483871 0.021484375 0.0469208211143695
0.0 0.20458984375 0.2001466275659824 0.0263671875 0.06598240469208211
0.0 0.634765625 0.2060117302052786 0.029296875 0.060117302052785926
0.0 0.7451171875 0.18255131964809385 0.033203125 0.051319648093841645
0.0 0.48779296875 0.4237536656891496 0.0205078125 0.06744868035190615
0.0 0.85400390625 0.026392961876832845 0.0166015625 0.02346041055718475
