0.0 0.60498046875 0.20806658130601793 0.0751953125 0.09346991037131883
0.0 0.49072265625 0.30089628681177977 0.0693359375 0.11523687580025609
0.0 0.21240234375 0.2003841229193342 0.0439453125 0.07554417413572344
0.0 0.1240234375 0.2259923175416133 0.02734375 0.0499359795134443
0.0 0.0751953125 0.2919334186939821 0.0234375 0.046094750320102434
0.0 0.298828125 0.2259923175416133 0.0234375 0.04225352112676056
0.0 0.26025390625 0.14916773367477593 0.0205078125 0.04225352112676056
0.0 0.81005859375 0.11907810499359796 0.0224609375 0.05121638924455826
0.0 0.7900390625 0.17733674775928296 0.0234375 0.04481434058898848
0.0 0.72265625 0.08322663252240717 0.0234375 0.040973111395646605
0.0 0.39501953125 0.29641485275288093 0.0205078125 0.04225352112676056
0.0 0.361328125 0.2029449423815621 0.017578125 0.03713188220230474
0.0 0.4306640625 0.18886043533930857 0.0234375 0.03969270166453265
0.0 0.4150390625 0.12483994878361075 0.025390625 0.04481434058898848
0.0 0.4541015625 0.09603072983354674 0.021484375 0.03841229193341869
0.0 0.49267578125 0.09795134443021766 0.0166015625 0.03969270166453265
0.0 0.5146484375 0.15364916773367476 0.021484375 0.04353393085787452
0.0 0.07763671875 0.12868117797695264 0.0244140625 0.04737516005121639
0.0 0.16357421875 0.04353393085787452 0.0224609375 0.046094750320102434
0.0 0.2900390625 0.07106274007682459 0.021484375 0.03969270166453265
0.0 0.396484375 0.04033290653008963 0.0234375 0.04225352112676056
0.0 0.939453125 0.027528809218950064 0.029296875 0.04481434058898848
0.0 0.89990234375 0.03329065300896287 0.0283203125 0.03841229193341869
0.0 0.8525390625 0.023687580025608196 0.033203125 0.04481434058898848
0.0 0.8623046875 0.11907810499359796 0.029296875 0.046094750320102434
0.0 0.853515625 0.18437900128040974 0.0234375 0.03841229193341869
0.0 0.9560546875 0.17861715749039692 0.03125 0.0499359795134443
0.0 0.953125 0.3066581306017926 0.02734375 0.0499359795134443
0.0 0.34765625 0.10819462227912932 0.02734375 0.04481434058898848
0.0 0.51220703125 0.04801536491677337 0.0224609375 0.034571062740076826
0.0 0.0703125 0.23687580025608196 0.02734375 0.03841229193341869
0.0 0.2119140625 0.08706786171574904 0.0234375 0.040973111395646605
0.0 0.26220703125 0.08706786171574904 0.0283203125 0.04865556978233035
0.0 0.4462890625 0.04481434058898848 0.025390625 0.04353393085787452
0.0 0.54541015625 0.04865556978233035 0.0244140625 0.04353393085787452
0.0 0.7724609375 0.023047375160051217 0.021484375 0.040973111395646605
0.0 0.68701171875 0.023047375160051217 0.0224609375 0.040973111395646605
0.0 0.017578125 0.08066581306017925 0.021484375 0.03585147247119078
0.0 0.02392578125 0.13252240717029448 0.0283203125 0.03969270166453265
0.0 0.0126953125 0.22855313700384122 0.0234375 0.04481434058898848
0.0 0.9873046875 0.07810499359795134 0.025390625 0.04353393085787452
0.0 0.98046875 0.20806658130601793 0.025390625 0.04737516005121639
0.0 0.98779296875 0.2759282970550576 0.0244140625 0.04737516005121639
0.0 0.869140625 0.3085787451984635 0.0234375 0.040973111395646605
0.0 0.74609375 0.12612035851472472 0.025390625 0.04225352112676056
