0.0 0.08203125 0.21994535519125682 0.037109375 0.07377049180327869
0.0 0.9150390625 0.3237704918032787 0.03515625 0.07103825136612021
0.0 0.86328125 0.4576502732240437 0.03515625 0.06557377049180328
0.0 0.8369140625 0.25136612021857924 0.033203125 0.06557377049180328
0.0 0.77734375 0.18510928961748635 0.033203125 0.05874316939890711
0.0 0.53125 0.1687158469945355 0.033203125 0.06967213114754098
0.0 0.67041015625 0.18237704918032788 0.0322265625 0.06147540983606557
0.0 0.7265625 0.2957650273224044 0.037109375 0.06967213114754098
0.0 0.74267578125 0.46311475409836067 0.0341796875 0.06830601092896176
0.0 0.6083984375 0.273224043715847 0.03125 0.07103825136612021
0.0 0.61767578125 0.46379781420765026 0.0341796875 0.06420765027322405
0.0 0.1728515625 0.27049180327868855 0.03515625 0.06284153005464481
0.0 0.27880859375 0.287568306010929 0.0341796875 0.06420765027322405
0.0 0.24853515625 0.4610655737704918 0.0361328125 0.06147540983606557
0.0 0.15283203125 0.4719945355191257 0.0361328125 0.06967213114754098
0.0 0.47265625 0.45150273224043713 0.037109375 0.06967213114754098
0.0 0.353515625 0.4562841530054645 0.03125 0.06284153005464481
0.0 0.498046875 0.2827868852459016 0.0390625 0.06830601092896176
0.0 0.37744140625 0.29030054644808745 0.0341796875 0.05874316939890711
0.0 0.3076171875 0.17827868852459017 0.03125 0.06420765027322405
0.0 0.40869140625 0.18237704918032788 0.0302734375 0.05874316939890711
