0.0 0.28466796875 0.19184290030211482 0.0537109375 0.09969788519637462
0.0 0.17138671875 0.2862537764350453 0.0595703125 0.1042296072507553
0.0 0.8759765625 0.18277945619335348 0.0234375 0.0513595166163142
0.0 0.8212890625 0.2756797583081571 0.0234375 0.04078549848942598
0.0 0.75341796875 0.28851963746223563 0.0205078125 0.04229607250755287
0.0 0.56591796875 0.2719033232628399 0.0205078125 0.04229607250755287
0.0 0.5263671875 0.2688821752265861 0.01953125 0.03625377643504532
0.0 0.47021484375 0.1782477341389728 0.0185546875 0.03625377643504532
0.0 0.771484375 0.2039274924471299 0.021484375 0.03927492447129909
0.0 0.62841796875 0.2802114803625378 0.0205078125 0.03172205438066465
0.0 0.60791015625 0.2794561933534743 0.0166015625 0.03625377643504532
