0.0 0.0859375 0.2821637426900585 0.033203125 0.06140350877192982
0.0 0.18603515625 0.2646198830409357 0.0341796875 0.06432748538011696
0.0 0.216796875 0.402046783625731 0.033203125 0.06432748538011696
0.0 0.28515625 0.27997076023391815 0.029296875 0.06286549707602339
0.0 0.2783203125 0.40862573099415206 0.03125 0.06578947368421052
0.0 0.3447265625 0.41228070175438597 0.03125 0.05555555555555555
0.0 0.37158203125 0.27923976608187134 0.0302734375 0.05555555555555555
0.0 0.458984375 0.26096491228070173 0.029296875 0.05701754385964912
0.0 0.43310546875 0.385233918128655 0.0322265625 0.06286549707602339
0.0 0.53564453125 0.266812865497076 0.0283203125 0.05116959064327485
0.0 0.61767578125 0.27046783625730997 0.0302734375 0.05555555555555555
0.0 0.61083984375 0.3991228070175439 0.0322265625 0.06140350877192982
0.0 0.517578125 0.36330409356725146 0.033203125 0.06871345029239766
0.0 0.80078125 0.2880116959064328 0.03125 0.06725146198830409
0.0 0.90283203125 0.29751461988304095 0.0302734375 0.054093567251461985
0.0 0.8310546875 0.4334795321637427 0.03125 0.06286549707602339
0.0 0.70751953125 0.2711988304093567 0.0283203125 0.059941520467836254
0.0 0.68115234375 0.40058479532163743 0.0302734375 0.06140350877192982
0.0 0.75537109375 0.4166666666666667 0.0302734375 0.06140350877192982
