0.0 0.5634765625 0.6838235294117647 0.0107421875 0.016176470588235296
0.0 0.513671875 0.711764705882353 0.009765625 0.020588235294117647
0.0 0.5283203125 0.6882352941176471 0.0107421875 0.01911764705882353
0.0 0.720703125 0.8308823529411765 0.0078125 0.01911764705882353
0.0 0.6923828125 0.7911764705882353 0.009765625 0.01911764705882353
0.0 0.7294921875 0.788235294117647 0.0087890625 0.023529411764705882
0.0 0.974609375 0.10294117647058823 0.0087890625 0.020588235294117647
0.0 0.89453125 0.13529411764705881 0.009765625 0.023529411764705882
0.0 0.87109375 0.13823529411764707 0.009765625 0.020588235294117647
0.0 0.8251953125 0.08970588235294118 0.0078125 0.01911764705882353
0.0 0.87109375 0.11323529411764706 0.0078125 0.01764705882352941
0.0 0.900390625 0.09705882352941177 0.0087890625 0.023529411764705882
0.0 0.853515625 0.06764705882352941 0.0087890625 0.01911764705882353
0.0 0.8251953125 0.01911764705882353 0.009765625 0.020588235294117647
0.0 0.9384765625 0.09705882352941177 0.0107421875 0.022058823529411766
0.0 0.9619140625 0.06470588235294118 0.0078125 0.01764705882352941
0.0 0.8779296875 0.8852941176470588 0.0126953125 0.023529411764705882
0.0 0.7880859375 0.9705882352941176 0.0087890625 0.022058823529411766
0.0 0.8310546875 0.9441176470588235 0.01171875 0.023529411764705882
0.0 0.8388671875 0.9220588235294118 0.009765625 0.022058823529411766
0.0 0.8115234375 0.9352941176470588 0.0078125 0.01764705882352941
0.0 0.017578125 0.9544117647058824 0.009765625 0.023529411764705882
0.0 0.0556640625 0.9411764705882353 0.0107421875 0.025
0.0 0.0966796875 0.95 0.01171875 0.025
0.0 0.9833984375 0.8720588235294118 0.01171875 0.022058823529411766
0.0 0.9072265625 0.8764705882352941 0.0107421875 0.01764705882352941
0.0 0.9462890625 0.7852941176470588 0.01171875 0.023529411764705882
0.0 0.5947265625 0.6441176470588236 0.01171875 0.022058823529411766
0.0 0.646484375 0.6852941176470588 0.01171875 0.020588235294117647
0.0 0.658203125 0.6558823529411765 0.01171875 0.022058823529411766
0.0 0.8515625 0.7955882352941176 0.0107421875 0.023529411764705882
0.0 0.8349609375 0.7544117647058823 0.009765625 0.01911764705882353
0.0 0.869140625 0.7735294117647059 0.009765625 0.01911764705882353
0.0 0.8798828125 0.7279411764705882 0.0107421875 0.022058823529411766
0.0 0.8798828125 0.625 0.0107421875 0.022058823529411766
0.0 0.8857421875 0.5794117647058824 0.0107421875 0.026470588235294117
0.0 0.8896484375 0.5588235294117647 0.0107421875 0.01764705882352941
0.0 0.916015625 0.5294117647058824 0.009765625 0.01764705882352941
0.0 0.8798828125 0.5161764705882353 0.0107421875 0.022058823529411766
0.0 0.931640625 0.5573529411764706 0.0107421875 0.01764705882352941
0.0 0.97265625 0.5514705882352942 0.009765625 0.016176470588235296
0.0 0.986328125 0.5088235294117647 0.0107421875 0.022058823529411766
0.0 0.955078125 0.4852941176470588 0.009765625 0.020588235294117647
0.0 0.9306640625 0.4823529411764706 0.0107421875 0.016176470588235296
0.0 0.8955078125 0.4823529411764706 0.009765625 0.01911764705882353
0.0 0.8505859375 0.5602941176470588 0.0107421875 0.023529411764705882
0.0 0.8173828125 0.5485294117647059 0.0107421875 0.023529411764705882
0.0 0.7958984375 0.5176470588235295 0.0078125 0.01911764705882353
0.0 0.8056640625 0.475 0.009765625 0.01911764705882353
0.0 0.849609375 0.4838235294117647 0.0107421875 0.01764705882352941
0.0 0.837890625 0.5176470588235295 0.0107421875 0.01764705882352941
0.0 0.9189453125 0.43676470588235294 0.0107421875 0.01911764705882353
0.0 0.8662109375 0.40441176470588236 0.009765625 0.023529411764705882
0.0 0.822265625 0.3941176470588235 0.01171875 0.020588235294117647
0.0 0.896484375 0.39705882352941174 0.0087890625 0.020588235294117647
0.0 0.955078125 0.4441176470588235 0.0107421875 0.025
0.0 0.966796875 0.3926470588235294 0.0087890625 0.01911764705882353
0.0 0.9453125 0.36470588235294116 0.0087890625 0.01911764705882353
0.0 0.8994140625 0.3264705882352941 0.0087890625 0.020588235294117647
0.0 0.8701171875 0.35441176470588237 0.0078125 0.022058823529411766
0.0 0.9296875 0.3205882352941177 0.0107421875 0.01911764705882353
0.0 0.9794921875 0.36764705882352944 0.009765625 0.016176470588235296
0.0 0.4716796875 0.8705882352941177 0.01171875 0.026470588235294117
0.0 0.27734375 0.4823529411764706 0.0107421875 0.023529411764705882
0.0 0.3046875 0.4308823529411765 0.0107421875 0.020588235294117647
0.0 0.271484375 0.4279411764705882 0.0107421875 0.022058823529411766
0.0 0.2607421875 0.4441176470588235 0.009765625 0.01911764705882353
0.0 0.5478515625 0.2867647058823529 0.0087890625 0.014705882352941176
0.0 0.6591796875 0.34558823529411764 0.0078125 0.01764705882352941
0.0 0.5576171875 0.2 0.0087890625 0.020588235294117647
0.0 0.5751953125 0.16470588235294117 0.0078125 0.01764705882352941
0.0 0.599609375 0.1338235294117647 0.0078125 0.020588235294117647
0.0 0.548828125 0.13529411764705881 0.009765625 0.020588235294117647
0.0 0.51953125 0.18088235294117647 0.0087890625 0.020588235294117647
0.0 0.537109375 0.15441176470588236 0.0087890625 0.01911764705882353
0.0 0.51171875 0.12794117647058822 0.0087890625 0.01911764705882353
0.0 0.525390625 0.09852941176470588 0.009765625 0.01911764705882353
0.0 0.431640625 0.38823529411764707 0.009765625 0.020588235294117647
0.0 0.4423828125 0.36323529411764705 0.009765625 0.023529411764705882
0.0 0.4873046875 0.36617647058823527 0.0087890625 0.01764705882352941
0.0 0.40625 0.3602941176470588 0.009765625 0.022058823529411766
0.0 0.4169921875 0.3205882352941177 0.009765625 0.023529411764705882
0.0 0.470703125 0.29558823529411765 0.0107421875 0.022058823529411766
0.0 0.419921875 0.2897058823529412 0.01171875 0.020588235294117647
0.0 0.51171875 0.22647058823529412 0.009765625 0.023529411764705882
0.0 0.3896484375 0.4308823529411765 0.0126953125 0.01911764705882353
0.0 0.3935546875 0.3926470588235294 0.009765625 0.01911764705882353
0.0 0.349609375 0.3911764705882353 0.0107421875 0.01911764705882353
0.0 0.365234375 0.36617647058823527 0.009765625 0.01911764705882353
0.0 0.115234375 0.27205882352941174 0.0107421875 0.020588235294117647
0.0 0.09765625 0.24411764705882352 0.0107421875 0.01911764705882353
0.0 0.171875 0.2514705882352941 0.0087890625 0.01911764705882353
0.0 0.17578125 0.22647058823529412 0.0087890625 0.01764705882352941
0.0 0.1064453125 0.2514705882352941 0.0087890625 0.01764705882352941
0.0 0.12109375 0.21029411764705883 0.009765625 0.022058823529411766
0.0 0.24609375 0.2897058823529412 0.0107421875 0.020588235294117647
0.0 0.203125 0.2897058823529412 0.009765625 0.016176470588235296
0.0 0.2265625 0.27941176470588236 0.0087890625 0.01764705882352941
0.0 0.2724609375 0.2411764705882353 0.0087890625 0.014705882352941176
0.0 0.1982421875 0.3205882352941177 0.009765625 0.022058823529411766
0.0 0.1640625 0.18382352941176472 0.0107421875 0.022058823529411766
0.0 0.134765625 0.16176470588235295 0.0078125 0.016176470588235296
0.0 0.1728515625 0.14852941176470588 0.009765625 0.020588235294117647
0.0 0.1962890625 0.16176470588235295 0.0087890625 0.01764705882352941
0.0 0.123046875 0.11323529411764706 0.009765625 0.022058823529411766
0.0 0.1826171875 0.12352941176470589 0.0068359375 0.01764705882352941
0.0 0.3232421875 0.25 0.009765625 0.023529411764705882
0.0 0.3076171875 0.225 0.009765625 0.022058823529411766
0.0 0.30078125 0.18823529411764706 0.01171875 0.01911764705882353
0.0 0.275390625 0.18088235294117647 0.0087890625 0.020588235294117647
0.0 0.26171875 0.14852941176470588 0.009765625 0.020588235294117647
0.0 0.181640625 0.07352941176470588 0.009765625 0.022058823529411766
0.0 0.1416015625 0.08235294117647059 0.0078125 0.01764705882352941
0.0 0.1025390625 0.08823529411764706 0.0087890625 0.020588235294117647
0.0 0.1123046875 0.058823529411764705 0.0087890625 0.016176470588235296
0.0 0.1328125 0.041176470588235294 0.009765625 0.01911764705882353
0.0 0.1455078125 0.051470588235294115 0.009765625 0.016176470588235296
0.0 0.169921875 0.045588235294117645 0.0087890625 0.01764705882352941
0.0 0.505859375 0.29705882352941176 0.0107421875 0.01764705882352941
0.0 0.349609375 0.8014705882352942 0.01171875 0.023529411764705882
0.0 0.37109375 0.8676470588235294 0.009765625 0.01764705882352941
0.0 0.69921875 0.9426470588235294 0.01171875 0.023529411764705882
0.0 0.66796875 0.9044117647058824 0.0107421875 0.020588235294117647
0.0 0.6787109375 0.986764705882353 0.0126953125 0.013235294117647059
0.0 0.7197265625 0.925 0.0107421875 0.020588235294117647
0.0 0.1923828125 0.6294117647058823 0.0107421875 0.022058823529411766
0.0 0.1484375 0.6147058823529412 0.009765625 0.022058823529411766
0.0 0.1650390625 0.5941176470588235 0.0107421875 0.020588235294117647
0.0 0.2041015625 0.575 0.0087890625 0.022058823529411766
0.0 0.220703125 0.5588235294117647 0.0078125 0.020588235294117647
0.0 0.14453125 0.5647058823529412 0.0107421875 0.020588235294117647
0.0 0.166015625 0.5308823529411765 0.009765625 0.022058823529411766
0.0 0.197265625 0.5264705882352941 0.009765625 0.020588235294117647
0.0 0.234375 0.5147058823529411 0.01171875 0.025
0.0 0.2158203125 0.4573529411764706 0.009765625 0.020588235294117647
0.0 0.1787109375 0.45588235294117646 0.0107421875 0.01764705882352941
0.0 0.1650390625 0.48823529411764705 0.009765625 0.020588235294117647
0.0 0.138671875 0.45 0.0107421875 0.025
0.0 0.1259765625 0.4323529411764706 0.0087890625 0.01911764705882353
0.0 0.1220703125 0.5220588235294118 0.0107421875 0.022058823529411766
0.0 0.130859375 0.48823529411764705 0.009765625 0.01911764705882353
0.0 0.1552734375 0.4161764705882353 0.009765625 0.020588235294117647
0.0 0.232421875 0.42058823529411765 0.0087890625 0.016176470588235296
0.0 0.3125 0.6352941176470588 0.0107421875 0.020588235294117647
0.0 0.3056640625 0.5367647058823529 0.009765625 0.01764705882352941
0.0 0.2900390625 0.5176470588235295 0.009765625 0.01911764705882353
0.0 0.2666015625 0.5367647058823529 0.0078125 0.01911764705882353
0.0 0.2626953125 0.5661764705882353 0.0087890625 0.01911764705882353
0.0 0.2724609375 0.6147058823529412 0.0087890625 0.01764705882352941
0.0 0.400390625 0.5588235294117647 0.009765625 0.020588235294117647
0.0 0.2939453125 0.5764705882352941 0.0107421875 0.01911764705882353
0.0 0.2421875 0.7823529411764706 0.0087890625 0.01911764705882353
0.0 0.2890625 0.6058823529411764 0.009765625 0.020588235294117647
0.0 0.24609375 0.5926470588235294 0.0087890625 0.023529411764705882
0.0 0.3994140625 0.5 0.009765625 0.020588235294117647
0.0 0.3642578125 0.4985294117647059 0.009765625 0.022058823529411766
0.0 0.3701171875 0.4647058823529412 0.009765625 0.020588235294117647
0.0 0.3427734375 0.5617647058823529 0.0078125 0.01764705882352941
0.0 0.3330078125 0.47352941176470587 0.009765625 0.01764705882352941
0.0 0.294921875 0.47205882352941175 0.009765625 0.01764705882352941
0.0 0.486328125 0.9279411764705883 0.0107421875 0.025
0.0 0.5087890625 0.9632352941176471 0.0107421875 0.023529411764705882
0.0 0.51171875 0.8926470588235295 0.009765625 0.01911764705882353
0.0 0.4453125 0.8397058823529412 0.0078125 0.01911764705882353
0.0 0.404296875 0.8352941176470589 0.009765625 0.022058823529411766
0.0 0.5263671875 0.913235294117647 0.0107421875 0.022058823529411766
0.0 0.5576171875 0.8852941176470588 0.01171875 0.023529411764705882
0.0 0.59765625 0.9044117647058824 0.009765625 0.020588235294117647
0.0 0.5576171875 0.8102941176470588 0.009765625 0.020588235294117647
0.0 0.5888671875 0.8073529411764706 0.01171875 0.022058823529411766
0.0 0.6435546875 0.13823529411764707 0.009765625 0.01911764705882353
0.0 0.701171875 0.21764705882352942 0.009765625 0.022058823529411766
0.0 0.689453125 0.2897058823529412 0.009765625 0.01911764705882353
0.0 0.76953125 0.06764705882352941 0.0078125 0.016176470588235296
0.0 0.73046875 0.054411764705882354 0.009765625 0.022058823529411766
0.0 0.6884765625 0.045588235294117645 0.0107421875 0.020588235294117647
0.0 0.8076171875 0.7176470588235294 0.013671875 0.022058823529411766
0.0 0.66796875 0.475 0.009765625 0.022058823529411766
0.0 0.65234375 0.4470588235294118 0.0087890625 0.01764705882352941
0.0 0.6796875 0.4102941176470588 0.0078125 0.01911764705882353
0.0 0.701171875 0.38235294117647056 0.0087890625 0.016176470588235296
0.0 0.6611328125 0.40441176470588236 0.0107421875 0.025
0.0 0.5712890625 0.4985294117647059 0.009765625 0.023529411764705882
0.0 0.2294921875 0.18823529411764706 0.009765625 0.020588235294117647
0.0 0.2119140625 0.20588235294117646 0.0078125 0.014705882352941176
0.0 0.96484375 0.7382352941176471 0.0126953125 0.01911764705882353
0.0 0.9208984375 0.7294117647058823 0.0126953125 0.020588235294117647
0.0 0.9453125 0.6897058823529412 0.0107421875 0.023529411764705882
0.0 0.94140625 0.6588235294117647 0.009765625 0.023529411764705882
0.0 0.953125 0.638235294117647 0.009765625 0.020588235294117647
0.0 0.9091796875 0.6352941176470588 0.0107421875 0.022058823529411766
0.0 0.9287109375 0.6147058823529412 0.0087890625 0.026470588235294117
0.0 0.9208984375 0.5911764705882353 0.0107421875 0.01911764705882353
0.0 0.25 0.12058823529411765 0.01171875 0.022058823529411766
0.0 0.2119140625 0.11764705882352941 0.0087890625 0.01764705882352941
0.0 0.1982421875 0.13088235294117648 0.0107421875 0.016176470588235296
0.0 0.2958984375 0.1161764705882353 0.0087890625 0.022058823529411766
0.0 0.28125 0.08235294117647059 0.0087890625 0.023529411764705882
0.0 0.2275390625 0.08676470588235294 0.009765625 0.023529411764705882
0.0 0.2607421875 0.19411764705882353 0.005859375 0.013235294117647059
0.0 0.45703125 0.05588235294117647 0.01171875 0.025
0.0 0.35546875 0.06470588235294118 0.009765625 0.01911764705882353
0.0 0.373046875 0.06764705882352941 0.009765625 0.01764705882352941
0.0 0.40234375 0.075 0.009765625 0.01764705882352941
0.0 0.4013671875 0.045588235294117645 0.0078125 0.016176470588235296
0.0 0.4189453125 0.058823529411764705 0.0087890625 0.01764705882352941
0.0 0.388671875 0.039705882352941174 0.009765625 0.016176470588235296
0.0 0.3369140625 0.125 0.0087890625 0.01911764705882353
0.0 0.2998046875 0.057352941176470586 0.0078125 0.01764705882352941
0.0 0.26953125 0.041176470588235294 0.0087890625 0.016176470588235296
0.0 0.248046875 0.026470588235294117 0.0087890625 0.016176470588235296
0.0 0.224609375 0.047058823529411764 0.0087890625 0.01764705882352941
0.0 0.3740234375 0.22941176470588234 0.0087890625 0.020588235294117647
0.0 0.34765625 0.2867647058823529 0.009765625 0.016176470588235296
0.0 0.3583984375 0.25441176470588234 0.0087890625 0.01764705882352941
0.0 0.3388671875 0.22647058823529412 0.009765625 0.01764705882352941
0.0 0.4345703125 0.22941176470588234 0.0078125 0.01764705882352941
0.0 0.4765625 0.24558823529411763 0.0078125 0.014705882352941176
0.0 0.48046875 0.19264705882352942 0.0087890625 0.01764705882352941
0.0 0.4365234375 0.1676470588235294 0.009765625 0.01911764705882353
0.0 0.4453125 0.17941176470588235 0.009765625 0.022058823529411766
0.0 0.4169921875 0.19264705882352942 0.0087890625 0.01911764705882353
0.0 0.4775390625 0.12352941176470589 0.009765625 0.020588235294117647
0.0 0.4990234375 0.13970588235294118 0.0087890625 0.016176470588235296
0.0 0.43359375 0.11323529411764706 0.0087890625 0.01764705882352941
0.0 0.45703125 0.09558823529411764 0.0087890625 0.016176470588235296
0.0 0.4912109375 0.09264705882352942 0.0087890625 0.01764705882352941
0.0 0.564453125 0.08676470588235294 0.0068359375 0.020588235294117647
0.0 0.5 0.054411764705882354 0.0107421875 0.020588235294117647
0.0 0.4765625 0.01911764705882353 0.0078125 0.020588235294117647
0.0 0.5302734375 0.060294117647058824 0.0078125 0.01911764705882353
0.0 0.59375 0.08823529411764706 0.009765625 0.01764705882352941
0.0 0.57421875 0.052941176470588235 0.0107421875 0.01911764705882353
0.0 0.6142578125 0.047058823529411764 0.009765625 0.020588235294117647
0.0 0.5478515625 0.033823529411764704 0.009765625 0.01764705882352941
0.0 0.56640625 0.07647058823529412 0.01171875 0.025
0.0 0.517578125 0.01764705882352941 0.0107421875 0.020588235294117647
0.0 0.5859375 0.026470588235294117 0.0087890625 0.01764705882352941
0.0 0.6259765625 0.03235294117647059 0.009765625 0.01911764705882353
0.0 0.63671875 0.008823529411764706 0.0087890625 0.01911764705882353
0.0 0.5966796875 0.007352941176470588 0.0078125 0.011764705882352941
0.0 0.3779296875 0.18235294117647058 0.009765625 0.020588235294117647
0.0 0.34375 0.18529411764705883 0.009765625 0.01911764705882353
0.0 0.3466796875 0.1588235294117647 0.005859375 0.016176470588235296
0.0 0.375 0.15588235294117647 0.0087890625 0.01764705882352941
0.0 0.41015625 0.1588235294117647 0.0087890625 0.020588235294117647
0.0 0.2431640625 0.38088235294117645 0.0107421875 0.022058823529411766
0.0 0.2490234375 0.3558823529411765 0.009765625 0.01911764705882353
0.0 0.21484375 0.35 0.0087890625 0.01764705882352941
0.0 0.591796875 0.43823529411764706 0.009765625 0.01911764705882353
0.0 0.548828125 0.38088235294117645 0.0126953125 0.023529411764705882
0.0 0.53125 0.33676470588235297 0.009765625 0.022058823529411766
0.0 0.623046875 0.47941176470588237 0.01171875 0.01911764705882353
0.0 0.5302734375 0.43823529411764706 0.0107421875 0.020588235294117647
0.0 0.49609375 0.49411764705882355 0.0126953125 0.023529411764705882
0.0 0.48046875 0.46911764705882353 0.0087890625 0.01911764705882353
0.0 0.50390625 0.4235294117647059 0.0107421875 0.022058823529411766
0.0 0.494140625 0.4117647058823529 0.0107421875 0.022058823529411766
0.0 0.513671875 0.36470588235294116 0.009765625 0.022058823529411766
0.0 0.5537109375 0.3029411764705882 0.0078125 0.01911764705882353
0.0 0.400390625 0.1338235294117647 0.0068359375 0.016176470588235296
0.0 0.3173828125 0.38823529411764707 0.009765625 0.020588235294117647
0.0 0.2802734375 0.38088235294117645 0.009765625 0.01764705882352941
0.0 0.326171875 0.36323529411764705 0.009765625 0.01911764705882353
0.0 0.2880859375 0.3588235294117647 0.009765625 0.01911764705882353
0.0 0.3427734375 0.3191176470588235 0.009765625 0.01764705882352941
0.0 0.3095703125 0.3161764705882353 0.0068359375 0.016176470588235296
0.0 0.267578125 0.3176470588235294 0.009765625 0.01911764705882353
0.0 0.2861328125 0.2926470588235294 0.009765625 0.01764705882352941
0.0 0.314453125 0.2867647058823529 0.0087890625 0.01764705882352941
0.0 0.380859375 0.2823529411764706 0.0087890625 0.022058823529411766
0.0 0.3916015625 0.24558823529411763 0.0107421875 0.01911764705882353
0.0 0.7568359375 0.2073529411764706 0.0087890625 0.01911764705882353
0.0 0.740234375 0.175 0.009765625 0.020588235294117647
0.0 0.787109375 0.17058823529411765 0.0087890625 0.01911764705882353
0.0 0.720703125 0.4073529411764706 0.009765625 0.020588235294117647
0.0 0.7412109375 0.38088235294117645 0.009765625 0.020588235294117647
0.0 0.7890625 0.375 0.0087890625 0.01911764705882353
0.0 0.5791015625 0.7735294117647059 0.0107421875 0.025
0.0 0.5537109375 0.7397058823529412 0.009765625 0.01911764705882353
0.0 0.94921875 0.7544117647058823 0.0107421875 0.022058823529411766
0.0 0.8271484375 0.8352941176470589 0.009765625 0.022058823529411766
0.0 0.7822265625 0.7955882352941176 0.01171875 0.025
0.0 0.787109375 0.7808823529411765 0.009765625 0.020588235294117647
0.0 0.59375 0.7073529411764706 0.009765625 0.023529411764705882
0.0 0.6015625 0.675 0.009765625 0.020588235294117647
0.0 0.6201171875 0.6661764705882353 0.009765625 0.01764705882352941
0.0 0.6787109375 0.986764705882353 0.0126953125 0.013235294117647059
0.0 0.1806640625 0.5676470588235294 0.0107421875 0.025
0.0 0.3701171875 0.1323529411764706 0.009765625 0.020588235294117647
0.0 0.18359375 0.3573529411764706 0.009765625 0.01764705882352941
0.0 0.232421875 0.3220588235294118 0.0087890625 0.020588235294117647
0.0 0.173828125 0.31176470588235294 0.0087890625 0.01911764705882353
0.0 0.2099609375 0.38823529411764707 0.0087890625 0.022058823529411766
0.0 0.04296875 0.4323529411764706 0.009765625 0.020588235294117647
0.0 0.1337890625 0.39705882352941174 0.0087890625 0.016176470588235296
0.0 0.103515625 0.3764705882352941 0.0107421875 0.01911764705882353
0.0 0.140625 0.37058823529411766 0.0078125 0.01764705882352941
0.0 0.1298828125 0.35 0.0107421875 0.01911764705882353
0.0 0.115234375 0.34705882352941175 0.0107421875 0.020588235294117647
0.0 0.0869140625 0.3558823529411765 0.0087890625 0.01764705882352941
0.0 0.0947265625 0.3191176470588235 0.01171875 0.020588235294117647
0.0 0.13671875 0.3161764705882353 0.0087890625 0.016176470588235296
0.0 0.154296875 0.3411764705882353 0.0107421875 0.022058823529411766
0.0 0.033203125 0.29411764705882354 0.0078125 0.016176470588235296
0.0 0.03125 0.31323529411764706 0.0087890625 0.01911764705882353
0.0 0.01171875 0.29558823529411765 0.0078125 0.014705882352941176
0.0 0.1611328125 0.2911764705882353 0.01171875 0.020588235294117647
0.0 0.9599609375 0.5823529411764706 0.0126953125 0.022058823529411766
0.0 0.9912109375 0.6647058823529411 0.0078125 0.020588235294117647
0.0 0.064453125 0.1323529411764706 0.0107421875 0.023529411764705882
0.0 0.048828125 0.175 0.009765625 0.01911764705882353
0.0 0.025390625 0.13823529411764707 0.0087890625 0.01911764705882353
0.0 0.052734375 0.11764705882352941 0.0087890625 0.01911764705882353
0.0 0.0595703125 0.075 0.0107421875 0.01764705882352941
0.0 0.0166015625 0.0 0.009765625 0.01911764705882353
0.0 0.0625 0.24411764705882352 0.009765625 0.020588235294117647
0.0 0.0224609375 0.23970588235294119 0.009765625 0.014705882352941176
0.0 0.2119140625 0.020588235294117647 0.0087890625 0.014705882352941176
0.0 0.1708984375 0.0014705882352941176 0.0107421875 0.01764705882352941
0.0 0.34375 0.016176470588235296 0.0078125 0.020588235294117647
0.0 0.5615234375 0.5279411764705882 0.01171875 0.022058823529411766
0.0 0.5400390625 0.538235294117647 0.01171875 0.01911764705882353
0.0 0.4921875 0.5191176470588236 0.01171875 0.023529411764705882
0.0 0.6396484375 0.5441176470588235 0.0107421875 0.022058823529411766
0.0 0.67578125 0.513235294117647 0.009765625 0.020588235294117647
0.0 0.5927734375 0.5794117647058824 0.009765625 0.020588235294117647
0.0 0.5703125 0.6073529411764705 0.0107421875 0.022058823529411766
0.0 0.7080078125 0.49117647058823527 0.01171875 0.023529411764705882
0.0 0.6865234375 0.45294117647058824 0.01171875 0.020588235294117647
0.0 0.69921875 0.47205882352941175 0.0126953125 0.020588235294117647
0.0 0.7431640625 0.4411764705882353 0.009765625 0.020588235294117647
0.0 0.7734375 0.43529411764705883 0.009765625 0.01911764705882353
0.0 0.771484375 0.46176470588235297 0.01171875 0.022058823529411766
0.0 0.7451171875 0.5058823529411764 0.01171875 0.023529411764705882
0.0 0.7412109375 0.4823529411764706 0.009765625 0.01911764705882353
0.0 0.6494140625 0.36323529411764705 0.01171875 0.01764705882352941
0.0 0.5849609375 0.3720588235294118 0.01171875 0.016176470588235296
0.0 0.7578125 0.3382352941176471 0.009765625 0.01764705882352941
0.0 0.6015625 0.3191176470588235 0.01171875 0.020588235294117647
0.0 0.7861328125 0.20588235294117646 0.0107421875 0.01911764705882353
0.0 0.8046875 0.19705882352941176 0.0107421875 0.016176470588235296
0.0 0.82421875 0.18088235294117647 0.01171875 0.01764705882352941
0.0 0.8212890625 0.1323529411764706 0.0107421875 0.020588235294117647
0.0 0.873046875 0.20441176470588235 0.009765625 0.020588235294117647
0.0 0.892578125 0.20441176470588235 0.009765625 0.01911764705882353
0.0 0.9423828125 0.20441176470588235 0.009765625 0.01764705882352941
0.0 0.9814453125 0.20441176470588235 0.009765625 0.022058823529411766
0.0 0.9306640625 0.16470588235294117 0.01171875 0.020588235294117647
0.0 0.943359375 0.13676470588235295 0.0087890625 0.01911764705882353
0.0 0.81640625 0.011764705882352941 0.009765625 0.01764705882352941
0.0 0.08984375 0.4823529411764706 0.009765625 0.023529411764705882
0.0 0.083984375 0.4176470588235294 0.009765625 0.022058823529411766
0.0 0.056640625 0.43676470588235294 0.009765625 0.020588235294117647
0.0 0.05859375 0.4161764705882353 0.0107421875 0.016176470588235296
0.0 0.0634765625 0.38676470588235295 0.009765625 0.01764705882352941
0.0 0.0537109375 0.3514705882352941 0.009765625 0.01764705882352941
0.0 0.03515625 0.5 0.0107421875 0.020588235294117647
0.0 0.025390625 0.4676470588235294 0.0126953125 0.025
0.0 0.048828125 0.5823529411764706 0.0107421875 0.023529411764705882
0.0 0.0693359375 0.5514705882352942 0.0107421875 0.022058823529411766
0.0 0.3271484375 0.5544117647058824 0.01171875 0.026470588235294117
0.0 0.3232421875 0.5955882352941176 0.0107421875 0.020588235294117647
0.0 0.0146484375 0.4308823529411765 0.0087890625 0.020588235294117647
0.0 0.0146484375 0.33088235294117646 0.0078125 0.01911764705882353
0.0 0.03125 0.638235294117647 0.01171875 0.023529411764705882
0.0 0.0556640625 0.6852941176470588 0.01171875 0.020588235294117647
0.0 0.0185546875 0.6882352941176471 0.0107421875 0.023529411764705882
0.0 0.041015625 0.7294117647058823 0.01171875 0.023529411764705882
0.0 0.0478515625 0.763235294117647 0.0126953125 0.023529411764705882
0.0 0.01953125 0.7544117647058823 0.0126953125 0.022058823529411766
0.0 0.0751953125 0.725 0.01171875 0.020588235294117647
0.0 0.091796875 0.7073529411764706 0.009765625 0.01911764705882353
0.0 0.1015625 0.6661764705882353 0.0087890625 0.01764705882352941
0.0 0.119140625 0.663235294117647 0.0107421875 0.022058823529411766
0.0 0.1279296875 0.7397058823529412 0.009765625 0.022058823529411766
0.0 0.0869140625 0.7544117647058823 0.0146484375 0.026470588235294117
0.0 0.0947265625 0.8 0.0107421875 0.020588235294117647
0.0 0.0625 0.7926470588235294 0.01171875 0.023529411764705882
0.0 0.03515625 0.7955882352941176 0.009765625 0.022058823529411766
0.0 0.048828125 0.8352941176470589 0.009765625 0.01764705882352941
0.0 0.13671875 0.7617647058823529 0.009765625 0.022058823529411766
0.0 0.16015625 0.6970588235294117 0.0107421875 0.022058823529411766
0.0 0.21875 0.7411764705882353 0.0107421875 0.020588235294117647
0.0 0.2119140625 0.7647058823529411 0.0126953125 0.023529411764705882
0.0 0.1982421875 0.7102941176470589 0.0107421875 0.01764705882352941
0.0 0.2294921875 0.7264705882352941 0.009765625 0.016176470588235296
0.0 0.2294921875 0.6411764705882353 0.0087890625 0.01764705882352941
0.0 0.1162109375 0.6279411764705882 0.013671875 0.023529411764705882
0.0 0.0791015625 0.6102941176470589 0.01171875 0.020588235294117647
0.0 0.0146484375 0.5794117647058824 0.0107421875 0.020588235294117647
0.0 0.0068359375 0.48676470588235293 0.0068359375 0.01911764705882353
0.0 0.150390625 0.8955882352941177 0.0126953125 0.020588235294117647
0.0 0.1845703125 0.8867647058823529 0.0126953125 0.023529411764705882
0.0 0.173828125 0.9426470588235294 0.01171875 0.022058823529411766
0.0 0.140625 0.9308823529411765 0.0126953125 0.022058823529411766
0.0 0.1083984375 0.9058823529411765 0.0126953125 0.01911764705882353
0.0 0.1220703125 0.8661764705882353 0.01171875 0.020588235294117647
0.0 0.044921875 0.8970588235294118 0.0126953125 0.01911764705882353
0.0 0.0029296875 0.8632352941176471 0.0107421875 0.022058823529411766
0.0 0.173828125 0.8294117647058824 0.013671875 0.023529411764705882
0.0 0.1796875 0.8088235294117647 0.01171875 0.020588235294117647
0.0 0.1376953125 0.8 0.009765625 0.022058823529411766
0.0 0.2138671875 0.95 0.009765625 0.01911764705882353
0.0 0.033203125 0.8794117647058823 0.0107421875 0.020588235294117647
0.0 0.0185546875 0.8088235294117647 0.0107421875 0.025
0.0 0.2490234375 0.6602941176470588 0.0107421875 0.022058823529411766
0.0 0.265625 0.6558823529411765 0.0107421875 0.01911764705882353
0.0 0.29296875 0.663235294117647 0.0107421875 0.023529411764705882
0.0 0.255859375 0.7352941176470589 0.01171875 0.01764705882352941
0.0 0.2919921875 0.7573529411764706 0.01171875 0.01764705882352941
0.0 0.306640625 0.7970588235294118 0.0107421875 0.026470588235294117
0.0 0.271484375 0.8088235294117647 0.0087890625 0.01764705882352941
0.0 0.3388671875 0.7382352941176471 0.01171875 0.01911764705882353
0.0 0.310546875 0.7 0.009765625 0.01911764705882353
0.0 0.33984375 0.6720588235294118 0.0107421875 0.022058823529411766
0.0 0.3466796875 0.6308823529411764 0.0107421875 0.01764705882352941
0.0 0.3544921875 0.6073529411764705 0.009765625 0.01911764705882353
0.0 0.400390625 0.6705882352941176 0.0107421875 0.022058823529411766
0.0 0.3779296875 0.6397058823529411 0.01171875 0.01764705882352941
0.0 0.388671875 0.6029411764705882 0.01171875 0.01764705882352941
0.0 0.3642578125 0.5558823529411765 0.0107421875 0.01911764705882353
0.0 0.3837890625 0.5279411764705882 0.0107421875 0.022058823529411766
0.0 0.4248046875 0.6367647058823529 0.009765625 0.01911764705882353
0.0 0.4453125 0.6691176470588235 0.0107421875 0.023529411764705882
0.0 0.392578125 0.7088235294117647 0.01171875 0.01764705882352941
0.0 0.4248046875 0.7323529411764705 0.01171875 0.01911764705882353
0.0 0.4140625 0.7294117647058823 0.009765625 0.01764705882352941
0.0 0.400390625 0.8014705882352942 0.01171875 0.022058823529411766
0.0 0.4423828125 0.7970588235294118 0.009765625 0.023529411764705882
0.0 0.4345703125 0.5735294117647058 0.0087890625 0.01911764705882353
0.0 0.4404296875 0.5279411764705882 0.0107421875 0.01911764705882353
0.0 0.3388671875 0.5367647058823529 0.0107421875 0.01764705882352941
0.0 0.47265625 0.48970588235294116 0.01171875 0.023529411764705882
0.0 0.4326171875 0.4632352941176471 0.01171875 0.01911764705882353
0.0 0.400390625 0.47352941176470587 0.0107421875 0.01764705882352941
0.0 0.169921875 0.7529411764705882 0.0126953125 0.023529411764705882
0.0 0.509765625 0.7397058823529412 0.01171875 0.022058823529411766
0.0 0.478515625 0.8058823529411765 0.01171875 0.022058823529411766
0.0 0.4853515625 0.7911764705882353 0.0107421875 0.023529411764705882
0.0 0.6240234375 0.75 0.01171875 0.01911764705882353
0.0 0.6484375 0.7897058823529411 0.0126953125 0.023529411764705882
0.0 0.6328125 0.8279411764705882 0.0107421875 0.01911764705882353
0.0 0.6181640625 0.85 0.013671875 0.023529411764705882
0.0 0.640625 0.8941176470588236 0.0126953125 0.01911764705882353
0.0 0.4814453125 0.6514705882352941 0.0126953125 0.020588235294117647
0.0 0.541015625 0.7794117647058824 0.0107421875 0.025
0.0 0.5458984375 0.6470588235294118 0.0107421875 0.016176470588235296
0.0 0.4990234375 0.6176470588235294 0.009765625 0.01911764705882353
0.0 0.6240234375 0.6205882352941177 0.01171875 0.022058823529411766
0.0 0.6708984375 0.586764705882353 0.0126953125 0.022058823529411766
0.0 0.6796875 0.6264705882352941 0.0107421875 0.01764705882352941
0.0 0.69140625 0.6808823529411765 0.0107421875 0.020588235294117647
0.0 0.6689453125 0.7470588235294118 0.013671875 0.022058823529411766
0.0 0.6962890625 0.7470588235294118 0.01171875 0.020588235294117647
0.0 0.6806640625 0.8323529411764706 0.01171875 0.020588235294117647
0.0 0.7021484375 0.8544117647058823 0.0126953125 0.023529411764705882
0.0 0.7412109375 0.8544117647058823 0.01171875 0.023529411764705882
0.0 0.775390625 0.8338235294117647 0.01171875 0.022058823529411766
0.0 0.763671875 0.7897058823529411 0.0107421875 0.023529411764705882
0.0 0.7490234375 0.7602941176470588 0.01171875 0.023529411764705882
0.0 0.759765625 0.6897058823529412 0.01171875 0.020588235294117647
0.0 0.767578125 0.6588235294117647 0.009765625 0.020588235294117647
0.0 0.765625 0.6176470588235294 0.0087890625 0.01764705882352941
0.0 0.7177734375 0.6132352941176471 0.01171875 0.023529411764705882
0.0 0.732421875 0.5794117647058824 0.01171875 0.022058823529411766
0.0 0.77734375 0.5838235294117647 0.009765625 0.01911764705882353
0.0 0.583984375 0.8544117647058823 0.0107421875 0.01911764705882353
0.0 0.3271484375 0.9588235294117647 0.0126953125 0.025
0.0 0.37109375 0.9632352941176471 0.01171875 0.025
0.0 0.43359375 0.9544117647058824 0.009765625 0.023529411764705882
0.0 0.4716796875 0.9397058823529412 0.013671875 0.025
0.0 0.431640625 0.9117647058823529 0.01171875 0.023529411764705882
0.0 0.3740234375 0.9029411764705882 0.01171875 0.022058823529411766
0.0 0.2998046875 0.9117647058823529 0.01171875 0.022058823529411766
0.0 0.23828125 0.9676470588235294 0.0126953125 0.022058823529411766
0.0 0.2578125 0.9176470588235294 0.0107421875 0.023529411764705882
0.0 0.2216796875 0.8676470588235294 0.01171875 0.022058823529411766
0.0 0.2685546875 0.8676470588235294 0.0126953125 0.023529411764705882
0.0 0.32421875 0.8705882352941177 0.009765625 0.025
0.0 0.3466796875 0.8779411764705882 0.01171875 0.022058823529411766
0.0 0.41796875 0.8808823529411764 0.009765625 0.01911764705882353
0.0 0.5673828125 0.925 0.0107421875 0.022058823529411766
0.0 0.6162109375 0.925 0.0126953125 0.022058823529411766
0.0 0.625 0.9823529411764705 0.0126953125 0.01764705882352941
0.0 0.6796875 0.9558823529411765 0.0107421875 0.01911764705882353
0.0 0.6982421875 0.8985294117647059 0.01171875 0.023529411764705882
0.0 0.7412109375 0.9558823529411765 0.0107421875 0.026470588235294117
0.0 0.73828125 0.888235294117647 0.01171875 0.025
0.0 0.7763671875 0.8735294117647059 0.0107421875 0.01764705882352941
0.0 0.7724609375 0.9029411764705882 0.013671875 0.01911764705882353
0.0 0.8125 0.8647058823529412 0.01171875 0.022058823529411766
0.0 0.9150390625 0.9382352941176471 0.01171875 0.026470588235294117
0.0 0.94921875 0.9602941176470589 0.009765625 0.025
0.0 0.9384765625 0.9838235294117647 0.01171875 0.016176470588235296
0.0 0.923828125 0.8338235294117647 0.0126953125 0.023529411764705882
0.0 0.94140625 0.8720588235294118 0.01171875 0.020588235294117647
0.0 0.9677734375 0.8441176470588235 0.01171875 0.023529411764705882
0.0 0.98828125 0.9544117647058824 0.0107421875 0.020588235294117647
0.0 0.6943359375 0.65 0.0126953125 0.022058823529411766
0.0 0.7109375 0.5676470588235294 0.01171875 0.020588235294117647
0.0 0.7490234375 0.5485294117647059 0.01171875 0.01764705882352941
0.0 0.7861328125 0.5470588235294118 0.0087890625 0.020588235294117647
0.0 0.814453125 0.6352941176470588 0.0107421875 0.022058823529411766
0.0 0.8330078125 0.6397058823529411 0.0107421875 0.020588235294117647
0.0 0.853515625 0.6588235294117647 0.009765625 0.01764705882352941
0.0 0.8525390625 0.6823529411764706 0.01171875 0.023529411764705882
0.0 0.8056640625 0.6941176470588235 0.01171875 0.020588235294117647
0.0 0.8173828125 0.5852941176470589 0.0107421875 0.020588235294117647
0.0 0.849609375 0.5941176470588235 0.0107421875 0.01911764705882353
0.0 0.71875 0.5558823529411765 0.01171875 0.020588235294117647
0.0 0.6865234375 0.5279411764705882 0.01171875 0.01911764705882353
0.0 0.4677734375 0.6852941176470588 0.009765625 0.01911764705882353
0.0 0.904296875 0.46176470588235297 0.0126953125 0.022058823529411766
0.0 0.8134765625 0.4514705882352941 0.0146484375 0.022058823529411766
0.0 0.8017578125 0.27058823529411763 0.009765625 0.01764705882352941
0.0 0.982421875 0.2926470588235294 0.01171875 0.01911764705882353
0.0 0.94140625 0.31323529411764706 0.0087890625 0.016176470588235296
0.0 0.4375 0.01911764705882353 0.009765625 0.016176470588235296
0.0 0.9775390625 0.1514705882352941 0.0107421875 0.020588235294117647
0.0 0.9501953125 0.5323529411764706 0.0087890625 0.01764705882352941
0.0 0.521484375 0.8191176470588235 0.0126953125 0.023529411764705882
0.0 0.0009765625 0.7132352941176471 0.013671875 0.027941176470588237
0.0 0.0068359375 0.9102941176470588 0.0107421875 0.01911764705882353
0.0 0.037109375 0.27205882352941174 0.0087890625 0.014705882352941176
0.0 0.0078125 0.26029411764705884 0.0107421875 0.016176470588235296
0.0 0.01171875 0.1264705882352941 0.0087890625 0.016176470588235296
