0.0 0.16845703125 0.3697916666666667 0.0400390625 0.0703125
0.0 0.23046875 0.3430989583333333 0.033203125 0.05859375
0.0 0.31396484375 0.3307291666666667 0.0341796875 0.0625
0.0 0.40234375 0.3424479166666667 0.033203125 0.0625
0.0 0.373046875 0.5091145833333334 0.037109375 0.06770833333333333
0.0 0.28564453125 0.5227864583333334 0.0400390625 0.06901041666666667
0.0 0.49560546875 0.314453125 0.0322265625 0.06640625
0.0 0.59033203125 0.3313802083333333 0.0341796875 0.053385416666666664
0.0 0.47509765625 0.5149739583333334 0.0361328125 0.05859375
0.0 0.57373046875 0.51171875 0.0380859375 0.07291666666666667
0.0 0.58349609375 0.6640625 0.0400390625 0.06510416666666667
0.0 0.6533203125 0.5208333333333334 0.037109375 0.06510416666666667
0.0 0.71826171875 0.5130208333333334 0.0400390625 0.06770833333333333
0.0 0.68017578125 0.322265625 0.0322265625 0.05859375
0.0 0.7734375 0.328125 0.033203125 0.057291666666666664
0.0 0.8603515625 0.359375 0.03515625 0.057291666666666664
