0.0 0.43408203125 0.4733072916666667 0.0068359375 0.01171875
0.0 0.22998046875 0.4518229166666667 0.0068359375 0.013020833333333334
0.0 0.390625 0.3424479166666667 0.00390625 0.0078125
0.0 0.9736328125 0.447265625 0.0078125 0.01171875
0.0 0.794921875 0.4361979166666667 0.005859375 0.010416666666666666
0.0 0.69140625 0.439453125 0.0078125 0.01171875
0.0 0.6826171875 0.4850260416666667 0.0078125 0.014322916666666666
0.0 0.65478515625 0.4596354166666667 0.0087890625 0.015625
0.0 0.6396484375 0.494140625 0.009765625 0.014322916666666666
0.0 0.59521484375 0.5364583333333334 0.0107421875 0.018229166666666668
0.0 0.5576171875 0.5305989583333334 0.009765625 0.016927083333333332
0.0 0.54931640625 0.5709635416666666 0.0087890625 0.016927083333333332
0.0 0.55859375 0.5924479166666666 0.009765625 0.015625
