0.0 0.0751953125 0.322265625 0.0478515625 0.0556640625
0.0 0.119140625 0.3564453125 0.0517578125 0.0634765625
0.0 0.224609375 0.3251953125 0.0478515625 0.064453125
0.0 0.3203125 0.3330078125 0.046875 0.0546875
0.0 0.4384765625 0.2880859375 0.046875 0.068359375
0.0 0.58203125 0.2841796875 0.0458984375 0.0625
0.0 0.52734375 0.5361328125 0.05078125 0.0654296875
0.0 0.642578125 0.419921875 0.05078125 0.064453125
0.0 0.767578125 0.24609375 0.05078125 0.068359375
0.0 0.8828125 0.2822265625 0.052734375 0.05859375
