0.0 0.2177734375 0.12044270833333333 0.0390625 0.07421875
0.0 0.32373046875 0.14778645833333334 0.0400390625 0.07682291666666667
0.0 0.23291015625 0.3483072916666667 0.0419921875 0.07682291666666667
0.0 0.3642578125 0.3307291666666667 0.044921875 0.08333333333333333
0.0 0.4560546875 0.12955729166666666 0.0390625 0.07161458333333333
0.0 0.59814453125 0.11588541666666667 0.0400390625 0.07291666666666667
0.0 0.6376953125 0.33203125 0.04296875 0.078125
0.0 0.5 0.3561197916666667 0.041015625 0.08203125
0.0 0.716796875 0.12109375 0.041015625 0.06510416666666667
0.0 0.8115234375 0.107421875 0.041015625 0.07421875
0.0 0.76513671875 0.3333333333333333 0.0419921875 0.07552083333333333
