0.0 0.9013671875 0.7122395833333334 0.0078125 0.015625
0.0 0.6513671875 0.4401041666666667 0.00390625 0.0078125
0.0 0.021484375 0.59375 0.005859375 0.009114583333333334
0.0 0.7490234375 0.625 0.0078125 0.010416666666666666
0.0 0.9658203125 0.4127604166666667 0.005859375 0.0078125
0.0 0.4580078125 0.44921875 0.00390625 0.0078125
0.0 0.2666015625 0.421875 0.00390625 0.006510416666666667
0.0 0.419921875 0.4453125 0.00390625 0.005208333333333333
0.0 0.2734375 0.5598958333333334 0.0048828125 0.0078125
0.0 0.6298828125 0.6575520833333334 0.005859375 0.009114583333333334
0.0 0.63671875 0.49609375 0.0048828125 0.0078125
0.0 0.6123046875 0.4921875 0.00390625 0.006510416666666667
0.0 0.708984375 0.5143229166666666 0.00390625 0.006510416666666667
0.0 0.3291015625 0.4427083333333333 0.00390625 0.006510416666666667
0.0 0.2470703125 0.63671875 0.00390625 0.0078125
