0.0 0.142578125 0.48625180897250364 0.025390625 0.05209840810419682
0.0 0.38916015625 0.723589001447178 0.0146484375 0.02604920405209841
0.0 0.40966796875 0.6599131693198264 0.0126953125 0.02604920405209841
0.0 0.3623046875 0.6685962373371924 0.013671875 0.02604920405209841
0.0 0.32080078125 0.6751085383502171 0.0166015625 0.03328509406657019
0.0 0.7294921875 0.7489146164978292 0.013671875 0.027496382054992764
0.0 0.7744140625 0.7467438494934877 0.015625 0.02894356005788712
0.0 0.7099609375 0.7286541244573083 0.013671875 0.027496382054992764
0.0 0.68310546875 0.7329956584659914 0.0146484375 0.030390738060781478
0.0 0.46630859375 0.683068017366136 0.0126953125 0.02604920405209841
0.0 0.974609375 0.8118668596237337 0.015625 0.023154848046309694
0.0 0.94384765625 0.8191027496382055 0.0205078125 0.03183791606367583
0.0 0.97119140625 0.7706222865412445 0.0166015625 0.024602026049204053
0.0 0.98779296875 0.768451519536903 0.0146484375 0.02894356005788712
0.0 0.96923828125 0.7402315484804631 0.0126953125 0.02170767004341534
0.0 0.9423828125 0.743849493487699 0.01171875 0.020260492040520984
0.0 0.9248046875 0.7257597684515196 0.013671875 0.027496382054992764
0.0 0.90673828125 0.7366136034732272 0.0107421875 0.023154848046309694
0.0 0.93994140625 0.7778581765557163 0.0107421875 0.01881331403762663
0.0 0.96533203125 0.6490593342981187 0.0166015625 0.03328509406657019
0.0 0.9921875 0.6266280752532561 0.013671875 0.02604920405209841
0.0 0.9677734375 0.6765557163531114 0.013671875 0.01881331403762663
0.0 0.9423828125 0.6772793053545586 0.013671875 0.020260492040520984
0.0 0.9248046875 0.6736613603473227 0.013671875 0.027496382054992764
0.0 0.94677734375 0.7004341534008683 0.0126953125 0.023154848046309694
0.0 0.9580078125 0.7185238784370478 0.01171875 0.02170767004341534
0.0 0.97412109375 0.7178002894356006 0.0146484375 0.023154848046309694
0.0 0.9189453125 0.703328509406657 0.013671875 0.023154848046309694
0.0 0.89208984375 0.6968162083936325 0.0146484375 0.027496382054992764
0.0 0.8837890625 0.6895803183791607 0.01171875 0.024602026049204053
0.0 0.88623046875 0.6577424023154848 0.0126953125 0.024602026049204053
0.0 0.88720703125 0.6331403762662807 0.0126953125 0.024602026049204053
0.0 0.90283203125 0.7923299565846599 0.0146484375 0.03328509406657019
0.0 0.9013671875 0.7706222865412445 0.009765625 0.01881331403762663
0.0 0.8818359375 0.7373371924746743 0.013671875 0.02170767004341534
0.0 0.8720703125 0.7575976845151954 0.015625 0.02170767004341534
0.0 0.8701171875 0.7257597684515196 0.013671875 0.024602026049204053
0.0 0.8564453125 0.7547033285094067 0.013671875 0.02170767004341534
0.0 0.83154296875 0.7619392185238785 0.0126953125 0.024602026049204053
0.0 0.8154296875 0.7648335745296672 0.015625 0.024602026049204053
0.0 0.8330078125 0.7380607814761215 0.017578125 0.02604920405209841
0.0 0.8203125 0.7279305354558611 0.015625 0.02894356005788712
0.0 0.8486328125 0.6960926193921853 0.01171875 0.02894356005788712
0.0 0.837890625 0.6968162083936325 0.01171875 0.027496382054992764
0.0 0.85986328125 0.662807525325615 0.0166015625 0.020260492040520984
0.0 0.87158203125 0.6801736613603473 0.0107421875 0.023154848046309694
0.0 0.810546875 0.6975397973950795 0.015625 0.02604920405209841
0.0 0.7841796875 0.6852387843704776 0.013671875 0.02170767004341534
0.0 0.78857421875 0.7069464544138929 0.0126953125 0.015918958031837915
0.0 0.81591796875 0.6244573082489147 0.0107421875 0.024602026049204053
0.0 0.83740234375 0.6128798842257598 0.0087890625 0.02170767004341534
0.0 0.78515625 0.6128798842257598 0.013671875 0.024602026049204053
0.0 0.77880859375 0.6534008683068018 0.0146484375 0.024602026049204053
0.0 0.748046875 0.6642547033285094 0.01171875 0.020260492040520984
0.0 0.76806640625 0.7098408104196816 0.0166015625 0.030390738060781478
0.0 0.751953125 0.6881331403762663 0.0078125 0.02170767004341534
0.0 0.74658203125 0.7308248914616498 0.0126953125 0.023154848046309694
0.0 0.75830078125 0.7460202604920405 0.0146484375 0.02170767004341534
0.0 0.6787109375 0.6989869753979739 0.01171875 0.02894356005788712
0.0 0.73193359375 0.711287988422576 0.0166015625 0.027496382054992764
0.0 0.66162109375 0.7424023154848046 0.0126953125 0.020260492040520984
0.0 0.67236328125 0.7568740955137482 0.0126953125 0.017366136034732273
0.0 0.59326171875 0.7329956584659914 0.0146484375 0.024602026049204053
0.0 0.509765625 0.73589001447178 0.017578125 0.030390738060781478
0.0 0.49072265625 0.6917510853835022 0.0126953125 0.02604920405209841
0.0 0.4755859375 0.7373371924746743 0.013671875 0.01881331403762663
0.0 0.49609375 0.7337192474674384 0.009765625 0.017366136034732273
0.0 0.38525390625 0.6837916063675832 0.0107421875 0.024602026049204053
0.0 0.31298828125 0.6410998552821997 0.0126953125 0.020260492040520984
0.0 0.26708984375 0.6729377713458755 0.0126953125 0.02604920405209841
0.0 0.2314453125 0.6975397973950795 0.013671875 0.02604920405209841
0.0 0.2763671875 0.7127351664254703 0.01171875 0.02170767004341534
0.0 0.29052734375 0.7496382054992764 0.0107421875 0.02604920405209841
0.0 0.21630859375 0.7047756874095513 0.0126953125 0.02604920405209841
0.0 0.20654296875 0.6714905933429812 0.0087890625 0.020260492040520984
0.0 0.18798828125 0.6939218523878437 0.0107421875 0.024602026049204053
0.0 0.2255859375 0.6678726483357453 0.013671875 0.024602026049204053
0.0 0.21728515625 0.6519536903039074 0.0107421875 0.01881331403762663
0.0 0.2841796875 0.6519536903039074 0.01171875 0.02170767004341534
0.0 0.2646484375 0.622286541244573 0.009765625 0.017366136034732273
0.0 0.33203125 0.5781476121562952 0.009765625 0.01881331403762663
0.0 0.31396484375 0.5795947901591896 0.0087890625 0.01881331403762663
0.0 0.3173828125 0.61794500723589 0.0078125 0.01447178002894356
0.0 0.37744140625 0.6410998552821997 0.0087890625 0.017366136034732273
0.0 0.3779296875 0.6193921852387844 0.009765625 0.017366136034732273
0.0 0.3671875 0.6338639652677279 0.009765625 0.017366136034732273
0.0 0.1865234375 0.6367583212735166 0.009765625 0.017366136034732273
0.0 0.22021484375 0.6157742402315485 0.0107421875 0.01881331403762663
0.0 0.2001953125 0.6338639652677279 0.009765625 0.020260492040520984
0.0 0.203125 0.6143270622286541 0.01171875 0.01881331403762663
0.0 0.06298828125 0.6714905933429812 0.0126953125 0.020260492040520984
0.0 0.04443359375 0.6866859623733719 0.0126953125 0.01881331403762663
0.0 0.0791015625 0.695369030390738 0.01171875 0.01881331403762663
0.0 0.17236328125 0.6620839363241678 0.0107421875 0.01881331403762663
0.0 0.17138671875 0.6881331403762663 0.0107421875 0.02170767004341534
0.0 0.15966796875 0.6114327062228654 0.0126953125 0.02170767004341534
0.0 0.14794921875 0.6309696092619392 0.0107421875 0.023154848046309694
0.0 0.15869140625 0.6374819102749638 0.0087890625 0.015918958031837915
0.0 0.072265625 0.6519536903039074 0.01171875 0.02170767004341534
0.0 0.01513671875 0.6924746743849494 0.0107421875 0.015918958031837915
0.0 0.029296875 0.691027496382055 0.009765625 0.01881331403762663
0.0 0.01953125 0.6642547033285094 0.013671875 0.020260492040520984
0.0 0.048828125 0.6476121562952243 0.009765625 0.01881331403762663
0.0 0.02783203125 0.6425470332850941 0.0087890625 0.017366136034732273
0.0 0.0654296875 0.6324167872648335 0.009765625 0.017366136034732273
0.0 0.03564453125 0.6215629522431259 0.0107421875 0.015918958031837915
0.0 0.05419921875 0.6295224312590448 0.0087890625 0.017366136034732273
0.0 0.08056640625 0.6324167872648335 0.0087890625 0.017366136034732273
0.0 0.03564453125 0.6577424023154848 0.0107421875 0.01881331403762663
0.0 0.05322265625 0.6099855282199711 0.0087890625 0.015918958031837915
0.0 0.01611328125 0.6208393632416788 0.0087890625 0.020260492040520984
0.0 0.068359375 0.6020260492040521 0.0078125 0.01447178002894356
0.0 0.041015625 0.6128798842257598 0.009765625 0.01881331403762663
0.0 0.07470703125 0.5911722141823444 0.0087890625 0.015918958031837915
0.0 0.01513671875 0.5918958031837916 0.0087890625 0.011577424023154847
0.0 0.00634765625 0.6070911722141823 0.0068359375 0.010130246020260492
