0.0 0.919921875 0.41142020497803805 0.021484375 0.043923865300146414
0.0 0.869140625 0.5512445095168375 0.01953125 0.03367496339677892
0.0 0.7998046875 0.5468521229868228 0.017578125 0.036603221083455345
0.0 0.798828125 0.40775988286969256 0.017578125 0.03367496339677892
0.0 0.8515625 0.3938506588579795 0.017578125 0.032210834553440704
0.0 0.06396484375 0.4084919472913616 0.0185546875 0.03513909224011713
0.0 0.12158203125 0.41654465592972184 0.0185546875 0.03367496339677892
0.0 0.17236328125 0.40483162518301613 0.0166015625 0.03367496339677892
0.0 0.23291015625 0.4055636896046852 0.0166015625 0.032210834553440704
0.0 0.27880859375 0.40775988286969256 0.0166015625 0.03367496339677892
0.0 0.33837890625 0.4019033674963397 0.0166015625 0.03367496339677892
0.0 0.2314453125 0.5461200585651538 0.01953125 0.03513909224011713
0.0 0.15283203125 0.5563689604685212 0.0185546875 0.03513909224011713
0.0 0.3095703125 0.5607613469985359 0.017578125 0.03513909224011713
0.0 0.38916015625 0.39092240117130306 0.0166015625 0.03513909224011713
0.0 0.4384765625 0.4019033674963397 0.015625 0.03367496339677892
0.0 0.3857421875 0.5483162518301611 0.01953125 0.036603221083455345
0.0 0.4638671875 0.5490483162518301 0.017578125 0.032210834553440704
0.0 0.494140625 0.38433382137628114 0.015625 0.03367496339677892
0.0 0.54345703125 0.41142020497803805 0.0166015625 0.032210834553440704
0.0 0.59765625 0.404099560761347 0.015625 0.029282576866764276
0.0 0.5361328125 0.5439238653001464 0.017578125 0.03367496339677892
0.0 0.5986328125 0.5446559297218155 0.017578125 0.03513909224011713
0.0 0.6474609375 0.40995607613469986 0.015625 0.029282576866764276
0.0 0.662109375 0.5329428989751098 0.017578125 0.03513909224011713
0.0 0.69091796875 0.40775988286969256 0.0146484375 0.03074670571010249
0.0 0.74169921875 0.410688140556369 0.0146484375 0.03074670571010249
0.0 0.7265625 0.5380673499267935 0.017578125 0.03074670571010249
