0.0 0.81591796875 0.39766483516483514 0.0126953125 0.0260989010989011
0.0 0.8447265625 0.3784340659340659 0.01171875 0.020604395604395604
0.0 0.830078125 0.40934065934065933 0.013671875 0.024725274725274724
0.0 0.59521484375 0.7706043956043956 0.0107421875 0.03021978021978022
0.0 0.55224609375 0.7843406593406593 0.0185546875 0.027472527472527472
0.0 0.58935546875 0.7445054945054945 0.0126953125 0.03021978021978022
0.0 0.55859375 0.7032967032967034 0.017578125 0.027472527472527472
0.0 0.5361328125 0.8379120879120879 0.015625 0.024725274725274724
0.0 0.4912109375 0.6572802197802198 0.01171875 0.0260989010989011
0.0 0.71630859375 0.4010989010989011 0.0146484375 0.03021978021978022
0.0 0.69140625 0.40796703296703296 0.015625 0.027472527472527472
0.0 0.77392578125 0.385989010989011 0.0146484375 0.024725274725274724
0.0 0.7255859375 0.36195054945054944 0.013671875 0.028846153846153848
0.0 0.4453125 0.07554945054945054 0.01171875 0.02197802197802198
0.0 0.4482421875 0.14697802197802198 0.009765625 0.016483516483516484
0.0 0.45947265625 0.1504120879120879 0.0126953125 0.0260989010989011
0.0 0.2353515625 0.8358516483516484 0.013671875 0.028846153846153848
0.0 0.0947265625 0.967032967032967 0.015625 0.03571428571428571
0.0 0.1474609375 0.8839285714285714 0.01953125 0.03983516483516483
0.0 0.12744140625 0.864010989010989 0.0185546875 0.038461538461538464
0.0 0.05615234375 0.8880494505494505 0.0166015625 0.028846153846153848
0.0 0.111328125 0.13804945054945056 0.01171875 0.023351648351648352
0.0 0.107421875 0.16895604395604397 0.009765625 0.019230769230769232
0.0 0.12158203125 0.20741758241758243 0.0126953125 0.019230769230769232
0.0 0.091796875 0.2245879120879121 0.01171875 0.017857142857142856
0.0 0.1240234375 0.36195054945054944 0.013671875 0.023351648351648352
0.0 0.07373046875 0.32623626373626374 0.0126953125 0.020604395604395604
0.0 0.099609375 0.3125 0.01171875 0.020604395604395604
0.0 0.11181640625 0.24244505494505494 0.0126953125 0.017857142857142856
0.0 0.099609375 0.27129120879120877 0.01171875 0.020604395604395604
0.0 0.05419921875 0.19505494505494506 0.0146484375 0.024725274725274724
0.0 0.06494140625 0.18543956043956045 0.0126953125 0.02197802197802198
0.0 0.03173828125 0.23351648351648352 0.0107421875 0.019230769230769232
0.0 0.06201171875 0.25824175824175827 0.0146484375 0.02197802197802198
0.0 0.0234375 0.2973901098901099 0.013671875 0.023351648351648352
0.0 0.0537109375 0.15453296703296704 0.01171875 0.023351648351648352
0.0 0.01220703125 0.14697802197802198 0.0107421875 0.02197802197802198
0.0 0.02587890625 0.052884615384615384 0.0146484375 0.023351648351648352
0.0 0.0908203125 0.06799450549450549 0.017578125 0.028846153846153848
0.0 0.10009765625 0.08585164835164835 0.0107421875 0.01510989010989011
0.0 0.10888671875 0.028846153846153848 0.0126953125 0.019230769230769232
0.0 0.09375 0.006868131868131868 0.009765625 0.013736263736263736
0.0 0.13134765625 0.3001373626373626 0.0126953125 0.017857142857142856
0.0 0.076171875 0.12774725274725274 0.01171875 0.027472527472527472
0.0 0.0986328125 0.15384615384615385 0.01171875 0.019230769230769232
0.0 0.6640625 0.39697802197802196 0.01171875 0.02197802197802198
0.0 0.9638671875 0.6559065934065934 0.015625 0.0260989010989011
0.0 0.962890625 0.6071428571428571 0.01171875 0.027472527472527472
0.0 0.93603515625 0.6208791208791209 0.0126953125 0.024725274725274724
0.0 0.9111328125 0.6236263736263736 0.01171875 0.024725274725274724
0.0 0.8740234375 0.7115384615384616 0.013671875 0.024725274725274724
0.0 0.8271484375 0.6792582417582418 0.013671875 0.028846153846153848
0.0 0.82373046875 0.7417582417582418 0.0107421875 0.03021978021978022
0.0 0.83837890625 0.760989010989011 0.0126953125 0.03021978021978022
0.0 0.802734375 0.6490384615384616 0.017578125 0.03159340659340659
0.0 0.9697265625 0.4993131868131868 0.015625 0.028846153846153848
0.0 0.95263671875 0.47802197802197804 0.0146484375 0.027472527472527472
0.0 0.92578125 0.4993131868131868 0.013671875 0.0260989010989011
0.0 0.8916015625 0.48695054945054944 0.015625 0.028846153846153848
0.0 0.98046875 0.37706043956043955 0.01171875 0.0260989010989011
0.0 0.96728515625 0.25686813186813184 0.0146484375 0.027472527472527472
0.0 0.97216796875 0.1504120879120879 0.0146484375 0.028846153846153848
0.0 0.96923828125 0.0831043956043956 0.0107421875 0.0260989010989011
0.0 0.94482421875 0.08241758241758242 0.0126953125 0.024725274725274724
0.0 0.9267578125 0.15178571428571427 0.01171875 0.023351648351648352
0.0 0.91796875 0.07554945054945054 0.01171875 0.024725274725274724
0.0 0.90478515625 0.12774725274725274 0.0107421875 0.019230769230769232
0.0 0.9814453125 0.04395604395604396 0.01171875 0.016483516483516484
0.0 0.8994140625 0.025412087912087912 0.01171875 0.020604395604395604
0.0 0.93701171875 0.038461538461538464 0.0087890625 0.019230769230769232
0.0 0.94580078125 0.040521978021978024 0.0107421875 0.017857142857142856
0.0 0.8671875 0.14423076923076922 0.0078125 0.024725274725274724
0.0 0.85888671875 0.1778846153846154 0.0107421875 0.023351648351648352
0.0 0.82470703125 0.16964285714285715 0.0107421875 0.020604395604395604
0.0 0.78515625 0.15728021978021978 0.01171875 0.0260989010989011
0.0 0.87158203125 0.05151098901098901 0.0107421875 0.020604395604395604
0.0 0.86376953125 0.07280219780219781 0.0126953125 0.02197802197802198
0.0 0.86181640625 0.5858516483516484 0.0146484375 0.0260989010989011
0.0 0.7744140625 0.48626373626373626 0.013671875 0.03021978021978022
0.0 0.7509765625 0.5652472527472527 0.017578125 0.028846153846153848
0.0 0.76416015625 0.6703296703296703 0.0107421875 0.02197802197802198
0.0 0.72021484375 0.6456043956043956 0.0087890625 0.027472527472527472
0.0 0.7294921875 0.6112637362637363 0.01171875 0.027472527472527472
0.0 0.70068359375 0.6160714285714286 0.0107421875 0.0260989010989011
0.0 0.70458984375 0.646978021978022 0.0107421875 0.02197802197802198
0.0 0.72998046875 0.698489010989011 0.0126953125 0.020604395604395604
0.0 0.6796875 0.7932692307692307 0.015625 0.03159340659340659
0.0 0.62841796875 0.7596153846153846 0.0146484375 0.03021978021978022
0.0 0.63671875 0.7314560439560439 0.017578125 0.0260989010989011
0.0 0.6201171875 0.7232142857142857 0.01171875 0.034340659340659344
0.0 0.64599609375 0.6854395604395604 0.0146484375 0.03296703296703297
0.0 0.61669921875 0.6648351648351648 0.0146484375 0.03021978021978022
0.0 0.724609375 0.27884615384615385 0.013671875 0.02197802197802198
0.0 0.7265625 0.21085164835164835 0.0078125 0.020604395604395604
0.0 0.72900390625 0.24656593406593408 0.0126953125 0.0260989010989011
0.0 0.73388671875 0.15521978021978022 0.0107421875 0.016483516483516484
0.0 0.70849609375 0.09134615384615384 0.0126953125 0.023351648351648352
0.0 0.66650390625 0.1043956043956044 0.0107421875 0.02197802197802198
0.0 0.49658203125 0.8887362637362637 0.0126953125 0.027472527472527472
0.0 0.4775390625 0.8406593406593407 0.017578125 0.03571428571428571
0.0 0.46435546875 0.7953296703296703 0.0126953125 0.03021978021978022
0.0 0.39404296875 0.9093406593406593 0.0146484375 0.03296703296703297
0.0 0.4150390625 0.853021978021978 0.013671875 0.03571428571428571
0.0 0.4287109375 0.7864010989010989 0.015625 0.028846153846153848
0.0 0.39697265625 0.7767857142857143 0.0185546875 0.028846153846153848
0.0 0.3798828125 0.845467032967033 0.013671875 0.028846153846153848
0.0 0.5498046875 0.6820054945054945 0.013671875 0.023351648351648352
0.0 0.5 0.6936813186813187 0.015625 0.027472527472527472
0.0 0.4794921875 0.6153846153846154 0.013671875 0.03021978021978022
0.0 0.44970703125 0.5748626373626373 0.0146484375 0.03159340659340659
0.0 0.421875 0.6435439560439561 0.017578125 0.03159340659340659
0.0 0.3193359375 0.7541208791208791 0.017578125 0.024725274725274724
0.0 0.3525390625 0.7850274725274725 0.01953125 0.0260989010989011
0.0 0.4306640625 0.1462912087912088 0.009765625 0.01510989010989011
0.0 0.380859375 0.07348901098901099 0.009765625 0.01510989010989011
0.0 0.39453125 0.1771978021978022 0.009765625 0.016483516483516484
0.0 0.37744140625 0.16826923076923078 0.0126953125 0.023351648351648352
0.0 0.35205078125 0.12706043956043955 0.0107421875 0.01510989010989011
0.0 0.35107421875 0.0782967032967033 0.0107421875 0.016483516483516484
0.0 0.31982421875 0.08722527472527472 0.0107421875 0.017857142857142856
0.0 0.298828125 0.061813186813186816 0.009765625 0.019230769230769232
0.0 0.2529296875 0.06043956043956044 0.01171875 0.019230769230769232
0.0 0.2724609375 0.1043956043956044 0.0078125 0.016483516483516484
0.0 0.28564453125 0.15247252747252749 0.0126953125 0.016483516483516484
0.0 0.3115234375 0.23076923076923078 0.013671875 0.019230769230769232
0.0 0.29736328125 0.19848901098901098 0.0126953125 0.020604395604395604
0.0 0.3115234375 0.16689560439560439 0.01171875 0.023351648351648352
0.0 0.33544921875 0.1662087912087912 0.0126953125 0.019230769230769232
0.0 0.337890625 0.17651098901098902 0.01171875 0.020604395604395604
0.0 0.33251953125 0.21428571428571427 0.0126953125 0.019230769230769232
0.0 0.26513671875 0.17307692307692307 0.0146484375 0.024725274725274724
0.0 0.25 0.19917582417582416 0.01171875 0.019230769230769232
0.0 0.23583984375 0.1662087912087912 0.0126953125 0.02197802197802198
0.0 0.21826171875 0.09065934065934066 0.0126953125 0.019230769230769232
0.0 0.20849609375 0.05837912087912088 0.0107421875 0.01510989010989011
0.0 0.15966796875 0.04395604395604396 0.0107421875 0.019230769230769232
0.0 0.14599609375 0.14285714285714285 0.0126953125 0.019230769230769232
0.0 0.12353515625 0.07211538461538461 0.0107421875 0.020604395604395604
0.0 0.20166015625 0.2657967032967033 0.0126953125 0.023351648351648352
0.0 0.20849609375 0.21153846153846154 0.0126953125 0.016483516483516484
0.0 0.2001953125 0.1723901098901099 0.009765625 0.017857142857142856
0.0 0.177734375 0.18887362637362637 0.013671875 0.023351648351648352
0.0 0.1767578125 0.16552197802197802 0.01171875 0.01510989010989011
0.0 0.1484375 0.1717032967032967 0.013671875 0.02197802197802198
0.0 0.14404296875 0.2973901098901099 0.0126953125 0.020604395604395604
0.0 0.3369140625 0.8173076923076923 0.017578125 0.038461538461538464
0.0 0.3203125 0.8907967032967034 0.013671875 0.028846153846153848
0.0 0.1142578125 0.6895604395604396 0.013671875 0.027472527472527472
0.0 0.0947265625 0.6957417582417582 0.015625 0.0260989010989011
0.0 0.08447265625 0.6648351648351648 0.0146484375 0.027472527472527472
0.0 0.0546875 0.6504120879120879 0.017578125 0.03159340659340659
0.0 0.00390625 0.6407967032967034 0.0078125 0.0260989010989011
0.0 0.09716796875 0.6119505494505495 0.0126953125 0.0260989010989011
0.0 0.04833984375 0.5872252747252747 0.0166015625 0.0260989010989011
0.0 0.03955078125 0.5673076923076923 0.0146484375 0.027472527472527472
0.0 0.1396484375 0.5995879120879121 0.015625 0.028846153846153848
0.0 0.1435546875 0.5762362637362637 0.017578125 0.03708791208791209
0.0 0.1650390625 0.5343406593406593 0.013671875 0.02197802197802198
0.0 0.10400390625 0.5171703296703297 0.0126953125 0.023351648351648352
0.0 0.06640625 0.5048076923076923 0.01171875 0.023351648351648352
0.0 0.0322265625 0.49793956043956045 0.015625 0.028846153846153848
0.0 0.06591796875 0.4423076923076923 0.0146484375 0.024725274725274724
0.0 0.05712890625 0.39285714285714285 0.0166015625 0.024725274725274724
0.0 0.0869140625 0.36881868131868134 0.01171875 0.023351648351648352
0.0 0.05615234375 0.3585164835164835 0.0126953125 0.019230769230769232
0.0 0.0126953125 0.3949175824175824 0.013671875 0.020604395604395604
0.0 0.115234375 0.43612637362637363 0.013671875 0.023351648351648352
0.0 0.00390625 0.43612637362637363 0.0078125 0.023351648351648352
0.0 0.46826171875 0.19986263736263737 0.0146484375 0.020604395604395604
0.0 0.501953125 0.23695054945054944 0.013671875 0.020604395604395604
0.0 0.3701171875 0.20810439560439561 0.01171875 0.020604395604395604
0.0 0.6279296875 0.16277472527472528 0.01171875 0.023351648351648352
0.0 0.58984375 0.13667582417582416 0.013671875 0.0260989010989011
0.0 0.62841796875 0.10714285714285714 0.0126953125 0.02197802197802198
0.0 0.62353515625 0.06593406593406594 0.0087890625 0.024725274725274724
0.0 0.591796875 0.10989010989010989 0.009765625 0.019230769230769232
0.0 0.57568359375 0.06593406593406594 0.0107421875 0.019230769230769232
0.0 0.56591796875 0.12843406593406592 0.0126953125 0.023351648351648352
0.0 0.5419921875 0.10851648351648352 0.01171875 0.019230769230769232
0.0 0.54443359375 0.08173076923076923 0.0107421875 0.020604395604395604
0.0 0.552734375 0.1510989010989011 0.01171875 0.019230769230769232
0.0 0.53076171875 0.1311813186813187 0.0107421875 0.020604395604395604
0.0 0.52587890625 0.1353021978021978 0.0087890625 0.017857142857142856
0.0 0.52001953125 0.16277472527472528 0.0107421875 0.017857142857142856
0.0 0.48974609375 0.1717032967032967 0.0107421875 0.019230769230769232
0.0 0.48779296875 0.12225274725274725 0.0107421875 0.024725274725274724
0.0 0.51318359375 0.0782967032967033 0.0087890625 0.019230769230769232
0.0 0.49853515625 0.07211538461538461 0.0107421875 0.017857142857142856
0.0 0.4609375 0.07005494505494506 0.013671875 0.027472527472527472
0.0 0.4609375 0.10164835164835165 0.01171875 0.019230769230769232
0.0 0.00439453125 0.3894230769230769 0.0087890625 0.020604395604395604
0.0 0.1484375 0.43475274725274726 0.013671875 0.023351648351648352
0.0 0.12451171875 0.38804945054945056 0.0146484375 0.020604395604395604
0.0 0.1689453125 0.4368131868131868 0.013671875 0.02197802197802198
0.0 0.22509765625 0.4141483516483517 0.0146484375 0.023351648351648352
0.0 0.1796875 0.42788461538461536 0.013671875 0.023351648351648352
0.0 0.16796875 0.37362637362637363 0.01171875 0.02197802197802198
0.0 0.18994140625 0.36744505494505497 0.0126953125 0.020604395604395604
0.0 0.2109375 0.3708791208791209 0.01171875 0.019230769230769232
0.0 0.2587890625 0.36813186813186816 0.013671875 0.02197802197802198
0.0 0.28857421875 0.37774725274725274 0.0126953125 0.02197802197802198
0.0 0.271484375 0.36675824175824173 0.009765625 0.013736263736263736
0.0 0.31103515625 0.36675824175824173 0.0126953125 0.019230769230769232
0.0 0.298828125 0.3166208791208791 0.01171875 0.020604395604395604
0.0 0.30712890625 0.30631868131868134 0.0126953125 0.02197802197802198
0.0 0.3330078125 0.2925824175824176 0.01171875 0.016483516483516484
0.0 0.2705078125 0.2548076923076923 0.01171875 0.023351648351648352
0.0 0.373046875 0.9368131868131868 0.013671875 0.027472527472527472
0.0 0.2998046875 0.9203296703296703 0.013671875 0.03021978021978022
0.0 0.22509765625 0.9423076923076923 0.0166015625 0.03571428571428571
0.0 0.27587890625 0.8770604395604396 0.0185546875 0.034340659340659344
0.0 0.267578125 0.8262362637362637 0.013671875 0.028846153846153848
0.0 0.23095703125 0.7486263736263736 0.0126953125 0.03021978021978022
0.0 0.3779296875 0.28434065934065933 0.01171875 0.024725274725274724
0.0 0.44921875 0.24313186813186813 0.01171875 0.019230769230769232
0.0 0.373046875 0.2396978021978022 0.01171875 0.020604395604395604
0.0 0.412109375 0.23351648351648352 0.01171875 0.019230769230769232
0.0 0.439453125 0.2245879120879121 0.01171875 0.023351648351648352
0.0 0.32958984375 0.6442307692307693 0.0146484375 0.024725274725274724
0.0 0.36962890625 0.635989010989011 0.0146484375 0.03021978021978022
0.0 0.40478515625 0.6497252747252747 0.0146484375 0.03296703296703297
0.0 0.36767578125 0.5865384615384616 0.0166015625 0.027472527472527472
0.0 0.3310546875 0.5872252747252747 0.015625 0.028846153846153848
0.0 0.29736328125 0.5618131868131868 0.0146484375 0.027472527472527472
0.0 0.2451171875 0.5810439560439561 0.013671875 0.024725274725274724
0.0 0.19775390625 0.5542582417582418 0.0126953125 0.028846153846153848
0.0 0.22216796875 0.6284340659340659 0.0166015625 0.028846153846153848
0.0 0.23876953125 0.6607142857142857 0.0126953125 0.024725274725274724
0.0 0.29833984375 0.6346153846153846 0.0126953125 0.027472527472527472
0.0 0.3095703125 0.6057692307692307 0.013671875 0.027472527472527472
0.0 0.3056640625 0.6689560439560439 0.015625 0.03296703296703297
0.0 0.2685546875 0.7067307692307693 0.015625 0.028846153846153848
0.0 0.18017578125 0.6909340659340659 0.0126953125 0.027472527472527472
0.0 0.1845703125 0.6201923076923077 0.01171875 0.0260989010989011
0.0 0.2255859375 0.6071428571428571 0.015625 0.024725274725274724
0.0 0.59228515625 0.3743131868131868 0.0126953125 0.020604395604395604
0.0 0.6220703125 0.3646978021978022 0.013671875 0.0260989010989011
0.0 0.56494140625 0.36126373626373626 0.0126953125 0.024725274725274724
0.0 0.51611328125 0.36744505494505497 0.0146484375 0.023351648351648352
0.0 0.490234375 0.36126373626373626 0.013671875 0.02197802197802198
0.0 0.16064453125 0.7451923076923077 0.0185546875 0.03159340659340659
0.0 0.13134765625 0.7300824175824175 0.0146484375 0.0260989010989011
0.0 0.11181640625 0.7273351648351648 0.0146484375 0.028846153846153848
0.0 0.056640625 0.7342032967032966 0.017578125 0.03159340659340659
0.0 0.0224609375 0.7348901098901099 0.015625 0.03021978021978022
0.0 0.0556640625 0.8262362637362637 0.017578125 0.03983516483516483
0.0 0.12158203125 0.8166208791208791 0.0146484375 0.0260989010989011
0.0 0.13232421875 0.7822802197802198 0.0166015625 0.028846153846153848
0.0 0.16015625 0.676510989010989 0.01171875 0.028846153846153848
0.0 0.888671875 0.39629120879120877 0.013671875 0.0260989010989011
0.0 0.0146484375 0.7760989010989011 0.015625 0.03571428571428571
