0.0 0.3349609375 0.232796486090776 0.0146484375 0.03074670571010249
0.0 0.900390625 0.2591508052708638 0.0068359375 0.01171303074670571
0.0 0.9296875 0.24743777452415813 0.005859375 0.013177159590043924
0.0 0.8837890625 0.22547584187408493 0.0048828125 0.013177159590043924
0.0 0.9052734375 0.13177159590043924 0.0068359375 0.013177159590043924
0.0 0.9130859375 0.18448023426061494 0.0048828125 0.010248901903367497
0.0 0.9033203125 0.18301610541727673 0.005859375 0.01171303074670571
0.0 0.919921875 0.22840409956076135 0.005859375 0.01171303074670571
0.0 0.927734375 0.18448023426061494 0.0048828125 0.010248901903367497
0.0 0.044921875 0.29282576866764276 0.0078125 0.016105417276720352
0.0 0.015625 0.2986822840409956 0.0068359375 0.013177159590043924
0.0 0.2236328125 0.18887262079062958 0.005859375 0.013177159590043924
0.0 0.8544921875 0.2445095168374817 0.0087890625 0.014641288433382138
0.0 0.880859375 0.2518301610541728 0.005859375 0.010248901903367497
0.0 0.90234375 0.23572474377745242 0.005859375 0.01171303074670571
0.0 0.9560546875 0.2225475841874085 0.0078125 0.013177159590043924
0.0 0.9716796875 0.2225475841874085 0.0068359375 0.014641288433382138
0.0 0.9833984375 0.21376281112737922 0.0048828125 0.01171303074670571
0.0 0.9755859375 0.24597364568081992 0.005859375 0.008784773060029283
0.0 0.9501953125 0.17276720351390923 0.0068359375 0.013177159590043924
0.0 0.880859375 0.17423133235724744 0.0068359375 0.013177159590043924
0.0 0.8466796875 0.16251830161054173 0.0068359375 0.016105417276720352
0.0 0.921875 0.13030746705710103 0.0048828125 0.010248901903367497
0.0 0.9130859375 0.1493411420204978 0.005859375 0.010248901903367497
0.0 0.98046875 0.16398243045387995 0.005859375 0.013177159590043924
0.0 0.9921875 0.1698389458272328 0.005859375 0.01171303074670571
0.0 0.98046875 0.12298682284040996 0.005859375 0.01171303074670571
0.0 0.953125 0.14641288433382138 0.005859375 0.01171303074670571
0.0 0.9326171875 0.15226939970717424 0.005859375 0.010248901903367497
0.0 0.884765625 0.1478770131771596 0.005859375 0.013177159590043924
0.0 0.837890625 0.12298682284040996 0.0068359375 0.013177159590043924
0.0 0.8251953125 0.14055636896046853 0.005859375 0.01171303074670571
0.0 0.8115234375 0.14202049780380674 0.005859375 0.010248901903367497
0.0 0.7978515625 0.14494875549048317 0.0048828125 0.010248901903367497
0.0 0.7958984375 0.12152269399707175 0.0068359375 0.013177159590043924
0.0 0.8583984375 0.09370424597364568 0.005859375 0.01171303074670571
0.0 0.8896484375 0.11859443631039532 0.0068359375 0.01171303074670571
0.0 0.8818359375 0.10834553440702782 0.0048828125 0.01171303074670571
0.0 0.9658203125 0.09370424597364568 0.005859375 0.01171303074670571
0.0 0.9599609375 0.07320644216691069 0.0068359375 0.014641288433382138
0.0 0.98828125 0.09663250366032211 0.005859375 0.01171303074670571
0.0 0.8388671875 0.09809663250366032 0.005859375 0.01171303074670571
0.0 0.8154296875 0.10102489019033675 0.0048828125 0.008784773060029283
0.0 0.8330078125 0.08638360175695461 0.0048828125 0.008784773060029283
0.0 0.900390625 0.07906295754026355 0.0048828125 0.010248901903367497
0.0 0.916015625 0.07027818448023426 0.005859375 0.01171303074670571
0.0 0.900390625 0.10102489019033675 0.0078125 0.01171303074670571
0.0 0.87890625 0.07027818448023426 0.0068359375 0.01171303074670571
0.0 0.7939453125 0.09224011713030747 0.0048828125 0.008784773060029283
0.0 0.783203125 0.0527086383601757 0.005859375 0.010248901903367497
0.0 0.8388671875 0.05417276720351391 0.0068359375 0.010248901903367497
0.0 0.8662109375 0.07174231332357248 0.0068359375 0.013177159590043924
0.0 0.9814453125 0.0424597364568082 0.0078125 0.013177159590043924
0.0 0.958984375 0.048316251830161056 0.0068359375 0.01171303074670571
0.0 0.83203125 0.07320644216691069 0.0068359375 0.01171303074670571
0.0 0.8154296875 0.040995607613469986 0.0048828125 0.008784773060029283
0.0 0.853515625 0.14494875549048317 0.005859375 0.010248901903367497
0.0 0.8515625 0.21522693997071743 0.0078125 0.014641288433382138
0.0 0.9443359375 0.12005856515373353 0.0078125 0.013177159590043924
0.0 0.90625 0.03806734992679356 0.0078125 0.014641288433382138
0.0 0.9423828125 0.036603221083455345 0.0048828125 0.010248901903367497
0.0 0.8486328125 0.055636896046852125 0.0078125 0.013177159590043924
0.0 0.8603515625 0.04538799414348463 0.0078125 0.014641288433382138
0.0 0.6640625 0.1595900439238653 0.005859375 0.013177159590043924
0.0 0.6953125 0.1595900439238653 0.005859375 0.008784773060029283
0.0 0.65234375 0.18301610541727673 0.0068359375 0.013177159590043924
0.0 0.6748046875 0.2108345534407028 0.005859375 0.01171303074670571
0.0 0.6748046875 0.23133235724743778 0.005859375 0.010248901903367497
0.0 0.6484375 0.20937042459736457 0.005859375 0.01171303074670571
0.0 0.650390625 0.10688140556368961 0.005859375 0.013177159590043924
0.0 0.669921875 0.11273792093704246 0.005859375 0.01171303074670571
0.0 0.689453125 0.12005856515373353 0.0078125 0.016105417276720352
0.0 0.7119140625 0.11127379209370425 0.0068359375 0.013177159590043924
0.0 0.70703125 0.08931185944363104 0.0068359375 0.010248901903367497
0.0 0.6865234375 0.10248901903367497 0.0078125 0.013177159590043924
0.0 0.5888671875 0.09370424597364568 0.005859375 0.010248901903367497
0.0 0.60546875 0.09224011713030747 0.005859375 0.010248901903367497
0.0 0.56640625 0.1054172767203514 0.0068359375 0.01171303074670571
0.0 0.5576171875 0.17862371888726208 0.005859375 0.010248901903367497
0.0 0.5380859375 0.2225475841874085 0.0068359375 0.013177159590043924
0.0 0.5595703125 0.21961932650073207 0.0068359375 0.010248901903367497
0.0 0.5380859375 0.13616398243045388 0.005859375 0.01171303074670571
0.0 0.544921875 0.10834553440702782 0.0048828125 0.010248901903367497
0.0 0.5810546875 0.08345534407027819 0.0048828125 0.008784773060029283
0.0 0.59765625 0.07027818448023426 0.005859375 0.010248901903367497
0.0 0.626953125 0.10688140556368961 0.0048828125 0.010248901903367497
0.0 0.6240234375 0.08638360175695461 0.0068359375 0.013177159590043924
0.0 0.6533203125 0.04538799414348463 0.005859375 0.01171303074670571
0.0 0.685546875 0.03806734992679356 0.005859375 0.008784773060029283
0.0 0.708984375 0.036603221083455345 0.005859375 0.010248901903367497
0.0 0.64453125 0.16105417276720352 0.005859375 0.010248901903367497
0.0 0.4453125 0.23718887262079064 0.0078125 0.013177159590043924
0.0 0.4248046875 0.23133235724743778 0.005859375 0.013177159590043924
0.0 0.447265625 0.22108345534407028 0.005859375 0.010248901903367497
0.0 0.4736328125 0.22693997071742314 0.0068359375 0.013177159590043924
0.0 0.427734375 0.19619326500732065 0.0068359375 0.013177159590043924
0.0 0.466796875 0.18301610541727673 0.005859375 0.01171303074670571
0.0 0.4853515625 0.1595900439238653 0.005859375 0.01171303074670571
0.0 0.4990234375 0.15080527086383602 0.005859375 0.010248901903367497
0.0 0.443359375 0.1493411420204978 0.0048828125 0.008784773060029283
0.0 0.4814453125 0.12005856515373353 0.005859375 0.010248901903367497
0.0 0.4765625 0.09224011713030747 0.0068359375 0.010248901903367497
0.0 0.4560546875 0.10395314787701318 0.0068359375 0.01171303074670571
0.0 0.4169921875 0.12445095168374817 0.005859375 0.010248901903367497
0.0 0.458984375 0.1390922401171303 0.0068359375 0.013177159590043924
0.0 0.4970703125 0.08199121522693997 0.005859375 0.010248901903367497
0.0 0.49609375 0.09956076134699854 0.005859375 0.010248901903367497
0.0 0.4970703125 0.1273792093704246 0.0068359375 0.013177159590043924
0.0 0.5107421875 0.12445095168374817 0.0087890625 0.01903367496339678
0.0 0.5537109375 0.07759882869692533 0.0048828125 0.010248901903367497
0.0 0.5625 0.0849194729136164 0.0068359375 0.016105417276720352
0.0 0.47265625 0.04685212298682284 0.005859375 0.01171303074670571
0.0 0.453125 0.05124450951683748 0.005859375 0.010248901903367497
0.0 0.4140625 0.05417276720351391 0.005859375 0.010248901903367497
0.0 0.4365234375 0.04978038067349927 0.0068359375 0.01171303074670571
0.0 0.5419921875 0.03806734992679356 0.0048828125 0.008784773060029283
0.0 0.509765625 0.03953147877013177 0.0048828125 0.010248901903367497
0.0 0.5283203125 0.005856515373352855 0.005859375 0.010248901903367497
0.0 0.513671875 0.0014641288433382138 0.0068359375 0.010248901903367497
0.0 0.4208984375 0.1493411420204978 0.0087890625 0.014641288433382138
0.0 0.3955078125 0.12298682284040996 0.0087890625 0.013177159590043924
0.0 0.375 0.15226939970717424 0.005859375 0.013177159590043924
0.0 0.357421875 0.12298682284040996 0.005859375 0.010248901903367497
0.0 0.3935546875 0.10834553440702782 0.005859375 0.010248901903367497
0.0 0.35546875 0.07906295754026355 0.005859375 0.010248901903367497
0.0 0.439453125 0.09809663250366032 0.005859375 0.010248901903367497
0.0 0.3291015625 0.02635431918008785 0.005859375 0.01171303074670571
0.0 0.3916015625 0.02342606149341142 0.0068359375 0.013177159590043924
0.0 0.3671875 0.02635431918008785 0.005859375 0.013177159590043924
0.0 0.34765625 0.1815519765739385 0.005859375 0.01171303074670571
0.0 0.21875 0.16251830161054173 0.0068359375 0.014641288433382138
0.0 0.197265625 0.17130307467057102 0.0068359375 0.013177159590043924
0.0 0.189453125 0.14494875549048317 0.0068359375 0.01171303074670571
0.0 0.2275390625 0.14202049780380674 0.005859375 0.01171303074670571
0.0 0.212890625 0.10980966325036604 0.005859375 0.010248901903367497
0.0 0.234375 0.09077598828696926 0.0068359375 0.013177159590043924
0.0 0.255859375 0.0849194729136164 0.005859375 0.010248901903367497
0.0 0.2744140625 0.08784773060029283 0.0068359375 0.01171303074670571
0.0 0.271484375 0.048316251830161056 0.0048828125 0.008784773060029283
0.0 0.2294921875 0.08345534407027819 0.0068359375 0.01171303074670571
0.0 0.212890625 0.08345534407027819 0.005859375 0.010248901903367497
0.0 0.189453125 0.07759882869692533 0.005859375 0.01171303074670571
0.0 0.171875 0.06734992679355783 0.0068359375 0.01171303074670571
0.0 0.1669921875 0.06442166910688141 0.005859375 0.010248901903367497
0.0 0.1494140625 0.0746705710102489 0.005859375 0.010248901903367497
0.0 0.1416015625 0.08638360175695461 0.005859375 0.010248901903367497
0.0 0.166015625 0.0951683748169839 0.0048828125 0.010248901903367497
0.0 0.19921875 0.027818448023426062 0.005859375 0.008784773060029283
0.0 0.2333984375 0.02635431918008785 0.0068359375 0.01171303074670571
0.0 0.2578125 0.07174231332357248 0.0048828125 0.010248901903367497
0.0 0.2373046875 0.06734992679355783 0.005859375 0.008784773060029283
0.0 0.216796875 0.0629575402635432 0.0068359375 0.013177159590043924
0.0 0.2353515625 0.18448023426061494 0.0078125 0.014641288433382138
0.0 0.1220703125 0.1698389458272328 0.0068359375 0.013177159590043924
0.0 0.09375 0.17569546120058566 0.0068359375 0.014641288433382138
0.0 0.1064453125 0.23572474377745242 0.0068359375 0.013177159590043924
0.0 0.12109375 0.22840409956076135 0.005859375 0.010248901903367497
0.0 0.1025390625 0.15373352855051245 0.005859375 0.010248901903367497
0.0 0.1318359375 0.11273792093704246 0.005859375 0.01171303074670571
0.0 0.0771484375 0.0629575402635432 0.0087890625 0.014641288433382138
0.0 0.052734375 0.06149341142020498 0.0078125 0.01171303074670571
0.0 0.017578125 0.07174231332357248 0.0068359375 0.01171303074670571
0.0 0.00390625 0.08199121522693997 0.0068359375 0.01171303074670571
0.0 0.0283203125 0.03806734992679356 0.0068359375 0.01171303074670571
0.0 0.029296875 0.05710102489019034 0.005859375 0.010248901903367497
0.0 0.00390625 0.05417276720351391 0.005859375 0.01171303074670571
0.0 0.0078125 0.029282576866764276 0.0068359375 0.01171303074670571
0.0 0.033203125 0.029282576866764276 0.0068359375 0.013177159590043924
0.0 0.0595703125 0.013177159590043924 0.0068359375 0.01171303074670571
0.0 0.0869140625 0.05124450951683748 0.0068359375 0.010248901903367497
0.0 0.02734375 0.007320644216691069 0.0068359375 0.01171303074670571
0.0 0.0654296875 0.07320644216691069 0.0068359375 0.01171303074670571
0.0 0.052734375 0.10248901903367497 0.0068359375 0.008784773060029283
0.0 0.109375 0.10688140556368961 0.0048828125 0.013177159590043924
0.0 0.1005859375 0.016105417276720352 0.0078125 0.013177159590043924
0.0 0.951171875 0.2225475841874085 0.005859375 0.014641288433382138
0.0 0.931640625 0.10834553440702782 0.0048828125 0.010248901903367497
0.0 0.6904296875 0.07174231332357248 0.005859375 0.010248901903367497
0.0 0.689453125 0.05710102489019034 0.0048828125 0.008784773060029283
0.0 0.0400390625 0.07027818448023426 0.0068359375 0.014641288433382138
0.0 0.953125 0.3089311859443631 0.0068359375 0.016105417276720352
0.0 0.9755859375 0.32650073206442165 0.0068359375 0.013177159590043924
