0.0 0.8701171875 0.1894273127753304 0.03125 0.06461086637298091
0.0 0.79443359375 0.23494860499265785 0.0302734375 0.05873715124816446
0.0 0.7568359375 0.2591776798825257 0.03125 0.06020558002936858
0.0 0.73291015625 0.4243759177679883 0.0341796875 0.06167400881057269
0.0 0.8125 0.4684287812041116 0.03515625 0.055800293685756244
0.0 0.69189453125 0.2261380323054332 0.0283203125 0.049926578560939794
0.0 0.63818359375 0.2327459618208517 0.0302734375 0.05726872246696035
0.0 0.59423828125 0.2444933920704846 0.0283203125 0.05726872246696035
0.0 0.564453125 0.24669603524229075 0.033203125 0.06167400881057269
0.0 0.63232421875 0.40308370044052866 0.0341796875 0.06607929515418502
0.0 0.568359375 0.5198237885462555 0.03515625 0.06167400881057269
0.0 0.384765625 0.4566813509544787 0.0390625 0.0763582966226138
0.0 0.2666015625 0.25183553597650515 0.033203125 0.05726872246696035
0.0 0.3544921875 0.2305433186490455 0.03125 0.06754772393538913
0.0 0.392578125 0.19309838472834068 0.033203125 0.06607929515418502
0.0 0.4423828125 0.26284875183553597 0.029296875 0.055800293685756244
0.0 0.484375 0.24669603524229075 0.029296875 0.05873715124816446
0.0 0.52392578125 0.2444933920704846 0.0283203125 0.048458149779735685
0.0 0.19287109375 0.28267254038179146 0.0341796875 0.06020558002936858
0.0 0.13134765625 0.23861967694566813 0.0361328125 0.07195301027900147
