0.0 0.859375 0.3073170731707317 0.046875 0.0991869918699187
0.0 0.69921875 0.11382113821138211 0.0439453125 0.0943089430894309
0.0 0.697265625 0.3252032520325203 0.046875 0.0975609756097561
0.0 0.5791015625 0.12195121951219512 0.0439453125 0.0975609756097561
0.0 0.5400390625 0.35609756097560974 0.0478515625 0.0943089430894309
0.0 0.396484375 0.08943089430894309 0.0439453125 0.0910569105691057
0.0 0.3818359375 0.34796747967479674 0.041015625 0.08292682926829269
0.0 0.2412109375 0.08617886178861789 0.0439453125 0.1024390243902439
0.0 0.1123046875 0.11869918699186992 0.0458984375 0.0943089430894309
0.0 0.0791015625 0.33495934959349594 0.048828125 0.1024390243902439
0.0 0.2216796875 0.2926829268292683 0.0498046875 0.1073170731707317
