0.0 0.92626953125 0.13047138047138046 0.0498046875 0.1127946127946128
0.0 0.77490234375 0.16835016835016836 0.0498046875 0.09764309764309764
0.0 0.8525390625 0.5917508417508418 0.05078125 0.11952861952861953
0.0 0.66845703125 0.617003367003367 0.0537109375 0.132996632996633
0.0 0.62841796875 0.12373737373737374 0.0498046875 0.12289562289562289
0.0 0.46337890625 0.1574074074074074 0.0498046875 0.10942760942760943
0.0 0.47900390625 0.5656565656565656 0.0498046875 0.11784511784511785
0.0 0.154296875 0.1271043771043771 0.052734375 0.11952861952861953
0.0 0.31103515625 0.11363636363636363 0.0498046875 0.11952861952861953
0.0 0.1162109375 0.5412457912457912 0.056640625 0.1127946127946128
0.0 0.3203125 0.6026936026936027 0.052734375 0.11447811447811448
