0.0 0.7705078125 0.363103953147877 0.0263671875 0.048316251830161056
0.0 0.89453125 0.363103953147877 0.0234375 0.04978038067349927
0.0 0.822265625 0.3616398243045388 0.0234375 0.04978038067349927
0.0 0.048828125 0.3718887262079063 0.0244140625 0.048316251830161056
0.0 0.1181640625 0.3557833089311859 0.0234375 0.04978038067349927
0.0 0.1826171875 0.35431918008784774 0.0224609375 0.04978038067349927
0.0 0.2470703125 0.3616398243045388 0.025390625 0.05417276720351391
0.0 0.2978515625 0.3601756954612006 0.0234375 0.05417276720351391
0.0 0.3486328125 0.3718887262079063 0.0234375 0.05124450951683748
0.0 0.232421875 0.5256222547584187 0.021484375 0.043923865300146414
0.0 0.4140625 0.35431918008784774 0.0224609375 0.0424597364568082
0.0 0.4541015625 0.3601756954612006 0.029296875 0.0424597364568082
0.0 0.3857421875 0.5373352855051244 0.0244140625 0.04685212298682284
0.0 0.521484375 0.5519765739385066 0.02734375 0.04538799414348463
0.0 0.658203125 0.33821376281112736 0.025390625 0.05124450951683748
0.0 0.59765625 0.3513909224011713 0.0224609375 0.043923865300146414
0.0 0.5400390625 0.34260614934114203 0.0244140625 0.05417276720351391
0.0 0.6748046875 0.5329428989751098 0.0244140625 0.04685212298682284
0.0 0.7099609375 0.3601756954612006 0.0244140625 0.04538799414348463
