0.0 0.4716796875 0.19969512195121952 0.048828125 0.10060975609756098
0.0 0.642578125 0.2530487804878049 0.03515625 0.0975609756097561
0.0 0.76953125 0.21189024390243902 0.0400390625 0.0899390243902439
0.0 0.693359375 0.23780487804878048 0.0390625 0.0899390243902439
0.0 0.556640625 0.4222560975609756 0.01953125 0.04573170731707317
0.0 0.14453125 0.09451219512195122 0.0302734375 0.04878048780487805
0.0 0.1201171875 0.22408536585365854 0.0263671875 0.042682926829268296
0.0 0.0439453125 0.2073170731707317 0.02734375 0.04573170731707317
0.0 0.0556640625 0.14176829268292682 0.0224609375 0.04573170731707317
0.0 0.1640625 0.0350609756097561 0.0205078125 0.03353658536585366
0.0 0.2587890625 0.025914634146341462 0.0234375 0.04420731707317073
0.0 0.2265625 0.10518292682926829 0.02734375 0.04725609756097561
0.0 0.2041015625 0.21646341463414634 0.0244140625 0.04725609756097561
0.0 0.3056640625 0.21341463414634146 0.021484375 0.03353658536585366
0.0 0.2978515625 0.10670731707317073 0.0244140625 0.04420731707317073
0.0 0.328125 0.018292682926829267 0.0224609375 0.04725609756097561
0.0 0.3681640625 0.09146341463414634 0.0234375 0.05030487804878049
0.0 0.4130859375 0.025914634146341462 0.0244140625 0.04420731707317073
0.0 0.466796875 0.13871951219512196 0.0244140625 0.042682926829268296
0.0 0.568359375 0.10823170731707317 0.0205078125 0.042682926829268296
0.0 0.494140625 0.012195121951219513 0.0263671875 0.04573170731707317
0.0 0.5830078125 0.022865853658536585 0.0224609375 0.036585365853658534
0.0 0.623046875 0.056402439024390245 0.01953125 0.04725609756097561
0.0 0.7041015625 0.09451219512195122 0.0283203125 0.04420731707317073
0.0 0.6357421875 0.16310975609756098 0.02734375 0.051829268292682924
0.0 0.65625 0.0 0.0283203125 0.038109756097560975
0.0 0.7412109375 0.01524390243902439 0.0283203125 0.04878048780487805
0.0 0.90625 0.06707317073170732 0.0244140625 0.042682926829268296
