0.0 0.123046875 0.4011111111111111 0.048828125 0.06222222222222222
0.0 0.26220703125 0.39166666666666666 0.0419921875 0.06555555555555556
0.0 0.25927734375 0.565 0.0458984375 0.07222222222222222
0.0 0.1318359375 0.5783333333333334 0.048828125 0.06555555555555556
0.0 0.33544921875 0.275 0.0419921875 0.07
0.0 0.37158203125 0.395 0.0439453125 0.06555555555555556
0.0 0.49658203125 0.39055555555555554 0.0439453125 0.06111111111111111
0.0 0.37548828125 0.5894444444444444 0.0458984375 0.06555555555555556
0.0 0.47314453125 0.5894444444444444 0.0458984375 0.07
0.0 0.6943359375 0.28055555555555556 0.046875 0.0811111111111111
0.0 0.6162109375 0.39555555555555555 0.04296875 0.06
0.0 0.77490234375 0.3883333333333333 0.0498046875 0.07666666666666666
0.0 0.5908203125 0.6 0.046875 0.07111111111111111
0.0 0.71533203125 0.5905555555555555 0.0439453125 0.06111111111111111
0.0 0.90185546875 0.3638888888888889 0.0478515625 0.06333333333333334
0.0 0.859375 0.5805555555555556 0.044921875 0.07
