0.0 0.7783203125 0.55078125 0.02734375 0.06380208333333333
0.0 0.62890625 0.5598958333333334 0.009765625 0.024739583333333332
0.0 0.02734375 0.5807291666666666 0.0107421875 0.022135416666666668
0.0 0.158203125 0.5690104166666666 0.01171875 0.018229166666666668
0.0 0.677734375 0.609375 0.005859375 0.013020833333333334
0.0 0.740234375 0.609375 0.005859375 0.009114583333333334
0.0 0.3408203125 0.6041666666666666 0.0068359375 0.01171875
0.0 0.6201171875 0.6536458333333334 0.0078125 0.010416666666666666
0.0 0.5810546875 0.65234375 0.0078125 0.010416666666666666
0.0 0.2890625 0.5872395833333334 0.009765625 0.014322916666666666
0.0 0.9267578125 0.5950520833333334 0.0107421875 0.013020833333333334
0.0 0.857421875 0.6015625 0.0107421875 0.01171875
0.0 0.7216796875 0.6028645833333334 0.0087890625 0.014322916666666666
