0.0 0.2216796875 0.18032786885245902 0.0361328125 0.06693989071038252
0.0 0.3505859375 0.20491803278688525 0.037109375 0.06420765027322405
0.0 0.4765625 0.18579234972677597 0.037109375 0.07103825136612021
0.0 0.615234375 0.17349726775956284 0.0322265625 0.060109289617486336
0.0 0.7158203125 0.17349726775956284 0.0380859375 0.06967213114754098
0.0 0.1943359375 0.4344262295081967 0.041015625 0.07240437158469945
0.0 0.2802734375 0.43306010928961747 0.03515625 0.07103825136612021
0.0 0.4140625 0.44672131147540983 0.0361328125 0.06557377049180328
0.0 0.5341796875 0.4453551912568306 0.03515625 0.05874316939890711
0.0 0.6455078125 0.4521857923497268 0.037109375 0.06557377049180328
0.0 0.74609375 0.4781420765027322 0.0380859375 0.060109289617486336
