0.0 0.626953125 0.09635416666666667 0.173828125 0.2981770833333333
0.0 0.419921875 0.078125 0.0966796875 0.13932291666666666
0.0 0.482421875 0.7278645833333334 0.029296875 0.049479166666666664
0.0 0.1845703125 0.7630208333333334 0.0146484375 0.022135416666666668
0.0 0.1748046875 0.7369791666666666 0.0087890625 0.015625
0.0 0.201171875 0.7473958333333334 0.0087890625 0.015625
0.0 0.2587890625 0.7747395833333334 0.0078125 0.016927083333333332
0.0 0.353515625 0.71875 0.013671875 0.0234375
0.0 0.2666015625 0.703125 0.0078125 0.015625
0.0 0.2431640625 0.71875 0.0078125 0.014322916666666666
0.0 0.01953125 0.7200520833333334 0.01953125 0.026041666666666668
0.0 0.1513671875 0.7747395833333334 0.0078125 0.013020833333333334
0.0 0.419921875 0.7552083333333334 0.009765625 0.016927083333333332
0.0 0.19140625 0.7109375 0.0068359375 0.015625
0.0 0.16796875 0.8138020833333334 0.0087890625 0.018229166666666668
0.0 0.158203125 0.7994791666666666 0.0087890625 0.016927083333333332
0.0 0.248046875 0.7408854166666666 0.009765625 0.015625
0.0 0.224609375 0.7109375 0.0078125 0.015625
0.0 0.2265625 0.76171875 0.0087890625 0.010416666666666666
0.0 0.263671875 0.8098958333333334 0.0087890625 0.015625
0.0 0.2861328125 0.7252604166666666 0.0078125 0.014322916666666666
0.0 0.1845703125 0.7018229166666666 0.0087890625 0.016927083333333332
0.0 0.1650390625 0.7174479166666666 0.009765625 0.018229166666666668
0.0 0.2255859375 0.80859375 0.0107421875 0.016927083333333332
0.0 0.2890625 0.7799479166666666 0.0048828125 0.01171875
0.0 0.2763671875 0.7591145833333334 0.005859375 0.01171875
0.0 0.201171875 0.7005208333333334 0.0078125 0.0078125
0.0 0.1669921875 0.7057291666666666 0.0087890625 0.01171875
0.0 0.23046875 0.76953125 0.009765625 0.015625
0.0 0.203125 0.76953125 0.005859375 0.0078125
0.0 0.173828125 0.7578125 0.0048828125 0.01171875
