0.0 0.498046875 0.3814055636896047 0.0439453125 0.05710102489019034
0.0 0.2109375 0.16105417276720352 0.041015625 0.03733528550512445
0.0 0.1865234375 0.09297218155197658 0.0400390625 0.04465592972181552
0.0 0.1943359375 0.03953147877013177 0.029296875 0.022693997071742314
0.0 0.357421875 0.10688140556368961 0.046875 0.0424597364568082
0.0 0.388671875 0.17569546120058566 0.04296875 0.029282576866764276
0.0 0.4853515625 0.1061493411420205 0.0498046875 0.03733528550512445
0.0 0.0966796875 0.1390922401171303 0.041015625 0.043923865300146414
0.0 0.03515625 0.09809663250366032 0.02734375 0.02855051244509517
0.0 0.5 0.18740849194729137 0.095703125 0.09224011713030747
0.0 0.716796875 0.20644216691068815 0.041015625 0.03953147877013177
0.0 0.8330078125 0.21376281112737922 0.04296875 0.038799414348462666
0.0 0.9375 0.2796486090775988 0.044921875 0.04978038067349927
