0.0 0.044921875 0.44921875 0.0126953125 0.026041666666666668
0.0 0.0947265625 0.4635416666666667 0.0107421875 0.018229166666666668
0.0 0.0810546875 0.4908854166666667 0.0107421875 0.016927083333333332
0.0 0.4072265625 0.4895833333333333 0.01171875 0.0234375
0.0 0.6787109375 0.49609375 0.0146484375 0.020833333333333332
0.0 0.7705078125 0.46875 0.0107421875 0.01953125
0.0 0.79296875 0.4778645833333333 0.0146484375 0.022135416666666668
0.0 0.67578125 0.421875 0.025390625 0.036458333333333336
0.0 0.7265625 0.41796875 0.029296875 0.033854166666666664
0.0 0.8955078125 0.4361979166666667 0.0048828125 0.0078125
0.0 0.8623046875 0.44140625 0.0048828125 0.010416666666666666
0.0 0.724609375 0.4830729166666667 0.025390625 0.036458333333333336
0.0 0.6865234375 0.48046875 0.021484375 0.020833333333333332
0.0 0.9296875 0.42578125 0.0068359375 0.0078125
0.0 0.94140625 0.4908854166666667 0.0087890625 0.018229166666666668
