0.0 0.072265625 0.513671875 0.01171875 0.014322916666666666
0.0 0.10107421875 0.5618489583333334 0.0244140625 0.040364583333333336
0.0 0.02099609375 0.5247395833333334 0.0205078125 0.028645833333333332
0.0 0.31298828125 0.533203125 0.0146484375 0.022135416666666668
0.0 0.24609375 0.5299479166666666 0.0078125 0.015625
0.0 0.13427734375 0.5455729166666666 0.0146484375 0.0234375
0.0 0.16845703125 0.5384114583333334 0.0146484375 0.01953125
0.0 0.11279296875 0.5266927083333334 0.0068359375 0.009114583333333334
0.0 0.1552734375 0.568359375 0.013671875 0.022135416666666668
0.0 0.2265625 0.5436197916666666 0.015625 0.024739583333333332
0.0 0.13525390625 0.5240885416666666 0.0068359375 0.01171875
0.0 0.05908203125 0.517578125 0.0048828125 0.01171875
0.0 0.03857421875 0.517578125 0.0048828125 0.01171875
0.0 0.09521484375 0.5325520833333334 0.0126953125 0.020833333333333332
0.0 0.51806640625 0.578125 0.0185546875 0.026041666666666668
0.0 0.55224609375 0.5494791666666666 0.0146484375 0.0234375
0.0 0.57958984375 0.5514322916666666 0.0146484375 0.01953125
0.0 0.6025390625 0.5592447916666666 0.017578125 0.02734375
0.0 0.63818359375 0.5384114583333334 0.0048828125 0.01171875
0.0 0.59716796875 0.5390625 0.0087890625 0.013020833333333334
0.0 0.92578125 0.5546875 0.0078125 0.013020833333333334
0.0 0.94677734375 0.5638020833333334 0.0068359375 0.013020833333333334
0.0 0.87451171875 0.5677083333333334 0.0126953125 0.018229166666666668
