0.0 0.0 0.8346354166666666 0.01953125 0.048177083333333336
0.0 0.1083984375 0.8372395833333334 0.02734375 0.046875
0.0 0.1435546875 0.81640625 0.025390625 0.046875
0.0 0.2607421875 0.78515625 0.017578125 0.045572916666666664
0.0 0.3759765625 0.7786458333333334 0.021484375 0.046875
0.0 0.8662109375 0.80859375 0.013671875 0.037760416666666664
0.0 0.0234375 0.609375 0.0146484375 0.036458333333333336
0.0 0.109375 0.45703125 0.0185546875 0.037760416666666664
0.0 0.0166015625 0.4075520833333333 0.0146484375 0.024739583333333332
0.0 0.10546875 0.3893229166666667 0.0107421875 0.026041666666666668
0.0 0.1357421875 0.3893229166666667 0.015625 0.026041666666666668
0.0 0.1806640625 0.4153645833333333 0.009765625 0.0234375
0.0 0.224609375 0.4309895833333333 0.015625 0.032552083333333336
0.0 0.310546875 0.4140625 0.017578125 0.032552083333333336
0.0 0.310546875 0.3776041666666667 0.0126953125 0.026041666666666668
0.0 0.36328125 0.4127604166666667 0.0126953125 0.02734375
0.0 0.27734375 0.4049479166666667 0.0107421875 0.020833333333333332
0.0 0.24609375 0.4114583333333333 0.009765625 0.022135416666666668
0.0 0.4033203125 0.3619791666666667 0.015625 0.029947916666666668
0.0 0.4111328125 0.3854166666666667 0.0146484375 0.029947916666666668
0.0 0.5341796875 0.4700520833333333 0.0146484375 0.029947916666666668
0.0 0.5556640625 0.4075520833333333 0.015625 0.020833333333333332
0.0 0.6083984375 0.4231770833333333 0.0146484375 0.03515625
0.0 0.423828125 0.5598958333333334 0.0185546875 0.037760416666666664
0.0 0.7548828125 0.5 0.017578125 0.040364583333333336
0.0 0.77734375 0.5026041666666666 0.01953125 0.036458333333333336
0.0 0.705078125 0.38671875 0.015625 0.03125
0.0 0.7548828125 0.4010416666666667 0.017578125 0.028645833333333332
0.0 0.8876953125 0.5013020833333334 0.009765625 0.040364583333333336
0.0 0.958984375 0.5221354166666666 0.0107421875 0.037760416666666664
0.0 0.95703125 0.5651041666666666 0.01171875 0.033854166666666664
0.0 0.958984375 0.4075520833333333 0.0146484375 0.029947916666666668
0.0 0.90234375 0.40234375 0.0126953125 0.03125
0.0 0.8837890625 0.3541666666666667 0.0146484375 0.028645833333333332
0.0 0.798828125 0.3684895833333333 0.0126953125 0.029947916666666668
0.0 0.8369140625 0.4479166666666667 0.015625 0.02734375
0.0 0.7802734375 0.4036458333333333 0.013671875 0.02734375
0.0 0.857421875 0.3489583333333333 0.009765625 0.024739583333333332
0.0 0.98046875 0.36328125 0.0107421875 0.037760416666666664
0.0 0.306640625 0.3489583333333333 0.0146484375 0.029947916666666668
0.0 0.888671875 0.5625 0.0107421875 0.036458333333333336
0.0 0.826171875 0.5338541666666666 0.0146484375 0.03125
0.0 0.3779296875 0.4270833333333333 0.0185546875 0.03125
0.0 0.41796875 0.49609375 0.0205078125 0.01953125
0.0 0.701171875 0.3776041666666667 0.0146484375 0.01953125
0.0 0.8408203125 0.3958333333333333 0.0166015625 0.028645833333333332
