0.0 0.07421875 0.5221354166666666 0.0234375 0.028645833333333332
0.0 0.0107421875 0.5286458333333334 0.0087890625 0.010416666666666666
0.0 0.0322265625 0.5989583333333334 0.009765625 0.016927083333333332
0.0 0.1005859375 0.3463541666666667 0.00390625 0.009114583333333334
0.0 0.07421875 0.4361979166666667 0.0087890625 0.010416666666666666
0.0 0.1875 0.3671875 0.0048828125 0.0078125
0.0 0.3212890625 0.359375 0.00390625 0.0078125
0.0 0.3076171875 0.3619791666666667 0.00390625 0.005208333333333333
0.0 0.45703125 0.22916666666666666 0.017578125 0.028645833333333332
0.0 0.3759765625 0.3098958333333333 0.0048828125 0.009114583333333334
0.0 0.3310546875 0.6015625 0.00390625 0.005208333333333333
0.0 0.4609375 0.54296875 0.0029296875 0.005208333333333333
0.0 0.4287109375 0.4778645833333333 0.0029296875 0.005208333333333333
0.0 0.435546875 0.47265625 0.001953125 0.00390625
0.0 0.4208984375 0.4856770833333333 0.001953125 0.00390625
0.0 0.4072265625 0.484375 0.00390625 0.005208333333333333
0.0 0.2646484375 0.37109375 0.0068359375 0.01171875
0.0 0.095703125 0.8841145833333334 0.0078125 0.013020833333333334
