0.0 0.2138671875 0.15609756097560976 0.0126953125 0.023170731707317073
0.0 0.251953125 0.14634146341463414 0.0185546875 0.03048780487804878
0.0 0.328125 0.16097560975609757 0.0146484375 0.024390243902439025
0.0 0.3349609375 0.12560975609756098 0.009765625 0.02195121951219512
0.0 0.3623046875 0.12073170731707317 0.01171875 0.024390243902439025
0.0 0.3876953125 0.15121951219512195 0.009765625 0.020731707317073172
0.0 0.3720703125 0.17317073170731706 0.013671875 0.018292682926829267
0.0 0.3388671875 0.1024390243902439 0.0146484375 0.015853658536585366
0.0 0.294921875 0.174390243902439 0.009765625 0.018292682926829267
0.0 0.4228515625 0.10365853658536585 0.009765625 0.01707317073170732
0.0 0.435546875 0.1353658536585366 0.0126953125 0.024390243902439025
0.0 0.42578125 0.16585365853658537 0.0126953125 0.02804878048780488
0.0 0.4794921875 0.12560975609756098 0.0107421875 0.01951219512195122
0.0 0.462890625 0.17682926829268292 0.0107421875 0.023170731707317073
0.0 0.517578125 0.12439024390243902 0.0126953125 0.026829268292682926
0.0 0.5478515625 0.16219512195121952 0.0146484375 0.02804878048780488
0.0 0.48828125 0.17926829268292682 0.01171875 0.01707317073170732
0.0 0.59375 0.12682926829268293 0.01171875 0.020731707317073172
0.0 0.6259765625 0.11585365853658537 0.0087890625 0.024390243902439025
0.0 0.6669921875 0.1353658536585366 0.0107421875 0.024390243902439025
0.0 0.6650390625 0.1024390243902439 0.013671875 0.026829268292682926
0.0 0.65234375 0.07439024390243902 0.0126953125 0.024390243902439025
0.0 0.5947265625 0.16585365853658537 0.01171875 0.025609756097560974
0.0 0.63671875 0.16219512195121952 0.0146484375 0.03170731707317073
0.0 0.662109375 0.16951219512195123 0.009765625 0.024390243902439025
0.0 0.6787109375 0.17926829268292682 0.01171875 0.025609756097560974
0.0 0.705078125 0.0975609756097561 0.0126953125 0.025609756097560974
0.0 0.7080078125 0.1402439024390244 0.0166015625 0.02926829268292683
0.0 0.7099609375 0.174390243902439 0.0166015625 0.026829268292682926
0.0 0.7548828125 0.10365853658536585 0.0146484375 0.02926829268292683
0.0 0.7958984375 0.11951219512195121 0.0126953125 0.025609756097560974
0.0 0.8056640625 0.16097560975609757 0.0166015625 0.04024390243902439
0.0 0.8388671875 0.1073170731707317 0.013671875 0.03170731707317073
0.0 0.849609375 0.16219512195121952 0.01953125 0.041463414634146344
0.0 0.904296875 0.17926829268292682 0.0146484375 0.036585365853658534
0.0 0.9375 0.11707317073170732 0.015625 0.03048780487804878
0.0 0.955078125 0.17804878048780487 0.0166015625 0.03170731707317073
