0.0 0.208984375 0.6119791666666666 0.0087890625 0.014322916666666666
0.0 0.4443359375 0.6263020833333334 0.0078125 0.013020833333333334
0.0 0.4609375 0.6119791666666666 0.0078125 0.013020833333333334
0.0 0.4775390625 0.60546875 0.0078125 0.01171875
0.0 0.57421875 0.5716145833333334 0.0078125 0.013020833333333334
0.0 0.5654296875 0.5598958333333334 0.0068359375 0.01171875
0.0 0.0419921875 0.6197916666666666 0.0087890625 0.013020833333333334
0.0 0.36328125 0.58203125 0.0078125 0.01171875
0.0 0.3369140625 0.6158854166666666 0.0068359375 0.010416666666666666
0.0 0.2470703125 0.56640625 0.0068359375 0.01171875
0.0 0.4052734375 0.5859375 0.0068359375 0.01171875
0.0 0.3828125 0.55078125 0.0087890625 0.013020833333333334
0.0 0.439453125 0.5494791666666666 0.0048828125 0.009114583333333334
0.0 0.5830078125 0.6197916666666666 0.0068359375 0.013020833333333334
0.0 0.55078125 0.5768229166666666 0.0048828125 0.006510416666666667
0.0 0.5830078125 0.5169270833333334 0.0068359375 0.009114583333333334
0.0 0.5087890625 0.5442708333333334 0.0068359375 0.01171875
0.0 0.2724609375 0.5091145833333334 0.005859375 0.01171875
0.0 0.294921875 0.4765625 0.005859375 0.009114583333333334
0.0 0.2080078125 0.5208333333333334 0.005859375 0.009114583333333334
0.0 0.21875 0.5247395833333334 0.0048828125 0.009114583333333334
0.0 0.119140625 0.5338541666666666 0.0078125 0.009114583333333334
0.0 0.1904296875 0.4700520833333333 0.0048828125 0.009114583333333334
0.0 0.388671875 0.4752604166666667 0.0048828125 0.009114583333333334
0.0 0.619140625 0.8294270833333334 0.0166015625 0.020833333333333332
0.0 0.4609375 0.453125 0.00390625 0.0078125
0.0 0.4775390625 0.4518229166666667 0.0048828125 0.006510416666666667
0.0 0.5048828125 0.4518229166666667 0.0048828125 0.009114583333333334
0.0 0.96484375 0.6263020833333334 0.009765625 0.01171875
0.0 0.302734375 0.5325520833333334 0.005859375 0.0078125
0.0 0.3017578125 0.4921875 0.0078125 0.010416666666666666
0.0 0.3369140625 0.4934895833333333 0.0078125 0.010416666666666666
0.0 0.33984375 0.515625 0.00390625 0.006510416666666667
0.0 0.3740234375 0.578125 0.005859375 0.009114583333333334
0.0 0.3115234375 0.6067708333333334 0.005859375 0.010416666666666666
0.0 0.404296875 0.55859375 0.0078125 0.01171875
0.0 0.375 0.5286458333333334 0.0078125 0.0078125
0.0 0.2421875 0.5989583333333334 0.005859375 0.01171875
0.0 0.3515625 0.671875 0.0048828125 0.014322916666666666
0.0 0.2900390625 0.6979166666666666 0.0107421875 0.014322916666666666
0.0 0.154296875 0.5169270833333334 0.005859375 0.009114583333333334
0.0 0.1220703125 0.58203125 0.00390625 0.010416666666666666
0.0 0.0888671875 0.4817708333333333 0.005859375 0.010416666666666666
0.0 0.0810546875 0.4674479166666667 0.00390625 0.009114583333333334
0.0 0.072265625 0.5065104166666666 0.00390625 0.005208333333333333
0.0 0.046875 0.4908854166666667 0.0068359375 0.010416666666666666
0.0 0.146484375 0.4856770833333333 0.005859375 0.009114583333333334
0.0 0.44921875 0.578125 0.005859375 0.01171875
0.0 0.5546875 0.5807291666666666 0.005859375 0.010416666666666666
0.0 0.5419921875 0.6627604166666666 0.0087890625 0.013020833333333334
0.0 0.4697265625 0.6822916666666666 0.005859375 0.010416666666666666
0.0 0.509765625 0.4830729166666667 0.005859375 0.010416666666666666
0.0 0.1494140625 0.7265625 0.0087890625 0.016927083333333332
0.0 0.16796875 0.734375 0.0087890625 0.015625
0.0 0.3115234375 0.6901041666666666 0.0068359375 0.010416666666666666
0.0 0.3037109375 0.6966145833333334 0.0048828125 0.01171875
0.0 0.232421875 0.5104166666666666 0.00390625 0.006510416666666667
0.0 0.3701171875 0.6966145833333334 0.0078125 0.015625
0.0 0.70703125 0.7135416666666666 0.005859375 0.014322916666666666
0.0 0.6806640625 0.7864583333333334 0.0107421875 0.015625
0.0 0.658203125 0.8255208333333334 0.01171875 0.01953125
0.0 0.6708984375 0.7526041666666666 0.009765625 0.015625
0.0 0.6416015625 0.4596354166666667 0.00390625 0.009114583333333334
