0.0 0.13330078125 0.404296875 0.0283203125 0.048177083333333336
0.0 0.2197265625 0.3020833333333333 0.017578125 0.052083333333333336
0.0 0.35107421875 0.279296875 0.0185546875 0.037760416666666664
0.0 0.37353515625 0.353515625 0.0302734375 0.053385416666666664
0.0 0.4921875 0.3001302083333333 0.01953125 0.040364583333333336
0.0 0.439453125 0.2975260416666667 0.013671875 0.03515625
0.0 0.11767578125 0.3268229166666667 0.0166015625 0.026041666666666668
0.0 0.59130859375 0.3404947916666667 0.0283203125 0.06640625
0.0 0.56884765625 0.296875 0.0302734375 0.046875
0.0 0.70068359375 0.3294270833333333 0.0283203125 0.052083333333333336
0.0 0.67333984375 0.2962239583333333 0.0166015625 0.02734375
0.0 0.74169921875 0.390625 0.0263671875 0.0546875
0.0 0.86572265625 0.36328125 0.0322265625 0.049479166666666664
0.0 0.8544921875 0.2942708333333333 0.01953125 0.036458333333333336
0.0 0.75927734375 0.3033854166666667 0.0205078125 0.041666666666666664
0.0 0.732421875 0.2923177083333333 0.021484375 0.037760416666666664
0.0 0.71044921875 0.2532552083333333 0.0146484375 0.037760416666666664
0.0 0.88720703125 0.2727864583333333 0.0146484375 0.022135416666666668
0.0 0.95556640625 0.294921875 0.0166015625 0.029947916666666668
0.0 0.46875 0.2578125 0.015625 0.028645833333333332
0.0 0.0244140625 0.2897135416666667 0.015625 0.03515625
0.0 0.3740234375 0.2740885416666667 0.013671875 0.02734375
0.0 0.599609375 0.2903645833333333 0.013671875 0.015625
0.0 0.80615234375 0.2864583333333333 0.0126953125 0.020833333333333332
0.0 0.94873046875 0.4088541666666667 0.0146484375 0.026041666666666668
0.0 0.8828125 0.333984375 0.013671875 0.024739583333333332
