0.0 0.8251953125 0.6796875 0.025390625 0.044270833333333336
0.0 0.564453125 0.63671875 0.009765625 0.015625
0.0 0.43505859375 0.5553385416666666 0.0166015625 0.024739583333333332
0.0 0.40283203125 0.6015625 0.0107421875 0.020833333333333332
0.0 0.36376953125 0.7057291666666666 0.0244140625 0.033854166666666664
0.0 0.3310546875 0.59765625 0.0078125 0.013020833333333334
0.0 0.1044921875 0.6783854166666666 0.01953125 0.028645833333333332
0.0 0.13232421875 0.615234375 0.0087890625 0.014322916666666666
0.0 0.177734375 0.619140625 0.009765625 0.014322916666666666
0.0 0.20654296875 0.6002604166666666 0.0087890625 0.015625
0.0 0.09716796875 0.59375 0.0107421875 0.015625
0.0 0.01708984375 0.6360677083333334 0.0146484375 0.016927083333333332
