0.0 0.02685546875 0.4694010416666667 0.0107421875 0.016927083333333332
0.0 0.0478515625 0.484375 0.009765625 0.0234375
0.0 0.095703125 0.4609375 0.01171875 0.018229166666666668
0.0 0.12939453125 0.453125 0.0146484375 0.026041666666666668
0.0 0.21630859375 0.44140625 0.0166015625 0.028645833333333332
0.0 0.20556640625 0.4986979166666667 0.0146484375 0.0234375
0.0 0.2890625 0.5071614583333334 0.009765625 0.016927083333333332
0.0 0.35986328125 0.4583333333333333 0.0068359375 0.013020833333333334
0.0 0.37744140625 0.4518229166666667 0.0048828125 0.010416666666666666
0.0 0.4287109375 0.46484375 0.021484375 0.046875
0.0 0.56103515625 0.376953125 0.0068359375 0.009114583333333334
0.0 0.5546875 0.4544270833333333 0.015625 0.033854166666666664
0.0 0.6513671875 0.4544270833333333 0.005859375 0.010416666666666666
0.0 0.708984375 0.4856770833333333 0.00390625 0.010416666666666666
0.0 0.76611328125 0.4850260416666667 0.0068359375 0.009114583333333334
0.0 0.79541015625 0.4694010416666667 0.0087890625 0.009114583333333334
0.0 0.9208984375 0.4563802083333333 0.009765625 0.02734375
0.0 0.13525390625 0.4114583333333333 0.0068359375 0.010416666666666666
0.0 0.0302734375 0.4153645833333333 0.009765625 0.010416666666666666
0.0 0.2900390625 0.359375 0.0078125 0.010416666666666666
0.0 0.552734375 0.40234375 0.013671875 0.0234375
