0.0 0.16015625 0.3307291666666667 0.00390625 0.0078125
0.0 0.17041015625 0.35546875 0.0048828125 0.0078125
0.0 0.1552734375 0.388671875 0.00390625 0.006510416666666667
0.0 0.12841796875 0.36328125 0.0048828125 0.0078125
0.0 0.10400390625 0.3658854166666667 0.0048828125 0.0078125
0.0 0.0810546875 0.3515625 0.00390625 0.005208333333333333
0.0 0.05859375 0.3391927083333333 0.00390625 0.006510416666666667
0.0 0.11376953125 0.3170572916666667 0.0029296875 0.00390625
0.0 0.12841796875 0.296875 0.0029296875 0.005208333333333333
0.0 0.1005859375 0.2955729166666667 0.00390625 0.005208333333333333
0.0 0.06396484375 0.30078125 0.0029296875 0.005208333333333333
0.0 0.08544921875 0.3958333333333333 0.0048828125 0.005208333333333333
0.0 0.05322265625 0.43359375 0.0048828125 0.0078125
0.0 0.041015625 0.3912760416666667 0.00390625 0.006510416666666667
0.0 0.041015625 0.421875 0.005859375 0.0078125
0.0 0.0537109375 0.419921875 0.00390625 0.006510416666666667
0.0 0.02099609375 0.3645833333333333 0.0048828125 0.0078125
0.0 0.0048828125 0.3391927083333333 0.00390625 0.006510416666666667
0.0 0.009765625 0.373046875 0.00390625 0.006510416666666667
0.0 0.2392578125 0.326171875 0.00390625 0.006510416666666667
0.0 0.24072265625 0.3736979166666667 0.0048828125 0.0078125
0.0 0.2578125 0.4296875 0.005859375 0.010416666666666666
0.0 0.2734375 0.3932291666666667 0.005859375 0.0078125
0.0 0.28759765625 0.3704427083333333 0.0048828125 0.009114583333333334
0.0 0.3095703125 0.390625 0.00390625 0.0078125
0.0 0.3349609375 0.3684895833333333 0.005859375 0.010416666666666666
0.0 0.333984375 0.4954427083333333 0.0078125 0.01171875
0.0 0.3486328125 0.373046875 0.005859375 0.006510416666666667
0.0 0.40380859375 0.3854166666666667 0.0068359375 0.010416666666666666
0.0 0.18798828125 0.376953125 0.0048828125 0.006510416666666667
0.0 0.154296875 0.3678385416666667 0.00390625 0.006510416666666667
0.0 0.19873046875 0.412109375 0.0068359375 0.01171875
0.0 0.20361328125 0.44921875 0.0048828125 0.010416666666666666
0.0 0.1796875 0.4765625 0.005859375 0.010416666666666666
0.0 0.23046875 0.513671875 0.005859375 0.01171875
0.0 0.23828125 0.5188802083333334 0.0078125 0.01171875
0.0 0.2470703125 0.5481770833333334 0.0078125 0.015625
0.0 0.25390625 0.5670572916666666 0.005859375 0.014322916666666666
0.0 0.32080078125 0.5755208333333334 0.0068359375 0.015625
0.0 0.341796875 0.58203125 0.005859375 0.013020833333333334
0.0 0.35546875 0.5234375 0.005859375 0.015625
0.0 0.42333984375 0.5475260416666666 0.0087890625 0.009114583333333334
0.0 0.466796875 0.59375 0.009765625 0.015625
0.0 0.4853515625 0.5286458333333334 0.0078125 0.013020833333333334
0.0 0.61572265625 0.734375 0.0146484375 0.0234375
0.0 0.6357421875 0.8352864583333334 0.01171875 0.022135416666666668
0.0 0.54052734375 0.6809895833333334 0.0146484375 0.0234375
0.0 0.4833984375 0.7272135416666666 0.01953125 0.016927083333333332
0.0 0.5830078125 0.3470052083333333 0.00390625 0.009114583333333334
0.0 0.51708984375 0.3522135416666667 0.0048828125 0.009114583333333334
0.0 0.49853515625 0.3815104166666667 0.0048828125 0.0078125
0.0 0.5966796875 0.4459635416666667 0.005859375 0.01171875
0.0 0.5830078125 0.5104166666666666 0.0078125 0.013020833333333334
0.0 0.43994140625 0.24088541666666666 0.0029296875 0.005208333333333333
0.0 0.36474609375 0.2838541666666667 0.0029296875 0.0078125
0.0 0.39111328125 0.244140625 0.0029296875 0.00390625
0.0 0.39697265625 0.26171875 0.0029296875 0.005208333333333333
0.0 0.380859375 0.267578125 0.001953125 0.00390625
0.0 0.3642578125 0.267578125 0.001953125 0.00390625
0.0 0.353515625 0.2747395833333333 0.001953125 0.005208333333333333
0.0 0.3408203125 0.240234375 0.001953125 0.00390625
0.0 0.37060546875 0.23958333333333334 0.0029296875 0.005208333333333333
0.0 0.46826171875 0.2701822916666667 0.0029296875 0.006510416666666667
0.0 0.09326171875 0.2669270833333333 0.0029296875 0.0078125
0.0 0.08642578125 0.2708333333333333 0.0029296875 0.005208333333333333
0.0 0.12353515625 0.2649739583333333 0.0029296875 0.006510416666666667
0.0 0.12890625 0.26171875 0.001953125 0.005208333333333333
0.0 0.13525390625 0.263671875 0.0029296875 0.00390625
0.0 0.09765625 0.2845052083333333 0.00390625 0.009114583333333334
0.0 0.28173828125 0.24544270833333334 0.0029296875 0.006510416666666667
0.0 0.5302734375 0.25390625 0.00390625 0.0078125
0.0 0.56201171875 0.2630208333333333 0.0048828125 0.0078125
0.0 0.52587890625 0.28125 0.0029296875 0.0078125
0.0 0.61083984375 0.4557291666666667 0.0087890625 0.015625
0.0 0.625 0.4869791666666667 0.009765625 0.015625
0.0 0.5947265625 0.5670572916666666 0.009765625 0.014322916666666666
0.0 0.74609375 0.28515625 0.00390625 0.0078125
0.0 0.7841796875 0.2877604166666667 0.005859375 0.0078125
0.0 0.86279296875 0.296875 0.0048828125 0.0078125
0.0 0.8388671875 0.2942708333333333 0.00390625 0.0078125
0.0 0.830078125 0.3020833333333333 0.00390625 0.0078125
0.0 0.80810546875 0.29296875 0.0048828125 0.0078125
0.0 0.81787109375 0.294921875 0.0048828125 0.009114583333333334
0.0 0.79736328125 0.2799479166666667 0.0048828125 0.0078125
0.0 0.9814453125 0.4016927083333333 0.00390625 0.009114583333333334
0.0 0.94921875 0.400390625 0.00390625 0.006510416666666667
0.0 0.97607421875 0.3717447916666667 0.0029296875 0.009114583333333334
0.0 0.9384765625 0.314453125 0.00390625 0.006510416666666667
0.0 0.6337890625 0.4010416666666667 0.00390625 0.0078125
0.0 0.9326171875 0.5130208333333334 0.0078125 0.018229166666666668
0.0 0.8515625 0.5455729166666666 0.005859375 0.015625
0.0 0.8349609375 0.5240885416666666 0.0078125 0.016927083333333332
0.0 0.8740234375 0.76953125 0.013671875 0.018229166666666668
0.0 0.8994140625 0.8561197916666666 0.01171875 0.01953125
0.0 0.94140625 0.84375 0.01953125 0.028645833333333332
0.0 0.06787109375 0.56640625 0.0068359375 0.015625
0.0 0.65478515625 0.8723958333333334 0.0146484375 0.026041666666666668
0.0 0.81494140625 0.94140625 0.0185546875 0.028645833333333332
0.0 0.12841796875 0.8229166666666666 0.0087890625 0.020833333333333332
0.0 0.375 0.3756510416666667 0.005859375 0.009114583333333334
0.0 0.22607421875 0.3177083333333333 0.0048828125 0.0078125
0.0 0.91943359375 0.3385416666666667 0.0048828125 0.010416666666666666
