0.0 0.095703125 0.2915980230642504 0.0419921875 0.09060955518945635
0.0 0.240234375 0.2273476112026359 0.0478515625 0.10873146622734761
0.0 0.2353515625 0.09719934102141681 0.0439453125 0.09555189456342669
0.0 0.6748046875 0.5502471169686985 0.05859375 0.0642504118616145
0.0 0.5009765625 0.14332784184514002 0.05078125 0.09555189456342669
0.0 0.7646484375 0.1696869851729819 0.0546875 0.12026359143327842
0.0 0.9453125 0.17462932454695224 0.0458984375 0.10049423393739704
0.0 0.90625 0.04118616144975288 0.04296875 0.10543657331136738
0.0 0.470703125 0.06260296540362438 0.03515625 0.07248764415156507
0.0 0.4189453125 0.08731466227347612 0.0302734375 0.06589785831960461
0.0 0.359375 0.0 0.03515625 0.057660626029654036
0.0 0.041015625 0.0 0.0498046875 0.06919275123558484
0.0 0.2265625 0.0 0.0537109375 0.04118616144975288
0.0 0.068359375 0.3113673805601318 0.0234375 0.04942339373970346
