0.0 0.0927734375 0.3923865300146413 0.0078125 0.01171303074670571
0.0 0.1572265625 0.32503660322108346 0.017578125 0.03953147877013177
0.0 0.19921875 0.37481698389458273 0.0087890625 0.02342606149341142
0.0 0.2177734375 0.37920937042459735 0.015625 0.027818448023426062
0.0 0.24609375 0.3850658857979502 0.0087890625 0.017569546120058566
0.0 0.2958984375 0.38945827232796487 0.0078125 0.014641288433382138
0.0 0.3134765625 0.40263543191800877 0.0048828125 0.008784773060029283
0.0 0.181640625 0.35871156661786235 0.0078125 0.01903367496339678
0.0 0.1708984375 0.35724743777452417 0.009765625 0.020497803806734993
0.0 0.3291015625 0.40263543191800877 0.00390625 0.010248901903367497
0.0 0.369140625 0.4158125915080527 0.01953125 0.04685212298682284
0.0 0.68359375 0.4011713030746706 0.00390625 0.01171303074670571
0.0 0.865234375 0.38799414348462663 0.0087890625 0.016105417276720352
0.0 0.9794921875 0.32650073206442165 0.01953125 0.06881405563689605
