0.0 0.1572265625 0.16623207301173404 0.04296875 0.08213820078226858
0.0 0.2890625 0.25097783572359844 0.033203125 0.061277705345501955
0.0 0.3779296875 0.3057366362451108 0.029296875 0.06388526727509779
0.0 0.43896484375 0.35853976531942633 0.0283203125 0.04954367666232073
0.0 0.4833984375 0.3859191655801825 0.01953125 0.04432855280312908
0.0 0.52685546875 0.4165580182529335 0.0205078125 0.03780964797913951
0.0 0.5478515625 0.4315514993481095 0.01953125 0.03389830508474576
0.0 0.57275390625 0.44198174706649285 0.0185546875 0.03389830508474576
0.0 0.59326171875 0.4511082138200782 0.0166015625 0.028683181225554105
0.0 0.60791015625 0.4641460234680574 0.0126953125 0.02607561929595828
0.0 0.61376953125 0.4791395045632334 0.0107421875 0.01955671447196871
0.0 0.6298828125 0.485006518904824 0.015625 0.02607561929595828
0.0 0.64892578125 0.4941329856584094 0.0126953125 0.02346805736636245
0.0 0.666015625 0.4941329856584094 0.013671875 0.02346805736636245
0.0 0.69384765625 0.5078226857887875 0.0126953125 0.02216427640156454
0.0 0.71435546875 0.5091264667535854 0.0107421875 0.02216427640156454
0.0 0.7392578125 0.5195567144719687 0.01171875 0.01955671447196871
0.0 0.76123046875 0.5254237288135594 0.0126953125 0.020860495436766623
0.0 0.78564453125 0.530638852672751 0.0107421875 0.020860495436766623
0.0 0.80859375 0.5312907431551499 0.01171875 0.01955671447196871
0.0 0.83740234375 0.5338983050847458 0.0107421875 0.01694915254237288
0.0 0.8603515625 0.529986962190352 0.01171875 0.01694915254237288
0.0 0.8779296875 0.545632333767927 0.009765625 0.01694915254237288
0.0 0.8955078125 0.5449804432855281 0.009765625 0.01564537157757497
0.0 0.9306640625 0.5541069100391134 0.01171875 0.018252933507170794
