0.0 0.2119140625 0.70703125 0.00390625 0.010416666666666666
0.0 0.1728515625 0.7083333333333334 0.0048828125 0.006510416666666667
0.0 0.1630859375 0.6354166666666666 0.00390625 0.005208333333333333
0.0 0.3408203125 0.9440104166666666 0.0087890625 0.018229166666666668
0.0 0.4775390625 0.9114583333333334 0.013671875 0.018229166666666668
0.0 0.5 0.6979166666666666 0.0048828125 0.010416666666666666
0.0 0.4072265625 0.6458333333333334 0.005859375 0.010416666666666666
0.0 0.52734375 0.6184895833333334 0.001953125 0.009114583333333334
0.0 0.787109375 0.82421875 0.0068359375 0.016927083333333332
0.0 0.6904296875 0.640625 0.0048828125 0.009114583333333334
0.0 0.732421875 0.62109375 0.00390625 0.009114583333333334
0.0 0.6435546875 0.5989583333333334 0.0029296875 0.0078125
0.0 0.7451171875 0.61328125 0.00390625 0.0078125
0.0 0.8515625 0.6901041666666666 0.0029296875 0.009114583333333334
0.0 0.962890625 0.7213541666666666 0.0048828125 0.01171875
0.0 0.826171875 0.6015625 0.0048828125 0.010416666666666666
0.0 0.859375 0.6015625 0.00390625 0.010416666666666666
0.0 0.912109375 0.6106770833333334 0.00390625 0.006510416666666667
0.0 0.9423828125 0.5716145833333334 0.0048828125 0.009114583333333334
0.0 0.939453125 0.6276041666666666 0.00390625 0.0078125
0.0 0.9775390625 0.609375 0.00390625 0.006510416666666667
0.0 0.017578125 0.6640625 0.005859375 0.009114583333333334
0.0 0.046875 0.6536458333333334 0.00390625 0.010416666666666666
0.0 0.052734375 0.7708333333333334 0.0087890625 0.014322916666666666
0.0 0.1083984375 0.7682291666666666 0.0107421875 0.014322916666666666
0.0 0.158203125 0.78515625 0.0078125 0.010416666666666666
0.0 0.0908203125 0.6927083333333334 0.005859375 0.01171875
0.0 0.357421875 0.6145833333333334 0.00390625 0.006510416666666667
0.0 0.23828125 0.6184895833333334 0.0048828125 0.0078125
0.0 0.2294921875 0.6197916666666666 0.00390625 0.010416666666666666
0.0 0.4072265625 0.8125 0.005859375 0.013020833333333334
0.0 0.5458984375 0.6341145833333334 0.00390625 0.01171875
0.0 0.66015625 0.5963541666666666 0.0029296875 0.005208333333333333
0.0 0.798828125 0.59765625 0.005859375 0.0078125
0.0 0.8876953125 0.6119791666666666 0.0048828125 0.0078125
0.0 0.9619140625 0.60546875 0.00390625 0.0078125
0.0 0.9833984375 0.5677083333333334 0.00390625 0.0078125
0.0 0.91015625 0.5598958333333334 0.00390625 0.0078125
0.0 0.1748046875 0.37109375 0.005859375 0.0078125
0.0 0.1982421875 0.3723958333333333 0.00390625 0.0078125
0.0 0.09765625 0.375 0.00390625 0.006510416666666667
0.0 0.0849609375 0.3723958333333333 0.00390625 0.006510416666666667
0.0 0.0869140625 0.38671875 0.00390625 0.006510416666666667
0.0 0.1181640625 0.3815104166666667 0.00390625 0.0078125
0.0 0.154296875 0.3815104166666667 0.0048828125 0.0078125
0.0 0.1484375 0.3815104166666667 0.0048828125 0.0078125
0.0 0.09375 0.6627604166666666 0.0068359375 0.013020833333333334
