0.0 0.14013671875 0.278118609406953 0.0126953125 0.028629856850715747
0.0 0.146484375 0.23415132924335377 0.009765625 0.022494887525562373
0.0 0.130859375 0.24948875255623723 0.0078125 0.024539877300613498
0.0 0.33447265625 0.26380368098159507 0.0380859375 0.09406952965235174
0.0 0.30810546875 0.23415132924335377 0.0048828125 0.018404907975460124
0.0 0.2685546875 0.2443762781186094 0.0078125 0.022494887525562373
0.0 0.40234375 0.29754601226993865 0.005859375 0.022494887525562373
0.0 0.4619140625 0.25869120654396727 0.0078125 0.022494887525562373
0.0 0.4599609375 0.21779141104294478 0.0078125 0.018404907975460124
0.0 0.4853515625 0.20552147239263804 0.005859375 0.022494887525562373
0.0 0.6806640625 0.3159509202453988 0.013671875 0.04703476482617587
0.0 0.81201171875 0.29243353783231085 0.0322265625 0.09815950920245399
0.0 0.87890625 0.3098159509202454 0.009765625 0.026584867075664622
0.0 0.8740234375 0.1083844580777096 0.00390625 0.012269938650306749
0.0 0.88330078125 0.1656441717791411 0.0068359375 0.02044989775051125
0.0 0.87158203125 0.1656441717791411 0.0048828125 0.016359918200409
