0.0 0.080078125 0.2543171114599686 0.01171875 0.029827315541601257
0.0 0.14453125 0.271585557299843 0.017578125 0.03767660910518053
0.0 0.16796875 0.27001569858712715 0.01953125 0.03924646781789639
0.0 0.3583984375 0.27001569858712715 0.0146484375 0.03139717425431711
0.0 0.7080078125 0.3893249607535322 0.0234375 0.0423861852433281
0.0 0.845703125 0.24332810047095763 0.0185546875 0.04081632653061224
0.0 0.9013671875 0.23233908948194662 0.0185546875 0.03924646781789639
0.0 0.9541015625 0.2370486656200942 0.021484375 0.04395604395604396
0.0 0.986328125 0.19152276295133439 0.013671875 0.07849293563579278
0.0 0.7666015625 0.21978021978021978 0.01171875 0.02197802197802198
0.0 0.7919921875 0.23076923076923078 0.017578125 0.03139717425431711
0.0 0.697265625 0.24332810047095763 0.013671875 0.029827315541601257
0.0 0.9189453125 0.20094191522762953 0.0087890625 0.02040816326530612
0.0 0.4013671875 0.4175824175824176 0.0166015625 0.023547880690737835
0.0 0.205078125 0.23861852433281006 0.0078125 0.012558869701726845
0.0 0.1923828125 0.25117739403453687 0.0107421875 0.01726844583987441
0.0 0.2294921875 0.31240188383045525 0.017578125 0.04081632653061224
0.0 0.4443359375 0.2731554160125589 0.021484375 0.05023547880690738
0.0 0.8896484375 0.22291993720565148 0.0087890625 0.018838304552590265
