0.0 0.380859375 0.3250517598343685 0.076171875 0.06487232574189096
0.0 0.62255859375 0.33816425120772947 0.0361328125 0.03450655624568668
0.0 0.52880859375 0.25224292615596966 0.0224609375 0.022774327122153208
0.0 0.5888671875 0.24465148378191856 0.025390625 0.022774327122153208
0.0 0.54736328125 0.24258109040717737 0.0185546875 0.02139406487232574
0.0 0.18896484375 0.18702553485162182 0.0205078125 0.01932367149758454
0.0 0.23681640625 0.19220151828847482 0.0205078125 0.015873015873015872
0.0 0.267578125 0.18426501035196688 0.017578125 0.017943409247757072
0.0 0.84326171875 0.19703243616287094 0.0322265625 0.035196687370600416
0.0 0.1318359375 0.28502415458937197 0.013671875 0.013802622498274672
0.0 0.53125 0.3495514147688061 0.03125 0.025534851621808144
0.0 0.6171875 0.2329192546583851 0.0234375 0.02139406487232574
