0.0 0.90234375 0.2671532846715328 0.017578125 0.040875912408759124
0.0 0.9619140625 0.27883211678832115 0.0146484375 0.03795620437956204
0.0 0.673828125 0.310948905109489 0.017578125 0.03941605839416058
0.0 0.865234375 0.291970802919708 0.0146484375 0.035036496350364967
0.0 0.833984375 0.25985401459854013 0.009765625 0.01897810218978102
0.0 0.8203125 0.29781021897810217 0.0087890625 0.020437956204379562
0.0 0.7412109375 0.29781021897810217 0.009765625 0.021897810218978103
0.0 0.7578125 0.28029197080291973 0.0107421875 0.021897810218978103
0.0 0.619140625 0.28029197080291973 0.0087890625 0.016058394160583942
0.0 0.6337890625 0.28613138686131384 0.0068359375 0.008759124087591242
0.0 0.583984375 0.27883211678832115 0.0087890625 0.017518248175182483
0.0 0.3779296875 0.32554744525547447 0.0244140625 0.043795620437956206
0.0 0.5009765625 0.2948905109489051 0.017578125 0.043795620437956206
0.0 0.529296875 0.2905109489051095 0.009765625 0.02335766423357664
0.0 0.21875 0.2832116788321168 0.0185546875 0.051094890510948905
0.0 0.083984375 0.33138686131386863 0.03125 0.05693430656934306
0.0 0.2607421875 0.27153284671532846 0.01171875 0.029197080291970802
0.0 0.279296875 0.28613138686131384 0.0078125 0.021897810218978103
0.0 0.3359375 0.27445255474452557 0.0078125 0.01897810218978102
0.0 0.326171875 0.2583941605839416 0.0078125 0.017518248175182483
0.0 0.404296875 0.2773722627737226 0.0087890625 0.014598540145985401
0.0 0.421875 0.27883211678832115 0.0078125 0.016058394160583942
0.0 0.1728515625 0.28175182481751826 0.0146484375 0.032116788321167884
0.0 0.119140625 0.2656934306569343 0.01171875 0.027737226277372264
0.0 0.0908203125 0.2671532846715328 0.0126953125 0.029197080291970802
0.0 0.068359375 0.2773722627737226 0.01171875 0.02335766423357664
0.0 0.0458984375 0.28175182481751826 0.0107421875 0.026277372262773723
0.0 0.0185546875 0.26423357664233577 0.0048828125 0.010218978102189781
0.0 0.1796875 0.2656934306569343 0.009765625 0.017518248175182483
0.0 0.3544921875 0.3167883211678832 0.01171875 0.029197080291970802
0.0 0.234375 0.28029197080291973 0.0205078125 0.03941605839416058
0.0 0.3291015625 0.2846715328467153 0.0126953125 0.014598540145985401
0.0 0.3076171875 0.27883211678832115 0.0107421875 0.017518248175182483
0.0 0.0 0.25985401459854013 0.0107421875 0.017518248175182483
