0.0 0.76171875 0.6009693053311793 0.052734375 0.10016155088852989
0.0 0.8681640625 0.42326332794830374 0.041015625 0.08562197092084006
0.0 0.810546875 0.42326332794830374 0.037109375 0.0791599353796446
0.0 0.7138671875 0.4878836833602585 0.041015625 0.08239095315024232
0.0 0.62890625 0.5040387722132472 0.041015625 0.07754442649434572
0.0 0.5986328125 0.3877221324717286 0.0400390625 0.08077544426494346
0.0 0.5849609375 0.3247172859450727 0.02734375 0.05492730210016155
0.0 0.625 0.004846526655896607 0.029296875 0.06946688206785137
0.0 0.7099609375 0.009693053311793215 0.0234375 0.06462035541195477
0.0 0.826171875 0.051696284329563816 0.0205078125 0.061389337641357025
0.0 0.8876953125 0.16155088852988692 0.02734375 0.05977382875605816
0.0 0.849609375 0.2924071082390953 0.03125 0.06623586429725363
0.0 0.853515625 0.25040387722132473 0.0234375 0.05654281098546042
0.0 0.671875 0.2730210016155089 0.0244140625 0.048465266558966075
0.0 0.6494140625 0.345718901453958 0.0283203125 0.0791599353796446
0.0 0.607421875 0.2649434571890145 0.0205078125 0.05654281098546042
0.0 0.55859375 0.03231017770597738 0.02734375 0.06946688206785137
0.0 0.7294921875 0.3198707592891761 0.037109375 0.08239095315024232
0.0 0.6484375 0.8901453957996769 0.0712890625 0.1098546042003231
0.0 0.5654296875 0.7463651050080775 0.0439453125 0.09693053311793215
0.0 0.93359375 0.8917609046849758 0.046875 0.1050080775444265
0.0 0.5849609375 0.4781906300484653 0.03515625 0.05654281098546042
0.0 0.466796875 0.4168012924071082 0.029296875 0.07108239095315025
0.0 0.3935546875 0.45234248788368336 0.033203125 0.05977382875605816
0.0 0.130859375 0.21324717285945072 0.0478515625 0.15508885298869143
0.0 0.3056640625 0.20032310177705978 0.02734375 0.0840064620355412
0.0 0.21484375 0.0888529886914378 0.0439453125 0.11308562197092084
0.0 0.3603515625 0.014539579967689823 0.0244140625 0.035541195476575124
0.0 0.296875 0.0420032310177706 0.025390625 0.05815831987075929
0.0 0.337890625 0.03877221324717286 0.01171875 0.0210016155088853
0.0 0.33203125 0.012924071082390954 0.0126953125 0.01615508885298869
0.0 0.7578125 0.0 0.0263671875 0.0420032310177706
0.0 0.375 0.07592891760904685 0.0439453125 0.08077544426494346
0.0 0.458984375 0.01938610662358643 0.03125 0.06785137318255251
0.0 0.4990234375 0.050080775444264945 0.0283203125 0.06462035541195477
