0.0 0.63037109375 0.29970104633781763 0.0361328125 0.08221225710014948
0.0 0.83544921875 0.3273542600896861 0.0263671875 0.05082212257100149
0.0 0.82568359375 0.25112107623318386 0.0185546875 0.03587443946188341
0.0 0.87646484375 0.2428998505231689 0.0224609375 0.04633781763826607
0.0 0.79150390625 0.25112107623318386 0.0146484375 0.029895366218236172
0.0 0.56640625 0.21076233183856502 0.0234375 0.04783258594917788
0.0 0.47021484375 0.21225710014947682 0.0205078125 0.04484304932735426
0.0 0.37353515625 0.19805680119581465 0.0185546875 0.04035874439461883
0.0 0.24462890625 0.21225710014947682 0.0205078125 0.04185351270553064
0.0 0.3876953125 0.2399103139013453 0.017578125 0.028400597907324365
0.0 0.15869140625 0.2414050822122571 0.0185546875 0.03736920777279522
