0.0 0.5458984375 0.21397379912663755 0.0771484375 0.14992721979621543
0.0 0.373046875 0.11062590975254731 0.0283203125 0.05240174672489083
0.0 0.69140625 0.14410480349344978 0.044921875 0.09461426491994178
0.0 0.80078125 0.15283842794759825 0.02734375 0.046579330422125184
0.0 0.8935546875 0.1950509461426492 0.0322265625 0.06404657933042213
0.0 0.318359375 0.1222707423580786 0.0234375 0.046579330422125184
0.0 0.27734375 0.1091703056768559 0.0185546875 0.03784570596797671
0.0 0.3056640625 0.10043668122270742 0.0166015625 0.03202328966521106
0.0 0.0380859375 0.08151382823871907 0.0107421875 0.021834061135371178
0.0 0.09375 0.08442503639010189 0.015625 0.033478893740902474
0.0 0.1640625 0.09898107714701601 0.01171875 0.026200873362445413
0.0 0.1884765625 0.10334788937409024 0.01171875 0.026200873362445413
0.0 0.25 0.10334788937409024 0.0087890625 0.024745269286754003
0.0 0.5625 0.14264919941775836 0.0107421875 0.020378457059679767
0.0 0.607421875 0.13682678311499272 0.03125 0.056768558951965066
0.0 0.958984375 0.13828238719068414 0.0283203125 0.050946142649199416
0.0 0.884765625 0.15574963609898107 0.0107421875 0.018922852983988356
0.0 0.833984375 0.14847161572052403 0.009765625 0.018922852983988356
0.0 0.9130859375 0.09898107714701601 0.0078125 0.01601164483260553
0.0 0.859375 0.12081513828238719 0.005859375 0.013100436681222707
0.0 0.7021484375 0.09461426491994178 0.0234375 0.042212518195050945
0.0 0.21875 0.12081513828238719 0.0087890625 0.018922852983988356
0.0 0.9365234375 0.13100436681222707 0.021484375 0.04512372634643377
0.0 0.36328125 0.1222707423580786 0.009765625 0.020378457059679767
0.0 0.0693359375 0.08733624454148471 0.0068359375 0.01601164483260553
