0.0 0.751953125 0.24853372434017595 0.009765625 0.016129032258064516
0.0 0.787109375 0.2434017595307918 0.005859375 0.01466275659824047
0.0 0.80126953125 0.27346041055718473 0.0146484375 0.024926686217008796
0.0 0.74267578125 0.17155425219941348 0.0126953125 0.02346041055718475
0.0 0.8046875 0.21114369501466276 0.009765625 0.020527859237536656
0.0 0.77392578125 0.18475073313782991 0.0126953125 0.017595307917888565
0.0 0.74951171875 0.20527859237536658 0.0087890625 0.011730205278592375
0.0 0.7607421875 0.22947214076246333 0.009765625 0.016129032258064516
0.0 0.77099609375 0.2375366568914956 0.0107421875 0.02346041055718475
0.0 0.68408203125 0.2375366568914956 0.0107421875 0.020527859237536656
0.0 0.66455078125 0.25439882697947214 0.0087890625 0.01906158357771261
0.0 0.65185546875 0.24120234604105573 0.0087890625 0.021994134897360705
0.0 0.64208984375 0.23387096774193547 0.0107421875 0.021994134897360705
0.0 0.64794921875 0.17155425219941348 0.0126953125 0.020527859237536656
0.0 0.67041015625 0.17668621700879766 0.0126953125 0.024926686217008796
0.0 0.64111328125 0.0872434017595308 0.0087890625 0.01906158357771261
0.0 0.63427734375 0.13196480938416422 0.0107421875 0.02346041055718475
0.0 0.552734375 0.33284457478005863 0.013671875 0.03225806451612903
0.0 0.580078125 0.27785923753665687 0.013671875 0.02785923753665689
0.0 0.560546875 0.26392961876832843 0.01171875 0.02932551319648094
0.0 0.50341796875 0.3284457478005865 0.0166015625 0.02932551319648094
0.0 0.4814453125 0.3343108504398827 0.01953125 0.04398826979472141
0.0 0.4599609375 0.33064516129032256 0.013671875 0.030791788856304986
0.0 0.4150390625 0.34384164222873903 0.013671875 0.030791788856304986
0.0 0.4091796875 0.3086510263929619 0.013671875 0.021994134897360705
0.0 0.439453125 0.2785923753665689 0.013671875 0.020527859237536656
0.0 0.470703125 0.2749266862170088 0.009765625 0.016129032258064516
0.0 0.46533203125 0.25439882697947214 0.0107421875 0.01906158357771261
0.0 0.5263671875 0.2668621700879765 0.0078125 0.020527859237536656
0.0 0.62939453125 0.2661290322580645 0.0146484375 0.021994134897360705
0.0 0.95947265625 0.3027859237536657 0.0126953125 0.030791788856304986
0.0 0.89697265625 0.2932551319648094 0.0126953125 0.020527859237536656
0.0 0.89013671875 0.21700879765395895 0.0107421875 0.017595307917888565
0.0 0.87646484375 0.2844574780058651 0.0087890625 0.017595307917888565
0.0 0.85693359375 0.17961876832844575 0.0107421875 0.021994134897360705
0.0 0.87109375 0.16495601173020527 0.0078125 0.01906158357771261
0.0 0.9677734375 0.093841642228739 0.009765625 0.020527859237536656
0.0 0.98291015625 0.08651026392961877 0.0107421875 0.026392961876832845
0.0 0.97119140625 0.18621700879765396 0.0107421875 0.020527859237536656
0.0 0.97900390625 0.14809384164222875 0.0107421875 0.02346041055718475
0.0 0.953125 0.24120234604105573 0.009765625 0.016129032258064516
0.0 0.96875 0.2763929618768328 0.01171875 0.021994134897360705
0.0 0.951171875 0.21334310850439883 0.0078125 0.013196480938416423
0.0 0.8515625 0.23900293255131966 0.01171875 0.02346041055718475
0.0 0.83935546875 0.2697947214076246 0.0107421875 0.020527859237536656
0.0 0.712890625 0.16862170087976538 0.01171875 0.020527859237536656
0.0 0.88330078125 0.3489736070381232 0.0244140625 0.05571847507331378
0.0 0.61767578125 0.3189149560117302 0.0263671875 0.051319648093841645
0.0 0.9892578125 0.2470674486803519 0.013671875 0.02785923753665689
0.0 0.97900390625 0.2316715542521994 0.0126953125 0.026392961876832845
0.0 0.7734375 0.3284457478005865 0.015625 0.02932551319648094
0.0 0.81640625 0.2844574780058651 0.013671875 0.026392961876832845
0.0 0.81982421875 0.24120234604105573 0.0107421875 0.01906158357771261
0.0 0.84765625 0.3086510263929619 0.01171875 0.030791788856304986
0.0 0.68017578125 0.3497067448680352 0.0107421875 0.039589442815249266
0.0 0.68310546875 0.3086510263929619 0.0146484375 0.030791788856304986
0.0 0.72607421875 0.3343108504398827 0.0185546875 0.03519061583577713
0.0 0.7236328125 0.29838709677419356 0.015625 0.02785923753665689
0.0 0.7109375 0.2060117302052786 0.009765625 0.01906158357771261
0.0 0.41650390625 0.27346041055718473 0.0126953125 0.02785923753665689
0.0 0.28369140625 0.3453079178885631 0.0185546875 0.04252199413489736
0.0 0.3466796875 0.3497067448680352 0.01953125 0.036656891495601175
0.0 0.3798828125 0.3196480938416422 0.017578125 0.03225806451612903
0.0 0.36279296875 0.2961876832844575 0.0107421875 0.026392961876832845
0.0 0.34326171875 0.3020527859237537 0.0068359375 0.01466275659824047
0.0 0.30029296875 0.3247800586510264 0.0146484375 0.036656891495601175
0.0 0.32275390625 0.3027859237536657 0.0107421875 0.021994134897360705
0.0 0.30859375 0.2749266862170088 0.01171875 0.024926686217008796
0.0 0.2314453125 0.3555718475073314 0.017578125 0.04252199413489736
0.0 0.2568359375 0.3548387096774194 0.013671875 0.02932551319648094
0.0 0.2724609375 0.3255131964809384 0.01171875 0.02932551319648094
0.0 0.25 0.31451612903225806 0.01171875 0.021994134897360705
0.0 0.2705078125 0.2903225806451613 0.0078125 0.02346041055718475
0.0 0.28515625 0.29178885630498536 0.009765625 0.026392961876832845
0.0 0.265625 0.2587976539589443 0.01171875 0.024926686217008796
0.0 0.2509765625 0.26832844574780057 0.009765625 0.026392961876832845
0.0 0.24462890625 0.28225806451612906 0.0126953125 0.02785923753665689
0.0 0.21630859375 0.29765395894428154 0.0185546875 0.04398826979472141
0.0 0.21240234375 0.26832844574780057 0.0166015625 0.02932551319648094
0.0 0.1826171875 0.34824046920821117 0.015625 0.02785923753665689
0.0 0.146484375 0.31671554252199413 0.017578125 0.03225806451612903
0.0 0.10107421875 0.3262463343108504 0.0205078125 0.04838709677419355
0.0 0.13330078125 0.2903225806451613 0.0087890625 0.017595307917888565
0.0 0.14501953125 0.25513196480938416 0.0087890625 0.017595307917888565
0.0 0.16650390625 0.2624633431085044 0.0126953125 0.020527859237536656
0.0 0.18310546875 0.3086510263929619 0.0107421875 0.021994134897360705
0.0 0.1640625 0.3196480938416422 0.0078125 0.017595307917888565
0.0 0.16162109375 0.28812316715542524 0.0087890625 0.01906158357771261
0.0 0.0380859375 0.2668621700879765 0.009765625 0.020527859237536656
0.0 0.021484375 0.26466275659824046 0.009765625 0.021994134897360705
0.0 0.07861328125 0.26392961876832843 0.0068359375 0.01466275659824047
0.0 0.1240234375 0.2763929618768328 0.013671875 0.021994134897360705
0.0 0.1015625 0.2719941348973607 0.01171875 0.024926686217008796
0.0 0.0703125 0.3255131964809384 0.017578125 0.04985337243401759
0.0 0.40087890625 0.26832844574780057 0.0087890625 0.017595307917888565
0.0 0.54638671875 0.26466275659824046 0.0087890625 0.01906158357771261
0.0 0.4951171875 0.2844574780058651 0.0078125 0.02346041055718475
0.0 0.685546875 0.19281524926686217 0.009765625 0.016129032258064516
0.0 0.7021484375 0.2368035190615836 0.009765625 0.01906158357771261
0.0 0.80712890625 0.1348973607038123 0.0107421875 0.020527859237536656
0.0 0.66259765625 0.09090909090909091 0.0107421875 0.020527859237536656
0.0 0.67822265625 0.11803519061583578 0.0087890625 0.016129032258064516
0.0 0.7373046875 0.11510263929618768 0.009765625 0.021994134897360705
0.0 0.8095703125 0.10483870967741936 0.009765625 0.01906158357771261
0.0 0.79052734375 0.10410557184750734 0.0126953125 0.017595307917888565
0.0 0.80517578125 0.0747800586510264 0.0087890625 0.017595307917888565
0.0 0.75048828125 0.08211143695014662 0.0087890625 0.017595307917888565
0.0 0.74609375 0.09970674486803519 0.009765625 0.017595307917888565
0.0 0.70751953125 0.07551319648093842 0.0107421875 0.01906158357771261
0.0 0.6767578125 0.07258064516129033 0.009765625 0.01906158357771261
0.0 0.77392578125 0.11070381231671554 0.0107421875 0.01906158357771261
0.0 0.6875 0.09164222873900293 0.009765625 0.016129032258064516
0.0 0.70751953125 0.11510263929618768 0.0087890625 0.021994134897360705
0.0 0.85595703125 0.21774193548387097 0.0087890625 0.024926686217008796
0.0 0.76318359375 0.2932551319648094 0.0146484375 0.02346041055718475
0.0 0.71728515625 0.2287390029325513 0.0126953125 0.02346041055718475
0.0 0.75244140625 0.13196480938416422 0.0068359375 0.02346041055718475
0.0 0.79248046875 0.0718475073313783 0.0087890625 0.017595307917888565
0.0 0.88623046875 0.1598240469208211 0.0087890625 0.017595307917888565
0.0 0.9326171875 0.15469208211143695 0.013671875 0.03372434017595308
0.0 0.6015625 0.2719941348973607 0.013671875 0.024926686217008796
0.0 0.1162109375 0.25733137829912023 0.01171875 0.021994134897360705
0.0 0.1865234375 0.2595307917888563 0.009765625 0.020527859237536656
0.0 0.24267578125 0.2558651026392962 0.0107421875 0.01906158357771261
0.0 0.056640625 0.28079178885630496 0.01171875 0.030791788856304986
0.0 0.009765625 0.27346041055718473 0.01171875 0.030791788856304986
