0.0 0.08837890625 0.34260614934114203 0.0107421875 0.02342606149341142
0.0 0.1220703125 0.31991215226939973 0.01171875 0.021961932650073207
0.0 0.1416015625 0.36749633967789164 0.009765625 0.02342606149341142
0.0 0.0791015625 0.3726207906295754 0.01171875 0.03074670571010249
0.0 0.064453125 0.43191800878477304 0.015625 0.029282576866764276
0.0 0.04443359375 0.4216691068814056 0.0166015625 0.032210834553440704
0.0 0.203125 0.4062957540263543 0.013671875 0.027818448023426062
0.0 0.24560546875 0.4253294289897511 0.0107421875 0.024890190336749635
0.0 0.3115234375 0.42313323572474376 0.013671875 0.03513909224011713
0.0 0.40234375 0.4172767203513909 0.009765625 0.029282576866764276
0.0 0.42578125 0.41142020497803805 0.009765625 0.032210834553440704
0.0 0.2822265625 0.40995607613469986 0.01171875 0.02342606149341142
0.0 0.2841796875 0.37042459736456806 0.009765625 0.029282576866764276
0.0 0.24658203125 0.37774524158125916 0.0107421875 0.020497803806734993
0.0 0.25244140625 0.4128843338213763 0.0126953125 0.029282576866764276
0.0 0.04248046875 0.37481698389458273 0.0048828125 0.01171303074670571
0.0 0.0478515625 0.3623718887262079 0.005859375 0.010248901903367497
0.0 0.35009765625 0.38872620790629575 0.0068359375 0.016105417276720352
0.0 0.3974609375 0.38726207906295756 0.009765625 0.024890190336749635
0.0 0.43408203125 0.3821376281112738 0.0087890625 0.02342606149341142
0.0 0.453125 0.3784773060029283 0.0078125 0.016105417276720352
0.0 0.30419921875 0.3821376281112738 0.0107421875 0.020497803806734993
0.0 0.296875 0.36603221083455345 0.0078125 0.014641288433382138
0.0 0.19873046875 0.3828696925329429 0.0107421875 0.01903367496339678
0.0 0.32861328125 0.4055636896046852 0.0107421875 0.02635431918008785
0.0 0.3310546875 0.37042459736456806 0.0078125 0.020497803806734993
0.0 0.3193359375 0.38945827232796487 0.009765625 0.017569546120058566
0.0 0.5244140625 0.3726207906295754 0.013671875 0.036603221083455345
0.0 0.6669921875 0.4253294289897511 0.013671875 0.03074670571010249
0.0 0.7060546875 0.465592972181552 0.01171875 0.02342606149341142
0.0 0.75048828125 0.4260614934114202 0.0107421875 0.032210834553440704
0.0 0.740234375 0.465592972181552 0.009765625 0.029282576866764276
0.0 0.55517578125 0.42825768667642755 0.0087890625 0.01903367496339678
0.0 0.4794921875 0.3814055636896047 0.0078125 0.016105417276720352
0.0 0.46533203125 0.37774524158125916 0.0068359375 0.017569546120058566
0.0 0.57763671875 0.4267935578330893 0.0107421875 0.021961932650073207
0.0 0.5869140625 0.42313323572474376 0.0078125 0.020497803806734993
0.0 0.5947265625 0.390190336749634 0.009765625 0.016105417276720352
0.0 0.857421875 0.45534407027818447 0.015625 0.03513909224011713
0.0 0.9013671875 0.4377745241581259 0.009765625 0.017569546120058566
0.0 0.87451171875 0.4158125915080527 0.0068359375 0.014641288433382138
0.0 0.791015625 0.43484626647144947 0.0078125 0.020497803806734993
0.0 0.64306640625 0.42825768667642755 0.0126953125 0.024890190336749635
0.0 0.732421875 0.41215226939970717 0.009765625 0.024890190336749635
0.0 0.556640625 0.3931185944363104 0.0078125 0.016105417276720352
0.0 0.94384765625 0.42972181551976574 0.0068359375 0.016105417276720352
0.0 0.197265625 0.34992679355783307 0.01171875 0.020497803806734993
0.0 0.81201171875 0.42825768667642755 0.0107421875 0.024890190336749635
0.0 0.15283203125 0.3689604685212299 0.0107421875 0.017569546120058566
0.0 0.0107421875 0.3528550512445095 0.015625 0.03513909224011713
