0.0 0.751953125 0.4930167597765363 0.0068359375 0.012569832402234637
0.0 0.7294921875 0.49162011173184356 0.0068359375 0.0111731843575419
0.0 0.849609375 0.49441340782122906 0.0048828125 0.015363128491620111
0.0 0.8583984375 0.5013966480446927 0.005859375 0.013966480446927373
0.0 0.90625 0.5097765363128491 0.0078125 0.0111731843575419
0.0 0.8896484375 0.5083798882681564 0.0048828125 0.0111731843575419
0.0 0.8701171875 0.4972067039106145 0.0078125 0.0111731843575419
0.0 0.9423828125 0.5083798882681564 0.005859375 0.015363128491620111
0.0 0.9189453125 0.5097765363128491 0.0029296875 0.0111731843575419
0.0 0.794921875 0.505586592178771 0.0078125 0.0111731843575419
0.0 0.6904296875 0.49860335195530725 0.005859375 0.013966480446927373
0.0 0.6220703125 0.45251396648044695 0.0166015625 0.0335195530726257
0.0 0.541015625 0.4329608938547486 0.01953125 0.0335195530726257
0.0 0.47265625 0.2723463687150838 0.005859375 0.012569832402234637
0.0 0.53125 0.28212290502793297 0.0078125 0.0111731843575419
0.0 0.5 0.28212290502793297 0.005859375 0.009776536312849162
0.0 0.5576171875 0.2877094972067039 0.0048828125 0.009776536312849162
0.0 0.5673828125 0.2849162011173184 0.005859375 0.013966480446927373
0.0 0.6171875 0.2779329608938548 0.0048828125 0.013966480446927373
0.0 0.650390625 0.28910614525139666 0.0068359375 0.012569832402234637
0.0 0.623046875 0.28910614525139666 0.005859375 0.0111731843575419
0.0 0.06640625 0.4329608938547486 0.0205078125 0.029329608938547486
0.0 0.1298828125 0.4441340782122905 0.0166015625 0.02653631284916201
0.0 0.181640625 0.43854748603351956 0.015625 0.0335195530726257
0.0 0.205078125 0.41899441340782123 0.0185546875 0.030726256983240222
0.0 0.271484375 0.4371508379888268 0.0185546875 0.036312849162011177
0.0 0.3115234375 0.4762569832402235 0.0048828125 0.013966480446927373
0.0 0.318359375 0.4175977653631285 0.0048828125 0.012569832402234637
0.0 0.3388671875 0.3924581005586592 0.005859375 0.012569832402234637
0.0 0.26171875 0.38966480446927376 0.0048828125 0.0111731843575419
0.0 0.2734375 0.3770949720670391 0.005859375 0.012569832402234637
0.0 0.287109375 0.3729050279329609 0.0048828125 0.013966480446927373
0.0 0.2998046875 0.3743016759776536 0.005859375 0.009776536312849162
0.0 0.3076171875 0.3812849162011173 0.0048828125 0.008379888268156424
0.0 0.3154296875 0.37011173184357543 0.0068359375 0.013966480446927373
0.0 0.341796875 0.361731843575419 0.0068359375 0.0111731843575419
0.0 0.2998046875 0.47067039106145253 0.0078125 0.01675977653631285
0.0 0.2861328125 0.4092178770949721 0.0068359375 0.0111731843575419
0.0 0.2626953125 0.3770949720670391 0.0048828125 0.009776536312849162
0.0 0.375 0.46368715083798884 0.0185546875 0.03212290502793296
0.0 0.3828125 0.3659217877094972 0.005859375 0.0111731843575419
0.0 0.3583984375 0.3659217877094972 0.0078125 0.0111731843575419
0.0 0.326171875 0.361731843575419 0.0078125 0.0111731843575419
0.0 0.7158203125 0.2779329608938548 0.0068359375 0.0111731843575419
0.0 0.6982421875 0.2751396648044693 0.0068359375 0.012569832402234637
0.0 0.6796875 0.2723463687150838 0.0068359375 0.012569832402234637
0.0 0.7578125 0.2737430167597765 0.0048828125 0.012569832402234637
0.0 0.78125 0.2751396648044693 0.0078125 0.0111731843575419
0.0 0.7646484375 0.2723463687150838 0.0068359375 0.012569832402234637
0.0 0.802734375 0.2807262569832402 0.005859375 0.012569832402234637
0.0 0.826171875 0.2835195530726257 0.0068359375 0.012569832402234637
0.0 0.4794921875 0.4748603351955307 0.0107421875 0.02094972067039106
0.0 0.5029296875 0.48743016759776536 0.009765625 0.013966480446927373
0.0 0.8369140625 0.5111731843575419 0.0078125 0.018156424581005588
0.0 0.76953125 0.4958100558659218 0.0126953125 0.012569832402234637
0.0 0.8623046875 0.2723463687150838 0.0078125 0.012569832402234637
0.0 0.8935546875 0.28212290502793297 0.0068359375 0.0111731843575419
0.0 0.9267578125 0.2737430167597765 0.0078125 0.013966480446927373
0.0 0.9482421875 0.2751396648044693 0.0078125 0.015363128491620111
0.0 0.9619140625 0.28212290502793297 0.005859375 0.012569832402234637
0.0 0.8779296875 0.2737430167597765 0.0078125 0.012569832402234637
0.0 0.9111328125 0.28212290502793297 0.0068359375 0.013966480446927373
0.0 0.84375 0.276536312849162 0.0078125 0.013966480446927373
0.0 0.4296875 0.32122905027932963 0.005859375 0.008379888268156424
0.0 0.48828125 0.276536312849162 0.0068359375 0.013966480446927373
0.0 0.5791015625 0.27932960893854747 0.0087890625 0.0111731843575419
0.0 0.6357421875 0.2877094972067039 0.0068359375 0.0111731843575419
0.0 0.9716796875 0.27932960893854747 0.0068359375 0.009776536312849162
0.0 0.9833984375 0.2849162011173184 0.0068359375 0.009776536312849162
