0.0 0.93017578125 0.27043478260869563 0.0185546875 0.04
0.0 0.94140625 0.5130434782608696 0.015625 0.04173913043478261
0.0 0.8828125 0.6834782608695652 0.013671875 0.04869565217391304
0.0 0.798828125 0.5521739130434783 0.01953125 0.04
0.0 0.7763671875 0.3739130434782609 0.01953125 0.04521739130434783
0.0 0.8759765625 0.37217391304347824 0.01953125 0.04869565217391304
0.0 0.6630859375 0.11478260869565217 0.013671875 0.034782608695652174
0.0 0.693359375 0.16608695652173913 0.015625 0.036521739130434785
0.0 0.74072265625 0.16956521739130434 0.0166015625 0.036521739130434785
0.0 0.80029296875 0.17478260869565218 0.0146484375 0.036521739130434785
0.0 0.55615234375 0.06173913043478261 0.0166015625 0.04
0.0 0.58984375 0.08956521739130435 0.017578125 0.043478260869565216
0.0 0.64404296875 0.06 0.0185546875 0.036521739130434785
0.0 0.267578125 0.4539130434782609 0.015625 0.04521739130434783
0.0 0.03173828125 0.09217391304347826 0.0185546875 0.04521739130434783
0.0 0.12060546875 0.01217391304347826 0.0166015625 0.02434782608695652
0.0 0.7216796875 0.025217391304347827 0.015625 0.03304347826086956
0.0 0.00634765625 0.23304347826086957 0.0126953125 0.04173913043478261
0.0 0.126953125 0.8226086956521739 0.02734375 0.04521739130434783
