0.0 0.6044921875 0.4213263979193758 0.0234375 0.06371911573472042
0.0 0.486328125 0.28608582574772434 0.025390625 0.04031209362808843
0.0 0.5263671875 0.247074122236671 0.015625 0.04031209362808843
0.0 0.4541015625 0.21586475942782835 0.01953125 0.036410923276983094
0.0 0.3056640625 0.44213263979193757 0.0341796875 0.05851755526657997
0.0 0.1533203125 0.34980494148244473 0.01953125 0.04291287386215865
0.0 0.0927734375 0.258777633289987 0.005859375 0.007802340702210663
0.0 0.0048828125 0.3211963589076723 0.0146484375 0.02860858257477243
0.0 0.11328125 0.5578673602080624 0.0302734375 0.054616384915474644
0.0 0.3056640625 0.3589076723016905 0.0087890625 0.015604681404421327
0.0 0.060546875 0.23927178153446033 0.0068359375 0.015604681404421327
0.0 0.0556640625 0.36280884265279584 0.01171875 0.02600780234070221
0.0 0.115234375 0.33940182054616386 0.015625 0.02080624187256177
0.0 0.16796875 0.33159947984395316 0.0068359375 0.014304291287386216
0.0 0.365234375 0.34460338101430427 0.0068359375 0.014304291287386216
0.0 0.3955078125 0.3511053315994798 0.0048828125 0.014304291287386216
0.0 0.30859375 0.26788036410923277 0.0078125 0.014304291287386216
0.0 0.2880859375 0.2626788036410923 0.0068359375 0.014304291287386216
0.0 0.1865234375 0.2626788036410923 0.0068359375 0.013003901170351105
0.0 0.171875 0.258777633289987 0.0068359375 0.010403120936280884
0.0 0.1279296875 0.26007802340702213 0.0068359375 0.011703511053315995
0.0 0.109375 0.2535760728218466 0.005859375 0.015604681404421327
0.0 0.3369140625 0.3328998699609883 0.009765625 0.016905071521456438
0.0 0.251953125 0.33029908972691807 0.0068359375 0.014304291287386216
0.0 0.2529296875 0.3550065019505852 0.0068359375 0.014304291287386216
0.0 0.2626953125 0.32639791937581275 0.0068359375 0.014304291287386216
0.0 0.0927734375 0.32639791937581275 0.0126953125 0.02080624187256177
0.0 0.0791015625 0.33029908972691807 0.0107421875 0.018205461638491547
0.0 0.4169921875 0.3641092327698309 0.0078125 0.015604681404421327
0.0 0.0205078125 0.3342002600780234 0.0126953125 0.022106631989596878
0.0 0.078125 0.25227568270481143 0.009765625 0.015604681404421327
0.0 0.2216796875 0.270481144343303 0.005859375 0.010403120936280884
0.0 0.3271484375 0.270481144343303 0.005859375 0.011703511053315995
0.0 0.33984375 0.26397919375812745 0.005859375 0.010403120936280884
