0.0 0.0771484375 0.343205574912892 0.017578125 0.04529616724738676
0.0 0.275390625 0.40418118466898956 0.021484375 0.05226480836236934
0.0 0.32763671875 0.3893728222996516 0.0166015625 0.04355400696864112
0.0 0.33203125 0.343205574912892 0.01953125 0.03832752613240418
0.0 0.24755859375 0.37717770034843207 0.0166015625 0.036585365853658534
0.0 0.4208984375 0.3554006968641115 0.015625 0.04529616724738676
0.0 0.4365234375 0.39285714285714285 0.01953125 0.04355400696864112
0.0 0.5224609375 0.33013937282229966 0.033203125 0.08188153310104529
0.0 0.611328125 0.4094076655052265 0.021484375 0.04529616724738676
0.0 0.58447265625 0.4930313588850174 0.0224609375 0.0313588850174216
