0.0 0.958984375 0.20521739130434782 0.021484375 0.04869565217391304
0.0 0.1435546875 0.22608695652173913 0.041015625 0.08695652173913043
0.0 0.24072265625 0.23043478260869565 0.0380859375 0.08521739130434783
0.0 0.20703125 0.19130434782608696 0.02734375 0.08
0.0 0.1298828125 0.14 0.01953125 0.043478260869565216
0.0 0.1083984375 0.16695652173913045 0.017578125 0.05217391304347826
0.0 0.28955078125 0.17043478260869566 0.0244140625 0.05217391304347826
0.0 0.3974609375 0.14695652173913043 0.015625 0.04
0.0 0.421875 0.13304347826086957 0.013671875 0.036521739130434785
0.0 0.7548828125 0.3234782608695652 0.048828125 0.11826086956521739
0.0 0.955078125 0.31043478260869567 0.05859375 0.10956521739130434
0.0 0.7978515625 0.2382608695652174 0.033203125 0.06956521739130435
0.0 0.44775390625 0.2 0.0302734375 0.07304347826086957
0.0 0.57763671875 0.24695652173913044 0.0283203125 0.07304347826086957
0.0 0.62451171875 0.1443478260869565 0.0146484375 0.03826086956521739
0.0 0.6796875 0.17304347826086958 0.015625 0.03304347826086956
0.0 0.49462890625 0.16260869565217392 0.0146484375 0.04
0.0 0.55810546875 0.1782608695652174 0.0126953125 0.029565217391304348
0.0 0.8251953125 0.18695652173913044 0.017578125 0.04695652173913043
0.0 0.29345703125 0.30869565217391304 0.0322265625 0.06782608695652174
0.0 0.26513671875 0.1565217391304348 0.0224609375 0.05565217391304348
0.0 0.51513671875 0.4808695652173913 0.0751953125 0.17565217391304347
0.0 0.0625 0.22086956521739132 0.04296875 0.10086956521739131
0.0 0.837890625 0.271304347826087 0.0234375 0.05217391304347826
0.0 0.732421875 0.23217391304347826 0.02734375 0.07130434782608695
0.0 0.1923828125 0.1782608695652174 0.0234375 0.06434782608695652
0.0 0.34619140625 0.3017391304347826 0.0458984375 0.10608695652173913
