0.0 0.587890625 0.1950207468879668 0.041015625 0.07192254495159059
0.0 0.97314453125 0.10926694329183956 0.0224609375 0.04149377593360996
0.0 0.11572265625 0.1355463347164592 0.0224609375 0.04149377593360996
0.0 0.27294921875 0.13831258644536654 0.0205078125 0.03872752420470263
0.0 0.38134765625 0.1376210235131397 0.0205078125 0.034578146611341634
0.0 0.48291015625 0.14453665283540804 0.0244140625 0.040110650069156296
0.0 0.169921875 0.25103734439834025 0.0390625 0.07053941908713693
0.0 0.31591796875 0.343015214384509 0.0380859375 0.058091286307053944
0.0 0.66162109375 0.1542185338865837 0.0322265625 0.059474412171507604
0.0 0.9384765625 0.12932226832641772 0.029296875 0.051175656984785614
