0.0 0.888671875 0.16071428571428573 0.037109375 0.08214285714285714
0.0 0.8193359375 0.08928571428571429 0.0322265625 0.08035714285714286
0.0 0.6416015625 0.060714285714285714 0.0380859375 0.09821428571428571
0.0 0.453125 0.1125 0.029296875 0.07678571428571429
0.0 0.6142578125 0.06607142857142857 0.029296875 0.07678571428571429
0.0 0.0703125 0.10714285714285714 0.02734375 0.06607142857142857
0.0 0.15234375 0.09285714285714286 0.0224609375 0.05178571428571429
0.0 0.240234375 0.10714285714285714 0.03125 0.05178571428571429
0.0 0.2705078125 0.09285714285714286 0.0283203125 0.075
0.0 0.0546875 0.12857142857142856 0.0224609375 0.05357142857142857
