0.0 0.07421875 0.54296875 0.01953125 0.029947916666666668
0.0 0.0947265625 0.68359375 0.0224609375 0.033854166666666664
0.0 0.21875 0.5052083333333334 0.017578125 0.02734375
0.0 0.2109375 0.6341145833333334 0.0185546875 0.028645833333333332
0.0 0.333984375 0.4791666666666667 0.0146484375 0.026041666666666668
0.0 0.2646484375 0.7669270833333334 0.0234375 0.037760416666666664
0.0 0.19140625 0.7565104166666666 0.0185546875 0.026041666666666668
0.0 0.451171875 0.6692708333333334 0.021484375 0.03515625
0.0 0.4296875 0.64453125 0.017578125 0.029947916666666668
0.0 0.4619140625 0.5598958333333334 0.0146484375 0.01953125
0.0 0.5263671875 0.3619791666666667 0.017578125 0.02734375
0.0 0.59375 0.33984375 0.0166015625 0.028645833333333332
0.0 0.677734375 0.5208333333333334 0.0166015625 0.029947916666666668
0.0 0.65625 0.64453125 0.01953125 0.03125
0.0 0.5888671875 0.7356770833333334 0.015625 0.0234375
0.0 0.7255859375 0.4361979166666667 0.017578125 0.03515625
0.0 0.8642578125 0.5260416666666666 0.01953125 0.02734375
0.0 0.8291015625 0.6536458333333334 0.0205078125 0.03515625
