0.0 0.080078125 0.09556313993174062 0.0302734375 0.06313993174061433
0.0 0.193359375 0.14334470989761092 0.02734375 0.059726962457337884
0.0 0.30859375 0.15017064846416384 0.0302734375 0.06655290102389079
0.0 0.435546875 0.11945392491467577 0.0302734375 0.06484641638225255
0.0 0.537109375 0.1689419795221843 0.025390625 0.059726962457337884
0.0 0.6572265625 0.2030716723549488 0.029296875 0.05631399317406143
0.0 0.7080078125 0.09897610921501707 0.029296875 0.06996587030716724
0.0 0.7607421875 0.20136518771331058 0.0302734375 0.06143344709897611
0.0 0.708984375 0.2508532423208191 0.033203125 0.07167235494880546
0.0 0.623046875 0.2764505119453925 0.0283203125 0.05460750853242321
0.0 0.541015625 0.2764505119453925 0.0302734375 0.05631399317406143
0.0 0.4453125 0.2593856655290102 0.0302734375 0.05631399317406143
0.0 0.4169921875 0.36177474402730375 0.0302734375 0.06655290102389079
0.0 0.505859375 0.4197952218430034 0.0302734375 0.05460750853242321
0.0 0.4443359375 0.4812286689419795 0.03515625 0.05631399317406143
0.0 0.564453125 0.4590443686006826 0.0341796875 0.06313993174061433
0.0 0.5927734375 0.3720136518771331 0.03125 0.06143344709897611
0.0 0.662109375 0.36689419795221845 0.03125 0.06313993174061433
0.0 0.7333984375 0.3822525597269625 0.03125 0.059726962457337884
0.0 0.642578125 0.4726962457337884 0.029296875 0.059726962457337884
0.0 0.7080078125 0.48464163822525597 0.03125 0.05631399317406143
0.0 0.79296875 0.552901023890785 0.03125 0.06825938566552901
0.0 0.859375 0.4931740614334471 0.03125 0.06655290102389079
0.0 0.1064453125 0.23890784982935154 0.0322265625 0.05802047781569966
0.0 0.197265625 0.24061433447098976 0.029296875 0.06313993174061433
0.0 0.27734375 0.21331058020477817 0.0322265625 0.06313993174061433
0.0 0.359375 0.2354948805460751 0.0322265625 0.06313993174061433
0.0 0.0810546875 0.40784982935153585 0.03125 0.06655290102389079
0.0 0.17578125 0.3771331058020478 0.0322265625 0.07337883959044368
0.0 0.26171875 0.3583617747440273 0.0322265625 0.06313993174061433
0.0 0.34765625 0.3890784982935154 0.0322265625 0.06143344709897611
0.0 0.1416015625 0.6194539249146758 0.0361328125 0.06996587030716724
0.0 0.2548828125 0.6416382252559727 0.037109375 0.07167235494880546
0.0 0.275390625 0.4812286689419795 0.03125 0.06313993174061433
0.0 0.3603515625 0.49146757679180886 0.0302734375 0.059726962457337884
0.0 0.3818359375 0.6160409556313993 0.0361328125 0.07679180887372014
0.0 0.4716796875 0.60580204778157 0.033203125 0.07167235494880546
0.0 0.916015625 0.6245733788395904 0.0322265625 0.06143344709897611
0.0 0.7734375 0.6843003412969283 0.0302734375 0.05631399317406143
0.0 0.69140625 0.6569965870307167 0.03125 0.06655290102389079
0.0 0.5791015625 0.6160409556313993 0.0361328125 0.08020477815699659
