0.0 0.21630859375 0.16951219512195123 0.0478515625 0.07804878048780488
0.0 0.31640625 0.21036585365853658 0.05078125 0.07439024390243902
0.0 0.42578125 0.1774390243902439 0.048828125 0.06951219512195123
0.0 0.5693359375 0.1975609756097561 0.046875 0.07073170731707316
0.0 0.68408203125 0.225 0.0478515625 0.06951219512195123
0.0 0.810546875 0.12621951219512195 0.05078125 0.08414634146341464
0.0 0.75927734375 0.4225609756097561 0.0498046875 0.07926829268292683
0.0 0.58984375 0.4719512195121951 0.05078125 0.08048780487804878
0.0 0.48095703125 0.4847560975609756 0.0517578125 0.07195121951219512
0.0 0.37646484375 0.4719512195121951 0.0478515625 0.07317073170731707
0.0 0.263671875 0.44878048780487806 0.044921875 0.06341463414634146
0.0 0.48779296875 0.6640243902439025 0.0556640625 0.07926829268292683
0.0 0.59521484375 0.6530487804878049 0.0576171875 0.08414634146341464
