0.0 0.3212890625 0.18448023426061494 0.03515625 0.07027818448023426
0.0 0.30419921875 0.3206442166910688 0.0361328125 0.06734992679355783
0.0 0.3857421875 0.30234260614934116 0.033203125 0.0629575402635432
0.0 0.48193359375 0.29282576866764276 0.0341796875 0.07027818448023426
0.0 0.57470703125 0.3140556368960469 0.0322265625 0.060029282576866766
0.0 0.6171875 0.22767203513909223 0.03515625 0.060029282576866766
0.0 0.6650390625 0.32503660322108346 0.03125 0.06149341142020498
0.0 0.673828125 0.4582723279648609 0.03515625 0.06442166910688141
0.0 0.5771484375 0.4494875549048316 0.037109375 0.06734992679355783
0.0 0.49462890625 0.46486090775988287 0.0361328125 0.06881405563689605
0.0 0.39501953125 0.4612005856515373 0.0341796875 0.06442166910688141
0.0 0.31396484375 0.4751098096632504 0.0322265625 0.060029282576866766
