0.0 0.26318359375 0.1171875 0.0498046875 0.07552083333333333
0.0 0.35009765625 0.076171875 0.0458984375 0.06901041666666667
0.0 0.4345703125 0.087890625 0.05078125 0.07682291666666667
0.0 0.51025390625 0.07096354166666667 0.0478515625 0.07161458333333333
0.0 0.5908203125 0.0859375 0.048828125 0.078125
0.0 0.6689453125 0.10481770833333333 0.052734375 0.08203125
0.0 0.4931640625 0.15559895833333334 0.056640625 0.08984375
0.0 0.69482421875 0.21744791666666666 0.0498046875 0.078125
0.0 0.708984375 0.3404947916666667 0.056640625 0.11328125
0.0 0.50732421875 0.3053385416666667 0.0556640625 0.08984375
0.0 0.3466796875 0.26953125 0.05078125 0.08854166666666667
0.0 0.3486328125 0.4329427083333333 0.05078125 0.07942708333333333
0.0 0.16650390625 0.3092447916666667 0.0458984375 0.07942708333333333
0.0 0.84130859375 0.2864583333333333 0.0537109375 0.078125
0.0 0.78955078125 0.3997395833333333 0.0517578125 0.08333333333333333
0.0 0.26025390625 0.259765625 0.0498046875 0.07682291666666667
