0.0 0.0166015625 0.2627450980392157 0.0146484375 0.018300653594771243
0.0 0.0478515625 0.25098039215686274 0.0205078125 0.03137254901960784
0.0 0.1064453125 0.18823529411764706 0.0703125 0.11241830065359477
0.0 0.19140625 0.257516339869281 0.0185546875 0.027450980392156862
0.0 0.2333984375 0.3477124183006536 0.05859375 0.09934640522875816
0.0 0.3525390625 0.28366013071895424 0.0556640625 0.09934640522875816
0.0 0.3974609375 0.13202614379084968 0.0537109375 0.08366013071895424
0.0 0.4658203125 0.2457516339869281 0.056640625 0.08758169934640522
0.0 0.830078125 0.39738562091503266 0.0615234375 0.08627450980392157
0.0 0.732421875 0.3281045751633987 0.05859375 0.09803921568627451
0.0 0.5947265625 0.269281045751634 0.056640625 0.09019607843137255
0.0 0.5751953125 0.2679738562091503 0.015625 0.032679738562091505
0.0 0.779296875 0.26666666666666666 0.01171875 0.02091503267973856
0.0 0.8818359375 0.25098039215686274 0.0234375 0.03790849673202614
0.0 0.9296875 0.27712418300653596 0.0166015625 0.027450980392156862
0.0 0.9814453125 0.28104575163398693 0.0126953125 0.023529411764705882
0.0 0.17578125 0.2496732026143791 0.009765625 0.02091503267973856
