0.0 0.123046875 0.14644351464435146 0.0751953125 0.09372384937238494
0.0 0.28515625 0.22092050209205022 0.06640625 0.0803347280334728
0.0 0.6015625 0.0895397489539749 0.06640625 0.08786610878661087
0.0 0.7861328125 0.1096234309623431 0.0703125 0.08200836820083682
0.0 0.46484375 0.3163179916317992 0.068359375 0.08786610878661087
0.0 0.62890625 0.2518828451882845 0.0751953125 0.0895397489539749
0.0 0.796875 0.2502092050209205 0.0703125 0.08200836820083682
0.0 0.2412109375 0.47447698744769873 0.0751953125 0.09205020920502092
0.0 0.42578125 0.45271966527196655 0.080078125 0.09205020920502092
0.0 0.6513671875 0.5171548117154812 0.08203125 0.09790794979079498
