0.0 0.0732421875 0.3802083333333333 0.0361328125 0.052083333333333336
0.0 0.2255859375 0.3138020833333333 0.0341796875 0.053385416666666664
0.0 0.3671875 0.24088541666666666 0.0341796875 0.055989583333333336
0.0 0.5 0.24869791666666666 0.0322265625 0.049479166666666664
0.0 0.001953125 0.4661458333333333 0.0166015625 0.037760416666666664
0.0 0.123046875 0.43359375 0.01953125 0.032552083333333336
0.0 0.6337890625 0.30078125 0.029296875 0.044270833333333336
0.0 0.7734375 0.3203125 0.029296875 0.049479166666666664
0.0 0.6787109375 0.26953125 0.0185546875 0.036458333333333336
0.0 0.9140625 0.3528645833333333 0.02734375 0.049479166666666664
0.0 0.787109375 0.2643229166666667 0.01171875 0.022135416666666668
0.0 0.849609375 0.3177083333333333 0.015625 0.026041666666666668
0.0 0.86328125 0.25 0.0146484375 0.024739583333333332
0.0 0.7490234375 0.2734375 0.0146484375 0.022135416666666668
