0.0 0.10009765625 0.3855820105820106 0.0341796875 0.05952380952380952
0.0 0.19189453125 0.3783068783068783 0.0341796875 0.05026455026455026
0.0 0.20263671875 0.3353174603174603 0.0302734375 0.041005291005291
0.0 0.27685546875 0.37103174603174605 0.0283203125 0.046296296296296294
0.0 0.29638671875 0.335978835978836 0.0244140625 0.042328042328042326
0.0 0.353515625 0.3869047619047619 0.02734375 0.04365079365079365
0.0 0.36083984375 0.3392857142857143 0.0244140625 0.041005291005291
0.0 0.4375 0.34656084656084657 0.02734375 0.05026455026455026
0.0 0.5107421875 0.3531746031746032 0.02734375 0.04497354497354497
0.0 0.54150390625 0.3029100529100529 0.0283203125 0.047619047619047616
0.0 0.5947265625 0.35714285714285715 0.029296875 0.047619047619047616
0.0 0.63037109375 0.31812169312169314 0.0302734375 0.046296296296296294
0.0 0.69970703125 0.31746031746031744 0.0322265625 0.05026455026455026
0.0 0.791015625 0.328042328042328 0.033203125 0.05291005291005291
0.0 0.873046875 0.31084656084656087 0.041015625 0.06349206349206349
