0.0 0.5009765625 0.046255506607929514 0.03515625 0.06607929515418502
0.0 0.5966796875 0.032305433186490456 0.0390625 0.06167400881057269
0.0 0.6865234375 0.01762114537444934 0.03515625 0.03524229074889868
0.0 0.7900390625 0.02276064610866373 0.033203125 0.04552129221732746
0.0 0.8466796875 0.184287812041116 0.04296875 0.07488986784140969
0.0 0.6513671875 0.2143906020558003 0.03125 0.06167400881057269
0.0 0.93603515625 0.3964757709251101 0.0263671875 0.055800293685756244
0.0 0.90966796875 0.4552129221732746 0.0556640625 0.10572687224669604
0.0 0.83203125 0.5190895741556535 0.0390625 0.1013215859030837
0.0 0.7548828125 0.4801762114537445 0.0390625 0.09104258443465492
0.0 0.740234375 0.5770925110132159 0.0546875 0.09691629955947137
0.0 0.646484375 0.46255506607929514 0.060546875 0.11160058737151249
0.0 0.513671875 0.4632892804698972 0.0546875 0.10425844346549193
0.0 0.3642578125 0.43392070484581496 0.06640625 0.10719530102790015
0.0 0.24853515625 0.671071953010279 0.0576171875 0.10866372980910426
0.0 0.16064453125 0.751101321585903 0.0478515625 0.09838472834067548
0.0 0.056640625 0.8325991189427313 0.060546875 0.10866372980910426
0.0 0.03076171875 0.6674008810572687 0.0615234375 0.11013215859030837
0.0 0.24755859375 0.526431718061674 0.0576171875 0.09544787077826726
0.0 0.4765625 0.21071953010279001 0.044921875 0.07782672540381791
