0.0 0.4921875 0.18802083333333333 0.0400390625 0.023958333333333335
0.0 0.3974609375 0.14010416666666667 0.0341796875 0.018229166666666668
0.0 0.2529296875 0.13333333333333333 0.03515625 0.019791666666666666
0.0 0.1162109375 0.18385416666666668 0.037109375 0.022395833333333334
0.0 0.458984375 0.06875 0.0322265625 0.022395833333333334
0.0 0.53515625 0.06770833333333333 0.037109375 0.022916666666666665
0.0 0.5830078125 0.14479166666666668 0.0322265625 0.019270833333333334
0.0 0.712890625 0.134375 0.0361328125 0.0203125
0.0 0.861328125 0.17760416666666667 0.0341796875 0.026041666666666668
0.0 0.40234375 0.36614583333333334 0.0537109375 0.030729166666666665
0.0 0.5927734375 0.3390625 0.0517578125 0.03333333333333333
0.0 0.486328125 0.4078125 0.06640625 0.03802083333333333
0.0 0.5859375 0.4395833333333333 0.0732421875 0.03854166666666667
0.0 0.7578125 0.4234375 0.0576171875 0.03333333333333333
0.0 0.474609375 0.5119791666666667 0.0888671875 0.058854166666666666
0.0 0.857421875 0.3328125 0.0078125 0.0046875
0.0 0.3544921875 0.33177083333333335 0.009765625 0.0067708333333333336
0.0 0.865234375 0.36354166666666665 0.0078125 0.00625
