0.0 0.13671875 0.6793814432989691 0.044921875 0.04845360824742268
0.0 0.21875 0.6793814432989691 0.0439453125 0.049484536082474224
0.0 0.349609375 0.6649484536082474 0.041015625 0.05257731958762887
0.0 0.4716796875 0.6711340206185566 0.041015625 0.049484536082474224
0.0 0.5810546875 0.6587628865979381 0.0458984375 0.04639175257731959
0.0 0.6943359375 0.643298969072165 0.04296875 0.04742268041237113
0.0 0.828125 0.6360824742268041 0.0400390625 0.0443298969072165
0.0 0.09375 0.4092783505154639 0.0439453125 0.05154639175257732
0.0 0.2001953125 0.41855670103092785 0.0458984375 0.049484536082474224
0.0 0.310546875 0.3917525773195876 0.044921875 0.05463917525773196
0.0 0.3994140625 0.4092783505154639 0.044921875 0.058762886597938144
0.0 0.494140625 0.4020618556701031 0.0390625 0.04742268041237113
0.0 0.5830078125 0.3752577319587629 0.04296875 0.04639175257731959
0.0 0.6865234375 0.38556701030927837 0.0439453125 0.05567010309278351
0.0 0.763671875 0.38969072164948454 0.0419921875 0.049484536082474224
0.0 0.158203125 0.32989690721649484 0.037109375 0.042268041237113405
0.0 0.2236328125 0.30103092783505153 0.0322265625 0.04329896907216495
0.0 0.3046875 0.311340206185567 0.0390625 0.0443298969072165
0.0 0.3564453125 0.31649484536082473 0.0380859375 0.04742268041237113
0.0 0.40625 0.2979381443298969 0.0380859375 0.04742268041237113
0.0 0.494140625 0.3216494845360825 0.0322265625 0.03917525773195876
0.0 0.541015625 0.28969072164948456 0.0361328125 0.049484536082474224
0.0 0.6005859375 0.2907216494845361 0.0341796875 0.0443298969072165
0.0 0.658203125 0.3061855670103093 0.0361328125 0.05154639175257732
0.0 0.732421875 0.28144329896907216 0.0361328125 0.04845360824742268
0.0 0.267578125 0.22371134020618558 0.0341796875 0.03711340206185567
0.0 0.333984375 0.21030927835051547 0.0361328125 0.0443298969072165
0.0 0.4013671875 0.2020618556701031 0.0322265625 0.04020618556701031
0.0 0.4814453125 0.20309278350515464 0.0341796875 0.0443298969072165
0.0 0.560546875 0.211340206185567 0.033203125 0.03917525773195876
0.0 0.640625 0.19690721649484536 0.03515625 0.04329896907216495
0.0 0.72265625 0.22474226804123712 0.0341796875 0.042268041237113405
