0.0 0.54833984375 0.7613469985358712 0.0146484375 0.032210834553440704
0.0 0.54052734375 0.6859443631039531 0.0107421875 0.024890190336749635
0.0 0.5498046875 0.6383601756954612 0.01171875 0.020497803806734993
0.0 0.30517578125 0.6390922401171303 0.0107421875 0.01903367496339678
0.0 0.65673828125 0.767203513909224 0.0146484375 0.020497803806734993
0.0 0.68896484375 0.7628111273792094 0.0126953125 0.02342606149341142
0.0 0.7197265625 0.7650073206442167 0.01171875 0.021961932650073207
0.0 0.98779296875 0.6383601756954612 0.0126953125 0.020497803806734993
0.0 0.9814453125 0.616398243045388 0.01171875 0.017569546120058566
0.0 0.99658203125 0.7320644216691069 0.0068359375 0.032210834553440704
0.0 0.99267578125 0.48755490483162517 0.0107421875 0.02342606149341142
0.0 0.20947265625 0.7613469985358712 0.0068359375 0.017569546120058566
0.0 0.849609375 0.7540263543191801 0.013671875 0.02635431918008785
0.0 0.70556640625 0.49194729136163984 0.0087890625 0.020497803806734993
0.0 0.7255859375 0.5021961932650073 0.009765625 0.020497803806734993
0.0 0.73193359375 0.541727672035139 0.0126953125 0.02342606149341142
0.0 0.744140625 0.5761346998535871 0.009765625 0.016105417276720352
0.0 0.8525390625 0.4253294289897511 0.0078125 0.01903367496339678
0.0 0.88134765625 0.7254758418740849 0.0126953125 0.027818448023426062
0.0 0.916015625 0.6939970717423133 0.013671875 0.02635431918008785
0.0 0.93017578125 0.7254758418740849 0.0146484375 0.027818448023426062
0.0 0.91064453125 0.7613469985358712 0.0146484375 0.02342606149341142
0.0 0.9560546875 0.7650073206442167 0.015625 0.024890190336749635
0.0 0.97705078125 0.7276720351390923 0.0126953125 0.02342606149341142
0.0 0.953125 0.6896046852122987 0.01171875 0.02342606149341142
0.0 0.93798828125 0.6581259150805271 0.0126953125 0.027818448023426062
0.0 0.90869140625 0.66398243045388 0.0126953125 0.021961932650073207
0.0 0.89794921875 0.5885797950219619 0.0126953125 0.02342606149341142
0.0 0.919921875 0.5834553440702782 0.01171875 0.021961932650073207
0.0 0.92626953125 0.5490483162518301 0.0107421875 0.014641288433382138
0.0 0.9541015625 0.5329428989751098 0.013671875 0.02342606149341142
0.0 0.92236328125 0.4838945827232797 0.0107421875 0.016105417276720352
0.0 0.96484375 0.6310395314787701 0.01171875 0.02635431918008785
0.0 0.75439453125 0.4582723279648609 0.0107421875 0.01171303074670571
0.0 0.71533203125 0.44875549048316254 0.0126953125 0.016105417276720352
0.0 0.80078125 0.5717423133235725 0.009765625 0.01903367496339678
0.0 0.4052734375 0.6478770131771596 0.017578125 0.03953147877013177
0.0 0.359375 0.3850658857979502 0.0390625 0.07027818448023426
0.0 0.47607421875 0.3418740849194729 0.0439453125 0.07759882869692533
0.0 0.58642578125 0.3513909224011713 0.0400390625 0.07320644216691069
0.0 0.0478515625 0.6222547584187409 0.009765625 0.017569546120058566
0.0 0.11572265625 0.6346998535871157 0.0087890625 0.016105417276720352
0.0 0.1513671875 0.6383601756954612 0.005859375 0.014641288433382138
0.0 0.01416015625 0.6522693997071742 0.0087890625 0.01903367496339678
0.0 0.70068359375 0.6142020497803806 0.0107421875 0.01903367496339678
0.0 0.6826171875 0.5351390922401171 0.01171875 0.01903367496339678
0.0 0.66357421875 0.4956076134699854 0.0107421875 0.021961932650073207
0.0 0.05859375 0.6559297218155198 0.01171875 0.017569546120058566
0.0 0.08837890625 0.6683748169838946 0.0087890625 0.016105417276720352
0.0 0.11376953125 0.6669106881405563 0.0068359375 0.010248901903367497
0.0 0.1240234375 0.6837481698389458 0.009765625 0.014641288433382138
0.0 0.146484375 0.6844802342606149 0.009765625 0.01903367496339678
0.0 0.18359375 0.6661786237188873 0.01171875 0.020497803806734993
0.0 0.1064453125 0.7079062957540263 0.01171875 0.021961932650073207
0.0 0.21728515625 0.6390922401171303 0.0107421875 0.021961932650073207
0.0 0.22998046875 0.6932650073206442 0.0107421875 0.021961932650073207
0.0 0.27001953125 0.6456808199121523 0.0107421875 0.014641288433382138
0.0 0.197265625 0.6610541727672035 0.009765625 0.01903367496339678
0.0 0.0068359375 0.7342606149341142 0.0078125 0.016105417276720352
0.0 0.02880859375 0.718887262079063 0.0146484375 0.029282576866764276
0.0 0.06884765625 0.7071742313323572 0.0107421875 0.020497803806734993
0.0 0.1494140625 0.7130307467057101 0.01171875 0.017569546120058566
0.0 0.28662109375 0.705710102489019 0.0146484375 0.02635431918008785
0.0 0.2783203125 0.6888726207906296 0.009765625 0.021961932650073207
0.0 0.31689453125 0.6954612005856515 0.0107421875 0.020497803806734993
0.0 0.4287109375 0.7108345534407028 0.013671875 0.03074670571010249
0.0 0.52392578125 0.7664714494875549 0.0107421875 0.024890190336749635
