0.0 0.02392578125 0.71875 0.0478515625 0.08854166666666667
0.0 0.44287109375 0.642578125 0.1025390625 0.15234375
0.0 0.51513671875 0.5286458333333334 0.0556640625 0.09635416666666667
0.0 0.5205078125 0.380859375 0.041015625 0.07421875
0.0 0.45361328125 0.31640625 0.0439453125 0.06510416666666667
0.0 0.52978515625 0.2734375 0.0361328125 0.0625
0.0 0.4072265625 0.2571614583333333 0.03125 0.05078125
0.0 0.35791015625 0.21223958333333334 0.0283203125 0.0390625
0.0 0.2529296875 0.18294270833333334 0.021484375 0.032552083333333336
0.0 0.30322265625 0.166015625 0.0205078125 0.029947916666666668
0.0 0.35693359375 0.15625 0.0166015625 0.028645833333333332
0.0 0.158203125 0.22591145833333334 0.017578125 0.032552083333333336
0.0 0.25830078125 0.2877604166666667 0.0400390625 0.06770833333333333
0.0 0.4921875 0.154296875 0.015625 0.02734375
0.0 0.05224609375 0.18619791666666666 0.0185546875 0.03125
0.0 0.06005859375 0.24544270833333334 0.0185546875 0.03515625
0.0 0.5859375 0.205078125 0.021484375 0.037760416666666664
0.0 0.6396484375 0.14322916666666666 0.013671875 0.026041666666666668
0.0 0.54833984375 0.13541666666666666 0.0126953125 0.018229166666666668
0.0 0.5126953125 0.13346354166666666 0.013671875 0.022135416666666668
0.0 0.73876953125 0.12630208333333334 0.0146484375 0.020833333333333332
0.0 0.8583984375 0.4622395833333333 0.05078125 0.07552083333333333
0.0 0.83837890625 0.78515625 0.1162109375 0.19791666666666666
0.0 0.8837890625 0.2845052083333333 0.0390625 0.06380208333333333
0.0 0.8720703125 0.15169270833333334 0.033203125 0.061197916666666664
0.0 0.8486328125 0.24674479166666666 0.0234375 0.032552083333333336
0.0 0.8154296875 0.15950520833333334 0.017578125 0.01953125
0.0 0.947265625 0.173828125 0.01953125 0.03515625
0.0 0.62548828125 0.2109375 0.0205078125 0.036458333333333336
