0.0 0.4697265625 0.3656934306569343 0.03125 0.05401459854014599
0.0 0.32373046875 0.7583941605839416 0.0087890625 0.013138686131386862
0.0 0.28759765625 0.7562043795620438 0.0087890625 0.014598540145985401
0.0 0.255859375 0.7664233576642335 0.0078125 0.01167883211678832
0.0 0.22021484375 0.7627737226277372 0.0068359375 0.013138686131386862
0.0 0.1904296875 0.762043795620438 0.009765625 0.017518248175182483
0.0 0.115234375 0.7583941605839416 0.0078125 0.016058394160583942
0.0 0.08837890625 0.756934306569343 0.0087890625 0.013138686131386862
0.0 0.6552734375 0.762043795620438 0.0078125 0.014598540145985401
0.0 0.7802734375 0.7547445255474453 0.0078125 0.017518248175182483
0.0 0.80419921875 0.745985401459854 0.0107421875 0.020437956204379562
0.0 0.8271484375 0.7357664233576642 0.0078125 0.014598540145985401
0.0 0.11181640625 0.7131386861313869 0.0068359375 0.013138686131386862
0.0 0.033203125 0.7328467153284671 0.0078125 0.014598540145985401
0.0 0.15869140625 0.7364963503649635 0.0087890625 0.013138686131386862
0.0 0.1513671875 0.762043795620438 0.0078125 0.017518248175182483
0.0 0.21728515625 0.6934306569343066 0.0068359375 0.017518248175182483
0.0 0.27490234375 0.6846715328467153 0.0087890625 0.017518248175182483
0.0 0.2734375 0.7197080291970803 0.005859375 0.01167883211678832
0.0 0.2939453125 0.7175182481751825 0.005859375 0.016058394160583942
0.0 0.3291015625 0.7167883211678832 0.0078125 0.014598540145985401
0.0 0.3564453125 0.7175182481751825 0.005859375 0.016058394160583942
0.0 0.2470703125 0.7218978102189781 0.0078125 0.016058394160583942
0.0 0.15673828125 0.691970802919708 0.0087890625 0.01167883211678832
0.0 0.00830078125 0.6562043795620438 0.0068359375 0.016058394160583942
0.0 0.01318359375 0.6839416058394161 0.0068359375 0.013138686131386862
0.0 0.06005859375 0.737956204379562 0.0068359375 0.013138686131386862
0.0 0.0576171875 0.7043795620437956 0.005859375 0.013138686131386862
0.0 0.0419921875 0.6802919708029197 0.005859375 0.01167883211678832
0.0 0.18017578125 0.7160583941605839 0.0068359375 0.016058394160583942
0.0 0.15380859375 0.7124087591240876 0.0048828125 0.01167883211678832
0.0 0.12939453125 0.6875912408759124 0.0068359375 0.014598540145985401
0.0 0.0791015625 0.6868613138686132 0.0078125 0.013138686131386862
0.0 0.21435546875 0.6671532846715329 0.0068359375 0.014598540145985401
0.0 0.00830078125 0.5963503649635037 0.0087890625 0.013138686131386862
0.0 0.01708984375 0.6160583941605839 0.0068359375 0.01167883211678832
0.0 0.0302734375 0.6430656934306569 0.0078125 0.013138686131386862
0.0 0.03173828125 0.6598540145985401 0.0068359375 0.01167883211678832
0.0 0.90478515625 0.7153284671532847 0.0087890625 0.02335766423357664
0.0 0.9462890625 0.710948905109489 0.005859375 0.014598540145985401
0.0 0.67333984375 0.7160583941605839 0.0068359375 0.01897810218978102
0.0 0.6689453125 0.6897810218978102 0.005859375 0.013138686131386862
0.0 0.642578125 0.691970802919708 0.005859375 0.014598540145985401
0.0 0.5498046875 0.7218978102189781 0.009765625 0.01897810218978102
