0.0 0.37158203125 0.1987704918032787 0.0400390625 0.0942622950819672
0.0 0.49951171875 0.2776639344262295 0.0458984375 0.10860655737704918
0.0 0.431640625 0.305327868852459 0.013671875 0.03278688524590164
0.0 0.4560546875 0.29200819672131145 0.015625 0.0389344262295082
0.0 0.4853515625 0.3514344262295082 0.015625 0.0430327868852459
0.0 0.68896484375 0.30225409836065575 0.0166015625 0.0430327868852459
0.0 0.7490234375 0.2930327868852459 0.017578125 0.045081967213114756
0.0 0.81103515625 0.30020491803278687 0.0146484375 0.0389344262295082
0.0 0.78271484375 0.08196721311475409 0.0146484375 0.040983606557377046
0.0 0.8310546875 0.0860655737704918 0.013671875 0.036885245901639344
0.0 0.84912109375 0.07377049180327869 0.0146484375 0.036885245901639344
0.0 0.8662109375 0.04610655737704918 0.015625 0.03483606557377049
0.0 0.8857421875 0.08709016393442623 0.013671875 0.030737704918032786
0.0 0.93212890625 0.06864754098360656 0.0126953125 0.03483606557377049
0.0 0.92578125 0.28688524590163933 0.021484375 0.04918032786885246
0.0 0.99462890625 0.28688524590163933 0.0107421875 0.04918032786885246
0.0 0.9794921875 0.2459016393442623 0.013671875 0.02459016393442623
0.0 0.96728515625 0.14754098360655737 0.0146484375 0.03278688524590164
0.0 0.9970703125 0.1260245901639344 0.005859375 0.030737704918032786
0.0 0.9716796875 0.06762295081967214 0.013671875 0.036885245901639344
0.0 0.99658203125 0.06147540983606557 0.0068359375 0.03278688524590164
0.0 0.95751953125 0.04405737704918033 0.0146484375 0.030737704918032786
0.0 0.87109375 0.22438524590163936 0.015625 0.02663934426229508
