0.0 0.16259765625 0.4216691068814056 0.0283203125 0.04978038067349927
0.0 0.24755859375 0.4055636896046852 0.0283203125 0.0527086383601757
0.0 0.32177734375 0.37481698389458273 0.0283203125 0.06149341142020498
0.0 0.421875 0.3506588579795022 0.02734375 0.05417276720351391
0.0 0.52099609375 0.35871156661786235 0.0302734375 0.055636896046852125
0.0 0.60888671875 0.3916544655929722 0.0302734375 0.05710102489019034
0.0 0.6806640625 0.4216691068814056 0.029296875 0.0527086383601757
0.0 0.75830078125 0.4253294289897511 0.0283203125 0.05124450951683748
0.0 0.83349609375 0.43704245973645683 0.0263671875 0.05417276720351391
0.0 0.2177734375 0.6017569546120058 0.03125 0.0527086383601757
0.0 0.29833984375 0.5834553440702782 0.0263671875 0.0424597364568082
0.0 0.35791015625 0.5871156661786238 0.0283203125 0.04978038067349927
0.0 0.44677734375 0.5812591508052709 0.0302734375 0.0527086383601757
0.0 0.52783203125 0.5797950219619327 0.0302734375 0.055636896046852125
0.0 0.599609375 0.5841874084919473 0.029296875 0.055636896046852125
0.0 0.685546875 0.6024890190336749 0.02734375 0.05124450951683748
0.0 0.77685546875 0.6054172767203514 0.0283203125 0.05124450951683748
