0.0 0.1962890625 0.2526041666666667 0.0478515625 0.07421875
0.0 0.224609375 0.1484375 0.0390625 0.06380208333333333
0.0 0.3486328125 0.08723958333333333 0.0380859375 0.0703125
0.0 0.48046875 0.18359375 0.0400390625 0.06640625
0.0 0.6181640625 0.10416666666666667 0.0390625 0.07291666666666667
0.0 0.71875 0.13671875 0.0400390625 0.061197916666666664
0.0 0.771484375 0.2864583333333333 0.044921875 0.078125
0.0 0.6455078125 0.4713541666666667 0.0458984375 0.078125
0.0 0.5009765625 0.4401041666666667 0.05078125 0.078125
0.0 0.345703125 0.48828125 0.0458984375 0.078125
