0.0 0.228515625 0.16299559471365638 0.017578125 0.02936857562408223
0.0 0.2607421875 0.2011747430249633 0.0166015625 0.02936857562408223
0.0 0.3212890625 0.1776798825256975 0.0205078125 0.03671071953010279
0.0 0.396484375 0.2790014684287812 0.0166015625 0.030837004405286344
0.0 0.4931640625 0.2643171806167401 0.017578125 0.033773861967694566
0.0 0.20703125 0.3803230543318649 0.017578125 0.05286343612334802
0.0 0.365234375 0.37298091042584436 0.0224609375 0.049926578560939794
0.0 0.5068359375 0.3406754772393539 0.021484375 0.04698972099853157
0.0 0.7763671875 0.328928046989721 0.0146484375 0.041116005873715125
0.0 0.892578125 0.4654919236417034 0.02734375 0.04552129221732746
0.0 0.6181640625 0.18061674008810572 0.0166015625 0.030837004405286344
0.0 0.7333984375 0.22026431718061673 0.0185546875 0.03671071953010279
0.0 0.7568359375 0.15859030837004406 0.017578125 0.032305433186490456
0.0 0.6494140625 0.3700440528634361 0.017578125 0.0381791483113069
