0.0 0.1435546875 0.7577092511013216 0.0576171875 0.21879588839941264
0.0 0.240234375 0.3641703377386197 0.009765625 0.022026431718061675
0.0 0.21875 0.3671071953010279 0.0107421875 0.011747430249632892
0.0 0.314453125 0.35389133627019087 0.0087890625 0.01908957415565345
0.0 0.3369140625 0.4185022026431718 0.0205078125 0.039647577092511016
0.0 0.55859375 0.5594713656387665 0.0078125 0.014684287812041116
0.0 0.513671875 0.5697503671071953 0.005859375 0.013215859030837005
0.0 0.646484375 0.4831130690161527 0.005859375 0.010279001468428781
0.0 0.8505859375 0.5491923641703378 0.0087890625 0.016152716593245228
0.0 0.8896484375 0.5682819383259912 0.005859375 0.016152716593245228
0.0 0.2978515625 0.37298091042584436 0.005859375 0.020558002936857563
0.0 0.375 0.3700440528634361 0.0068359375 0.030837004405286344
0.0 0.529296875 0.4434654919236417 0.0048828125 0.00881057268722467
0.0 0.5244140625 0.4845814977973568 0.0048828125 0.00881057268722467
0.0 0.59765625 0.5080763582966226 0.005859375 0.014684287812041116
0.0 0.6025390625 0.4831130690161527 0.0048828125 0.010279001468428781
0.0 0.6181640625 0.5110132158590308 0.005859375 0.00881057268722467
0.0 0.650390625 0.5168869309838473 0.0048828125 0.010279001468428781
0.0 0.662109375 0.4919236417033774 0.005859375 0.00881057268722467
0.0 0.65234375 0.4977973568281938 0.0048828125 0.00881057268722467
0.0 0.875 0.49632892804698975 0.0048828125 0.011747430249632892
0.0 0.8603515625 0.4889867841409692 0.0048828125 0.010279001468428781
0.0 0.849609375 0.48604992657856094 0.00390625 0.007342143906020558
0.0 0.8232421875 0.4831130690161527 0.0048828125 0.00881057268722467
0.0 0.9873046875 0.6093979441997063 0.0078125 0.01762114537444934
0.0 0.732421875 0.5374449339207048 0.0068359375 0.00881057268722467
0.0 0.736328125 0.49045521292217326 0.0048828125 0.010279001468428781
