0.0 0.361328125 0.4557291666666667 0.0078125 0.01171875
0.0 0.37890625 0.453125 0.0078125 0.013020833333333334
0.0 0.4931640625 0.4830729166666667 0.01171875 0.020833333333333332
0.0 0.578125 0.4309895833333333 0.0078125 0.013020833333333334
0.0 0.703125 0.5755208333333334 0.0146484375 0.032552083333333336
0.0 0.900390625 0.51171875 0.0126953125 0.022135416666666668
0.0 0.5673828125 0.4947916666666667 0.0087890625 0.016927083333333332
0.0 0.6064453125 0.5104166666666666 0.0068359375 0.016927083333333332
0.0 0.3271484375 0.4166666666666667 0.0048828125 0.010416666666666666
0.0 0.7783203125 0.3229166666666667 0.0048828125 0.009114583333333334
0.0 0.7568359375 0.44921875 0.0068359375 0.009114583333333334
0.0 0.849609375 0.4205729166666667 0.0068359375 0.01171875
