0.0 0.06640625 0.11532125205930807 0.0341796875 0.085667215815486
0.0 0.126953125 0.1416803953871499 0.0361328125 0.08072487644151564
0.0 0.189453125 0.11367380560131796 0.029296875 0.07084019769357495
0.0 0.208984375 0.342668863261944 0.03515625 0.06260296540362438
0.0 0.24609375 0.13673805601317957 0.0263671875 0.05271828665568369
0.0 0.2900390625 0.10873146622734761 0.0263671875 0.06919275123558484
0.0 0.34765625 0.05601317957166392 0.0302734375 0.05601317957166392
0.0 0.4443359375 0.019769357495881382 0.0283203125 0.0642504118616145
0.0 0.419921875 0.08731466227347612 0.033203125 0.07907742998352553
0.0 0.4892578125 0.08896210873146623 0.025390625 0.0642504118616145
0.0 0.134765625 0.47775947281713343 0.0400390625 0.08237232289950576
0.0 0.3115234375 0.3443163097199341 0.033203125 0.06754530477759473
0.0 0.2919921875 0.48929159802306427 0.0400390625 0.10214168039538715
0.0 0.42578125 0.34596375617792424 0.03125 0.057660626029654036
0.0 0.498046875 0.31795716639209226 0.0302734375 0.07413509060955518
0.0 0.4375 0.4958813838550247 0.0390625 0.08731466227347612
0.0 0.55078125 0.06919275123558484 0.02734375 0.06919275123558484
0.0 0.595703125 0.04942339373970346 0.0263671875 0.060955518945634266
0.0 0.63671875 0.05601317957166392 0.0234375 0.05601317957166392
0.0 0.6865234375 0.060955518945634266 0.02734375 0.06260296540362438
0.0 0.7490234375 0.08237232289950576 0.0283203125 0.05930807248764415
0.0 0.7861328125 0.07907742998352553 0.0341796875 0.06919275123558484
0.0 0.8837890625 0.04118616144975288 0.0361328125 0.08072487644151564
0.0 0.6015625 0.2932454695222405 0.03125 0.07742998352553541
0.0 0.669921875 0.28665568369028005 0.03125 0.07084019769357495
0.0 0.6005859375 0.4497528830313015 0.041015625 0.09225700164744646
0.0 0.736328125 0.2504118616144975 0.033203125 0.07248764415156507
0.0 0.77734375 0.45304777594728174 0.0390625 0.07742998352553541
0.0 0.8837890625 0.40362438220757824 0.04296875 0.085667215815486
