0.0 0.044921875 0.2056878306878307 0.041015625 0.03835978835978836
0.0 0.09033203125 0.18386243386243387 0.0556640625 0.056878306878306875
0.0 0.2236328125 0.17493386243386244 0.04296875 0.03902116402116402
0.0 0.3916015625 0.14682539682539683 0.05859375 0.062169312169312166
0.0 0.4931640625 0.11474867724867725 0.107421875 0.10251322751322751
0.0 0.96337890625 0.2562830687830688 0.0126953125 0.01521164021164021
0.0 0.9794921875 0.007936507936507936 0.017578125 0.015873015873015872
0.0 0.25341796875 0.09060846560846561 0.0087890625 0.01455026455026455
0.0 0.412109375 0.0710978835978836 0.01171875 0.017857142857142856
0.0 0.33544921875 0.07374338624338625 0.0068359375 0.011243386243386243
