0.0 0.04541015625 0.08672699849170437 0.0087890625 0.0196078431372549
0.0 0.09130859375 0.1048265460030166 0.0185546875 0.03469079939668175
0.0 0.076171875 0.09803921568627451 0.0078125 0.021116138763197588
0.0 0.15185546875 0.12141779788838612 0.0087890625 0.0196078431372549
0.0 0.18505859375 0.12066365007541478 0.0087890625 0.01809954751131222
0.0 0.17578125 0.07767722473604827 0.009765625 0.02262443438914027
0.0 0.2060546875 0.08144796380090498 0.009765625 0.021116138763197588
0.0 0.267578125 0.08069381598793364 0.013671875 0.03167420814479638
0.0 0.419921875 0.07692307692307693 0.01171875 0.03619909502262444
0.0 0.43603515625 0.07767722473604827 0.0146484375 0.03469079939668175
0.0 0.490234375 0.06711915535444947 0.01171875 0.02564102564102564
0.0 0.52685546875 0.08748114630467571 0.0126953125 0.027149321266968326
0.0 0.59619140625 0.07541478129713423 0.0107421875 0.021116138763197588
0.0 0.642578125 0.0784313725490196 0.013671875 0.03619909502262444
0.0 0.833984375 0.08748114630467571 0.009765625 0.021116138763197588
0.0 0.96826171875 0.06033182503770739 0.0205078125 0.06334841628959276
0.0 0.87646484375 0.16063348416289594 0.0146484375 0.02262443438914027
