0.0 0.3759765625 0.13427734375 0.0078125 0.0107421875
0.0 0.3447265625 0.2607421875 0.0078125 0.013671875
0.0 0.5634765625 0.22998046875 0.009765625 0.0126953125
0.0 0.6142578125 0.22802734375 0.009765625 0.0126953125
0.0 0.6845703125 0.267578125 0.009765625 0.013671875
0.0 0.693359375 0.17626953125 0.009765625 0.0146484375
0.0 0.6396484375 0.1572265625 0.01171875 0.013671875
0.0 0.607421875 0.1884765625 0.009765625 0.013671875
0.0 0.5791015625 0.19384765625 0.009765625 0.0126953125
0.0 0.59716796875 0.21533203125 0.0068359375 0.0107421875
0.0 0.64892578125 0.20751953125 0.0087890625 0.0107421875
0.0 0.63623046875 0.18701171875 0.0068359375 0.0068359375
0.0 0.62109375 0.171875 0.0078125 0.0078125
0.0 0.6650390625 0.22216796875 0.009765625 0.0087890625
0.0 0.630859375 0.2578125 0.009765625 0.0078125
0.0 0.64208984375 0.2919921875 0.0107421875 0.015625
0.0 0.72265625 0.35009765625 0.009765625 0.0146484375
0.0 0.58056640625 0.30322265625 0.0107421875 0.0126953125
0.0 0.58251953125 0.2685546875 0.0068359375 0.009765625
0.0 0.66259765625 0.32958984375 0.0126953125 0.0107421875
0.0 0.70263671875 0.24951171875 0.0087890625 0.0087890625
0.0 0.76416015625 0.18603515625 0.0068359375 0.0107421875
0.0 0.44091796875 0.125 0.0126953125 0.01171875
0.0 0.48828125 0.15478515625 0.013671875 0.0146484375
0.0 0.458984375 0.1806640625 0.009765625 0.009765625
0.0 0.4267578125 0.22119140625 0.009765625 0.0126953125
0.0 0.40087890625 0.25537109375 0.0087890625 0.0126953125
0.0 0.3388671875 0.5556640625 0.009765625 0.013671875
0.0 0.32421875 0.62939453125 0.009765625 0.0126953125
0.0 0.29736328125 0.6181640625 0.0126953125 0.01171875
0.0 0.2919921875 0.65234375 0.01171875 0.015625
0.0 0.2685546875 0.64794921875 0.009765625 0.0107421875
0.0 0.4189453125 0.6787109375 0.013671875 0.015625
0.0 0.3974609375 0.6630859375 0.009765625 0.015625
0.0 0.4208984375 0.66015625 0.009765625 0.013671875
0.0 0.3125 0.52001953125 0.013671875 0.0146484375
0.0 0.3427734375 0.68359375 0.009765625 0.017578125
0.0 0.37158203125 0.67041015625 0.0087890625 0.0166015625
0.0 0.77880859375 0.43115234375 0.0126953125 0.0146484375
0.0 0.5673828125 0.43310546875 0.01171875 0.0146484375
0.0 0.5537109375 0.44775390625 0.009765625 0.0146484375
0.0 0.548828125 0.4736328125 0.01171875 0.017578125
0.0 0.57861328125 0.453125 0.0107421875 0.015625
0.0 0.57861328125 0.47021484375 0.0146484375 0.0166015625
0.0 0.61962890625 0.47705078125 0.0126953125 0.0166015625
0.0 0.3740234375 0.24560546875 0.009765625 0.0126953125
0.0 0.37353515625 0.2216796875 0.0107421875 0.01171875
0.0 0.3349609375 0.21435546875 0.01171875 0.0126953125
0.0 0.39990234375 0.1416015625 0.0087890625 0.01171875
0.0 0.38037109375 0.11669921875 0.0126953125 0.0126953125
0.0 0.5517578125 0.6533203125 0.013671875 0.017578125
0.0 0.53369140625 0.61181640625 0.0146484375 0.0166015625
0.0 0.48388671875 0.64208984375 0.0107421875 0.0166015625
0.0 0.4990234375 0.58740234375 0.009765625 0.0205078125
0.0 0.4931640625 0.6767578125 0.015625 0.01953125
0.0 0.47509765625 0.701171875 0.0126953125 0.01171875
0.0 0.50537109375 0.7568359375 0.0107421875 0.013671875
0.0 0.52978515625 0.73583984375 0.0146484375 0.0146484375
0.0 0.52294921875 0.71533203125 0.0146484375 0.0185546875
0.0 0.56640625 0.72314453125 0.01171875 0.0166015625
0.0 0.62158203125 0.75341796875 0.0107421875 0.0146484375
0.0 0.6611328125 0.73193359375 0.013671875 0.0126953125
0.0 0.6572265625 0.7001953125 0.01171875 0.015625
0.0 0.6376953125 0.65283203125 0.01171875 0.0166015625
0.0 0.72509765625 0.6416015625 0.0146484375 0.01171875
0.0 0.69140625 0.68994140625 0.01171875 0.0146484375
0.0 0.697265625 0.72998046875 0.0078125 0.0126953125
0.0 0.697265625 0.70556640625 0.01171875 0.0146484375
0.0 0.6162109375 0.63623046875 0.01171875 0.0224609375
0.0 0.76171875 0.55126953125 0.009765625 0.0185546875
0.0 0.4609375 0.71484375 0.0078125 0.017578125
0.0 0.4560546875 0.62353515625 0.009765625 0.0185546875
0.0 0.3154296875 0.28515625 0.01171875 0.01171875
0.0 0.64697265625 0.4814453125 0.0107421875 0.015625
0.0 0.6669921875 0.46484375 0.01171875 0.013671875
0.0 0.7041015625 0.5205078125 0.01171875 0.01171875
0.0 0.66845703125 0.51416015625 0.0107421875 0.0166015625
0.0 0.6396484375 0.525390625 0.015625 0.01953125
0.0 0.60302734375 0.50146484375 0.0146484375 0.0166015625
0.0 0.60400390625 0.70361328125 0.0146484375 0.0185546875
0.0 0.68212890625 0.64404296875 0.0146484375 0.0205078125
0.0 0.5966796875 0.63134765625 0.013671875 0.0205078125
0.0 0.67529296875 0.78662109375 0.0126953125 0.0146484375
0.0 0.5673828125 0.72509765625 0.013671875 0.0205078125
0.0 0.39892578125 0.4912109375 0.0107421875 0.015625
0.0 0.48974609375 0.61181640625 0.0107421875 0.0146484375
0.0 0.41650390625 0.283203125 0.0107421875 0.013671875
0.0 0.720703125 0.2021484375 0.005859375 0.0078125
0.0 0.69189453125 0.193359375 0.0068359375 0.0078125
0.0 0.7373046875 0.26416015625 0.005859375 0.0068359375
0.0 0.72265625 0.31103515625 0.009765625 0.0126953125
0.0 0.51025390625 0.2060546875 0.0087890625 0.01171875
0.0 0.49169921875 0.2255859375 0.0087890625 0.009765625
0.0 0.44091796875 0.2412109375 0.0107421875 0.01171875
0.0 0.427734375 0.26611328125 0.009765625 0.0126953125
0.0 0.47705078125 0.24609375 0.0107421875 0.01171875
0.0 0.46630859375 0.267578125 0.0087890625 0.01171875
0.0 0.49169921875 0.26513671875 0.0087890625 0.0126953125
0.0 0.4013671875 0.30126953125 0.009765625 0.0126953125
0.0 0.38623046875 0.27978515625 0.0107421875 0.0107421875
0.0 0.36376953125 0.30078125 0.0107421875 0.009765625
0.0 0.3798828125 0.26123046875 0.009765625 0.0107421875
0.0 0.31640625 0.501953125 0.013671875 0.013671875
0.0 0.2705078125 0.55126953125 0.009765625 0.0185546875
0.0 0.2802734375 0.568359375 0.01171875 0.01171875
0.0 0.25927734375 0.59033203125 0.0126953125 0.0166015625
0.0 0.23193359375 0.67626953125 0.0126953125 0.0146484375
0.0 0.31298828125 0.6025390625 0.0107421875 0.01171875
0.0 0.5712890625 0.49169921875 0.01171875 0.0146484375
0.0 0.52734375 0.49169921875 0.009765625 0.0166015625
0.0 0.53125 0.5146484375 0.009765625 0.017578125
0.0 0.57177734375 0.53955078125 0.0107421875 0.0185546875
0.0 0.5888671875 0.52294921875 0.01171875 0.0146484375
0.0 0.54296875 0.53564453125 0.009765625 0.0166015625
0.0 0.56982421875 0.56640625 0.0126953125 0.017578125
0.0 0.60791015625 0.54541015625 0.0146484375 0.0205078125
0.0 0.6357421875 0.576171875 0.01171875 0.01171875
0.0 0.6650390625 0.59521484375 0.013671875 0.0146484375
0.0 0.7099609375 0.58837890625 0.013671875 0.0146484375
0.0 0.7392578125 0.56884765625 0.01171875 0.0107421875
0.0 0.708984375 0.54443359375 0.013671875 0.0146484375
0.0 0.54296875 0.6279296875 0.009765625 0.01953125
0.0 0.58251953125 0.609375 0.0126953125 0.015625
0.0 0.5966796875 0.5849609375 0.01171875 0.015625
0.0 0.6767578125 0.66357421875 0.013671875 0.0166015625
0.0 0.29931640625 0.27978515625 0.0087890625 0.0185546875
0.0 0.71142578125 0.33935546875 0.0126953125 0.0146484375
0.0 0.6484375 0.2646484375 0.01171875 0.01171875
0.0 0.75341796875 0.23583984375 0.0126953125 0.0146484375
0.0 0.61865234375 0.2041015625 0.0107421875 0.01171875
0.0 0.62353515625 0.77490234375 0.0146484375 0.0166015625
0.0 0.59423828125 0.76806640625 0.0146484375 0.0146484375
0.0 0.43017578125 0.427734375 0.0126953125 0.013671875
0.0 0.44287109375 0.41162109375 0.0087890625 0.0126953125
0.0 0.4755859375 0.4189453125 0.009765625 0.01171875
0.0 0.50390625 0.423828125 0.013671875 0.009765625
0.0 0.48095703125 0.44580078125 0.0107421875 0.0146484375
0.0 0.50390625 0.466796875 0.0078125 0.009765625
0.0 0.51318359375 0.45068359375 0.0087890625 0.0107421875
0.0 0.435546875 0.521484375 0.009765625 0.015625
0.0 0.4609375 0.5126953125 0.009765625 0.01171875
0.0 0.4326171875 0.48095703125 0.01171875 0.0146484375
0.0 0.494140625 0.513671875 0.005859375 0.015625
0.0 0.41650390625 0.55419921875 0.0146484375 0.0166015625
0.0 0.39697265625 0.55029296875 0.0126953125 0.0166015625
0.0 0.44873046875 0.57958984375 0.0107421875 0.0146484375
0.0 0.40234375 0.59375 0.009765625 0.01171875
0.0 0.35546875 0.59814453125 0.017578125 0.0126953125
0.0 0.388671875 0.61767578125 0.013671875 0.0126953125
0.0 0.4375 0.64501953125 0.015625 0.0166015625
0.0 0.359375 0.64990234375 0.013671875 0.0146484375
0.0 0.3154296875 0.67236328125 0.01171875 0.0146484375
0.0 0.302734375 0.69873046875 0.01171875 0.0146484375
0.0 0.3427734375 0.712890625 0.013671875 0.015625
0.0 0.3876953125 0.70947265625 0.01171875 0.0146484375
0.0 0.41455078125 0.57861328125 0.0126953125 0.0126953125
0.0 0.71630859375 0.45947265625 0.0146484375 0.0146484375
0.0 0.75732421875 0.5009765625 0.0087890625 0.01171875
0.0 0.76904296875 0.48193359375 0.0146484375 0.0126953125
0.0 0.7265625 0.49658203125 0.013671875 0.0146484375
0.0 0.4375 0.29296875 0.0078125 0.009765625
0.0 0.4033203125 0.1728515625 0.009765625 0.0078125
0.0 0.41650390625 0.15771484375 0.0068359375 0.0087890625
0.0 0.46484375 0.14404296875 0.005859375 0.0107421875
0.0 0.587890625 0.23876953125 0.009765625 0.0126953125
0.0 0.55078125 0.26025390625 0.009765625 0.0107421875
0.0 0.77294921875 0.21875 0.0087890625 0.01171875
0.0 0.3125 0.435546875 0.009765625 0.01171875
0.0 0.35498046875 0.419921875 0.0126953125 0.01171875
0.0 0.33154296875 0.416015625 0.0126953125 0.009765625
0.0 0.37646484375 0.40283203125 0.0107421875 0.0146484375
0.0 0.3955078125 0.40771484375 0.01171875 0.0146484375
0.0 0.39697265625 0.431640625 0.0107421875 0.01171875
0.0 0.357421875 0.44482421875 0.01171875 0.0146484375
0.0 0.36279296875 0.466796875 0.0126953125 0.017578125
0.0 0.31640625 0.45751953125 0.009765625 0.0146484375
0.0 0.30712890625 0.48291015625 0.0107421875 0.0126953125
0.0 0.55908203125 0.6748046875 0.0126953125 0.017578125
0.0 0.5791015625 0.64990234375 0.009765625 0.0166015625
0.0 0.60986328125 0.67529296875 0.0107421875 0.0166015625
0.0 0.52783203125 0.69189453125 0.0166015625 0.0185546875
0.0 0.5107421875 0.642578125 0.01171875 0.015625
0.0 0.73876953125 0.1728515625 0.0087890625 0.0078125
0.0 0.62060546875 0.32568359375 0.0087890625 0.0107421875
0.0 0.361328125 0.27734375 0.009765625 0.009765625
0.0 0.36328125 0.1943359375 0.009765625 0.009765625
0.0 0.33935546875 0.18896484375 0.0087890625 0.0107421875
0.0 0.36083984375 0.15478515625 0.0068359375 0.0126953125
0.0 0.4375 0.1435546875 0.0078125 0.01171875
0.0 0.4892578125 0.1884765625 0.009765625 0.01171875
0.0 0.6767578125 0.76318359375 0.013671875 0.0146484375
0.0 0.685546875 0.56103515625 0.01171875 0.0146484375
0.0 0.38916015625 0.451171875 0.0107421875 0.013671875
0.0 0.3466796875 0.51171875 0.01171875 0.013671875
0.0 0.39697265625 0.513671875 0.0107421875 0.01171875
0.0 0.3095703125 0.5546875 0.009765625 0.01171875
0.0 0.2900390625 0.537109375 0.01171875 0.013671875
0.0 0.27783203125 0.52001953125 0.0087890625 0.0146484375
0.0 0.7236328125 0.23828125 0.009765625 0.01171875
0.0 0.60546875 0.14599609375 0.009765625 0.0107421875
