0.0 0.31787109375 0.1514705882352941 0.0048828125 0.011764705882352941
0.0 0.3505859375 0.13455882352941176 0.0078125 0.016176470588235296
0.0 0.4501953125 0.1860294117647059 0.013671875 0.030882352941176472
0.0 0.5234375 0.09264705882352942 0.017578125 0.03529411764705882
0.0 0.52197265625 0.09338235294117647 0.0166015625 0.03676470588235294
0.0 0.0380859375 0.18823529411764706 0.009765625 0.020588235294117647
0.0 0.16748046875 0.1514705882352941 0.0029296875 0.011764705882352941
0.0 0.23583984375 0.17205882352941176 0.0048828125 0.011764705882352941
0.0 0.26708984375 0.14191176470588235 0.0048828125 0.013235294117647059
0.0 0.8974609375 0.175 0.009765625 0.01764705882352941
0.0 0.111328125 0.38823529411764707 0.013671875 0.023529411764705882
0.0 0.13427734375 0.4426470588235294 0.0126953125 0.020588235294117647
0.0 0.12255859375 0.4970588235294118 0.0166015625 0.026470588235294117
0.0 0.14453125 0.4889705882352941 0.013671875 0.022058823529411766
