0.0 0.79296875 0.15885416666666666 0.013671875 0.024739583333333332
0.0 0.888671875 0.2265625 0.015625 0.01953125
0.0 0.2021484375 0.17578125 0.0107421875 0.020833333333333332
0.0 0.1826171875 0.20052083333333334 0.005859375 0.0078125
0.0 0.5263671875 0.17317708333333334 0.0126953125 0.026041666666666668
0.0 0.48046875 0.19270833333333334 0.0068359375 0.013020833333333334
0.0 0.0 0.18619791666666666 0.005859375 0.013020833333333334
0.0 0.3720703125 0.17578125 0.0234375 0.04296875
0.0 0.6923828125 0.14973958333333334 0.015625 0.041666666666666664
0.0 0.287109375 0.19791666666666666 0.0087890625 0.016927083333333332
