0.0 0.052734375 0.048316251830161056 0.009765625 0.014641288433382138
0.0 0.10107421875 0.06808199121522694 0.0166015625 0.024890190336749635
0.0 0.0927734375 0.043923865300146414 0.01171875 0.017569546120058566
0.0 0.15869140625 0.03367496339677892 0.0126953125 0.020497803806734993
0.0 0.15283203125 0.06442166910688141 0.0107421875 0.02635431918008785
0.0 0.0869140625 0.18374816983894582 0.009765625 0.021961932650073207
0.0 0.09326171875 0.13396778916544655 0.0146484375 0.027818448023426062
0.0 0.294921875 0.12079062957540264 0.015625 0.027818448023426062
0.0 0.30029296875 0.04758418740849195 0.0068359375 0.024890190336749635
0.0 0.310546875 0.04685212298682284 0.0078125 0.02342606149341142
0.0 0.3564453125 0.010248901903367497 0.017578125 0.017569546120058566
0.0 0.37158203125 0.0527086383601757 0.0126953125 0.020497803806734993
0.0 0.35009765625 0.13689604685212298 0.0107421875 0.021961932650073207
0.0 0.41064453125 0.08931185944363104 0.0146484375 0.02342606149341142
0.0 0.4287109375 0.05710102489019034 0.01171875 0.02635431918008785
0.0 0.421875 0.036603221083455345 0.015625 0.02635431918008785
0.0 0.45458984375 0.010248901903367497 0.0107421875 0.020497803806734993
0.0 0.49267578125 0.05929721815519766 0.0126953125 0.024890190336749635
0.0 0.5107421875 0.053440702781844804 0.01171875 0.024890190336749635
0.0 0.5478515625 0.05856515373352855 0.013671875 0.032210834553440704
0.0 0.60498046875 0.0746705710102489 0.0126953125 0.020497803806734993
0.0 0.55810546875 0.1054172767203514 0.0107421875 0.020497803806734993
0.0 0.49267578125 0.10175695461200586 0.0185546875 0.024890190336749635
0.0 0.5849609375 0.15080527086383602 0.009765625 0.014641288433382138
0.0 0.62548828125 0.11273792093704246 0.0126953125 0.032210834553440704
0.0 0.65380859375 0.14128843338213762 0.0126953125 0.021961932650073207
0.0 0.69482421875 0.10907759882869693 0.0107421875 0.01903367496339678
0.0 0.70751953125 0.13543191800878476 0.0126953125 0.024890190336749635
0.0 0.69287109375 0.007320644216691069 0.0146484375 0.014641288433382138
0.0 0.76904296875 0.0212298682284041 0.0107421875 0.016105417276720352
0.0 0.79541015625 0.09004392386530015 0.0107421875 0.01903367496339678
0.0 0.82275390625 0.12005856515373353 0.0107421875 0.020497803806734993
0.0 0.9130859375 0.08711566617862372 0.01171875 0.01903367496339678
0.0 0.93994140625 0.02342606149341142 0.0107421875 0.020497803806734993
0.0 0.9794921875 0.032210834553440704 0.01171875 0.02342606149341142
0.0 0.99609375 0.11200585651537336 0.0078125 0.03367496339677892
0.0 0.2041015625 0.2781844802342606 0.01953125 0.032210834553440704
0.0 0.2255859375 0.040995607613469986 0.009765625 0.02635431918008785
0.0 0.74462890625 0.17715959004392387 0.0126953125 0.017569546120058566
0.0 0.43505859375 0.13543191800878476 0.0146484375 0.027818448023426062
0.0 0.478515625 0.13323572474377746 0.015625 0.02635431918008785
0.0 0.76025390625 0.05124450951683748 0.0107421875 0.02342606149341142
