0.0 0.65673828125 0.5677083333333334 0.0068359375 0.013020833333333334
0.0 0.31005859375 0.5338541666666666 0.0185546875 0.036458333333333336
0.0 0.36181640625 0.5546875 0.0126953125 0.036458333333333336
0.0 0.3408203125 0.6477864583333334 0.029296875 0.06380208333333333
0.0 0.20361328125 0.7688802083333334 0.0537109375 0.10026041666666667
0.0 0.396484375 0.7200520833333334 0.037109375 0.07291666666666667
0.0 0.48583984375 0.6634114583333334 0.0166015625 0.037760416666666664
0.0 0.44287109375 0.5716145833333334 0.0087890625 0.026041666666666668
0.0 0.41748046875 0.5559895833333334 0.0146484375 0.03125
0.0 0.3916015625 0.5416666666666666 0.015625 0.028645833333333332
0.0 0.51806640625 0.6516927083333334 0.0126953125 0.024739583333333332
0.0 0.56103515625 0.5983072916666666 0.0107421875 0.024739583333333332
0.0 0.71630859375 0.7473958333333334 0.0185546875 0.044270833333333336
0.0 0.650390625 0.7076822916666666 0.01171875 0.02734375
0.0 0.744140625 0.8216145833333334 0.025390625 0.057291666666666664
0.0 0.87060546875 0.6451822916666666 0.0068359375 0.01171875
0.0 0.5341796875 0.873046875 0.037109375 0.06901041666666667
0.0 0.64111328125 0.9609375 0.0341796875 0.07552083333333333
0.0 0.0390625 0.4674479166666667 0.0234375 0.028645833333333332
0.0 0.0458984375 0.5227864583333334 0.03125 0.055989583333333336
0.0 0.115234375 0.4765625 0.0234375 0.0234375
0.0 0.21826171875 0.5286458333333334 0.0146484375 0.036458333333333336
0.0 0.98779296875 0.8151041666666666 0.0087890625 0.0234375
0.0 0.71240234375 0.6731770833333334 0.0126953125 0.0234375
0.0 0.751953125 0.6998697916666666 0.01171875 0.016927083333333332
0.0 0.77734375 0.7454427083333334 0.01171875 0.024739583333333332
0.0 0.736328125 0.734375 0.013671875 0.020833333333333332
0.0 0.8388671875 0.7734375 0.009765625 0.020833333333333332
0.0 0.86279296875 0.7467447916666666 0.0087890625 0.016927083333333332
0.0 0.80224609375 0.7096354166666666 0.0068359375 0.013020833333333334
0.0 0.259765625 0.5611979166666666 0.0234375 0.0390625
0.0 0.0810546875 0.43359375 0.009765625 0.015625
0.0 0.00634765625 0.466796875 0.0068359375 0.024739583333333332
0.0 0.005859375 0.4283854166666667 0.005859375 0.018229166666666668
0.0 0.00439453125 0.3828125 0.0048828125 0.015625
0.0 0.06640625 0.447265625 0.01171875 0.01953125
0.0 0.2021484375 0.462890625 0.013671875 0.022135416666666668
0.0 0.2626953125 0.4791666666666667 0.0078125 0.015625
0.0 0.2490234375 0.4694010416666667 0.009765625 0.014322916666666666
0.0 0.47216796875 0.5631510416666666 0.0107421875 0.016927083333333332
0.0 0.49365234375 0.5768229166666666 0.0107421875 0.015625
0.0 0.51611328125 0.5930989583333334 0.0087890625 0.024739583333333332
0.0 0.52783203125 0.6516927083333334 0.0126953125 0.02734375
0.0 0.60986328125 0.638671875 0.0166015625 0.024739583333333332
0.0 0.66455078125 0.6608072916666666 0.0126953125 0.01953125
0.0 0.78564453125 0.7584635416666666 0.0166015625 0.032552083333333336
