0.0 0.01513671875 0.2336065573770492 0.0107421875 0.01912568306010929
0.0 0.06591796875 0.23702185792349728 0.0126953125 0.020491803278688523
0.0 0.08349609375 0.23633879781420766 0.0107421875 0.01639344262295082
0.0 0.1533203125 0.2192622950819672 0.03125 0.056010928961748634
0.0 0.08837890625 0.2998633879781421 0.0302734375 0.056010928961748634
0.0 0.2314453125 0.28210382513661203 0.01171875 0.015027322404371584
0.0 0.189453125 0.22814207650273224 0.009765625 0.01912568306010929
0.0 0.287109375 0.2896174863387978 0.009765625 0.01639344262295082
0.0 0.34228515625 0.2930327868852459 0.0126953125 0.015027322404371584
0.0 0.3828125 0.287568306010929 0.01171875 0.015027322404371584
0.0 0.421875 0.2957650273224044 0.01171875 0.017759562841530054
0.0 0.48388671875 0.28825136612021857 0.0107421875 0.01366120218579235
0.0 0.5458984375 0.23633879781420766 0.01171875 0.02185792349726776
0.0 0.61669921875 0.2520491803278688 0.0283203125 0.06420765027322405
0.0 0.75146484375 0.2657103825136612 0.0263671875 0.04781420765027322
0.0 0.26708984375 0.49385245901639346 0.0263671875 0.04781420765027322
0.0 0.33349609375 0.4651639344262295 0.0341796875 0.05327868852459016
0.0 0.36767578125 0.5163934426229508 0.0380859375 0.060109289617486336
0.0 0.04638671875 0.22882513661202186 0.0068359375 0.015027322404371584
0.0 0.39697265625 0.29713114754098363 0.0107421875 0.017759562841530054
0.0 0.4658203125 0.2937158469945355 0.01171875 0.01912568306010929
0.0 0.66552734375 0.39207650273224043 0.0341796875 0.060109289617486336
0.0 0.11376953125 0.2336065573770492 0.0087890625 0.01366120218579235
