0.0 0.01220703125 0.21875 0.0185546875 0.028645833333333332
0.0 0.06640625 0.236328125 0.0078125 0.014322916666666666
0.0 0.1328125 0.212890625 0.01953125 0.032552083333333336
0.0 0.1884765625 0.20572916666666666 0.017578125 0.026041666666666668
0.0 0.232421875 0.22981770833333334 0.01171875 0.024739583333333332
0.0 0.20751953125 0.20833333333333334 0.0068359375 0.013020833333333334
0.0 0.263671875 0.22916666666666666 0.013671875 0.03125
0.0 0.33349609375 0.189453125 0.0244140625 0.040364583333333336
0.0 0.34912109375 0.18619791666666666 0.0126953125 0.041666666666666664
0.0 0.38330078125 0.20572916666666666 0.0107421875 0.028645833333333332
0.0 0.43017578125 0.20833333333333334 0.0146484375 0.018229166666666668
0.0 0.4912109375 0.20247395833333334 0.01953125 0.03515625
0.0 0.52099609375 0.1953125 0.0126953125 0.020833333333333332
0.0 0.5107421875 0.18098958333333334 0.01171875 0.018229166666666668
0.0 0.70361328125 0.13997395833333334 0.0400390625 0.07161458333333333
0.0 0.90478515625 0.17252604166666666 0.0224609375 0.040364583333333336
0.0 0.962890625 0.17903645833333334 0.01171875 0.024739583333333332
0.0 0.92431640625 0.16080729166666666 0.0166015625 0.029947916666666668
0.0 0.044921875 0.24348958333333334 0.01171875 0.018229166666666668
0.0 0.02734375 0.2265625 0.0078125 0.015625
0.0 0.1455078125 0.22591145833333334 0.005859375 0.01171875
0.0 0.53564453125 0.201171875 0.0068359375 0.009114583333333334
0.0 0.60693359375 0.19205729166666666 0.0087890625 0.014322916666666666
0.0 0.63525390625 0.18815104166666666 0.0087890625 0.016927083333333332
0.0 0.85302734375 0.19856770833333334 0.0087890625 0.022135416666666668
0.0 0.220703125 0.20963541666666666 0.009765625 0.018229166666666668
0.0 0.1005859375 0.22981770833333334 0.005859375 0.009114583333333334
