0.0 0.3818359375 0.3191800878477306 0.017578125 0.032210834553440704
0.0 0.45361328125 0.35505124450951686 0.0185546875 0.036603221083455345
0.0 0.46826171875 0.3484626647144949 0.0166015625 0.03513909224011713
0.0 0.47607421875 0.36383601756954614 0.0126953125 0.03074670571010249
0.0 0.50830078125 0.36749633967789164 0.0146484375 0.03513909224011713
0.0 0.54052734375 0.36530014641288433 0.0322265625 0.06881405563689605
0.0 0.5888671875 0.3579795021961933 0.015625 0.03367496339677892
0.0 0.599609375 0.3623718887262079 0.013671875 0.03367496339677892
0.0 0.64306640625 0.3733528550512445 0.0166015625 0.032210834553440704
0.0 0.658203125 0.36749633967789164 0.013671875 0.029282576866764276
0.0 0.69140625 0.38433382137628114 0.015625 0.027818448023426062
0.0 0.7001953125 0.3601756954612006 0.015625 0.032210834553440704
0.0 0.07861328125 0.31332357247437775 0.0205078125 0.03513909224011713
0.0 0.1357421875 0.3257686676427526 0.021484375 0.03953147877013177
0.0 0.1484375 0.32430453879941434 0.015625 0.03367496339677892
0.0 0.1962890625 0.33162518301610544 0.01953125 0.03367496339677892
0.0 0.20458984375 0.3206442166910688 0.0166015625 0.032210834553440704
0.0 0.23095703125 0.3389458272327965 0.0205078125 0.03953147877013177
0.0 0.26025390625 0.3440702781844802 0.0224609375 0.043923865300146414
0.0 0.26318359375 0.3235724743777452 0.0146484375 0.029282576866764276
0.0 0.3173828125 0.34773060029282576 0.01953125 0.036603221083455345
0.0 0.31689453125 0.3323572474377745 0.0185546875 0.032210834553440704
0.0 0.349609375 0.3374816983894583 0.017578125 0.03074670571010249
0.0 0.3779296875 0.36749633967789164 0.017578125 0.03513909224011713
0.0 0.39599609375 0.3557833089311859 0.0166015625 0.032210834553440704
