0.0 0.01953125 0.5051244509516838 0.0390625 0.09077598828696926
0.0 0.14697265625 0.43191800878477304 0.0146484375 0.03806734992679356
0.0 0.16796875 0.43265007320644217 0.021484375 0.048316251830161056
0.0 0.220703125 0.47584187408491946 0.029296875 0.06734992679355783
0.0 0.2705078125 0.40922401171303074 0.0078125 0.01903367496339678
0.0 0.43505859375 0.42825768667642755 0.0126953125 0.03074670571010249
0.0 0.43603515625 0.39604685212298685 0.0126953125 0.027818448023426062
0.0 0.3818359375 0.4062957540263543 0.009765625 0.01903367496339678
0.0 0.326171875 0.4216691068814056 0.0078125 0.020497803806734993
0.0 0.72607421875 0.40775988286969256 0.0322265625 0.05710102489019034
0.0 0.09228515625 0.4480234260614934 0.0185546875 0.032210834553440704
0.0 0.0478515625 0.35871156661786235 0.017578125 0.029282576866764276
