0.0 0.31005859375 0.4147135416666667 0.0107421875 0.022135416666666668
0.0 0.32861328125 0.4342447916666667 0.0087890625 0.01953125
0.0 0.33544921875 0.4635416666666667 0.0107421875 0.013020833333333334
0.0 0.36279296875 0.4661458333333333 0.0146484375 0.020833333333333332
0.0 0.392578125 0.4537760416666667 0.0078125 0.01953125
0.0 0.40234375 0.4720052083333333 0.01171875 0.022135416666666668
0.0 0.439453125 0.4739583333333333 0.013671875 0.026041666666666668
0.0 0.4580078125 0.4635416666666667 0.01171875 0.020833333333333332
0.0 0.4892578125 0.4622395833333333 0.013671875 0.018229166666666668
0.0 0.513671875 0.4778645833333333 0.015625 0.026041666666666668
0.0 0.56494140625 0.462890625 0.0146484375 0.02734375
0.0 0.60107421875 0.4869791666666667 0.0166015625 0.03125
0.0 0.62158203125 0.478515625 0.0146484375 0.024739583333333332
0.0 0.66748046875 0.498046875 0.0166015625 0.029947916666666668
0.0 0.693359375 0.486328125 0.013671875 0.024739583333333332
0.0 0.79541015625 0.501953125 0.0166015625 0.029947916666666668
