0.0 0.0263671875 0.328515111695138 0.01171875 0.018396846254927726
0.0 0.091796875 0.3692509855453351 0.01171875 0.017082785808147174
0.0 0.091796875 0.3193166885676741 0.0107421875 0.02102496714848883
0.0 0.1728515625 0.3495400788436268 0.0068359375 0.018396846254927726
0.0 0.2099609375 0.34822601839684625 0.0087890625 0.013140604467805518
0.0 0.3212890625 0.3324572930354796 0.015625 0.024967148488830485
0.0 0.4599609375 0.42575558475689884 0.0107421875 0.02102496714848883
0.0 0.4462890625 0.33377135348226017 0.0048828125 0.005256241787122208
0.0 0.6064453125 0.3363994743758213 0.0068359375 0.00788436268068331
0.0 0.5966796875 0.328515111695138 0.00390625 0.006570302233902759
0.0 0.548828125 0.3311432325886991 0.0048828125 0.009198423127463863
0.0 0.662109375 0.3416557161629435 0.00390625 0.009198423127463863
0.0 0.615234375 0.33902759526938236 0.0048828125 0.005256241787122208
0.0 0.6201171875 0.4060446780551905 0.0048828125 0.00788436268068331
0.0 0.6669921875 0.40473061760841 0.005859375 0.006570302233902759
0.0 0.724609375 0.40473061760841 0.0078125 0.009198423127463863
0.0 0.7177734375 0.3311432325886991 0.005859375 0.006570302233902759
0.0 0.728515625 0.33508541392904073 0.00390625 0.006570302233902759
0.0 0.779296875 0.3324572930354796 0.0107421875 0.024967148488830485
0.0 0.931640625 0.34296977660972405 0.013671875 0.02759526938239159
0.0 0.1337890625 0.3193166885676741 0.013671875 0.017082785808147174
0.0 0.701171875 0.442838370565046 0.0234375 0.01971090670170828
0.0 0.0205078125 0.3442838370565046 0.009765625 0.023653088042049936
0.0 0.341796875 0.32457293035479634 0.0068359375 0.013140604467805518
0.0 0.8837890625 0.328515111695138 0.01171875 0.02102496714848883
0.0 0.37109375 0.3311432325886991 0.00390625 0.00788436268068331
0.0 0.3955078125 0.3193166885676741 0.00390625 0.00788436268068331
0.0 0.345703125 0.33377135348226017 0.005859375 0.010512483574244415
0.0 0.630859375 0.3272010512483574 0.0048828125 0.006570302233902759
0.0 0.5927734375 0.3416557161629435 0.00390625 0.00788436268068331
