0.0 0.1455078125 0.310546875 0.037109375 0.05859375
0.0 0.16552734375 0.380859375 0.0380859375 0.06380208333333333
0.0 0.2666015625 0.3352864583333333 0.025390625 0.053385416666666664
0.0 0.3359375 0.3333333333333333 0.0234375 0.044270833333333336
0.0 0.3720703125 0.3326822916666667 0.03515625 0.055989583333333336
0.0 0.46044921875 0.3821614583333333 0.0322265625 0.061197916666666664
0.0 0.54736328125 0.2903645833333333 0.0263671875 0.049479166666666664
0.0 0.53662109375 0.3795572916666667 0.0283203125 0.05859375
0.0 0.568359375 0.4153645833333333 0.0390625 0.057291666666666664
0.0 0.6064453125 0.3509114583333333 0.033203125 0.053385416666666664
0.0 0.70458984375 0.3938802083333333 0.0400390625 0.06380208333333333
0.0 0.72216796875 0.3307291666666667 0.0361328125 0.0625
0.0 0.81640625 0.32421875 0.041015625 0.0703125
