0.0 0.0185546875 0.212298682284041 0.01171875 0.020497803806734993
0.0 0.1044921875 0.10102489019033675 0.015625 0.027818448023426062
0.0 0.158203125 0.11566617862371889 0.0126953125 0.02342606149341142
0.0 0.1435546875 0.09224011713030747 0.00390625 0.007320644216691069
0.0 0.169921875 0.17276720351390923 0.0078125 0.017569546120058566
0.0 0.9423828125 0.1273792093704246 0.0107421875 0.032210834553440704
0.0 0.2431640625 0.48316251830161056 0.021484375 0.06149341142020498
0.0 0.263671875 0.5226939970717424 0.0341796875 0.03806734992679356
0.0 0.494140625 0.4363103953147877 0.029296875 0.06149341142020498
0.0 0.76953125 0.3821376281112738 0.0341796875 0.06734992679355783
0.0 0.333984375 0.008784773060029283 0.0107421875 0.02635431918008785
0.0 0.39453125 0.06149341142020498 0.0146484375 0.02635431918008785
0.0 0.453125 0.060029282576866766 0.0166015625 0.03074670571010249
0.0 0.4931640625 0.02635431918008785 0.0146484375 0.03367496339677892
0.0 0.5390625 0.07320644216691069 0.0166015625 0.029282576866764276
0.0 0.2119140625 0.08784773060029283 0.0107421875 0.013177159590043924
0.0 0.2626953125 0.19765739385065886 0.0146484375 0.01903367496339678
0.0 0.283203125 0.08345534407027819 0.0087890625 0.01171303074670571
0.0 0.748046875 0.1390922401171303 0.015625 0.024890190336749635
0.0 0.80859375 0.15373352855051245 0.009765625 0.029282576866764276
