0.0 0.986328125 0.7239583333333334 0.021484375 0.0546875
0.0 0.8955078125 0.716796875 0.021484375 0.045572916666666664
0.0 0.80712890625 0.677734375 0.0205078125 0.037760416666666664
0.0 0.89892578125 0.5345052083333334 0.0166015625 0.032552083333333336
0.0 0.7255859375 0.556640625 0.015625 0.02734375
0.0 0.71533203125 0.5442708333333334 0.0146484375 0.0234375
0.0 0.63623046875 0.4036458333333333 0.0419921875 0.0625
0.0 0.525390625 0.533203125 0.009765625 0.016927083333333332
0.0 0.49755859375 0.5260416666666666 0.0126953125 0.0234375
0.0 0.4384765625 0.3756510416666667 0.029296875 0.05859375
