0.0 0.91162109375 0.2880116959064328 0.0361328125 0.06725146198830409
0.0 0.81982421875 0.2916666666666667 0.0322265625 0.07456140350877193
0.0 0.70458984375 0.27850877192982454 0.0322265625 0.06578947368421052
0.0 0.8095703125 0.4605263157894737 0.03125 0.06432748538011696
0.0 0.69189453125 0.4656432748538012 0.0361328125 0.06871345029239766
0.0 0.603515625 0.4583333333333333 0.033203125 0.06578947368421052
0.0 0.5986328125 0.29239766081871343 0.033203125 0.05847953216374269
0.0 0.51123046875 0.28728070175438597 0.0322265625 0.06578947368421052
0.0 0.4951171875 0.45394736842105265 0.03125 0.06871345029239766
0.0 0.39697265625 0.4583333333333333 0.0341796875 0.06578947368421052
0.0 0.4130859375 0.25292397660818716 0.03125 0.07017543859649122
0.0 0.28759765625 0.4597953216374269 0.0341796875 0.06871345029239766
0.0 0.19775390625 0.4451754385964912 0.0341796875 0.06578947368421052
0.0 0.11669921875 0.4590643274853801 0.0322265625 0.07017543859649122
0.0 0.12158203125 0.2821637426900585 0.0322265625 0.06432748538011696
0.0 0.21923828125 0.2777777777777778 0.0302734375 0.06432748538011696
0.0 0.3125 0.277046783625731 0.029296875 0.06578947368421052
0.0 0.47119140625 0.631578947368421 0.0361328125 0.07017543859649122
