0.0 0.84716796875 0.580078125 0.0302734375 0.061197916666666664
0.0 0.8818359375 0.5305989583333334 0.01171875 0.01953125
0.0 0.9814453125 0.52734375 0.013671875 0.0234375
0.0 0.81201171875 0.4811197916666667 0.0087890625 0.014322916666666666
0.0 0.7978515625 0.4869791666666667 0.005859375 0.015625
0.0 0.89794921875 0.4915364583333333 0.0087890625 0.016927083333333332
0.0 0.8056640625 0.49609375 0.005859375 0.013020833333333334
0.0 0.7509765625 0.4544270833333333 0.005859375 0.013020833333333334
0.0 0.849609375 0.4641927083333333 0.01171875 0.014322916666666666
0.0 0.705078125 0.4596354166666667 0.0078125 0.015625
0.0 0.83837890625 0.4934895833333333 0.0068359375 0.015625
0.0 0.6435546875 0.7356770833333334 0.04296875 0.08333333333333333
0.0 0.3984375 0.38671875 0.013671875 0.026041666666666668
0.0 0.4375 0.3977864583333333 0.013671875 0.022135416666666668
0.0 0.30615234375 0.3248697916666667 0.0068359375 0.014322916666666666
0.0 0.2216796875 0.3196614583333333 0.005859375 0.014322916666666666
0.0 0.2587890625 0.322265625 0.005859375 0.01171875
0.0 0.12646484375 0.2838541666666667 0.0087890625 0.020833333333333332
0.0 0.10693359375 0.279296875 0.0068359375 0.01171875
0.0 0.11474609375 0.2819010416666667 0.0048828125 0.01953125
0.0 0.1376953125 0.28515625 0.0078125 0.018229166666666668
