0.0 0.94189453125 0.3617992177314211 0.0126953125 0.027379400260756193
0.0 0.88720703125 0.2985658409387223 0.0146484375 0.02607561929595828
0.0 0.87890625 0.32659713168187743 0.01171875 0.02216427640156454
0.0 0.72216796875 0.26792698826597133 0.0146484375 0.024771838331160364
0.0 0.669921875 0.3748370273794003 0.013671875 0.02216427640156454
0.0 0.61328125 0.44002607561929596 0.0078125 0.027379400260756193
0.0 0.57373046875 0.46153846153846156 0.0146484375 0.02346805736636245
0.0 0.46728515625 0.25097783572359844 0.0126953125 0.024771838331160364
0.0 0.3134765625 0.3239895697522816 0.013671875 0.027379400260756193
0.0 0.50537109375 0.43741851368970014 0.0087890625 0.027379400260756193
0.0 0.12841796875 0.40808344198174706 0.0126953125 0.02607561929595828
0.0 0.02587890625 0.42633637548891784 0.0126953125 0.02346805736636245
0.0 0.01806640625 0.4517601043024772 0.0107421875 0.027379400260756193
0.0 0.4326171875 0.3050847457627119 0.01171875 0.020860495436766623
0.0 0.97021484375 0.8226857887874837 0.0439453125 0.0938722294654498
