0.0 0.1083984375 0.22716346153846154 0.0537109375 0.08653846153846154
0.0 0.189453125 0.13822115384615385 0.048828125 0.07572115384615384
0.0 0.310546875 0.19110576923076922 0.052734375 0.0889423076923077
0.0 0.376953125 0.15384615384615385 0.044921875 0.06850961538461539
0.0 0.46875 0.17668269230769232 0.0517578125 0.0889423076923077
0.0 0.55078125 0.27403846153846156 0.05859375 0.0829326923076923
0.0 0.3896484375 0.3004807692307692 0.0634765625 0.0829326923076923
0.0 0.228515625 0.328125 0.0546875 0.06850961538461539
0.0 0.2080078125 0.43509615384615385 0.0673828125 0.09735576923076923
0.0 0.5341796875 0.12980769230769232 0.0458984375 0.07572115384615384
0.0 0.6162109375 0.203125 0.0478515625 0.0625
0.0 0.8154296875 0.21875 0.046875 0.07572115384615384
0.0 0.765625 0.35697115384615385 0.0556640625 0.07932692307692307
0.0 0.677734375 0.2980769230769231 0.05859375 0.08774038461538461
0.0 0.689453125 0.5024038461538461 0.05859375 0.09254807692307693
0.0 0.7861328125 0.47115384615384615 0.0654296875 0.09134615384615384
0.0 0.5888671875 0.5889423076923077 0.0654296875 0.08653846153846154
0.0 0.2578125 0.5396634615384616 0.05859375 0.09254807692307693
0.0 0.4404296875 0.5697115384615384 0.0634765625 0.0889423076923077
