0.0 0.8994140625 0.5197657393850659 0.0146484375 0.032210834553440704
0.0 0.7900390625 0.5314787701317716 0.0146484375 0.027818448023426062
0.0 0.771484375 0.5387994143484627 0.009765625 0.01903367496339678
0.0 0.75390625 0.5651537335285505 0.0107421875 0.029282576866764276
0.0 0.712890625 0.5241581259150805 0.0107421875 0.021961932650073207
0.0 0.6328125 0.513909224011713 0.0107421875 0.02342606149341142
0.0 0.6923828125 0.575402635431918 0.0087890625 0.02342606149341142
0.0 0.623046875 0.5183016105417276 0.0068359375 0.01171303074670571
0.0 0.521484375 0.3733528550512445 0.0087890625 0.014641288433382138
0.0 0.4501953125 0.37042459736456806 0.0078125 0.016105417276720352
0.0 0.5390625 0.6032210834553441 0.0126953125 0.021961932650073207
0.0 0.44140625 0.5241581259150805 0.0126953125 0.02342606149341142
0.0 0.3525390625 0.6295754026354319 0.0146484375 0.02635431918008785
0.0 0.3701171875 0.5358711566617862 0.0146484375 0.027818448023426062
0.0 0.2490234375 0.6046852122986823 0.0126953125 0.03367496339677892
0.0 0.244140625 0.5592972181551976 0.0146484375 0.029282576866764276
0.0 0.26953125 0.5710102489019033 0.01171875 0.014641288433382138
0.0 0.0966796875 0.34992679355783307 0.0078125 0.01903367496339678
