0.0 0.943359375 0.45845697329376855 0.0107421875 0.020771513353115726
0.0 0.9169921875 0.46735905044510384 0.009765625 0.017804154302670624
0.0 0.9140625 0.44807121661721067 0.0087890625 0.016320474777448073
0.0 0.8984375 0.47477744807121663 0.0087890625 0.019287833827893175
0.0 0.900390625 0.456973293768546 0.0087890625 0.01483679525222552
0.0 0.9248046875 0.4599406528189911 0.0078125 0.016320474777448073
0.0 0.8544921875 0.46735905044510384 0.0205078125 0.03115727002967359
0.0 0.8310546875 0.46142433234421365 0.0126953125 0.026706231454005934
0.0 0.806640625 0.45548961424332346 0.0107421875 0.020771513353115726
0.0 0.7890625 0.4658753709198813 0.0087890625 0.01483679525222552
0.0 0.767578125 0.47477744807121663 0.0087890625 0.016320474777448073
0.0 0.748046875 0.46142433234421365 0.009765625 0.016320474777448073
0.0 0.7373046875 0.46142433234421365 0.0078125 0.01483679525222552
0.0 0.72265625 0.4658753709198813 0.0068359375 0.01483679525222552
0.0 0.8212890625 0.46439169139465875 0.0087890625 0.016320474777448073
0.0 0.986328125 0.4688427299703264 0.0126953125 0.020771513353115726
0.0 0.646484375 0.4540059347181009 0.013671875 0.026706231454005934
0.0 0.6787109375 0.47181008902077154 0.0068359375 0.013353115727002967
0.0 0.626953125 0.4599406528189911 0.0107421875 0.019287833827893175
0.0 0.5888671875 0.4658753709198813 0.0087890625 0.01483679525222552
0.0 0.5654296875 0.47477744807121663 0.0107421875 0.02225519287833828
0.0 0.5009765625 0.3857566765578635 0.0224609375 0.03857566765578635
0.0 0.470703125 0.4807121661721068 0.01171875 0.020771513353115726
0.0 0.45703125 0.4762611275964392 0.01171875 0.017804154302670624
0.0 0.44140625 0.44510385756676557 0.0087890625 0.017804154302670624
0.0 0.4306640625 0.456973293768546 0.009765625 0.020771513353115726
0.0 0.40234375 0.46142433234421365 0.005859375 0.013353115727002967
0.0 0.3623046875 0.4688427299703264 0.0068359375 0.013353115727002967
0.0 0.345703125 0.4792284866468843 0.0126953125 0.02225519287833828
0.0 0.3212890625 0.45548961424332346 0.0107421875 0.020771513353115726
0.0 0.3095703125 0.4688427299703264 0.0068359375 0.011869436201780416
0.0 0.4189453125 0.46439169139465875 0.009765625 0.017804154302670624
0.0 0.2734375 0.4688427299703264 0.0068359375 0.01483679525222552
0.0 0.2548828125 0.4629080118694362 0.0078125 0.016320474777448073
0.0 0.2275390625 0.4807121661721068 0.01171875 0.02373887240356083
0.0 0.2060546875 0.4658753709198813 0.009765625 0.020771513353115726
0.0 0.19140625 0.456973293768546 0.0087890625 0.016320474777448073
0.0 0.1767578125 0.4540059347181009 0.0068359375 0.016320474777448073
0.0 0.1552734375 0.4599406528189911 0.0068359375 0.019287833827893175
0.0 0.126953125 0.47477744807121663 0.009765625 0.02225519287833828
0.0 0.109375 0.48516320474777447 0.0126953125 0.02373887240356083
0.0 0.0869140625 0.49554896142433236 0.0126953125 0.019287833827893175
0.0 0.2294921875 0.45548961424332346 0.0087890625 0.017804154302670624
0.0 0.34375 0.4629080118694362 0.0107421875 0.019287833827893175
0.0 0.0390625 0.43768545994065283 0.0146484375 0.03412462908011869
