0.0 0.837890625 0.5498533724340176 0.0185546875 0.036656891495601175
0.0 0.82421875 0.5205278592375366 0.013671875 0.02785923753665689
0.0 0.7255859375 0.5043988269794721 0.0126953125 0.02785923753665689
0.0 0.701171875 0.5571847507331378 0.0166015625 0.03812316715542522
0.0 0.900390625 0.42961876832844575 0.0078125 0.016129032258064516
0.0 0.90234375 0.4750733137829912 0.0078125 0.010263929618768328
0.0 0.826171875 0.375366568914956 0.0068359375 0.01466275659824047
0.0 0.5400390625 0.5659824046920822 0.015625 0.03225806451612903
0.0 0.5361328125 0.5117302052785924 0.0146484375 0.026392961876832845
0.0 0.5712890625 0.48826979472140764 0.013671875 0.026392961876832845
0.0 0.5830078125 0.4574780058651026 0.0107421875 0.021994134897360705
0.0 0.4443359375 0.4750733137829912 0.013671875 0.02346041055718475
0.0 0.4462890625 0.5791788856304986 0.0146484375 0.030791788856304986
0.0 0.4072265625 0.49266862170087977 0.01171875 0.026392961876832845
0.0 0.365234375 0.5689149560117303 0.0185546875 0.036656891495601175
0.0 0.3232421875 0.5571847507331378 0.0126953125 0.02785923753665689
0.0 0.6708984375 0.43841642228739003 0.0078125 0.017595307917888565
0.0 0.2626953125 0.5821114369501467 0.0166015625 0.030791788856304986
0.0 0.275390625 0.47947214076246336 0.01171875 0.024926686217008796
0.0 0.10546875 0.6041055718475073 0.01171875 0.03225806451612903
0.0 0.029296875 0.6876832844574781 0.0185546875 0.039589442815249266
0.0 0.408203125 0.718475073313783 0.013671875 0.04398826979472141
