0.0 0.609375 0.6002928257686676 0.0390625 0.07906295754026355
0.0 0.748046875 0.40483162518301613 0.01953125 0.060029282576866766
0.0 0.6826171875 0.41654465592972184 0.009765625 0.021961932650073207
0.0 0.63525390625 0.39751098096632503 0.0107421875 0.021961932650073207
0.0 0.65966796875 0.41874084919472915 0.0107421875 0.02342606149341142
0.0 0.86181640625 0.40263543191800877 0.0107421875 0.02342606149341142
0.0 0.85107421875 0.40702781844802344 0.0107421875 0.017569546120058566
0.0 0.86962890625 0.424597364568082 0.0107421875 0.029282576866764276
0.0 0.50830078125 0.3857979502196193 0.0126953125 0.024890190336749635
0.0 0.4716796875 0.3923865300146413 0.009765625 0.020497803806734993
0.0 0.42431640625 0.40995607613469986 0.0126953125 0.02342606149341142
0.0 0.4345703125 0.40922401171303074 0.0078125 0.01903367496339678
0.0 0.33837890625 0.43191800878477304 0.0146484375 0.032210834553440704
0.0 0.24462890625 0.383601756954612 0.0146484375 0.032210834553440704
0.0 0.2197265625 0.3733528550512445 0.01171875 0.029282576866764276
0.0 0.1474609375 0.40702781844802344 0.01171875 0.02635431918008785
0.0 0.27978515625 0.40483162518301613 0.0126953125 0.021961932650073207
0.0 0.146484375 0.37042459736456806 0.009765625 0.02635431918008785
0.0 0.109375 0.31771595900439237 0.009765625 0.029282576866764276
0.0 0.05908203125 0.34773060029282576 0.0107421875 0.027818448023426062
0.0 0.10791015625 0.38726207906295756 0.0126953125 0.0424597364568082
