0.0 0.5234375 0.38342696629213485 0.015625 0.03089887640449438
0.0 0.5849609375 0.3960674157303371 0.01171875 0.02247191011235955
0.0 0.68408203125 0.41151685393258425 0.0107421875 0.016853932584269662
0.0 0.5361328125 0.42837078651685395 0.0078125 0.016853932584269662
0.0 0.45166015625 0.4234550561797753 0.0107421875 0.018258426966292134
0.0 0.2919921875 0.4164325842696629 0.01171875 0.021067415730337078
0.0 0.14306640625 0.43047752808988765 0.0126953125 0.018258426966292134
0.0 0.08984375 0.3714887640449438 0.017578125 0.037921348314606744
0.0 0.07373046875 0.31390449438202245 0.0302734375 0.06601123595505617
0.0 0.37353515625 0.37429775280898875 0.0185546875 0.032303370786516857
0.0 0.9345703125 0.18469101123595505 0.052734375 0.0997191011235955
