0.0 0.97314453125 0.410688140556369 0.0205078125 0.03953147877013177
0.0 0.7119140625 0.44143484626647145 0.025390625 0.05417276720351391
0.0 0.814453125 0.29282576866764276 0.0078125 0.02342606149341142
0.0 0.783203125 0.2562225475841874 0.009765625 0.02342606149341142
0.0 0.697265625 0.25109809663250365 0.0078125 0.01903367496339678
0.0 0.73193359375 0.2130307467057101 0.0068359375 0.010248901903367497
0.0 0.572265625 0.23645680819912152 0.009765625 0.01903367496339678
0.0 0.60791015625 0.27013177159590046 0.0087890625 0.024890190336749635
0.0 0.53466796875 0.2591508052708638 0.0068359375 0.020497803806734993
0.0 0.44140625 0.21961932650073207 0.0078125 0.014641288433382138
0.0 0.4228515625 0.21522693997071743 0.0078125 0.01171303074670571
0.0 0.49072265625 0.32650073206442165 0.0048828125 0.029282576866764276
0.0 0.3671875 0.2796486090775988 0.0078125 0.02342606149341142
0.0 0.26123046875 0.2547584187408492 0.0087890625 0.017569546120058566
0.0 0.271484375 0.21815519765739386 0.0078125 0.017569546120058566
0.0 0.34619140625 0.22913616398243045 0.0087890625 0.016105417276720352
0.0 0.14599609375 0.2349926793557833 0.0068359375 0.016105417276720352
0.0 0.11572265625 0.2525622254758419 0.0087890625 0.016105417276720352
0.0 0.08349609375 0.22108345534407028 0.0068359375 0.014641288433382138
0.0 0.224609375 0.19838945827232796 0.005859375 0.013177159590043924
0.0 0.2421875 0.20937042459736457 0.005859375 0.014641288433382138
0.0 0.33642578125 0.2042459736456808 0.0068359375 0.016105417276720352
0.0 0.31640625 0.2020497803806735 0.0078125 0.01171303074670571
0.0 0.2685546875 0.19472913616398244 0.005859375 0.01171303074670571
0.0 0.4677734375 0.18887262079062958 0.00390625 0.01171303074670571
0.0 0.5107421875 0.19619326500732065 0.005859375 0.01171303074670571
