0.0 0.7900390625 0.3236040609137056 0.01171875 0.048223350253807105
0.0 0.8486328125 0.22715736040609136 0.01171875 0.03807106598984772
0.0 0.9365234375 0.2512690355329949 0.0078125 0.02030456852791878
0.0 0.6923828125 0.2652284263959391 0.005859375 0.027918781725888325
0.0 0.66357421875 0.2614213197969543 0.0068359375 0.02030456852791878
0.0 0.65771484375 0.30456852791878175 0.0068359375 0.025380710659898477
0.0 0.61669921875 0.3426395939086294 0.0068359375 0.030456852791878174
0.0 0.7041015625 0.3020304568527919 0.005859375 0.030456852791878174
0.0 0.49560546875 0.30076142131979694 0.0087890625 0.027918781725888325
0.0 0.53369140625 0.28426395939086296 0.0048828125 0.03553299492385787
0.0 0.552734375 0.23096446700507614 0.005859375 0.02030456852791878
0.0 0.5810546875 0.26903553299492383 0.005859375 0.025380710659898477
0.0 0.46923828125 0.31218274111675126 0.0107421875 0.030456852791878174
0.0 0.45654296875 0.24619289340101522 0.0087890625 0.025380710659898477
0.0 0.42138671875 0.27918781725888325 0.0087890625 0.04060913705583756
0.0 0.35498046875 0.25761421319796957 0.0087890625 0.027918781725888325
0.0 0.38525390625 0.24619289340101522 0.0087890625 0.030456852791878174
0.0 0.255859375 0.25 0.01171875 0.03807106598984772
0.0 0.3056640625 0.26903553299492383 0.0078125 0.02030456852791878
0.0 0.2958984375 0.30456852791878175 0.0078125 0.030456852791878174
0.0 0.19921875 0.28553299492385786 0.005859375 0.027918781725888325
0.0 0.16943359375 0.24619289340101522 0.0126953125 0.04060913705583756
0.0 0.17724609375 0.26776649746192893 0.0087890625 0.03299492385786802
0.0 0.0244140625 0.3210659898477157 0.01953125 0.0532994923857868
0.0 0.564453125 0.2753807106598985 0.0078125 0.017766497461928935
0.0 0.36279296875 0.2703045685279188 0.0068359375 0.012690355329949238
