0.0 0.1416015625 0.3359375 0.0419921875 0.0703125
0.0 0.2373046875 0.3020833333333333 0.0419921875 0.07552083333333333
0.0 0.28125 0.2903645833333333 0.0576171875 0.08463541666666667
0.0 0.3642578125 0.3177083333333333 0.0390625 0.06901041666666667
0.0 0.4150390625 0.3658854166666667 0.0517578125 0.09505208333333333
0.0 0.4072265625 0.2630208333333333 0.048828125 0.07552083333333333
0.0 0.4677734375 0.3190104166666667 0.0458984375 0.07942708333333333
0.0 0.509765625 0.2565104166666667 0.0634765625 0.09765625
0.0 0.525390625 0.42578125 0.048828125 0.0859375
0.0 0.5888671875 0.3450520833333333 0.052734375 0.08854166666666667
0.0 0.7587890625 0.37890625 0.052734375 0.08072916666666667
0.0 0.931640625 0.3815104166666667 0.048828125 0.08203125
