0.0 0.47705078125 0.27785923753665687 0.0322265625 0.051319648093841645
0.0 0.58984375 0.43914956011730205 0.025390625 0.045454545454545456
0.0 0.6689453125 0.43914956011730205 0.013671875 0.024926686217008796
0.0 0.67626953125 0.45161290322580644 0.0009765625 0.0
0.0 0.017578125 0.39002932551319647 0.029296875 0.06451612903225806
0.0 0.03564453125 0.4156891495601173 0.0126953125 0.024926686217008796
0.0 0.0810546875 0.4252199413489736 0.01171875 0.020527859237536656
0.0 0.18017578125 0.4215542521994135 0.0244140625 0.045454545454545456
0.0 0.29541015625 0.43621700879765396 0.0263671875 0.060117302052785926
0.0 0.7529296875 0.4435483870967742 0.025390625 0.054252199413489736
0.0 0.86083984375 0.44208211143695014 0.0283203125 0.04838709677419355
0.0 0.98876953125 0.46847507331378296 0.0205078125 0.04252199413489736
0.0 0.22509765625 0.4435483870967742 0.0087890625 0.01906158357771261
