0.0 0.509765625 0.5812591508052709 0.01953125 0.055636896046852125
0.0 0.46533203125 0.5322108345534406 0.0185546875 0.04538799414348463
0.0 0.45703125 0.2554904831625183 0.037109375 0.06588579795021962
0.0 0.41748046875 0.568081991215227 0.0283203125 0.04978038067349927
0.0 0.5556640625 0.5871156661786238 0.02734375 0.06734992679355783
0.0 0.4267578125 0.8418740849194729 0.03125 0.0849194729136164
0.0 0.611328125 0.609809663250366 0.021484375 0.06881405563689605
0.0 0.92236328125 0.7079062957540263 0.0322265625 0.0746705710102489
0.0 0.3759765625 0.39824304538799415 0.0546875 0.10248901903367497
0.0 0.45751953125 0.46486090775988287 0.0224609375 0.03953147877013177
0.0 0.68505859375 0.5556368960468521 0.0244140625 0.048316251830161056
0.0 0.705078125 0.8001464128843339 0.052734375 0.09224011713030747
0.0 0.8994140625 0.527818448023426 0.015625 0.048316251830161056
0.0 0.5478515625 0.31771595900439237 0.07421875 0.12005856515373353
0.0 0.15478515625 0.3923865300146413 0.0224609375 0.029282576866764276
0.0 0.08056640625 0.6339677891654466 0.0380859375 0.0527086383601757
0.0 0.2333984375 0.5087847730600292 0.0234375 0.060029282576866766
0.0 0.265625 0.5241581259150805 0.009765625 0.03806734992679356
0.0 0.3544921875 0.5724743777452416 0.025390625 0.06149341142020498
0.0 0.416015625 0.4978038067349927 0.021484375 0.04685212298682284
0.0 0.87451171875 0.5307467057101025 0.0185546875 0.05417276720351391
0.0 0.8427734375 0.5556368960468521 0.025390625 0.048316251830161056
0.0 0.77783203125 0.6727672035139092 0.0419921875 0.07759882869692533
