0.0 0.2724609375 0.38042430086788814 0.0390625 0.05303760848601736
0.0 0.3671875 0.3919961427193828 0.037109375 0.054966248794599805
0.0 0.4013671875 0.491321118611379 0.04296875 0.05303760848601736
0.0 0.2919921875 0.4758919961427194 0.044921875 0.06075216972034716
0.0 0.1884765625 0.4889103182256509 0.04296875 0.055930568948891035
0.0 0.8447265625 0.3944069431051109 0.04296875 0.052073288331726135
0.0 0.7734375 0.4522661523625844 0.048828125 0.06171648987463838
0.0 0.65283203125 0.49373191899710706 0.0419921875 0.05785920925747348
0.0 0.5263671875 0.5207328833172613 0.041015625 0.055930568948891035
0.0 0.48486328125 0.39247830279652846 0.0419921875 0.052073288331726135
0.0 0.6044921875 0.3977820636451302 0.041015625 0.04918032786885246
0.0 0.736328125 0.4059787849566056 0.041015625 0.044358727097396335
