0.0 0.939453125 0.4489795918367347 0.017578125 0.04081632653061224
0.0 0.8505859375 0.4552590266875981 0.025390625 0.04709576138147567
0.0 0.9140625 0.40580847723704866 0.009765625 0.02040816326530612
0.0 0.84619140625 0.358712715855573 0.0126953125 0.026687598116169546
0.0 0.79736328125 0.43563579277864994 0.0205078125 0.03924646781789639
0.0 0.759765625 0.4175824175824176 0.009765625 0.02197802197802198
0.0 0.73388671875 0.42778649921507067 0.0205078125 0.03610675039246468
0.0 0.681640625 0.42700156985871274 0.01953125 0.03453689167974882
0.0 0.64599609375 0.41287284144427 0.0126953125 0.0282574568288854
0.0 0.61962890625 0.4293563579277865 0.0224609375 0.04552590266875981
0.0 0.59619140625 0.3492935635792779 0.0126953125 0.026687598116169546
0.0 0.6904296875 0.3704866562009419 0.009765625 0.02197802197802198
0.0 0.82275390625 0.4301412872841444 0.0068359375 0.012558869701726845
0.0 0.50048828125 0.3194662480376766 0.0322265625 0.07692307692307693
0.0 0.904296875 0.43092621664050235 0.0078125 0.023547880690737835
0.0 0.12158203125 0.347723704866562 0.0048828125 0.01098901098901099
0.0 0.359375 0.2817896389324961 0.03125 0.06436420722135008
0.0 0.54345703125 0.42464678178963894 0.0224609375 0.0423861852433281
0.0 0.1484375 0.3304552590266876 0.01171875 0.023547880690737835
0.0 0.1767578125 0.3328100470957614 0.015625 0.03139717425431711
0.0 0.19921875 0.3241758241758242 0.017578125 0.03610675039246468
0.0 0.21875 0.3241758241758242 0.0078125 0.0141287284144427
0.0 0.4384765625 0.4175824175824176 0.013671875 0.03139717425431711
0.0 0.5576171875 0.358712715855573 0.0078125 0.0141287284144427
0.0 0.89013671875 0.46938775510204084 0.0126953125 0.02511773940345369
0.0 0.25927734375 0.3076923076923077 0.0263671875 0.04395604395604396
0.0 0.060546875 0.33202511773940346 0.009765625 0.023547880690737835
0.0 0.091796875 0.33751962323390894 0.009765625 0.018838304552590265
0.0 0.10986328125 0.3359497645211931 0.0107421875 0.02197802197802198
0.0 0.1396484375 0.3390894819466248 0.0078125 0.015698587127158554
0.0 0.15625 0.336734693877551 0.0078125 0.01726844583987441
0.0 0.9873046875 0.4207221350078493 0.01171875 0.02511773940345369
