0.0 0.904296875 0.6934306569343066 0.01953125 0.04671532846715328
0.0 0.95166015625 0.5985401459854015 0.0126953125 0.02335766423357664
0.0 0.9111328125 0.5277372262773723 0.01171875 0.016058394160583942
0.0 0.84912109375 0.6204379562043796 0.0166015625 0.032116788321167884
0.0 0.8359375 0.5978102189781022 0.01171875 0.021897810218978103
0.0 0.814453125 0.5875912408759124 0.009765625 0.021897810218978103
0.0 0.78271484375 0.5708029197080292 0.0107421875 0.017518248175182483
0.0 0.734375 0.5766423357664233 0.009765625 0.020437956204379562
0.0 0.78564453125 0.49635036496350365 0.0068359375 0.014598540145985401
0.0 0.802734375 0.5007299270072992 0.005859375 0.01167883211678832
0.0 0.615234375 0.5124087591240876 0.0078125 0.014598540145985401
0.0 0.56787109375 0.5 0.0068359375 0.013138686131386862
0.0 0.53125 0.5408759124087591 0.005859375 0.016058394160583942
0.0 0.55712890625 0.5343065693430656 0.0068359375 0.017518248175182483
0.0 0.4990234375 0.5773722627737227 0.009765625 0.01897810218978102
0.0 0.22265625 0.5978102189781022 0.013671875 0.027737226277372264
0.0 0.2646484375 0.6481751824817519 0.01171875 0.035036496350364967
0.0 0.2021484375 0.5087591240875913 0.009765625 0.013138686131386862
0.0 0.2158203125 0.48905109489051096 0.0078125 0.014598540145985401
0.0 0.283203125 0.49562043795620436 0.0078125 0.013138686131386862
0.0 0.2578125 0.5 0.005859375 0.013138686131386862
0.0 0.119140625 0.516058394160584 0.0078125 0.016058394160583942
0.0 0.09765625 0.4832116788321168 0.005859375 0.01167883211678832
0.0 0.0986328125 0.5175182481751824 0.005859375 0.013138686131386862
0.0 0.025390625 0.7262773722627737 0.017578125 0.030656934306569343
0.0 0.03857421875 0.7350364963503649 0.0146484375 0.030656934306569343
0.0 0.31201171875 0.6408759124087591 0.0146484375 0.029197080291970802
0.0 0.32373046875 0.5467153284671533 0.0087890625 0.01897810218978102
0.0 0.26806640625 0.5386861313868613 0.0068359375 0.014598540145985401
0.0 0.3916015625 0.6868613138686132 0.01171875 0.027737226277372264
0.0 0.44384765625 0.6854014598540146 0.0126953125 0.033576642335766425
0.0 0.53564453125 0.6635036496350365 0.0126953125 0.021897810218978103
0.0 0.63525390625 0.6992700729927007 0.0107421875 0.029197080291970802
0.0 0.66259765625 0.6291970802919709 0.0126953125 0.026277372262773723
0.0 0.5380859375 0.5364963503649635 0.005859375 0.013138686131386862
0.0 0.72265625 0.5423357664233577 0.0078125 0.01897810218978102
0.0 0.75537109375 0.5255474452554745 0.0068359375 0.014598540145985401
0.0 0.35009765625 0.4978102189781022 0.0068359375 0.014598540145985401
0.0 0.22802734375 0.454014598540146 0.0048828125 0.008759124087591242
0.0 0.216796875 0.46204379562043796 0.005859375 0.010218978102189781
0.0 0.123046875 0.46715328467153283 0.005859375 0.01167883211678832
0.0 0.20458984375 0.4656934306569343 0.0048828125 0.008759124087591242
0.0 0.2314453125 0.4824817518248175 0.0078125 0.016058394160583942
0.0 0.64013671875 0.5211678832116788 0.0068359375 0.01167883211678832
0.0 0.68310546875 0.4781021897810219 0.0048828125 0.010218978102189781
0.0 0.716796875 0.5072992700729927 0.005859375 0.013138686131386862
0.0 0.7392578125 0.48613138686131385 0.0078125 0.01167883211678832
0.0 0.72705078125 0.44379562043795623 0.0068359375 0.014598540145985401
0.0 0.490234375 0.4686131386861314 0.005859375 0.01167883211678832
0.0 0.47265625 0.5751824817518248 0.009765625 0.017518248175182483
0.0 0.55126953125 0.5496350364963504 0.0068359375 0.013138686131386862
0.0 0.1357421875 0.5985401459854015 0.009765625 0.017518248175182483
0.0 0.2509765625 0.481021897810219 0.005859375 0.013138686131386862
0.0 0.314453125 0.46204379562043796 0.005859375 0.013138686131386862
0.0 0.2978515625 0.4562043795620438 0.005859375 0.010218978102189781
0.0 0.0556640625 0.7124087591240876 0.017578125 0.040875912408759124
0.0 0.8291015625 0.5109489051094891 0.005859375 0.01167883211678832
0.0 0.68408203125 0.527007299270073 0.0068359375 0.01167883211678832
0.0 0.89404296875 0.5321167883211679 0.0068359375 0.016058394160583942
