0.0 0.44970703125 0.5571010248901903 0.0087890625 0.013177159590043924
0.0 0.42138671875 0.616398243045388 0.0068359375 0.014641288433382138
0.0 0.3017578125 0.5051244509516838 0.009765625 0.01171303074670571
0.0 0.85693359375 0.4816983894582723 0.0087890625 0.020497803806734993
0.0 0.83837890625 0.424597364568082 0.0087890625 0.017569546120058566
0.0 0.96142578125 0.5761346998535871 0.0087890625 0.016105417276720352
0.0 0.96484375 0.45095168374816985 0.0078125 0.020497803806734993
0.0 0.90380859375 0.2518301610541728 0.0068359375 0.014641288433382138
0.0 0.92626953125 0.2679355783308931 0.0087890625 0.014641288433382138
0.0 0.96337890625 0.22767203513909223 0.0087890625 0.01903367496339678
0.0 0.93212890625 0.22035139092240116 0.0068359375 0.016105417276720352
0.0 0.91650390625 0.21156661786237188 0.0068359375 0.013177159590043924
0.0 0.9794921875 0.1903367496339678 0.0078125 0.017569546120058566
0.0 0.9609375 0.1800878477306003 0.0078125 0.014641288433382138
0.0 0.9443359375 0.17423133235724744 0.0078125 0.020497803806734993
0.0 0.90087890625 0.20644216691068815 0.0068359375 0.014641288433382138
0.0 0.99609375 0.1478770131771596 0.005859375 0.014641288433382138
0.0 0.923828125 0.1617862371888726 0.009765625 0.01903367496339678
0.0 0.962890625 0.14714494875549047 0.0078125 0.016105417276720352
0.0 0.94482421875 0.13177159590043924 0.0087890625 0.017569546120058566
0.0 0.92919921875 0.12225475841874085 0.0068359375 0.016105417276720352
0.0 0.9912109375 0.10248901903367497 0.009765625 0.020497803806734993
0.0 0.98291015625 0.09736456808199122 0.0087890625 0.013177159590043924
0.0 0.9521484375 0.08784773060029283 0.0078125 0.020497803806734993
0.0 0.99609375 0.06954612005856516 0.005859375 0.016105417276720352
0.0 0.98193359375 0.0527086383601757 0.0068359375 0.017569546120058566
0.0 0.96435546875 0.04026354319180088 0.0087890625 0.016105417276720352
0.0 0.93701171875 0.0424597364568082 0.0068359375 0.014641288433382138
0.0 0.9541015625 0.04026354319180088 0.005859375 0.010248901903367497
0.0 0.94580078125 0.03294289897510981 0.0068359375 0.010248901903367497
0.0 0.9619140625 0.006588579795021962 0.009765625 0.013177159590043924
0.0 0.9775390625 0.005856515373352855 0.0078125 0.01171303074670571
0.0 0.99365234375 0.018301610541727673 0.0087890625 0.01903367496339678
0.0 0.923828125 0.0746705710102489 0.005859375 0.014641288433382138
0.0 0.87939453125 0.25109809663250365 0.0087890625 0.021961932650073207
0.0 0.86572265625 0.23206442166910687 0.0068359375 0.01903367496339678
0.0 0.8447265625 0.2225475841874085 0.0078125 0.017569546120058566
0.0 0.87109375 0.18960468521229867 0.0078125 0.016105417276720352
0.0 0.83056640625 0.2225475841874085 0.0068359375 0.014641288433382138
0.0 0.82958984375 0.2730600292825769 0.0068359375 0.013177159590043924
0.0 0.83984375 0.2759882869692533 0.0078125 0.01903367496339678
0.0 0.85595703125 0.2869692532942899 0.0087890625 0.014641288433382138
0.0 0.8173828125 0.2796486090775988 0.0078125 0.014641288433382138
0.0 0.8193359375 0.20937042459736457 0.005859375 0.014641288433382138
0.0 0.826171875 0.17862371888726208 0.009765625 0.017569546120058566
0.0 0.845703125 0.18301610541727673 0.005859375 0.01171303074670571
0.0 0.7646484375 0.3103953147877013 0.0078125 0.014641288433382138
0.0 0.7958984375 0.25768667642752563 0.0078125 0.014641288433382138
0.0 0.7841796875 0.24816983894582723 0.0078125 0.013177159590043924
0.0 0.81005859375 0.22181551976573938 0.0068359375 0.016105417276720352
0.0 0.7861328125 0.19985358711566617 0.0078125 0.016105417276720352
0.0 0.76806640625 0.19765739385065886 0.0068359375 0.017569546120058566
0.0 0.76904296875 0.23792093704245973 0.0068359375 0.016105417276720352
0.0 0.80322265625 0.20717423133235724 0.0068359375 0.016105417276720352
0.0 0.7021484375 0.3601756954612006 0.009765625 0.020497803806734993
0.0 0.73974609375 0.2964860907759883 0.0068359375 0.013177159590043924
0.0 0.70361328125 0.2847730600292826 0.0087890625 0.016105417276720352
0.0 0.5595703125 0.20790629575402636 0.0078125 0.014641288433382138
0.0 0.51171875 0.20131771595900438 0.0078125 0.016105417276720352
0.0 0.501953125 0.19692532942898974 0.0078125 0.016105417276720352
0.0 0.4794921875 0.18521229868228403 0.0078125 0.016105417276720352
0.0 0.43115234375 0.20644216691068815 0.0068359375 0.017569546120058566
0.0 0.42822265625 0.16105417276720352 0.0068359375 0.014641288433382138
0.0 0.39990234375 0.16617862371888725 0.0068359375 0.013177159590043924
0.0 0.3486328125 0.14494875549048317 0.005859375 0.014641288433382138
0.0 0.3681640625 0.14275256222547583 0.0078125 0.013177159590043924
0.0 0.3876953125 0.1500732064421669 0.005859375 0.016105417276720352
0.0 0.2919921875 0.12518301610541727 0.0078125 0.016105417276720352
0.0 0.265625 0.13323572474377746 0.0078125 0.017569546120058566
0.0 0.24560546875 0.12298682284040996 0.0087890625 0.017569546120058566
0.0 0.22998046875 0.11346998535871157 0.0068359375 0.016105417276720352
0.0 0.26171875 0.07906295754026355 0.0078125 0.017569546120058566
0.0 0.28076171875 0.08199121522693997 0.0087890625 0.017569546120058566
0.0 0.30322265625 0.08272327964860908 0.0068359375 0.013177159590043924
0.0 0.1826171875 0.10907759882869693 0.0078125 0.01903367496339678
0.0 0.1591796875 0.09956076134699854 0.0078125 0.017569546120058566
0.0 0.13525390625 0.09736456808199122 0.0068359375 0.013177159590043924
0.0 0.17138671875 0.05856515373352855 0.0068359375 0.017569546120058566
0.0 0.14697265625 0.060029282576866766 0.0068359375 0.01171303074670571
0.0 0.05712890625 0.07613469985358712 0.0068359375 0.017569546120058566
0.0 0.033203125 0.0739385065885798 0.0078125 0.013177159590043924
0.0 0.01220703125 0.06881405563689605 0.0068359375 0.017569546120058566
0.0 0.0087890625 0.022693997071742314 0.0078125 0.016105417276720352
0.0 0.0302734375 0.03074670571010249 0.0078125 0.014641288433382138
0.0 0.05712890625 0.036603221083455345 0.0068359375 0.014641288433382138
0.0 0.07666015625 0.0424597364568082 0.0068359375 0.014641288433382138
0.0 0.044921875 0.00951683748169839 0.0078125 0.013177159590043924
0.0 0.06787109375 0.005124450951683748 0.0068359375 0.010248901903367497
0.0 0.1015625 0.04685212298682284 0.0078125 0.017569546120058566
0.0 0.12744140625 0.05490483162518302 0.0068359375 0.016105417276720352
0.0 0.11279296875 0.017569546120058566 0.0068359375 0.014641288433382138
0.0 0.1005859375 0.01903367496339678 0.005859375 0.014641288433382138
0.0 0.13720703125 0.024158125915080528 0.0068359375 0.016105417276720352
0.0 0.10400390625 0.007320644216691069 0.0068359375 0.008784773060029283
0.0 0.146484375 0.021961932650073207 0.00390625 0.008784773060029283
0.0 0.1630859375 0.03294289897510981 0.005859375 0.013177159590043924
0.0 0.16259765625 0.017569546120058566 0.0068359375 0.01171303074670571
0.0 0.18310546875 0.018301610541727673 0.0068359375 0.013177159590043924
0.0 0.19677734375 0.021961932650073207 0.0068359375 0.014641288433382138
0.0 0.20263671875 0.05856515373352855 0.0068359375 0.014641288433382138
0.0 0.21533203125 0.07027818448023426 0.0068359375 0.014641288433382138
0.0 0.22314453125 0.03513909224011713 0.0068359375 0.01171303074670571
0.0 0.232421875 0.07027818448023426 0.005859375 0.020497803806734993
0.0 0.24169921875 0.04538799414348463 0.0068359375 0.014641288433382138
0.0 0.2421875 0.06442166910688141 0.005859375 0.01171303074670571
0.0 0.2626953125 0.006588579795021962 0.0078125 0.013177159590043924
0.0 0.27001953125 0.03953147877013177 0.0068359375 0.017569546120058566
0.0 0.3193359375 0.08784773060029283 0.0078125 0.017569546120058566
0.0 0.3408203125 0.09736456808199122 0.0078125 0.016105417276720352
0.0 0.33154296875 0.055636896046852125 0.0068359375 0.014641288433382138
0.0 0.31591796875 0.04685212298682284 0.0068359375 0.017569546120058566
0.0 0.28857421875 0.04319180087847731 0.0068359375 0.013177159590043924
0.0 0.28173828125 0.04172767203513909 0.0048828125 0.013177159590043924
0.0 0.2861328125 0.008052708638360176 0.005859375 0.013177159590043924
0.0 0.30224609375 0.014641288433382138 0.0087890625 0.017569546120058566
0.0 0.333984375 0.010980966325036604 0.0078125 0.01903367496339678
0.0 0.35302734375 0.02855051244509517 0.0087890625 0.016105417276720352
0.0 0.373046875 0.11420204978038068 0.005859375 0.008784773060029283
0.0 0.3876953125 0.11200585651537336 0.005859375 0.016105417276720352
0.0 0.4140625 0.11859443631039532 0.005859375 0.014641288433382138
0.0 0.41357421875 0.048316251830161056 0.0087890625 0.020497803806734993
0.0 0.40380859375 0.010980966325036604 0.0068359375 0.013177159590043924
0.0 0.43701171875 0.060029282576866766 0.0068359375 0.017569546120058566
0.0 0.42919921875 0.04758418740849195 0.0048828125 0.010248901903367497
0.0 0.4599609375 0.007320644216691069 0.005859375 0.014641288433382138
0.0 0.447265625 0.0036603221083455345 0.005859375 0.007320644216691069
0.0 0.46630859375 0.06076134699853587 0.0068359375 0.016105417276720352
0.0 0.48193359375 0.06734992679355783 0.0048828125 0.014641288433382138
0.0 0.43701171875 0.12079062957540264 0.0068359375 0.013177159590043924
0.0 0.46533203125 0.13323572474377746 0.0068359375 0.017569546120058566
0.0 0.50439453125 0.07759882869692533 0.0068359375 0.014641288433382138
0.0 0.5224609375 0.07906295754026355 0.0078125 0.017569546120058566
0.0 0.5302734375 0.02562225475841874 0.0078125 0.016105417276720352
0.0 0.5517578125 0.03806734992679356 0.0078125 0.014641288433382138
0.0 0.55712890625 0.11346998535871157 0.0107421875 0.010248901903367497
0.0 0.53759765625 0.15226939970717424 0.0068359375 0.014641288433382138
0.0 0.537109375 0.13103953147877012 0.005859375 0.016105417276720352
0.0 0.5146484375 0.14714494875549047 0.0078125 0.016105417276720352
0.0 0.619140625 0.0424597364568082 0.0078125 0.017569546120058566
0.0 0.64404296875 0.043923865300146414 0.0068359375 0.014641288433382138
0.0 0.65234375 0.11420204978038068 0.0078125 0.014641288433382138
0.0 0.63525390625 0.10980966325036604 0.0068359375 0.014641288433382138
0.0 0.58251953125 0.17130307467057102 0.0068359375 0.014641288433382138
0.0 0.60107421875 0.18301610541727673 0.0048828125 0.014641288433382138
0.0 0.626953125 0.18960468521229867 0.0078125 0.016105417276720352
0.0 0.64697265625 0.2005856515373353 0.0068359375 0.014641288433382138
0.0 0.66845703125 0.2027818448023426 0.0068359375 0.016105417276720352
0.0 0.68701171875 0.21156661786237188 0.0068359375 0.01903367496339678
0.0 0.7587890625 0.23645680819912152 0.0078125 0.016105417276720352
0.0 0.74853515625 0.22693997071742314 0.0087890625 0.017569546120058566
0.0 0.71923828125 0.2225475841874085 0.0087890625 0.017569546120058566
0.0 0.68212890625 0.20351390922401172 0.0068359375 0.014641288433382138
0.0 0.7509765625 0.18887262079062958 0.0078125 0.014641288433382138
0.0 0.66552734375 0.015373352855051245 0.0068359375 0.016105417276720352
0.0 0.6806640625 0.03587115666178624 0.005859375 0.016105417276720352
0.0 0.68896484375 0.07613469985358712 0.0068359375 0.014641288433382138
0.0 0.6826171875 0.07174231332357248 0.005859375 0.014641288433382138
0.0 0.669921875 0.1273792093704246 0.005859375 0.014641288433382138
0.0 0.69091796875 0.14348462664714495 0.0068359375 0.014641288433382138
0.0 0.71728515625 0.14202049780380674 0.0068359375 0.014641288433382138
0.0 0.73974609375 0.15080527086383602 0.0048828125 0.01171303074670571
0.0 0.75439453125 0.15300146412884333 0.0087890625 0.016105417276720352
0.0 0.75244140625 0.095900439238653 0.0068359375 0.016105417276720352
0.0 0.734375 0.08931185944363104 0.005859375 0.014641288433382138
0.0 0.720703125 0.03367496339677892 0.005859375 0.014641288433382138
0.0 0.70849609375 0.024890190336749635 0.0048828125 0.008784773060029283
0.0 0.7451171875 0.04319180087847731 0.005859375 0.013177159590043924
0.0 0.7666015625 0.048316251830161056 0.0078125 0.017569546120058566
0.0 0.7646484375 0.09882869692532943 0.005859375 0.010248901903367497
0.0 0.779296875 0.15666178623718888 0.0078125 0.017569546120058566
0.0 0.79248046875 0.15373352855051245 0.0068359375 0.017569546120058566
0.0 0.81005859375 0.16764275256222547 0.0087890625 0.01903367496339678
0.0 0.84130859375 0.12298682284040996 0.0068359375 0.014641288433382138
0.0 0.857421875 0.13616398243045388 0.0078125 0.017569546120058566
0.0 0.78515625 0.10907759882869693 0.005859375 0.013177159590043924
0.0 0.869140625 0.09150805270863836 0.0078125 0.021961932650073207
0.0 0.80810546875 0.055636896046852125 0.0068359375 0.014641288433382138
0.0 0.82177734375 0.0629575402635432 0.0068359375 0.014641288433382138
0.0 0.85107421875 0.010980966325036604 0.0068359375 0.016105417276720352
0.0 0.8642578125 0.017569546120058566 0.005859375 0.014641288433382138
0.0 0.904296875 0.15592972181551976 0.0078125 0.016105417276720352
0.0 0.8779296875 0.14421669106881405 0.0078125 0.021961932650073207
0.0 0.9111328125 0.12225475841874085 0.01171875 0.013177159590043924
0.0 0.89404296875 0.11200585651537336 0.0087890625 0.016105417276720352
0.0 0.8818359375 0.08345534407027819 0.0078125 0.014641288433382138
0.0 0.89404296875 0.06515373352855051 0.0068359375 0.016105417276720352
0.0 0.908203125 0.07906295754026355 0.0078125 0.014641288433382138
0.0 0.9169921875 0.04685212298682284 0.0078125 0.01171303074670571
0.0 0.9482421875 0.004392386530014641 0.005859375 0.008784773060029283
0.0 0.791015625 0.0849194729136164 0.005859375 0.008784773060029283
