0.0 0.9482421875 0.3184480234260615 0.015625 0.017569546120058566
0.0 0.892578125 0.2847730600292826 0.013671875 0.013909224011713031
0.0 0.8515625 0.2891654465592972 0.009765625 0.012445095168374817
0.0 0.8720703125 0.30307467057101023 0.01171875 0.010248901903367497
0.0 0.8779296875 0.31771595900439237 0.013671875 0.013909224011713031
0.0 0.859375 0.32284040995607616 0.0146484375 0.017569546120058566
0.0 0.775390625 0.31259150805270863 0.0146484375 0.018301610541727673
0.0 0.671875 0.29502196193265007 0.013671875 0.016105417276720352
0.0 0.66796875 0.28330893118594436 0.013671875 0.013909224011713031
0.0 0.599609375 0.27232796486090777 0.013671875 0.014641288433382138
0.0 0.5263671875 0.33601756954612005 0.0400390625 0.024158125915080528
0.0 0.48828125 0.2913616398243045 0.013671875 0.015373352855051245
0.0 0.4560546875 0.3052708638360176 0.01171875 0.012445095168374817
0.0 0.416015625 0.30307467057101023 0.015625 0.015373352855051245
0.0 0.4326171875 0.24084919472913616 0.0107421875 0.01171303074670571
0.0 0.375 0.28111273792093705 0.015625 0.014641288433382138
0.0 0.294921875 0.2679355783308931 0.0166015625 0.016105417276720352
0.0 0.3203125 0.2679355783308931 0.0126953125 0.012445095168374817
0.0 0.353515625 0.27159590043923865 0.0126953125 0.015373352855051245
0.0 0.1748046875 0.3067349926793558 0.0185546875 0.022693997071742314
