0.0 0.9931640625 0.3156716417910448 0.013671875 0.04626865671641791
0.0 0.9462890625 0.29776119402985074 0.025390625 0.05522388059701493
0.0 0.8828125 0.29776119402985074 0.02734375 0.049253731343283584
0.0 0.81640625 0.3164179104477612 0.0234375 0.041791044776119404
0.0 0.857421875 0.20298507462686566 0.021484375 0.04776119402985075
0.0 0.9208984375 0.22761194029850745 0.021484375 0.04626865671641791
0.0 0.97412109375 0.1947761194029851 0.0205078125 0.03731343283582089
0.0 0.9482421875 0.18059701492537314 0.021484375 0.04477611940298507
0.0 0.978515625 0.12313432835820895 0.017578125 0.03731343283582089
0.0 0.9267578125 0.10895522388059702 0.01953125 0.03880597014925373
0.0 0.87353515625 0.16567164179104477 0.0244140625 0.04477611940298507
0.0 0.94677734375 0.020149253731343283 0.0224609375 0.04029850746268657
0.0 0.85791015625 0.11343283582089553 0.0185546875 0.03582089552238806
0.0 0.8916015625 0.020895522388059702 0.01953125 0.041791044776119404
0.0 0.8369140625 0.026865671641791045 0.0234375 0.03880597014925373
0.0 0.74853515625 0.30671641791044774 0.0283203125 0.04328358208955224
0.0 0.798828125 0.2253731343283582 0.021484375 0.04477611940298507
0.0 0.8056640625 0.18134328358208956 0.025390625 0.04626865671641791
0.0 0.80029296875 0.07985074626865672 0.0244140625 0.04626865671641791
0.0 0.77587890625 0.03507462686567164 0.0185546875 0.04328358208955224
0.0 0.751953125 0.1664179104477612 0.0234375 0.04029850746268657
0.0 0.728515625 0.22388059701492538 0.0234375 0.04477611940298507
0.0 0.68408203125 0.3 0.0224609375 0.041791044776119404
0.0 0.66650390625 0.24104477611940298 0.0224609375 0.04328358208955224
0.0 0.6904296875 0.17388059701492536 0.0234375 0.04626865671641791
0.0 0.72705078125 0.10298507462686567 0.0185546875 0.041791044776119404
0.0 0.72119140625 0.030597014925373135 0.0205078125 0.04328358208955224
0.0 0.625 0.28432835820895525 0.021484375 0.04626865671641791
0.0 0.6298828125 0.17313432835820897 0.0234375 0.05373134328358209
0.0 0.68115234375 0.09925373134328358 0.0205078125 0.04029850746268657
0.0 0.6484375 0.023134328358208955 0.021484375 0.04328358208955224
0.0 0.572265625 0.2917910447761194 0.0234375 0.04029850746268657
0.0 0.48095703125 0.2865671641791045 0.0224609375 0.04477611940298507
0.0 0.43310546875 0.28582089552238804 0.0224609375 0.04328358208955224
0.0 0.3974609375 0.23134328358208955 0.01953125 0.03880597014925373
0.0 0.4375 0.17537313432835822 0.0234375 0.04626865671641791
0.0 0.46044921875 0.21417910447761193 0.0244140625 0.04626865671641791
0.0 0.53271484375 0.2171641791044776 0.0244140625 0.04626865671641791
0.0 0.59423828125 0.22611940298507463 0.0205078125 0.04328358208955224
0.0 0.56591796875 0.15522388059701492 0.0224609375 0.04776119402985075
0.0 0.5068359375 0.1619402985074627 0.021484375 0.04328358208955224
0.0 0.4765625 0.08134328358208955 0.025390625 0.04328358208955224
0.0 0.548828125 0.08432835820895522 0.021484375 0.04626865671641791
0.0 0.583984375 0.026119402985074626 0.0234375 0.04626865671641791
0.0 0.51171875 0.034328358208955224 0.025390625 0.04776119402985075
0.0 0.46826171875 0.023880597014925373 0.0185546875 0.029850746268656716
0.0 0.4462890625 0.06791044776119402 0.021484375 0.049253731343283584
0.0 0.42236328125 0.09477611940298507 0.0244140625 0.049253731343283584
0.0 0.40087890625 0.055970149253731345 0.0185546875 0.04626865671641791
0.0 0.40673828125 0.09701492537313433 0.0068359375 0.014925373134328358
0.0 0.6015625 0.10074626865671642 0.0234375 0.04029850746268657
0.0 0.3740234375 0.3037313432835821 0.0234375 0.04328358208955224
0.0 0.33544921875 0.3029850746268657 0.0244140625 0.041791044776119404
0.0 0.271484375 0.282089552238806 0.0234375 0.04776119402985075
0.0 0.2900390625 0.2373134328358209 0.0234375 0.04477611940298507
0.0 0.3349609375 0.24328358208955222 0.021484375 0.041791044776119404
0.0 0.38134765625 0.15970149253731344 0.0224609375 0.041791044776119404
0.0 0.31591796875 0.17388059701492536 0.0244140625 0.04626865671641791
0.0 0.28857421875 0.12462686567164179 0.0244140625 0.04626865671641791
0.0 0.29052734375 0.09402985074626866 0.0224609375 0.029850746268656716
0.0 0.24609375 0.17313432835820897 0.0234375 0.041791044776119404
0.0 0.23193359375 0.1417910447761194 0.0166015625 0.03283582089552239
0.0 0.19580078125 0.1664179104477612 0.0224609375 0.049253731343283584
0.0 0.19189453125 0.22611940298507463 0.0244140625 0.04626865671641791
0.0 0.20068359375 0.29850746268656714 0.0244140625 0.04776119402985075
0.0 0.34033203125 0.04253731343283582 0.0205078125 0.049253731343283584
0.0 0.32568359375 0.01791044776119403 0.0185546875 0.03582089552238806
0.0 0.265625 0.04701492537313433 0.021484375 0.03731343283582089
0.0 0.19921875 0.023880597014925373 0.021484375 0.04776119402985075
0.0 0.24169921875 0.013432835820895522 0.0146484375 0.026865671641791045
0.0 0.2099609375 0.016417910447761194 0.017578125 0.03283582089552239
0.0 0.1337890625 0.41865671641791047 0.01953125 0.04626865671641791
0.0 0.05126953125 0.33059701492537313 0.0224609375 0.049253731343283584
0.0 0.025390625 0.2962686567164179 0.0234375 0.05223880597014925
0.0 0.12548828125 0.28582089552238804 0.0244140625 0.05223880597014925
0.0 0.125 0.2373134328358209 0.021484375 0.029850746268656716
0.0 0.06396484375 0.23582089552238805 0.0205078125 0.03880597014925373
0.0 0.029296875 0.23432835820895523 0.01953125 0.03880597014925373
0.0 0.13037109375 0.1761194029850746 0.0224609375 0.041791044776119404
0.0 0.068359375 0.1798507462686567 0.025390625 0.05522388059701493
0.0 0.0068359375 0.16940298507462687 0.013671875 0.05522388059701493
0.0 0.11962890625 0.13507462686567165 0.0224609375 0.03731343283582089
0.0 0.06005859375 0.11044776119402985 0.0224609375 0.041791044776119404
0.0 0.01025390625 0.0880597014925373 0.0205078125 0.03880597014925373
0.0 0.0166015625 0.027611940298507463 0.0234375 0.04626865671641791
0.0 0.0859375 0.029850746268656716 0.0234375 0.04776119402985075
0.0 0.11328125 0.026865671641791045 0.021484375 0.03582089552238806
0.0 0.03759765625 0.008208955223880597 0.0146484375 0.016417910447761194
0.0 0.79833984375 0.43582089552238806 0.0146484375 0.041791044776119404
0.0 0.1591796875 0.35074626865671643 0.025390625 0.050746268656716415
