0.0 0.3017578125 0.13151041666666666 0.048828125 0.09635416666666667
0.0 0.1796875 0.109375 0.0302734375 0.0546875
0.0 0.2646484375 0.09635416666666667 0.0322265625 0.057291666666666664
0.0 0.134765625 0.07291666666666667 0.041015625 0.06770833333333333
0.0 0.033203125 0.09505208333333333 0.037109375 0.06380208333333333
0.0 0.3349609375 0.08072916666666667 0.0322265625 0.06510416666666667
0.0 0.5634765625 0.08072916666666667 0.037109375 0.052083333333333336
0.0 0.7041015625 0.07161458333333333 0.029296875 0.05078125
0.0 0.7568359375 0.08463541666666667 0.0390625 0.0625
0.0 0.9443359375 0.09765625 0.033203125 0.045572916666666664
0.0 0.0 0.06510416666666667 0.0244140625 0.0625
