0.0 0.9638671875 0.32210834553440704 0.017578125 0.015373352855051245
0.0 0.9033203125 0.3279648609077599 0.0107421875 0.01171303074670571
0.0 0.892578125 0.3301610541727672 0.0068359375 0.01171303074670571
0.0 0.8056640625 0.3140556368960469 0.01171875 0.01171303074670571
0.0 0.7412109375 0.2979502196193265 0.015625 0.013909224011713031
0.0 0.767578125 0.30307467057101023 0.01171875 0.010980966325036604
0.0 0.6416015625 0.3257686676427526 0.03515625 0.03074670571010249
0.0 0.580078125 0.287701317715959 0.01171875 0.010980966325036604
0.0 0.556640625 0.2891654465592972 0.0126953125 0.013177159590043924
0.0 0.4892578125 0.2935578330893119 0.013671875 0.015373352855051245
0.0 0.404296875 0.28550512445095166 0.015625 0.014641288433382138
0.0 0.1572265625 0.2240117130307467 0.015625 0.016105417276720352
0.0 0.0859375 0.2525622254758419 0.0146484375 0.016105417276720352
0.0 0.0078125 0.22767203513909223 0.0126953125 0.013177159590043924
