0.0 0.9833984375 0.0546875 0.0166015625 0.040364583333333336
0.0 0.9345703125 0.05859375 0.021484375 0.033854166666666664
0.0 0.8662109375 0.07552083333333333 0.01953125 0.03125
0.0 0.845703125 0.16015625 0.021484375 0.037760416666666664
0.0 0.875 0.0 0.0224609375 0.0234375
0.0 0.80859375 0.0625 0.025390625 0.0390625
0.0 0.8037109375 0.0 0.021484375 0.026041666666666668
0.0 0.7763671875 0.16796875 0.02734375 0.0390625
0.0 0.6611328125 0.24869791666666666 0.0224609375 0.03125
0.0 0.73046875 0.0 0.0185546875 0.018229166666666668
0.0 0.6513671875 0.0 0.021484375 0.02734375
0.0 0.490234375 0.037760416666666664 0.021484375 0.032552083333333336
0.0 0.435546875 0.2682291666666667 0.021484375 0.03515625
0.0 0.26953125 0.2994791666666667 0.0234375 0.03125
0.0 0.2119140625 0.296875 0.01953125 0.029947916666666668
0.0 0.185546875 0.19010416666666666 0.0234375 0.04296875
0.0 0.1201171875 0.17578125 0.0244140625 0.040364583333333336
0.0 0.0673828125 0.18489583333333334 0.0234375 0.04296875
0.0 0.0087890625 0.19140625 0.01953125 0.0390625
0.0 0.052734375 0.07421875 0.025390625 0.036458333333333336
0.0 0.1171875 0.08333333333333333 0.021484375 0.048177083333333336
0.0 0.095703125 0.00390625 0.0205078125 0.03125
0.0 0.0068359375 0.0859375 0.0126953125 0.05078125
0.0 0.0185546875 0.041666666666666664 0.01953125 0.022135416666666668
