0.0 0.951171875 0.4564032697547684 0.0224609375 0.047683923705722074
0.0 0.8876953125 0.45776566757493187 0.021484375 0.04087193460490463
0.0 0.8193359375 0.41553133514986373 0.0234375 0.03814713896457766
0.0 0.8271484375 0.3787465940054496 0.021484375 0.035422343324250684
0.0 0.876953125 0.3814713896457766 0.0205078125 0.039509536784741145
0.0 0.927734375 0.3787465940054496 0.0185546875 0.04087193460490463
0.0 0.958984375 0.39645776566757496 0.0185546875 0.04087193460490463
0.0 0.9677734375 0.2997275204359673 0.015625 0.03678474114441417
0.0 0.9248046875 0.29155313351498635 0.017578125 0.03814713896457766
0.0 0.8720703125 0.2997275204359673 0.01953125 0.035422343324250684
0.0 0.8564453125 0.33787465940054495 0.0205078125 0.03814713896457766
0.0 0.80078125 0.3405994550408719 0.0185546875 0.03814713896457766
0.0 0.8046875 0.22615803814713897 0.021484375 0.03678474114441417
0.0 0.8662109375 0.21662125340599456 0.0185546875 0.04087193460490463
0.0 0.92578125 0.22479564032697547 0.0244140625 0.04632152588555858
0.0 0.810546875 0.3119891008174387 0.0234375 0.043596730245231606
0.0 0.759765625 0.3787465940054496 0.01953125 0.04495912806539509
0.0 0.7802734375 0.3787465940054496 0.017578125 0.031335149863760216
0.0 0.943359375 0.043596730245231606 0.01953125 0.03678474114441417
0.0 0.966796875 0.1771117166212534 0.021484375 0.03678474114441417
0.0 0.96875 0.13487738419618528 0.0185546875 0.02861035422343324
0.0 0.9228515625 0.18664850136239783 0.0185546875 0.035422343324250684
0.0 0.912109375 0.13215258855585832 0.0205078125 0.03814713896457766
0.0 0.9091796875 0.08991825613079019 0.0166015625 0.025885558583106268
0.0 0.873046875 0.16621253405994552 0.017578125 0.0340599455040872
0.0 0.8447265625 0.14032697547683923 0.0185546875 0.02861035422343324
0.0 0.806640625 0.18119891008174388 0.01953125 0.035422343324250684
0.0 0.8056640625 0.12806539509536785 0.017578125 0.0326975476839237
0.0 0.806640625 0.08174386920980926 0.017578125 0.035422343324250684
0.0 0.8583984375 0.07493188010899182 0.0166015625 0.031335149863760216
0.0 0.8828125 0.043596730245231606 0.021484375 0.03678474114441417
0.0 0.8779296875 0.004087193460490463 0.017578125 0.02997275204359673
0.0 0.908203125 0.0 0.01953125 0.0326975476839237
0.0 0.8271484375 0.02861035422343324 0.0205078125 0.039509536784741145
0.0 0.8154296875 0.0 0.0166015625 0.0340599455040872
0.0 0.7509765625 0.2438692098092643 0.01953125 0.031335149863760216
0.0 0.767578125 0.18119891008174388 0.017578125 0.0326975476839237
0.0 0.7529296875 0.11989100817438691 0.0205078125 0.035422343324250684
0.0 0.7451171875 0.07493188010899182 0.017578125 0.039509536784741145
0.0 0.7861328125 0.043596730245231606 0.015625 0.0340599455040872
0.0 0.7255859375 0.027247956403269755 0.021484375 0.04087193460490463
0.0 0.72265625 0.0027247956403269754 0.0146484375 0.02861035422343324
0.0 0.6865234375 0.0326975476839237 0.0166015625 0.0340599455040872
0.0 0.6962890625 0.09128065395095368 0.021484375 0.04087193460490463
0.0 0.7138671875 0.1335149863760218 0.01953125 0.03814713896457766
0.0 0.708984375 0.1784741144414169 0.0224609375 0.039509536784741145
0.0 0.7138671875 0.22888283378746593 0.01953125 0.03814713896457766
0.0 0.66015625 0.22888283378746593 0.0224609375 0.03678474114441417
0.0 0.662109375 0.1784741144414169 0.0224609375 0.0326975476839237
0.0 0.6533203125 0.12534059945504086 0.01953125 0.04087193460490463
0.0 0.6455078125 0.08310626702997276 0.017578125 0.0326975476839237
0.0 0.6318359375 0.043596730245231606 0.0205078125 0.03678474114441417
0.0 0.6123046875 0.21934604904632152 0.01953125 0.039509536784741145
0.0 0.6171875 0.1771117166212534 0.0146484375 0.039509536784741145
0.0 0.6025390625 0.1362397820163488 0.01953125 0.03814713896457766
0.0 0.712890625 0.44005449591280654 0.0234375 0.04495912806539509
0.0 0.740234375 0.444141689373297 0.0283203125 0.04632152588555858
0.0 0.705078125 0.3773841961852861 0.01953125 0.039509536784741145
0.0 0.71484375 0.33923705722070846 0.017578125 0.035422343324250684
0.0 0.712890625 0.29836512261580383 0.0166015625 0.0326975476839237
0.0 0.7509765625 0.28746594005449594 0.0185546875 0.04087193460490463
0.0 0.7373046875 0.30926430517711173 0.0107421875 0.02452316076294278
0.0 0.669921875 0.335149863760218 0.017578125 0.03678474114441417
0.0 0.6572265625 0.2997275204359673 0.017578125 0.035422343324250684
0.0 0.6572265625 0.3773841961852861 0.017578125 0.039509536784741145
0.0 0.576171875 0.3991825613079019 0.021484375 0.04223433242506812
0.0 0.568359375 0.33651226158038144 0.0234375 0.043596730245231606
0.0 0.609375 0.2956403269754768 0.0205078125 0.03678474114441417
0.0 0.5634765625 0.23160762942779292 0.0205078125 0.039509536784741145
0.0 0.525390625 0.388283378746594 0.02734375 0.047683923705722074
0.0 0.5029296875 0.3337874659400545 0.0234375 0.04223433242506812
0.0 0.466796875 0.385558583106267 0.021484375 0.04223433242506812
0.0 0.4580078125 0.3446866485013624 0.0224609375 0.03814713896457766
0.0 0.5029296875 0.29427792915531337 0.0205078125 0.03814713896457766
0.0 0.546875 0.29155313351498635 0.021484375 0.035422343324250684
0.0 0.513671875 0.23433242506811988 0.0185546875 0.0340599455040872
0.0 0.4482421875 0.2329700272479564 0.01953125 0.03814713896457766
0.0 0.3935546875 0.2329700272479564 0.0234375 0.04223433242506812
0.0 0.4443359375 0.19209809264305178 0.0166015625 0.02997275204359673
0.0 0.505859375 0.1771117166212534 0.021484375 0.039509536784741145
0.0 0.5712890625 0.17302452316076294 0.0234375 0.043596730245231606
0.0 0.4228515625 0.16893732970027248 0.0244140625 0.043596730245231606
0.0 0.48046875 0.14168937329700274 0.021484375 0.04632152588555858
0.0 0.51171875 0.12942779291553133 0.0185546875 0.03678474114441417
0.0 0.544921875 0.12942779291553133 0.0185546875 0.03678474114441417
0.0 0.5419921875 0.08719346049046321 0.0185546875 0.031335149863760216
0.0 0.58984375 0.08719346049046321 0.021484375 0.035422343324250684
0.0 0.5810546875 0.043596730245231606 0.0205078125 0.0326975476839237
0.0 0.5390625 0.035422343324250684 0.017578125 0.03678474114441417
0.0 0.5205078125 0.005449591280653951 0.0166015625 0.02997275204359673
0.0 0.494140625 0.043596730245231606 0.0185546875 0.0340599455040872
0.0 0.4775390625 0.08446866485013624 0.0166015625 0.043596730245231606
0.0 0.4296875 0.07356948228882834 0.021484375 0.039509536784741145
0.0 0.435546875 0.12397820163487738 0.017578125 0.039509536784741145
0.0 0.4638671875 0.0 0.01953125 0.0340599455040872
0.0 0.4423828125 0.06267029972752043 0.0185546875 0.03678474114441417
0.0 0.3544921875 0.17438692098092642 0.017578125 0.039509536784741145
0.0 0.2998046875 0.1784741144414169 0.0185546875 0.03814713896457766
0.0 0.341796875 0.0326975476839237 0.0205078125 0.03678474114441417
0.0 0.3837890625 0.04495912806539509 0.01953125 0.039509536784741145
0.0 0.3701171875 0.0 0.0166015625 0.02997275204359673
0.0 0.4111328125 0.0 0.017578125 0.02997275204359673
0.0 0.2890625 0.02997275204359673 0.01953125 0.04223433242506812
0.0 0.2626953125 0.3923705722070845 0.017578125 0.03678474114441417
0.0 0.208984375 0.45095367847411444 0.0205078125 0.043596730245231606
0.0 0.1474609375 0.4318801089918256 0.0205078125 0.04087193460490463
0.0 0.0849609375 0.4427792915531335 0.0224609375 0.043596730245231606
0.0 0.0341796875 0.3787465940054496 0.0234375 0.04087193460490463
0.0 0.03125 0.3405994550408719 0.0205078125 0.039509536784741145
0.0 0.0908203125 0.3446866485013624 0.017578125 0.03678474114441417
0.0 0.1552734375 0.3978201634877384 0.0185546875 0.0326975476839237
0.0 0.2060546875 0.39509536784741145 0.0224609375 0.04223433242506812
0.0 0.197265625 0.3460490463215259 0.0224609375 0.039509536784741145
0.0 0.1640625 0.3528610354223433 0.025390625 0.04087193460490463
0.0 0.1298828125 0.2901907356948229 0.01953125 0.043596730245231606
0.0 0.1376953125 0.24250681198910082 0.01953125 0.0326975476839237
0.0 0.06640625 0.2901907356948229 0.021484375 0.04495912806539509
0.0 0.037109375 0.23433242506811988 0.0185546875 0.03814713896457766
0.0 0.0908203125 0.22615803814713897 0.01953125 0.03814713896457766
0.0 0.1953125 0.22615803814713897 0.017578125 0.03678474114441417
0.0 0.2109375 0.30517711171662126 0.017578125 0.039509536784741145
0.0 0.05859375 0.18528610354223432 0.0166015625 0.04223433242506812
0.0 0.1044921875 0.16893732970027248 0.017578125 0.04087193460490463
0.0 0.1552734375 0.1893732970027248 0.0166015625 0.0340599455040872
0.0 0.2109375 0.1784741144414169 0.015625 0.03814713896457766
0.0 0.224609375 0.08174386920980926 0.01953125 0.03678474114441417
0.0 0.271484375 0.07493188010899182 0.01953125 0.04087193460490463
0.0 0.2314453125 0.027247956403269755 0.017578125 0.03814713896457766
0.0 0.1865234375 0.043596730245231606 0.01953125 0.031335149863760216
0.0 0.2109375 0.0 0.021484375 0.031335149863760216
0.0 0.1591796875 0.0 0.01953125 0.027247956403269755
0.0 0.1171875 0.03814713896457766 0.01953125 0.04087193460490463
0.0 0.1162109375 0.08583106267029973 0.0185546875 0.0326975476839237
0.0 0.16015625 0.07084468664850137 0.0185546875 0.04223433242506812
0.0 0.0673828125 0.09264305177111716 0.0185546875 0.035422343324250684
0.0 0.0771484375 0.13215258855585832 0.0185546875 0.03678474114441417
0.0 0.033203125 0.1362397820163488 0.0185546875 0.039509536784741145
0.0 0.015625 0.08174386920980926 0.0205078125 0.04223433242506812
0.0 0.0322265625 0.04223433242506812 0.015625 0.035422343324250684
0.0 0.083984375 0.05449591280653951 0.017578125 0.03814713896457766
0.0 0.1015625 0.0013623978201634877 0.0185546875 0.035422343324250684
0.0 0.07421875 0.0 0.017578125 0.035422343324250684
0.0 0.0 0.39509536784741145 0.0185546875 0.0340599455040872
0.0 0.00390625 0.29155313351498635 0.0185546875 0.035422343324250684
0.0 0.0078125 0.18392370572207084 0.0146484375 0.02997275204359673
0.0 0.0986328125 0.391008174386921 0.0205078125 0.03678474114441417
0.0 0.60546875 0.40054495912806537 0.021484375 0.043596730245231606
