0.0 0.439453125 0.26240208877284593 0.04296875 0.09399477806788512
0.0 0.1728515625 0.6808093994778068 0.0078125 0.016971279373368148
0.0 0.20654296875 0.683420365535248 0.0068359375 0.014360313315926894
0.0 0.19677734375 0.6814621409921671 0.0068359375 0.013054830287206266
0.0 0.37109375 0.6990861618798956 0.0078125 0.014360313315926894
0.0 0.3837890625 0.7010443864229765 0.005859375 0.013054830287206266
0.0 0.6328125 0.7140992167101827 0.009765625 0.018276762402088774
0.0 0.65869140625 0.7140992167101827 0.0205078125 0.0391644908616188
0.0 0.6787109375 0.7219321148825065 0.009765625 0.018276762402088774
0.0 0.615234375 0.6899477806788512 0.01171875 0.016971279373368148
0.0 0.66748046875 0.693864229765013 0.0087890625 0.01174934725848564
0.0 0.70361328125 0.6860313315926893 0.0087890625 0.014360313315926894
0.0 0.77978515625 0.7526109660574413 0.0185546875 0.04308093994778068
0.0 0.76513671875 0.7519582245430809 0.0107421875 0.018276762402088774
0.0 0.8076171875 0.7369451697127938 0.0078125 0.016971279373368148
0.0 0.81103515625 0.6768929503916449 0.0068359375 0.01174934725848564
0.0 0.81689453125 0.685378590078329 0.0068359375 0.013054830287206266
