0.0 0.70703125 0.2657393850658858 0.052734375 0.04319180087847731
0.0 0.8544921875 0.26281112737920936 0.025390625 0.024158125915080528
0.0 0.466796875 0.2730600292825769 0.0166015625 0.013177159590043924
0.0 0.3984375 0.2679355783308931 0.01953125 0.013177159590043924
0.0 0.390625 0.20351390922401172 0.01953125 0.020497803806734993
0.0 0.314453125 0.2144948755490483 0.017578125 0.01683748169838946
0.0 0.318359375 0.2664714494875549 0.017578125 0.017569546120058566
0.0 0.3115234375 0.25036603221083453 0.0146484375 0.014641288433382138
0.0 0.2900390625 0.27379209370424595 0.017578125 0.018301610541727673
0.0 0.1279296875 0.27232796486090777 0.0185546875 0.022693997071742314
0.0 0.0537109375 0.2847730600292826 0.0166015625 0.012445095168374817
0.0 0.068359375 0.2591508052708638 0.0234375 0.0212298682284041
0.0 0.0068359375 0.2686676427525622 0.0205078125 0.019765739385065886
0.0 0.0 0.24597364568081992 0.015625 0.014641288433382138
0.0 0.2041015625 0.27159590043923865 0.0205078125 0.01683748169838946
