0.0 0.8642578125 0.3579795021961933 0.0283203125 0.018301610541727673
0.0 0.7763671875 0.3462664714494876 0.02734375 0.021961932650073207
0.0 0.7705078125 0.2613469985358712 0.0263671875 0.032210834553440704
0.0 0.6044921875 0.369692532942899 0.060546875 0.05417276720351391
0.0 0.6474609375 0.28184480234260617 0.0263671875 0.030014641288433383
0.0 0.509765625 0.3374816983894583 0.0244140625 0.024158125915080528
0.0 0.4150390625 0.30380673499267935 0.021484375 0.02342606149341142
0.0 0.2373046875 0.27379209370424595 0.02734375 0.027086383601756955
0.0 0.2392578125 0.3535871156661786 0.029296875 0.021961932650073207
0.0 0.1328125 0.363103953147877 0.01953125 0.01903367496339678
0.0 0.05078125 0.30600292825768666 0.0234375 0.02342606149341142
0.0 0.00390625 0.3594436310395315 0.0244140625 0.024158125915080528
