0.0 0.0615234375 0.05124450951683748 0.03515625 0.05856515373352855
0.0 0.17431640625 0.03513909224011713 0.0361328125 0.07027818448023426
0.0 0.33740234375 0.19619326500732065 0.0439453125 0.05856515373352855
0.0 0.248046875 0.038799414348462666 0.02734375 0.060029282576866766
0.0 0.3076171875 0.014641288433382138 0.025390625 0.029282576866764276
0.0 0.3623046875 0.04758418740849195 0.03125 0.07174231332357248
0.0 0.43798828125 0.027086383601756955 0.0361328125 0.05417276720351391
0.0 0.54052734375 0.029282576866764276 0.0341796875 0.05856515373352855
0.0 0.64599609375 0.027086383601756955 0.0361328125 0.05417276720351391
0.0 0.751953125 0.04172767203513909 0.03125 0.0746705710102489
0.0 0.845703125 0.05856515373352855 0.03515625 0.07320644216691069
0.0 0.9267578125 0.03953147877013177 0.04296875 0.07613469985358712
0.0 0.029296875 0.00951683748169839 0.0234375 0.013177159590043924
