0.0 0.96337890625 0.2819010416666667 0.0166015625 0.029947916666666668
0.0 0.9951171875 0.2662760416666667 0.009765625 0.024739583333333332
0.0 0.92431640625 0.2552083333333333 0.0166015625 0.028645833333333332
0.0 0.91015625 0.259765625 0.013671875 0.024739583333333332
0.0 0.88818359375 0.259765625 0.0126953125 0.024739583333333332
0.0 0.8515625 0.2565104166666667 0.013671875 0.0234375
0.0 0.8662109375 0.24348958333333334 0.017578125 0.0234375
0.0 0.7919921875 0.2545572916666667 0.01171875 0.01953125
0.0 0.77783203125 0.2513020833333333 0.0126953125 0.0234375
0.0 0.83642578125 0.24283854166666666 0.0126953125 0.022135416666666668
0.0 0.82568359375 0.23958333333333334 0.0126953125 0.026041666666666668
0.0 0.75341796875 0.265625 0.0126953125 0.028645833333333332
0.0 0.732421875 0.2565104166666667 0.015625 0.026041666666666668
0.0 0.71240234375 0.265625 0.0146484375 0.0234375
0.0 0.603515625 0.24934895833333334 0.04296875 0.08203125
0.0 0.556640625 0.2526041666666667 0.015625 0.028645833333333332
0.0 0.67626953125 0.25390625 0.0126953125 0.028645833333333332
0.0 0.6982421875 0.2532552083333333 0.013671875 0.016927083333333332
0.0 0.6904296875 0.22395833333333334 0.0078125 0.018229166666666668
0.0 0.50439453125 0.28515625 0.0419921875 0.07291666666666667
0.0 0.3759765625 0.22916666666666666 0.013671875 0.028645833333333332
0.0 0.34765625 0.259765625 0.013671875 0.02734375
0.0 0.34130859375 0.3743489583333333 0.0146484375 0.022135416666666668
0.0 0.326171875 0.2688802083333333 0.015625 0.03515625
0.0 0.30029296875 0.2571614583333333 0.0126953125 0.024739583333333332
0.0 0.2373046875 0.3059895833333333 0.02734375 0.059895833333333336
0.0 0.216796875 0.2766927083333333 0.017578125 0.024739583333333332
0.0 0.1884765625 0.2578125 0.025390625 0.044270833333333336
0.0 0.1376953125 0.267578125 0.037109375 0.07421875
0.0 0.02783203125 0.3795572916666667 0.0166015625 0.032552083333333336
0.0 0.05419921875 0.2526041666666667 0.0087890625 0.013020833333333334
0.0 0.04150390625 0.2584635416666667 0.0068359375 0.01171875
0.0 0.025390625 0.2584635416666667 0.0078125 0.014322916666666666
0.0 0.01611328125 0.2604166666666667 0.0068359375 0.013020833333333334
0.0 0.01171875 0.240234375 0.005859375 0.014322916666666666
0.0 0.00634765625 0.24153645833333334 0.0068359375 0.014322916666666666
