0.0 0.955078125 0.3747534516765286 0.009765625 0.03550295857988166
0.0 0.8486328125 0.368836291913215 0.0107421875 0.02564102564102564
0.0 0.8583984375 0.33530571992110453 0.009765625 0.027613412228796843
0.0 0.849609375 0.35502958579881655 0.0107421875 0.021696252465483234
0.0 0.91015625 0.33136094674556216 0.013671875 0.03550295857988166
0.0 0.947265625 0.33925049309664695 0.0078125 0.01775147928994083
0.0 0.9638671875 0.3214990138067061 0.0087890625 0.023668639053254437
0.0 0.9541015625 0.2978303747534517 0.0078125 0.021696252465483234
0.0 0.9248046875 0.29980276134122286 0.01171875 0.029585798816568046
0.0 0.8876953125 0.3234714003944773 0.009765625 0.029585798816568046
0.0 0.8779296875 0.29980276134122286 0.0078125 0.021696252465483234
0.0 0.904296875 0.2958579881656805 0.0087890625 0.027613412228796843
0.0 0.8486328125 0.28994082840236685 0.009765625 0.02564102564102564
0.0 0.859375 0.2682445759368836 0.0087890625 0.021696252465483234
0.0 0.908203125 0.2583826429980276 0.0107421875 0.023668639053254437
0.0 0.8974609375 0.252465483234714 0.0087890625 0.021696252465483234
0.0 0.9423828125 0.2564102564102564 0.0087890625 0.027613412228796843
0.0 0.9716796875 0.2583826429980276 0.0078125 0.02564102564102564
0.0 0.9892578125 0.20315581854043394 0.0087890625 0.023668639053254437
0.0 0.927734375 0.1992110453648915 0.0087890625 0.027613412228796843
0.0 0.90234375 0.20512820512820512 0.0087890625 0.021696252465483234
0.0 0.88671875 0.22879684418145957 0.0107421875 0.02564102564102564
0.0 0.849609375 0.1992110453648915 0.0087890625 0.02564102564102564
0.0 0.880859375 0.20512820512820512 0.0107421875 0.023668639053254437
0.0 0.8818359375 0.16962524654832348 0.0087890625 0.03155818540433925
0.0 0.857421875 0.16765285996055226 0.0087890625 0.02564102564102564
0.0 0.888671875 0.13609467455621302 0.0087890625 0.029585798816568046
0.0 0.904296875 0.15779092702169625 0.0078125 0.027613412228796843
0.0 0.923828125 0.16962524654832348 0.0068359375 0.023668639053254437
0.0 0.9345703125 0.15976331360946747 0.0087890625 0.03155818540433925
0.0 0.943359375 0.16370808678500987 0.0087890625 0.023668639053254437
0.0 0.9619140625 0.14990138067061143 0.0068359375 0.023668639053254437
0.0 0.96484375 0.1282051282051282 0.0078125 0.021696252465483234
0.0 0.916015625 0.13609467455621302 0.0087890625 0.023668639053254437
0.0 0.8740234375 0.11439842209072978 0.0078125 0.03353057199211045
0.0 0.861328125 0.1301775147928994 0.009765625 0.027613412228796843
0.0 0.8681640625 0.16173570019723865 0.009765625 0.027613412228796843
0.0 0.951171875 0.09664694280078895 0.0087890625 0.02564102564102564
0.0 0.9248046875 0.09467455621301775 0.0078125 0.029585798816568046
0.0 0.916015625 0.0650887573964497 0.0087890625 0.027613412228796843
0.0 0.90234375 0.09664694280078895 0.0078125 0.01972386587771203
0.0 0.8642578125 0.0631163708086785 0.0087890625 0.029585798816568046
0.0 0.8818359375 0.05325443786982249 0.0068359375 0.023668639053254437
0.0 0.9091796875 0.015779092702169626 0.0087890625 0.029585798816568046
0.0 0.8828125 0.01972386587771203 0.0078125 0.027613412228796843
0.0 0.8564453125 0.02564102564102564 0.0087890625 0.027613412228796843
0.0 0.95703125 0.021696252465483234 0.0087890625 0.02564102564102564
0.0 0.931640625 0.023668639053254437 0.0087890625 0.01972386587771203
0.0 0.9814453125 0.015779092702169626 0.009765625 0.029585798816568046
0.0 0.7509765625 0.38461538461538464 0.009765625 0.021696252465483234
0.0 0.8251953125 0.33530571992110453 0.0078125 0.02564102564102564
0.0 0.810546875 0.2978303747534517 0.0087890625 0.027613412228796843
0.0 0.828125 0.2603550295857988 0.009765625 0.027613412228796843
0.0 0.794921875 0.2564102564102564 0.0087890625 0.02564102564102564
0.0 0.794921875 0.32741617357001973 0.0087890625 0.027613412228796843
0.0 0.78125 0.3037475345167653 0.0087890625 0.023668639053254437
0.0 0.76171875 0.33727810650887574 0.0087890625 0.02564102564102564
0.0 0.7470703125 0.3076923076923077 0.0068359375 0.023668639053254437
0.0 0.7666015625 0.26232741617357 0.0087890625 0.03155818540433925
0.0 0.818359375 0.20907297830374755 0.0087890625 0.027613412228796843
0.0 0.80859375 0.2682445759368836 0.0087890625 0.01972386587771203
0.0 0.6201171875 0.3767258382642998 0.0078125 0.02564102564102564
0.0 0.61328125 0.3767258382642998 0.0068359375 0.023668639053254437
0.0 0.6044921875 0.3806706114398422 0.005859375 0.01972386587771203
0.0 0.69921875 0.378698224852071 0.009765625 0.023668639053254437
0.0 0.681640625 0.378698224852071 0.0068359375 0.01775147928994083
0.0 0.654296875 0.32938856015779094 0.0087890625 0.029585798816568046
0.0 0.689453125 0.3155818540433925 0.0107421875 0.03353057199211045
0.0 0.72265625 0.32938856015779094 0.0087890625 0.023668639053254437
0.0 0.7373046875 0.3727810650887574 0.0078125 0.02564102564102564
0.0 0.71875 0.3530571992110454 0.0087890625 0.02564102564102564
0.0 0.66015625 0.30177514792899407 0.009765625 0.023668639053254437
0.0 0.7255859375 0.29980276134122286 0.0078125 0.023668639053254437
0.0 0.6904296875 0.2938856015779093 0.0087890625 0.021696252465483234
0.0 0.671875 0.26232741617357 0.0087890625 0.027613412228796843
0.0 0.6435546875 0.24260355029585798 0.0107421875 0.029585798816568046
0.0 0.7080078125 0.2603550295857988 0.0078125 0.023668639053254437
0.0 0.7392578125 0.2603550295857988 0.0068359375 0.027613412228796843
0.0 0.7392578125 0.21301775147928995 0.0087890625 0.021696252465483234
0.0 0.734375 0.32938856015779094 0.0068359375 0.01972386587771203
0.0 0.79296875 0.20512820512820512 0.0087890625 0.029585798816568046
0.0 0.7685546875 0.20118343195266272 0.0078125 0.027613412228796843
0.0 0.783203125 0.17357001972386588 0.0087890625 0.027613412228796843
0.0 0.7587890625 0.1755424063116371 0.0078125 0.021696252465483234
0.0 0.734375 0.1794871794871795 0.0078125 0.023668639053254437
0.0 0.7412109375 0.14003944773175542 0.0087890625 0.023668639053254437
0.0 0.775390625 0.13609467455621302 0.0087890625 0.02564102564102564
0.0 0.8076171875 0.16370808678500987 0.0087890625 0.029585798816568046
0.0 0.8330078125 0.16568047337278108 0.0087890625 0.02564102564102564
0.0 0.8359375 0.13806706114398423 0.0078125 0.021696252465483234
0.0 0.849609375 0.09664694280078895 0.0087890625 0.02564102564102564
0.0 0.8173828125 0.09664694280078895 0.0107421875 0.02564102564102564
0.0 0.7919921875 0.09861932938856016 0.0078125 0.02564102564102564
0.0 0.7998046875 0.11242603550295859 0.0087890625 0.027613412228796843
0.0 0.7568359375 0.10059171597633136 0.009765625 0.02564102564102564
0.0 0.7861328125 0.05719921104536489 0.0087890625 0.02564102564102564
0.0 0.7333984375 0.05719921104536489 0.009765625 0.03155818540433925
0.0 0.8427734375 0.0611439842209073 0.0078125 0.027613412228796843
0.0 0.8154296875 0.05325443786982249 0.0068359375 0.01972386587771203
0.0 0.8349609375 0.015779092702169626 0.0078125 0.01972386587771203
0.0 0.8095703125 0.03155818540433925 0.0078125 0.01972386587771203
0.0 0.7841796875 0.02564102564102564 0.0078125 0.021696252465483234
0.0 0.76171875 0.03155818540433925 0.0068359375 0.02564102564102564
0.0 0.7265625 0.09467455621301775 0.0078125 0.029585798816568046
0.0 0.73046875 0.027613412228796843 0.0087890625 0.02564102564102564
0.0 0.751953125 0.0019723865877712033 0.0087890625 0.01972386587771203
0.0 0.7509765625 0.1282051282051282 0.0068359375 0.023668639053254437
0.0 0.62890625 0.32938856015779094 0.0078125 0.02564102564102564
0.0 0.6181640625 0.3136094674556213 0.0078125 0.021696252465483234
0.0 0.619140625 0.26627218934911245 0.0087890625 0.01972386587771203
0.0 0.59375 0.3254437869822485 0.009765625 0.027613412228796843
0.0 0.583984375 0.3826429980276134 0.0078125 0.021696252465483234
0.0 0.5732421875 0.3767258382642998 0.0087890625 0.023668639053254437
0.0 0.5439453125 0.378698224852071 0.0078125 0.023668639053254437
0.0 0.5576171875 0.3234714003944773 0.009765625 0.023668639053254437
0.0 0.5419921875 0.3057199211045365 0.0107421875 0.02564102564102564
0.0 0.54296875 0.32938856015779094 0.0107421875 0.023668639053254437
0.0 0.7138671875 0.20315581854043394 0.0087890625 0.023668639053254437
0.0 0.6689453125 0.17357001972386588 0.0087890625 0.027613412228796843
0.0 0.70703125 0.15384615384615385 0.0078125 0.023668639053254437
0.0 0.662109375 0.1203155818540434 0.0087890625 0.021696252465483234
0.0 0.685546875 0.10059171597633136 0.0087890625 0.027613412228796843
0.0 0.7041015625 0.0650887573964497 0.0078125 0.03155818540433925
0.0 0.673828125 0.055226824457593686 0.0078125 0.029585798816568046
0.0 0.6806640625 0.03550295857988166 0.0087890625 0.029585798816568046
0.0 0.70703125 0.027613412228796843 0.0078125 0.023668639053254437
0.0 0.71875 0.0 0.0078125 0.015779092702169626
0.0 0.6435546875 0.0019723865877712033 0.0087890625 0.02564102564102564
0.0 0.6123046875 0.0 0.0107421875 0.023668639053254437
0.0 0.591796875 0.0019723865877712033 0.0068359375 0.021696252465483234
0.0 0.62109375 0.01775147928994083 0.0078125 0.01972386587771203
0.0 0.6328125 0.14398422090729784 0.01171875 0.01775147928994083
0.0 0.48046875 0.38461538461538464 0.0107421875 0.023668639053254437
0.0 0.484375 0.33925049309664695 0.01171875 0.021696252465483234
0.0 0.4501953125 0.3708086785009862 0.0087890625 0.021696252465483234
0.0 0.4326171875 0.35502958579881655 0.009765625 0.023668639053254437
0.0 0.4111328125 0.35502958579881655 0.0107421875 0.029585798816568046
0.0 0.376953125 0.3136094674556213 0.01171875 0.029585798816568046
0.0 0.5771484375 0.027613412228796843 0.0087890625 0.01775147928994083
0.0 0.5576171875 0.0 0.0078125 0.021696252465483234
0.0 0.525390625 0.0 0.0078125 0.029585798816568046
0.0 0.4951171875 0.0 0.009765625 0.02564102564102564
0.0 0.4658203125 0.0019723865877712033 0.0087890625 0.021696252465483234
0.0 0.4453125 0.007889546351084813 0.0087890625 0.027613412228796843
0.0 0.42578125 0.1203155818540434 0.0078125 0.023668639053254437
0.0 0.3974609375 0.07692307692307693 0.0078125 0.023668639053254437
0.0 0.400390625 0.03747534516765286 0.0078125 0.02564102564102564
0.0 0.412109375 0.013806706114398421 0.0068359375 0.01775147928994083
0.0 0.3740234375 0.0 0.0107421875 0.021696252465483234
0.0 0.3583984375 0.04142011834319527 0.0087890625 0.02564102564102564
0.0 0.35546875 0.011834319526627219 0.009765625 0.02564102564102564
0.0 0.3447265625 0.047337278106508875 0.0078125 0.023668639053254437
0.0 0.353515625 0.08481262327416174 0.0078125 0.01972386587771203
0.0 0.3740234375 0.09072978303747535 0.0078125 0.01775147928994083
0.0 0.3505859375 0.10059171597633136 0.0087890625 0.029585798816568046
0.0 0.359375 0.16765285996055226 0.0087890625 0.021696252465483234
0.0 0.37109375 0.1282051282051282 0.009765625 0.03550295857988166
0.0 0.3876953125 0.11045364891518737 0.0068359375 0.021696252465483234
0.0 0.341796875 0.14201183431952663 0.0087890625 0.02564102564102564
0.0 0.3349609375 0.17159763313609466 0.0087890625 0.027613412228796843
0.0 0.3310546875 0.22287968441814596 0.0078125 0.029585798816568046
0.0 0.359375 0.2603550295857988 0.0087890625 0.03155818540433925
0.0 0.3388671875 0.28205128205128205 0.0087890625 0.023668639053254437
0.0 0.318359375 0.32741617357001973 0.009765625 0.03155818540433925
0.0 0.361328125 0.3175542406311637 0.0078125 0.021696252465483234
0.0 0.2880859375 0.34122287968441817 0.0087890625 0.02564102564102564
0.0 0.298828125 0.29191321499013806 0.009765625 0.03353057199211045
0.0 0.3095703125 0.26627218934911245 0.0068359375 0.02564102564102564
0.0 0.2705078125 0.3175542406311637 0.0068359375 0.021696252465483234
0.0 0.2646484375 0.3333333333333333 0.009765625 0.03550295857988166
0.0 0.2685546875 0.2702169625246548 0.009765625 0.027613412228796843
0.0 0.302734375 0.21499013806706113 0.0078125 0.01972386587771203
0.0 0.2724609375 0.21301775147928995 0.0087890625 0.03155818540433925
0.0 0.234375 0.3333333333333333 0.0078125 0.02564102564102564
0.0 0.212890625 0.3333333333333333 0.0087890625 0.023668639053254437
0.0 0.1982421875 0.3116370808678501 0.0078125 0.01775147928994083
0.0 0.1806640625 0.33530571992110453 0.0107421875 0.029585798816568046
0.0 0.166015625 0.388560157790927 0.009765625 0.027613412228796843
0.0 0.1796875 0.3727810650887574 0.0087890625 0.029585798816568046
0.0 0.193359375 0.3806706114398422 0.0107421875 0.027613412228796843
0.0 0.1865234375 0.29191321499013806 0.0087890625 0.023668639053254437
0.0 0.2109375 0.26429980276134124 0.0087890625 0.027613412228796843
0.0 0.2265625 0.2938856015779093 0.009765625 0.027613412228796843
0.0 0.2509765625 0.3037475345167653 0.0078125 0.027613412228796843
0.0 0.2412109375 0.26232741617357 0.0078125 0.02564102564102564
0.0 0.244140625 0.20710059171597633 0.0087890625 0.029585798816568046
0.0 0.21484375 0.21301775147928995 0.009765625 0.02564102564102564
0.0 0.2236328125 0.1834319526627219 0.0087890625 0.027613412228796843
0.0 0.185546875 0.21104536489151873 0.0087890625 0.03353057199211045
0.0 0.16015625 0.22090729783037474 0.0078125 0.021696252465483234
0.0 0.1630859375 0.1834319526627219 0.0078125 0.021696252465483234
0.0 0.1923828125 0.17751479289940827 0.009765625 0.023668639053254437
0.0 0.251953125 0.17751479289940827 0.0087890625 0.027613412228796843
0.0 0.306640625 0.1755424063116371 0.0087890625 0.03155818540433925
0.0 0.3134765625 0.14003944773175542 0.0078125 0.03550295857988166
0.0 0.3232421875 0.08284023668639054 0.0078125 0.023668639053254437
0.0 0.314453125 0.10848126232741617 0.0078125 0.023668639053254437
0.0 0.322265625 0.05128205128205128 0.0078125 0.01972386587771203
0.0 0.28125 0.1814595660749507 0.0078125 0.023668639053254437
0.0 0.2138671875 0.14792899408284024 0.0078125 0.01972386587771203
0.0 0.2490234375 0.14003944773175542 0.009765625 0.029585798816568046
0.0 0.2802734375 0.13806706114398423 0.0087890625 0.029585798816568046
0.0 0.23828125 0.11045364891518737 0.0078125 0.02564102564102564
0.0 0.2119140625 0.11637080867850098 0.0068359375 0.021696252465483234
0.0 0.2314453125 0.08086785009861933 0.0087890625 0.023668639053254437
0.0 0.271484375 0.11439842209072978 0.009765625 0.02564102564102564
0.0 0.291015625 0.07100591715976332 0.0078125 0.023668639053254437
0.0 0.306640625 0.0 0.009765625 0.023668639053254437
0.0 0.298828125 0.045364891518737675 0.0087890625 0.02564102564102564
0.0 0.279296875 0.015779092702169626 0.0078125 0.023668639053254437
0.0 0.2607421875 0.07495069033530571 0.0087890625 0.027613412228796843
0.0 0.25 0.04142011834319527 0.0087890625 0.027613412228796843
0.0 0.22265625 0.05325443786982249 0.0087890625 0.01972386587771203
0.0 0.234375 0.007889546351084813 0.0078125 0.021696252465483234
0.0 0.2041015625 0.013806706114398421 0.0078125 0.023668639053254437
0.0 0.220703125 0.013806706114398421 0.0068359375 0.023668639053254437
0.0 0.2861328125 0.05128205128205128 0.0078125 0.013806706114398421
0.0 0.10546875 0.39250493096646943 0.0087890625 0.023668639053254437
0.0 0.046875 0.3767258382642998 0.0087890625 0.029585798816568046
0.0 0.015625 0.39644970414201186 0.0107421875 0.023668639053254437
0.0 0.0947265625 0.3865877712031558 0.0087890625 0.021696252465483234
0.0 0.083984375 0.358974358974359 0.0107421875 0.027613412228796843
0.0 0.1083984375 0.3333333333333333 0.0087890625 0.03353057199211045
0.0 0.0498046875 0.34122287968441817 0.0087890625 0.027613412228796843
0.0 0.0185546875 0.33136094674556216 0.0078125 0.03155818540433925
0.0 0.015625 0.3096646942800789 0.0068359375 0.01972386587771203
0.0 0.140625 0.29980276134122286 0.0087890625 0.023668639053254437
0.0 0.109375 0.2938856015779093 0.0087890625 0.03353057199211045
0.0 0.1474609375 0.2682445759368836 0.0087890625 0.01972386587771203
0.0 0.095703125 0.27218934911242604 0.0078125 0.023668639053254437
0.0 0.05859375 0.2978303747534517 0.0087890625 0.027613412228796843
0.0 0.0693359375 0.27613412228796846 0.0078125 0.021696252465483234
0.0 0.0390625 0.27218934911242604 0.009765625 0.02564102564102564
0.0 0.0126953125 0.2682445759368836 0.0078125 0.027613412228796843
0.0 0.0224609375 0.27218934911242604 0.01171875 0.027613412228796843
0.0 0.0234375 0.23865877712031558 0.0078125 0.01775147928994083
0.0 0.0478515625 0.23668639053254437 0.009765625 0.023668639053254437
0.0 0.07421875 0.2445759368836292 0.0078125 0.021696252465483234
0.0 0.1337890625 0.22287968441814596 0.0087890625 0.021696252465483234
0.0 0.1064453125 0.22879684418145957 0.0107421875 0.023668639053254437
0.0 0.1416015625 0.1873767258382643 0.0068359375 0.02564102564102564
0.0 0.15625 0.15581854043392504 0.0087890625 0.021696252465483234
0.0 0.17578125 0.08481262327416174 0.0078125 0.023668639053254437
0.0 0.1552734375 0.11045364891518737 0.0078125 0.027613412228796843
0.0 0.130859375 0.15187376725838264 0.009765625 0.02564102564102564
0.0 0.1123046875 0.1873767258382643 0.0087890625 0.02564102564102564
0.0 0.103515625 0.14990138067061143 0.0087890625 0.02564102564102564
0.0 0.083984375 0.1834319526627219 0.0087890625 0.02564102564102564
0.0 0.0927734375 0.11045364891518737 0.009765625 0.02564102564102564
0.0 0.099609375 0.08481262327416174 0.0078125 0.023668639053254437
0.0 0.12109375 0.08875739644970414 0.0078125 0.01972386587771203
0.0 0.134765625 0.1242603550295858 0.0068359375 0.01972386587771203
0.0 0.1455078125 0.09072978303747535 0.0078125 0.023668639053254437
0.0 0.134765625 0.04142011834319527 0.0087890625 0.023668639053254437
0.0 0.1142578125 0.0611439842209073 0.0078125 0.021696252465483234
0.0 0.123046875 0.01775147928994083 0.0068359375 0.01972386587771203
0.0 0.0966796875 0.01775147928994083 0.0078125 0.021696252465483234
0.0 0.1474609375 0.01775147928994083 0.0078125 0.021696252465483234
0.0 0.169921875 0.04339250493096647 0.0078125 0.01972386587771203
0.0 0.1953125 0.05917159763313609 0.0078125 0.023668639053254437
0.0 0.1943359375 0.03353057199211045 0.0087890625 0.01972386587771203
0.0 0.0576171875 0.1834319526627219 0.0068359375 0.027613412228796843
0.0 0.0712890625 0.14990138067061143 0.0107421875 0.023668639053254437
0.0 0.0283203125 0.1854043392504931 0.0087890625 0.021696252465483234
0.0 0.01953125 0.16568047337278108 0.0078125 0.01972386587771203
0.0 0.037109375 0.126232741617357 0.0068359375 0.01972386587771203
0.0 0.04296875 0.08284023668639054 0.0078125 0.023668639053254437
0.0 0.06640625 0.11834319526627218 0.0068359375 0.021696252465483234
0.0 0.0703125 0.08678500986193294 0.0078125 0.02564102564102564
0.0 0.060546875 0.05917159763313609 0.0078125 0.02564102564102564
0.0 0.0712890625 0.007889546351084813 0.0078125 0.023668639053254437
0.0 0.076171875 0.03944773175542406 0.0068359375 0.021696252465483234
0.0 0.0458984375 0.013806706114398421 0.0078125 0.023668639053254437
0.0 0.015625 0.01775147928994083 0.0087890625 0.027613412228796843
0.0 0.6005859375 0.2958579881656805 0.0087890625 0.02564102564102564
0.0 0.0341796875 0.05325443786982249 0.0078125 0.01972386587771203
0.0 0.173828125 0.13609467455621302 0.0078125 0.01775147928994083
0.0 0.205078125 0.09664694280078895 0.0078125 0.023668639053254437
0.0 0.13671875 0.33530571992110453 0.0068359375 0.02564102564102564
0.0 0.7021484375 0.1794871794871795 0.0078125 0.015779092702169626
0.0 0.9580078125 0.19723865877712032 0.005859375 0.023668639053254437
0.0 0.978515625 0.08678500986193294 0.0068359375 0.021696252465483234
0.0 0.9404296875 0.05325443786982249 0.0068359375 0.023668639053254437
0.0 0.9814453125 0.14990138067061143 0.0087890625 0.021696252465483234
0.0 0.748046875 0.03155818540433925 0.0078125 0.01972386587771203
0.0 0.7626953125 0.07692307692307693 0.005859375 0.015779092702169626
0.0 0.0048828125 0.08875739644970414 0.0107421875 0.021696252465483234
0.0 0.005859375 0.05719921104536489 0.009765625 0.023668639053254437
0.0 0.0068359375 0.1301775147928994 0.0087890625 0.021696252465483234
0.0 0.9931640625 0.04930966469428008 0.0068359375 0.023668639053254437
