0.0 0.9462890625 0.2643229166666667 0.01953125 0.03125
0.0 0.9287109375 0.23763020833333334 0.015625 0.024739583333333332
0.0 0.85400390625 0.23502604166666666 0.0166015625 0.024739583333333332
0.0 0.8955078125 0.2591145833333333 0.017578125 0.028645833333333332
0.0 0.84375 0.2610677083333333 0.01953125 0.032552083333333336
0.0 0.7841796875 0.24869791666666666 0.01953125 0.03125
0.0 0.7978515625 0.248046875 0.01171875 0.02734375
0.0 0.7431640625 0.24869791666666666 0.017578125 0.0234375
0.0 0.7666015625 0.251953125 0.013671875 0.022135416666666668
0.0 0.6201171875 0.24088541666666666 0.01171875 0.028645833333333332
0.0 0.60791015625 0.24934895833333334 0.0185546875 0.029947916666666668
0.0 0.55859375 0.251953125 0.01953125 0.032552083333333336
0.0 0.5 0.322265625 0.03515625 0.053385416666666664
0.0 0.49951171875 0.25390625 0.0185546875 0.028645833333333332
0.0 0.47607421875 0.22526041666666666 0.0166015625 0.03125
0.0 0.51318359375 0.21875 0.0166015625 0.026041666666666668
0.0 0.54541015625 0.244140625 0.0166015625 0.040364583333333336
0.0 0.455078125 0.248046875 0.01953125 0.032552083333333336
0.0 0.384765625 0.248046875 0.017578125 0.03515625
0.0 0.388671875 0.18033854166666666 0.017578125 0.032552083333333336
0.0 0.31787109375 0.24869791666666666 0.0205078125 0.028645833333333332
0.0 0.2958984375 0.23893229166666666 0.017578125 0.032552083333333336
0.0 0.26025390625 0.205078125 0.0166015625 0.029947916666666668
0.0 0.2216796875 0.24479166666666666 0.017578125 0.028645833333333332
0.0 0.17431640625 0.236328125 0.0224609375 0.03515625
0.0 0.18603515625 0.20638020833333334 0.0185546875 0.029947916666666668
0.0 0.09033203125 0.236328125 0.0185546875 0.032552083333333336
0.0 0.1015625 0.20052083333333334 0.017578125 0.03125
0.0 0.041015625 0.205078125 0.01953125 0.03515625
