0.0 0.7666015625 0.5989583333333334 0.005859375 0.013888888888888888
0.0 0.78466796875 0.6006944444444444 0.0048828125 0.013888888888888888
0.0 0.79833984375 0.6293402777777778 0.0048828125 0.012152777777777778
0.0 0.7705078125 0.6597222222222222 0.005859375 0.013888888888888888
0.0 0.802734375 0.5963541666666666 0.005859375 0.015625
0.0 0.974609375 0.6953125 0.005859375 0.022569444444444444
0.0 0.990234375 0.7039930555555556 0.0078125 0.022569444444444444
0.0 0.9638671875 0.6649305555555556 0.005859375 0.013888888888888888
0.0 0.94677734375 0.6614583333333334 0.0048828125 0.013888888888888888
0.0 0.9697265625 0.6189236111111112 0.005859375 0.015625
0.0 0.98583984375 0.6536458333333334 0.0068359375 0.015625
0.0 0.9970703125 0.6883680555555556 0.00390625 0.012152777777777778
0.0 0.95654296875 0.6927083333333334 0.0048828125 0.010416666666666666
0.0 0.986328125 0.6215277777777778 0.005859375 0.013888888888888888
0.0 0.9345703125 0.6284722222222222 0.009765625 0.020833333333333332
0.0 0.92431640625 0.6753472222222222 0.0048828125 0.013888888888888888
0.0 0.9208984375 0.6215277777777778 0.005859375 0.013888888888888888
0.0 0.95751953125 0.6050347222222222 0.0048828125 0.015625
0.0 0.97607421875 0.5920138888888888 0.0048828125 0.013888888888888888
0.0 0.99267578125 0.5876736111111112 0.0048828125 0.012152777777777778
0.0 0.93994140625 0.5668402777777778 0.0068359375 0.015625
0.0 0.98095703125 0.5625 0.0048828125 0.010416666666666666
0.0 0.97900390625 0.5347222222222222 0.0068359375 0.020833333333333332
0.0 0.96728515625 0.5295138888888888 0.0068359375 0.013888888888888888
0.0 0.9580078125 0.5381944444444444 0.005859375 0.017361111111111112
0.0 0.9638671875 0.5069444444444444 0.005859375 0.013888888888888888
0.0 0.93603515625 0.5390625 0.0068359375 0.015625
0.0 0.927734375 0.5104166666666666 0.005859375 0.013888888888888888
0.0 0.93359375 0.4852430555555556 0.005859375 0.015625
0.0 0.9677734375 0.4904513888888889 0.005859375 0.012152777777777778
0.0 0.99365234375 0.4592013888888889 0.0048828125 0.012152777777777778
0.0 0.95263671875 0.4835069444444444 0.0048828125 0.015625
0.0 0.9599609375 0.4609375 0.00390625 0.015625
0.0 0.96533203125 0.4401041666666667 0.0048828125 0.015625
0.0 0.98095703125 0.4357638888888889 0.0048828125 0.013888888888888888
0.0 0.94775390625 0.4375 0.0048828125 0.013888888888888888
0.0 0.99560546875 0.4322916666666667 0.0048828125 0.013888888888888888
0.0 0.98974609375 0.4991319444444444 0.0068359375 0.019097222222222224
0.0 0.98681640625 0.5277777777777778 0.0068359375 0.017361111111111112
0.0 0.892578125 0.6866319444444444 0.005859375 0.012152777777777778
0.0 0.87158203125 0.6866319444444444 0.0048828125 0.015625
0.0 0.8974609375 0.6510416666666666 0.0078125 0.013888888888888888
0.0 0.912109375 0.6727430555555556 0.005859375 0.012152777777777778
0.0 0.87744140625 0.65625 0.0068359375 0.013888888888888888
0.0 0.87255859375 0.65625 0.0068359375 0.013888888888888888
0.0 0.87548828125 0.6276041666666666 0.0048828125 0.012152777777777778
0.0 0.89111328125 0.6310763888888888 0.0068359375 0.015625
0.0 0.86279296875 0.5954861111111112 0.0068359375 0.013888888888888888
0.0 0.8564453125 0.6657986111111112 0.005859375 0.012152777777777778
0.0 0.83837890625 0.6345486111111112 0.0068359375 0.022569444444444444
0.0 0.8466796875 0.6215277777777778 0.005859375 0.013888888888888888
0.0 0.85888671875 0.6953125 0.0068359375 0.015625
0.0 0.86572265625 0.6944444444444444 0.0087890625 0.017361111111111112
0.0 0.802734375 0.7092013888888888 0.005859375 0.012152777777777778
0.0 0.81298828125 0.6866319444444444 0.0048828125 0.015625
0.0 0.806640625 0.6649305555555556 0.005859375 0.017361111111111112
0.0 0.78857421875 0.6840277777777778 0.0087890625 0.027777777777777776
0.0 0.7763671875 0.7039930555555556 0.0078125 0.026041666666666668
0.0 0.80810546875 0.6241319444444444 0.0068359375 0.012152777777777778
0.0 0.81787109375 0.6293402777777778 0.0048828125 0.015625
0.0 0.82080078125 0.6024305555555556 0.0068359375 0.013888888888888888
0.0 0.8251953125 0.6623263888888888 0.0078125 0.019097222222222224
0.0 0.8408203125 0.6597222222222222 0.005859375 0.013888888888888888
0.0 0.84375 0.5998263888888888 0.00390625 0.008680555555555556
0.0 0.921875 0.5399305555555556 0.005859375 0.013888888888888888
0.0 0.919921875 0.4895833333333333 0.00390625 0.010416666666666666
0.0 0.9267578125 0.4574652777777778 0.0078125 0.012152777777777778
0.0 0.91845703125 0.4557291666666667 0.0048828125 0.015625
0.0 0.931640625 0.4383680555555556 0.005859375 0.015625
0.0 0.92431640625 0.4201388888888889 0.0048828125 0.006944444444444444
0.0 0.91845703125 0.4210069444444444 0.0048828125 0.008680555555555556
0.0 0.93359375 0.4192708333333333 0.00390625 0.008680555555555556
0.0 0.98388671875 0.421875 0.0048828125 0.010416666666666666
0.0 0.97509765625 0.3967013888888889 0.0068359375 0.019097222222222224
0.0 0.9912109375 0.3880208333333333 0.00390625 0.012152777777777778
0.0 0.95068359375 0.4036458333333333 0.0068359375 0.019097222222222224
0.0 0.96435546875 0.3888888888888889 0.0087890625 0.03125
0.0 0.97998046875 0.3663194444444444 0.0048828125 0.013888888888888888
0.0 0.9873046875 0.3611111111111111 0.00390625 0.017361111111111112
0.0 0.96826171875 0.3428819444444444 0.0048828125 0.012152777777777778
0.0 0.95068359375 0.3446180555555556 0.0048828125 0.008680555555555556
0.0 0.94580078125 0.3663194444444444 0.0048828125 0.010416666666666666
0.0 0.94482421875 0.3871527777777778 0.0068359375 0.010416666666666666
0.0 0.955078125 0.3958333333333333 0.005859375 0.017361111111111112
0.0 0.99658203125 0.4045138888888889 0.0048828125 0.013888888888888888
0.0 0.998046875 0.3645833333333333 0.00390625 0.017361111111111112
0.0 0.96484375 0.3671875 0.00390625 0.008680555555555556
0.0 0.93505859375 0.3472222222222222 0.0087890625 0.017361111111111112
0.0 0.93798828125 0.3272569444444444 0.0048828125 0.008680555555555556
0.0 0.98388671875 0.3350694444444444 0.0068359375 0.013888888888888888
0.0 0.92333984375 0.3307291666666667 0.0068359375 0.015625
0.0 0.91943359375 0.3454861111111111 0.0048828125 0.017361111111111112
0.0 0.92138671875 0.3454861111111111 0.0068359375 0.013888888888888888
0.0 0.92919921875 0.3680555555555556 0.0048828125 0.013888888888888888
0.0 0.9150390625 0.3645833333333333 0.005859375 0.010416666666666666
0.0 0.93603515625 0.3888888888888889 0.0048828125 0.013888888888888888
0.0 0.92236328125 0.3940972222222222 0.0048828125 0.010416666666666666
0.0 0.9404296875 0.4027777777777778 0.0078125 0.013888888888888888
0.0 0.9365234375 0.3706597222222222 0.0078125 0.015625
0.0 0.95849609375 0.3819444444444444 0.0048828125 0.013888888888888888
0.0 0.79833984375 0.5711805555555556 0.0048828125 0.013888888888888888
0.0 0.80517578125 0.5850694444444444 0.0048828125 0.013888888888888888
0.0 0.78759765625 0.5703125 0.0068359375 0.012152777777777778
0.0 0.76318359375 0.5729166666666666 0.0048828125 0.013888888888888888
0.0 0.76611328125 0.5442708333333334 0.0048828125 0.015625
0.0 0.78271484375 0.546875 0.0048828125 0.013888888888888888
0.0 0.80322265625 0.546875 0.0048828125 0.013888888888888888
0.0 0.8046875 0.5190972222222222 0.005859375 0.013888888888888888
0.0 0.787109375 0.5121527777777778 0.005859375 0.017361111111111112
0.0 0.7705078125 0.515625 0.005859375 0.013888888888888888
0.0 0.8017578125 0.4913194444444444 0.00390625 0.010416666666666666
0.0 0.7861328125 0.4895833333333333 0.00390625 0.010416666666666666
0.0 0.76953125 0.4921875 0.005859375 0.015625
0.0 0.77099609375 0.4722222222222222 0.0048828125 0.010416666666666666
0.0 0.7890625 0.4644097222222222 0.005859375 0.019097222222222224
0.0 0.8056640625 0.4661458333333333 0.005859375 0.015625
0.0 0.033203125 0.7404513888888888 0.005859375 0.015625
0.0 0.01953125 0.734375 0.0078125 0.020833333333333332
0.0 0.03173828125 0.7161458333333334 0.0068359375 0.015625
0.0 0.09814453125 0.7256944444444444 0.0087890625 0.017361111111111112
0.0 0.05322265625 0.7126736111111112 0.0068359375 0.015625
0.0 0.021484375 0.6788194444444444 0.005859375 0.013888888888888888
0.0 0.04052734375 0.6788194444444444 0.0048828125 0.017361111111111112
0.0 0.060546875 0.6762152777777778 0.00390625 0.008680555555555556
0.0 0.0146484375 0.6510416666666666 0.005859375 0.013888888888888888
0.0 0.037109375 0.6475694444444444 0.005859375 0.013888888888888888
0.0 0.056640625 0.6475694444444444 0.005859375 0.013888888888888888
0.0 0.08056640625 0.6736111111111112 0.0048828125 0.010416666666666666
0.0 0.08837890625 0.7118055555555556 0.0068359375 0.013888888888888888
0.0 0.07421875 0.7092013888888888 0.005859375 0.012152777777777778
0.0 0.09912109375 0.6779513888888888 0.0068359375 0.015625
0.0 0.0966796875 0.6484375 0.005859375 0.015625
0.0 0.08447265625 0.6519097222222222 0.0048828125 0.012152777777777778
0.0 0.080078125 0.625 0.0078125 0.017361111111111112
0.0 0.06005859375 0.6154513888888888 0.0048828125 0.012152777777777778
0.0 0.03955078125 0.6189236111111112 0.0048828125 0.012152777777777778
0.0 0.021484375 0.6197916666666666 0.005859375 0.013888888888888888
0.0 0.11083984375 0.7065972222222222 0.0068359375 0.017361111111111112
0.0 0.1396484375 0.7326388888888888 0.005859375 0.017361111111111112
0.0 0.13330078125 0.7057291666666666 0.0048828125 0.012152777777777778
0.0 0.16796875 0.7309027777777778 0.005859375 0.013888888888888888
0.0 0.17431640625 0.7282986111111112 0.0048828125 0.012152777777777778
0.0 0.18505859375 0.7300347222222222 0.0048828125 0.012152777777777778
0.0 0.17431640625 0.7048611111111112 0.0068359375 0.013888888888888888
0.0 0.185546875 0.7118055555555556 0.0078125 0.017361111111111112
0.0 0.1552734375 0.7083333333333334 0.005859375 0.013888888888888888
0.0 0.134765625 0.6744791666666666 0.005859375 0.015625
0.0 0.12060546875 0.671875 0.0048828125 0.010416666666666666
0.0 0.1552734375 0.6788194444444444 0.005859375 0.013888888888888888
0.0 0.15673828125 0.6510416666666666 0.0048828125 0.010416666666666666
0.0 0.1689453125 0.6440972222222222 0.005859375 0.013888888888888888
0.0 0.1767578125 0.6762152777777778 0.005859375 0.015625
0.0 0.193359375 0.6666666666666666 0.005859375 0.013888888888888888
0.0 0.11669921875 0.6449652777777778 0.0048828125 0.012152777777777778
0.0 0.21044921875 0.7352430555555556 0.0048828125 0.012152777777777778
0.0 0.2001953125 0.7005208333333334 0.005859375 0.015625
0.0 0.212890625 0.6692708333333334 0.005859375 0.012152777777777778
0.0 0.24658203125 0.7118055555555556 0.0048828125 0.017361111111111112
0.0 0.26708984375 0.7291666666666666 0.0068359375 0.013888888888888888
0.0 0.26123046875 0.703125 0.0048828125 0.013888888888888888
0.0 0.28271484375 0.7005208333333334 0.0048828125 0.012152777777777778
0.0 0.26513671875 0.6701388888888888 0.0048828125 0.013888888888888888
0.0 0.22998046875 0.6692708333333334 0.0068359375 0.012152777777777778
0.0 0.248046875 0.640625 0.005859375 0.013888888888888888
0.0 0.26806640625 0.640625 0.0048828125 0.010416666666666666
0.0 0.22900390625 0.6458333333333334 0.0048828125 0.010416666666666666
0.0 0.21044921875 0.6388888888888888 0.0068359375 0.013888888888888888
0.0 0.19384765625 0.6449652777777778 0.0068359375 0.012152777777777778
0.0 0.22265625 0.7057291666666666 0.005859375 0.012152777777777778
0.0 0.2939453125 0.7239583333333334 0.005859375 0.013888888888888888
0.0 0.296875 0.703125 0.005859375 0.013888888888888888
0.0 0.310546875 0.7248263888888888 0.005859375 0.015625
0.0 0.3291015625 0.7196180555555556 0.00390625 0.012152777777777778
0.0 0.34765625 0.7178819444444444 0.005859375 0.015625
0.0 0.33447265625 0.7013888888888888 0.0048828125 0.010416666666666666
0.0 0.3173828125 0.7005208333333334 0.005859375 0.012152777777777778
0.0 0.3544921875 0.6996527777777778 0.005859375 0.013888888888888888
0.0 0.375 0.7083333333333334 0.005859375 0.013888888888888888
0.0 0.37255859375 0.6623263888888888 0.0048828125 0.015625
0.0 0.36328125 0.6631944444444444 0.0078125 0.013888888888888888
0.0 0.33935546875 0.6623263888888888 0.0048828125 0.015625
0.0 0.318359375 0.6666666666666666 0.00390625 0.010416666666666666
0.0 0.2998046875 0.6701388888888888 0.005859375 0.013888888888888888
0.0 0.28466796875 0.6423611111111112 0.0048828125 0.013888888888888888
0.0 0.322265625 0.6380208333333334 0.005859375 0.015625
0.0 0.34130859375 0.6380208333333334 0.0068359375 0.015625
0.0 0.3583984375 0.6380208333333334 0.005859375 0.012152777777777778
0.0 0.3779296875 0.640625 0.005859375 0.013888888888888888
0.0 0.42724609375 0.7074652777777778 0.0087890625 0.019097222222222224
0.0 0.38916015625 0.6953125 0.0048828125 0.012152777777777778
0.0 0.39306640625 0.6657986111111112 0.0048828125 0.012152777777777778
0.0 0.41064453125 0.6649305555555556 0.0048828125 0.013888888888888888
0.0 0.43505859375 0.6666666666666666 0.0048828125 0.010416666666666666
0.0 0.4580078125 0.6666666666666666 0.005859375 0.017361111111111112
0.0 0.4423828125 0.6527777777777778 0.005859375 0.013888888888888888
0.0 0.4228515625 0.6527777777777778 0.005859375 0.017361111111111112
0.0 0.419921875 0.6284722222222222 0.005859375 0.013888888888888888
0.0 0.3798828125 0.6137152777777778 0.005859375 0.015625
0.0 0.4755859375 0.6961805555555556 0.005859375 0.013888888888888888
0.0 0.53271484375 0.6901041666666666 0.0068359375 0.015625
0.0 0.47509765625 0.6657986111111112 0.0048828125 0.012152777777777778
0.0 0.47412109375 0.6380208333333334 0.0068359375 0.015625
0.0 0.48876953125 0.6432291666666666 0.0048828125 0.012152777777777778
0.0 0.5087890625 0.640625 0.00390625 0.010416666666666666
0.0 0.544921875 0.6328125 0.005859375 0.012152777777777778
0.0 0.4697265625 0.609375 0.005859375 0.010416666666666666
0.0 0.5419921875 0.6631944444444444 0.0078125 0.017361111111111112
0.0 0.55029296875 0.6944444444444444 0.0068359375 0.013888888888888888
0.0 0.5703125 0.6935763888888888 0.005859375 0.012152777777777778
0.0 0.59130859375 0.6935763888888888 0.0048828125 0.012152777777777778
0.0 0.5869140625 0.6597222222222222 0.005859375 0.013888888888888888
0.0 0.576171875 0.6284722222222222 0.0078125 0.017361111111111112
0.0 0.56298828125 0.6380208333333334 0.0068359375 0.015625
0.0 0.55859375 0.6067708333333334 0.005859375 0.015625
0.0 0.57666015625 0.6085069444444444 0.0048828125 0.012152777777777778
0.0 0.54150390625 0.6015625 0.0048828125 0.015625
0.0 0.52490234375 0.6050347222222222 0.0048828125 0.012152777777777778
0.0 0.6005859375 0.7282986111111112 0.005859375 0.012152777777777778
0.0 0.60693359375 0.7248263888888888 0.0068359375 0.015625
0.0 0.61962890625 0.6909722222222222 0.0068359375 0.013888888888888888
0.0 0.62353515625 0.6588541666666666 0.0048828125 0.012152777777777778
0.0 0.64306640625 0.6918402777777778 0.0048828125 0.012152777777777778
0.0 0.6396484375 0.6588541666666666 0.005859375 0.012152777777777778
0.0 0.63134765625 0.6310763888888888 0.0048828125 0.012152777777777778
0.0 0.6171875 0.6354166666666666 0.00390625 0.010416666666666666
0.0 0.59716796875 0.6328125 0.0048828125 0.012152777777777778
0.0 0.61083984375 0.6050347222222222 0.0068359375 0.015625
0.0 0.6298828125 0.6050347222222222 0.00390625 0.012152777777777778
0.0 0.6455078125 0.6041666666666666 0.005859375 0.013888888888888888
0.0 0.65283203125 0.6354166666666666 0.0068359375 0.013888888888888888
0.0 0.65673828125 0.6666666666666666 0.0048828125 0.013888888888888888
0.0 0.65673828125 0.6927083333333334 0.0048828125 0.013888888888888888
0.0 0.666015625 0.6935763888888888 0.005859375 0.012152777777777778
0.0 0.66748046875 0.7144097222222222 0.0068359375 0.015625
0.0 0.65380859375 0.7074652777777778 0.0048828125 0.015625
0.0 0.68701171875 0.7074652777777778 0.0068359375 0.015625
0.0 0.67919921875 0.6935763888888888 0.0048828125 0.012152777777777778
0.0 0.70068359375 0.6918402777777778 0.0048828125 0.012152777777777778
0.0 0.6943359375 0.6458333333333334 0.0078125 0.017361111111111112
0.0 0.68310546875 0.6475694444444444 0.0068359375 0.017361111111111112
0.0 0.6943359375 0.6579861111111112 0.005859375 0.013888888888888888
0.0 0.66357421875 0.6362847222222222 0.0068359375 0.019097222222222224
0.0 0.6630859375 0.6015625 0.005859375 0.015625
0.0 0.705078125 0.6328125 0.005859375 0.019097222222222224
0.0 0.7197265625 0.6970486111111112 0.005859375 0.022569444444444444
0.0 0.72705078125 0.6649305555555556 0.0068359375 0.020833333333333332
0.0 0.72412109375 0.6302083333333334 0.0048828125 0.013888888888888888
0.0 0.70703125 0.609375 0.005859375 0.013888888888888888
0.0 0.71142578125 0.5711805555555556 0.0048828125 0.010416666666666666
0.0 0.6640625 0.5789930555555556 0.005859375 0.012152777777777778
0.0 0.6494140625 0.5833333333333334 0.005859375 0.010416666666666666
0.0 0.7158203125 0.6605902777777778 0.00390625 0.012152777777777778
0.0 0.73486328125 0.6944444444444444 0.0048828125 0.017361111111111112
0.0 0.7509765625 0.6666666666666666 0.005859375 0.013888888888888888
0.0 0.7607421875 0.6961805555555556 0.005859375 0.017361111111111112
0.0 0.74560546875 0.6293402777777778 0.0048828125 0.012152777777777778
0.0 0.7646484375 0.6319444444444444 0.00390625 0.010416666666666666
0.0 0.74365234375 0.6032986111111112 0.0048828125 0.008680555555555556
0.0 0.72314453125 0.6041666666666666 0.0048828125 0.010416666666666666
0.0 0.75048828125 0.5460069444444444 0.0048828125 0.012152777777777778
0.0 0.74365234375 0.5746527777777778 0.0048828125 0.013888888888888888
0.0 0.7265625 0.5746527777777778 0.00390625 0.013888888888888888
0.0 0.73095703125 0.546875 0.0048828125 0.010416666666666666
0.0 0.712890625 0.5364583333333334 0.005859375 0.013888888888888888
0.0 0.73193359375 0.5182291666666666 0.0048828125 0.012152777777777778
0.0 0.74560546875 0.5329861111111112 0.0048828125 0.013888888888888888
0.0 0.72119140625 0.4956597222222222 0.0048828125 0.012152777777777778
0.0 0.728515625 0.4861111111111111 0.00390625 0.010416666666666666
0.0 0.73681640625 0.4887152777777778 0.0068359375 0.012152777777777778
0.0 0.74365234375 0.5164930555555556 0.0048828125 0.012152777777777778
0.0 0.74853515625 0.5199652777777778 0.0048828125 0.012152777777777778
0.0 0.75390625 0.4869791666666667 0.005859375 0.015625
0.0 0.69091796875 0.4956597222222222 0.0048828125 0.012152777777777778
0.0 0.69970703125 0.4887152777777778 0.0048828125 0.012152777777777778
0.0 0.72314453125 0.4739583333333333 0.0048828125 0.010416666666666666
0.0 0.73876953125 0.4730902777777778 0.0048828125 0.012152777777777778
0.0 0.7568359375 0.4696180555555556 0.00390625 0.012152777777777778
0.0 0.79296875 0.4496527777777778 0.00390625 0.010416666666666666
0.0 0.77587890625 0.4444444444444444 0.0048828125 0.013888888888888888
0.0 0.77197265625 0.4505208333333333 0.0048828125 0.012152777777777778
0.0 0.77978515625 0.4210069444444444 0.0068359375 0.015625
0.0 0.78466796875 0.4001736111111111 0.0048828125 0.012152777777777778
0.0 0.794921875 0.3967013888888889 0.00390625 0.012152777777777778
0.0 0.90380859375 0.3949652777777778 0.0048828125 0.015625
0.0 0.89501953125 0.3706597222222222 0.0048828125 0.012152777777777778
0.0 0.779296875 0.3836805555555556 0.00390625 0.010416666666666666
0.0 0.78564453125 0.3550347222222222 0.0048828125 0.008680555555555556
0.0 0.7919921875 0.34375 0.00390625 0.010416666666666666
0.0 0.79150390625 0.3289930555555556 0.0048828125 0.012152777777777778
0.0 0.77880859375 0.3333333333333333 0.0048828125 0.013888888888888888
0.0 0.791015625 0.3125 0.00390625 0.010416666666666666
0.0 0.79736328125 0.2977430555555556 0.0048828125 0.008680555555555556
0.0 0.78271484375 0.2829861111111111 0.0068359375 0.010416666666666666
0.0 0.7958984375 0.2725694444444444 0.00390625 0.010416666666666666
0.0 0.7890625 0.2517361111111111 0.00390625 0.006944444444444444
0.0 0.78076171875 0.24739583333333334 0.0048828125 0.015625
0.0 0.79150390625 0.22743055555555555 0.0068359375 0.013888888888888888
0.0 0.7724609375 0.2534722222222222 0.00390625 0.010416666666666666
0.0 0.77197265625 0.2144097222222222 0.0048828125 0.015625
0.0 0.76904296875 0.19791666666666666 0.0048828125 0.013888888888888888
0.0 0.791015625 0.21354166666666666 0.005859375 0.017361111111111112
0.0 0.77978515625 0.2144097222222222 0.0087890625 0.019097222222222224
0.0 0.7578125 0.2777777777777778 0.00390625 0.010416666666666666
0.0 0.755859375 0.3012152777777778 0.00390625 0.008680555555555556
0.0 0.75048828125 0.3350694444444444 0.0048828125 0.013888888888888888
0.0 0.744140625 0.2595486111111111 0.00390625 0.008680555555555556
0.0 0.7275390625 0.2265625 0.00390625 0.008680555555555556
0.0 0.7314453125 0.2578125 0.00390625 0.008680555555555556
0.0 0.7265625 0.296875 0.00390625 0.013888888888888888
0.0 0.7236328125 0.3272569444444444 0.00390625 0.012152777777777778
0.0 0.71728515625 0.3315972222222222 0.0048828125 0.020833333333333332
0.0 0.7734375 0.2960069444444444 0.00390625 0.015625
0.0 0.70947265625 0.4279513888888889 0.0048828125 0.015625
0.0 0.7265625 0.3802083333333333 0.00390625 0.010416666666666666
0.0 0.716796875 0.3602430555555556 0.005859375 0.015625
0.0 0.74267578125 0.3732638888888889 0.0048828125 0.013888888888888888
0.0 0.72998046875 0.3524305555555556 0.0068359375 0.013888888888888888
0.0 0.66162109375 0.4045138888888889 0.0048828125 0.013888888888888888
0.0 0.68994140625 0.3385416666666667 0.0048828125 0.010416666666666666
0.0 0.7001953125 0.359375 0.005859375 0.017361111111111112
0.0 0.65771484375 0.4930555555555556 0.0068359375 0.013888888888888888
0.0 0.68115234375 0.4522569444444444 0.0048828125 0.012152777777777778
0.0 0.66455078125 0.4713541666666667 0.0048828125 0.012152777777777778
0.0 0.671875 0.5173611111111112 0.005859375 0.020833333333333332
0.0 0.61962890625 0.5538194444444444 0.0048828125 0.013888888888888888
0.0 0.61474609375 0.5772569444444444 0.0048828125 0.012152777777777778
0.0 0.63427734375 0.5546875 0.0048828125 0.015625
0.0 0.62890625 0.5737847222222222 0.005859375 0.012152777777777778
0.0 0.6376953125 0.5251736111111112 0.00390625 0.012152777777777778
0.0 0.654296875 0.5234375 0.00390625 0.012152777777777778
0.0 0.62158203125 0.5286458333333334 0.0048828125 0.012152777777777778
0.0 0.60888671875 0.4956597222222222 0.0048828125 0.012152777777777778
0.0 0.60107421875 0.5234375 0.0048828125 0.012152777777777778
0.0 0.62646484375 0.4913194444444444 0.0048828125 0.010416666666666666
0.0 0.64599609375 0.4782986111111111 0.0048828125 0.012152777777777778
0.0 0.62890625 0.4730902777777778 0.005859375 0.012152777777777778
0.0 0.59521484375 0.4852430555555556 0.0048828125 0.012152777777777778
0.0 0.67529296875 0.5069444444444444 0.0048828125 0.010416666666666666
0.0 0.59765625 0.5494791666666666 0.005859375 0.015625
0.0 0.560546875 0.5755208333333334 0.00390625 0.015625
0.0 0.54248046875 0.5763888888888888 0.0048828125 0.013888888888888888
0.0 0.53271484375 0.5234375 0.0048828125 0.012152777777777778
0.0 0.55029296875 0.53125 0.0048828125 0.010416666666666666
0.0 0.55712890625 0.5069444444444444 0.0048828125 0.013888888888888888
0.0 0.56640625 0.5269097222222222 0.00390625 0.008680555555555556
0.0 0.57421875 0.5086805555555556 0.00390625 0.010416666666666666
0.0 0.58984375 0.5104166666666666 0.005859375 0.013888888888888888
0.0 0.578125 0.4739583333333333 0.00390625 0.010416666666666666
0.0 0.48828125 0.6076388888888888 0.005859375 0.017361111111111112
0.0 0.5078125 0.6059027777777778 0.005859375 0.013888888888888888
0.0 0.494140625 0.5494791666666666 0.005859375 0.012152777777777778
0.0 0.4814453125 0.5538194444444444 0.00390625 0.013888888888888888
0.0 0.5244140625 0.5798611111111112 0.005859375 0.013888888888888888
0.0 0.5068359375 0.5815972222222222 0.005859375 0.013888888888888888
0.0 0.51171875 0.5555555555555556 0.005859375 0.013888888888888888
0.0 0.5166015625 0.5234375 0.005859375 0.015625
0.0 0.52392578125 0.4973958333333333 0.0048828125 0.012152777777777778
0.0 0.50927734375 0.5034722222222222 0.0048828125 0.013888888888888888
0.0 0.482421875 0.5260416666666666 0.005859375 0.013888888888888888
0.0 0.47802734375 0.5755208333333334 0.0068359375 0.015625
0.0 0.47607421875 0.5026041666666666 0.0048828125 0.012152777777777778
0.0 0.46142578125 0.5260416666666666 0.0068359375 0.020833333333333332
0.0 0.38916015625 0.5625 0.0048828125 0.013888888888888888
0.0 0.38330078125 0.5842013888888888 0.0048828125 0.015625
0.0 0.3984375 0.5815972222222222 0.00390625 0.013888888888888888
0.0 0.42431640625 0.5607638888888888 0.0048828125 0.017361111111111112
0.0 0.40771484375 0.5520833333333334 0.0048828125 0.013888888888888888
0.0 0.37451171875 0.5520833333333334 0.0048828125 0.013888888888888888
0.0 0.37548828125 0.5321180555555556 0.0048828125 0.012152777777777778
0.0 0.39208984375 0.5321180555555556 0.0048828125 0.012152777777777778
0.0 0.44677734375 0.5616319444444444 0.0048828125 0.012152777777777778
0.0 0.41357421875 0.5260416666666666 0.0048828125 0.010416666666666666
0.0 0.4453125 0.5060763888888888 0.005859375 0.015625
0.0 0.4462890625 0.5295138888888888 0.00390625 0.010416666666666666
0.0 0.42626953125 0.5069444444444444 0.0048828125 0.013888888888888888
0.0 0.41015625 0.5034722222222222 0.005859375 0.017361111111111112
0.0 0.42578125 0.4817708333333333 0.00390625 0.012152777777777778
0.0 0.4443359375 0.4565972222222222 0.00390625 0.010416666666666666
0.0 0.4580078125 0.4939236111111111 0.005859375 0.012152777777777778
0.0 0.4267578125 0.4513888888888889 0.00390625 0.010416666666666666
0.0 0.47802734375 0.4548611111111111 0.0048828125 0.010416666666666666
0.0 0.4892578125 0.4895833333333333 0.005859375 0.013888888888888888
0.0 0.50390625 0.4817708333333333 0.00390625 0.012152777777777778
0.0 0.5009765625 0.4565972222222222 0.00390625 0.013888888888888888
0.0 0.36083984375 0.6067708333333334 0.0048828125 0.012152777777777778
0.0 0.361328125 0.5798611111111112 0.00390625 0.010416666666666666
0.0 0.3564453125 0.5555555555555556 0.005859375 0.013888888888888888
0.0 0.3369140625 0.5581597222222222 0.005859375 0.015625
0.0 0.3212890625 0.5607638888888888 0.00390625 0.010416666666666666
0.0 0.3447265625 0.6128472222222222 0.005859375 0.013888888888888888
0.0 0.32177734375 0.6180555555555556 0.0048828125 0.010416666666666666
0.0 0.291015625 0.6145833333333334 0.00390625 0.010416666666666666
0.0 0.27490234375 0.6119791666666666 0.0048828125 0.012152777777777778
0.0 0.25634765625 0.5859375 0.0048828125 0.012152777777777778
0.0 0.271484375 0.5842013888888888 0.005859375 0.012152777777777778
0.0 0.29052734375 0.5876736111111112 0.0048828125 0.012152777777777778
0.0 0.2841796875 0.5538194444444444 0.00390625 0.010416666666666666
0.0 0.29443359375 0.5355902777777778 0.0048828125 0.012152777777777778
0.0 0.27099609375 0.5564236111111112 0.0048828125 0.012152777777777778
0.0 0.25048828125 0.5373263888888888 0.0048828125 0.012152777777777778
0.0 0.26123046875 0.53125 0.0048828125 0.010416666666666666
0.0 0.21875 0.6119791666666666 0.005859375 0.012152777777777778
0.0 0.20068359375 0.6163194444444444 0.0048828125 0.013888888888888888
0.0 0.1962890625 0.5850694444444444 0.00390625 0.010416666666666666
0.0 0.21875 0.5885416666666666 0.005859375 0.013888888888888888
0.0 0.24072265625 0.5894097222222222 0.0048828125 0.012152777777777778
0.0 0.21435546875 0.5616319444444444 0.0048828125 0.012152777777777778
0.0 0.19677734375 0.5407986111111112 0.0048828125 0.012152777777777778
0.0 0.23095703125 0.6137152777777778 0.0048828125 0.012152777777777778
0.0 0.169921875 0.5842013888888888 0.00390625 0.012152777777777778
0.0 0.14990234375 0.6171875 0.0048828125 0.012152777777777778
0.0 0.13134765625 0.5885416666666666 0.0048828125 0.013888888888888888
0.0 0.13037109375 0.5598958333333334 0.0048828125 0.015625
0.0 0.14697265625 0.5616319444444444 0.0048828125 0.012152777777777778
0.0 0.14501953125 0.5338541666666666 0.0048828125 0.012152777777777778
0.0 0.16455078125 0.5321180555555556 0.0048828125 0.012152777777777778
0.0 0.15087890625 0.5894097222222222 0.0048828125 0.012152777777777778
0.0 0.095703125 0.6119791666666666 0.005859375 0.015625
0.0 0.07568359375 0.5868055555555556 0.0048828125 0.013888888888888888
0.0 0.0947265625 0.5868055555555556 0.005859375 0.010416666666666666
0.0 0.03662109375 0.5850694444444444 0.0048828125 0.010416666666666666
0.0 0.0185546875 0.5954861111111112 0.005859375 0.013888888888888888
0.0 0.02099609375 0.5590277777777778 0.0048828125 0.010416666666666666
0.0 0.03955078125 0.5625 0.0048828125 0.010416666666666666
0.0 0.05615234375 0.5859375 0.0048828125 0.008680555555555556
0.0 0.0556640625 0.5625 0.005859375 0.013888888888888888
0.0 0.07666015625 0.5538194444444444 0.0048828125 0.013888888888888888
0.0 0.0947265625 0.5581597222222222 0.005859375 0.012152777777777778
0.0 0.03662109375 0.5321180555555556 0.0048828125 0.012152777777777778
0.0 0.015625 0.5329861111111112 0.005859375 0.013888888888888888
0.0 0.0908203125 0.5355902777777778 0.005859375 0.012152777777777778
0.0 0.0732421875 0.5321180555555556 0.00390625 0.008680555555555556
0.0 0.1171875 0.6163194444444444 0.005859375 0.013888888888888888
0.0 0.1103515625 0.5894097222222222 0.00390625 0.012152777777777778
0.0 0.1123046875 0.5572916666666666 0.005859375 0.013888888888888888
0.0 0.169921875 0.6163194444444444 0.005859375 0.013888888888888888
0.0 0.1708984375 0.5607638888888888 0.00390625 0.013888888888888888
0.0 0.18115234375 0.5607638888888888 0.0048828125 0.013888888888888888
0.0 0.17724609375 0.5373263888888888 0.0068359375 0.015625
0.0 0.11083984375 0.5329861111111112 0.0048828125 0.010416666666666666
0.0 0.02001953125 0.5746527777777778 0.0068359375 0.013888888888888888
0.0 0.05224609375 0.5295138888888888 0.0068359375 0.017361111111111112
0.0 0.07568359375 0.5060763888888888 0.0068359375 0.015625
0.0 0.03564453125 0.5043402777777778 0.0048828125 0.012152777777777778
0.0 0.0556640625 0.5078125 0.00390625 0.012152777777777778
0.0 0.09326171875 0.5112847222222222 0.0048828125 0.012152777777777778
0.0 0.10693359375 0.4600694444444444 0.0048828125 0.013888888888888888
0.0 0.091796875 0.4817708333333333 0.00390625 0.008680555555555556
0.0 0.11083984375 0.5078125 0.0048828125 0.008680555555555556
0.0 0.07470703125 0.4835069444444444 0.0048828125 0.008680555555555556
0.0 0.08203125 0.4565972222222222 0.00390625 0.013888888888888888
0.0 0.02001953125 0.4817708333333333 0.0048828125 0.015625
0.0 0.017578125 0.5069444444444444 0.00390625 0.010416666666666666
0.0 0.00390625 0.4774305555555556 0.005859375 0.017361111111111112
0.0 0.0146484375 0.4383680555555556 0.005859375 0.012152777777777778
0.0 0.03955078125 0.4817708333333333 0.0048828125 0.012152777777777778
0.0 0.03369140625 0.4453125 0.0068359375 0.015625
0.0 0.052734375 0.4322916666666667 0.00390625 0.013888888888888888
0.0 0.02880859375 0.4079861111111111 0.0048828125 0.013888888888888888
0.0 0.00927734375 0.4123263888888889 0.0048828125 0.012152777777777778
0.0 0.013671875 0.3932291666666667 0.005859375 0.012152777777777778
0.0 0.0400390625 0.4027777777777778 0.005859375 0.013888888888888888
0.0 0.06201171875 0.4123263888888889 0.0048828125 0.019097222222222224
0.0 0.12744140625 0.5338541666666666 0.0068359375 0.015625
0.0 0.12841796875 0.5052083333333334 0.0048828125 0.010416666666666666
0.0 0.14208984375 0.5060763888888888 0.0048828125 0.012152777777777778
0.0 0.16162109375 0.5060763888888888 0.0048828125 0.012152777777777778
0.0 0.16748046875 0.5034722222222222 0.0048828125 0.013888888888888888
0.0 0.19189453125 0.5104166666666666 0.0068359375 0.010416666666666666
0.0 0.189453125 0.4852430555555556 0.005859375 0.012152777777777778
0.0 0.173828125 0.4826388888888889 0.005859375 0.013888888888888888
0.0 0.15771484375 0.4696180555555556 0.0048828125 0.012152777777777778
0.0 0.1416015625 0.4800347222222222 0.005859375 0.012152777777777778
0.0 0.12548828125 0.484375 0.0048828125 0.013888888888888888
0.0 0.13427734375 0.46875 0.0048828125 0.013888888888888888
0.0 0.1923828125 0.4652777777777778 0.00390625 0.010416666666666666
0.0 0.23291015625 0.5555555555555556 0.0048828125 0.013888888888888888
0.0 0.22412109375 0.5529513888888888 0.0048828125 0.012152777777777778
0.0 0.21337890625 0.5321180555555556 0.0048828125 0.012152777777777778
0.0 0.22900390625 0.53125 0.0048828125 0.010416666666666666
0.0 0.24169921875 0.5086805555555556 0.0048828125 0.013888888888888888
0.0 0.22314453125 0.5095486111111112 0.0048828125 0.008680555555555556
0.0 0.20556640625 0.4800347222222222 0.0048828125 0.015625
0.0 0.22119140625 0.4861111111111111 0.0048828125 0.010416666666666666
0.0 0.2314453125 0.4609375 0.00390625 0.012152777777777778
0.0 0.23828125 0.4852430555555556 0.00390625 0.012152777777777778
0.0 0.2529296875 0.4817708333333333 0.00390625 0.012152777777777778
0.0 0.2470703125 0.4574652777777778 0.00390625 0.012152777777777778
0.0 0.244140625 0.4453125 0.005859375 0.015625
0.0 0.22998046875 0.4392361111111111 0.0048828125 0.010416666666666666
0.0 0.19140625 0.4409722222222222 0.00390625 0.010416666666666666
0.0 0.2080078125 0.5086805555555556 0.00390625 0.010416666666666666
0.0 0.259765625 0.5052083333333334 0.00390625 0.010416666666666666
0.0 0.275390625 0.5095486111111112 0.00390625 0.008680555555555556
0.0 0.310546875 0.5355902777777778 0.00390625 0.012152777777777778
0.0 0.31201171875 0.5078125 0.0048828125 0.012152777777777778
0.0 0.28564453125 0.4826388888888889 0.0029296875 0.006944444444444444
0.0 0.3017578125 0.4826388888888889 0.00390625 0.010416666666666666
0.0 0.26318359375 0.4539930555555556 0.0048828125 0.008680555555555556
0.0 0.26513671875 0.4618055555555556 0.0048828125 0.010416666666666666
0.0 0.27783203125 0.4583333333333333 0.0048828125 0.010416666666666666
0.0 0.28466796875 0.4513888888888889 0.0048828125 0.013888888888888888
0.0 0.29541015625 0.4557291666666667 0.0048828125 0.019097222222222224
0.0 0.31103515625 0.4565972222222222 0.0048828125 0.013888888888888888
0.0 0.2958984375 0.5017361111111112 0.00390625 0.010416666666666666
0.0 0.26025390625 0.4392361111111111 0.0048828125 0.010416666666666666
0.0 0.2578125 0.4140625 0.00390625 0.012152777777777778
0.0 0.27392578125 0.4418402777777778 0.0048828125 0.008680555555555556
0.0 0.3173828125 0.4739583333333333 0.0078125 0.013888888888888888
0.0 0.32080078125 0.4340277777777778 0.0048828125 0.013888888888888888
0.0 0.2890625 0.4114583333333333 0.00390625 0.010416666666666666
0.0 0.2724609375 0.4157986111111111 0.005859375 0.012152777777777778
0.0 0.3056640625 0.4357638888888889 0.00390625 0.010416666666666666
0.0 0.3115234375 0.4184027777777778 0.005859375 0.013888888888888888
0.0 0.32861328125 0.5338541666666666 0.0048828125 0.012152777777777778
0.0 0.34326171875 0.5286458333333334 0.0048828125 0.012152777777777778
0.0 0.36181640625 0.5286458333333334 0.0048828125 0.012152777777777778
0.0 0.37744140625 0.5043402777777778 0.0048828125 0.012152777777777778
0.0 0.39306640625 0.5043402777777778 0.0048828125 0.012152777777777778
0.0 0.3427734375 0.5104166666666666 0.005859375 0.017361111111111112
0.0 0.35546875 0.5060763888888888 0.005859375 0.012152777777777778
0.0 0.32666015625 0.5026041666666666 0.0068359375 0.015625
0.0 0.34423828125 0.5789930555555556 0.0048828125 0.012152777777777778
0.0 0.36474609375 0.4782986111111111 0.0048828125 0.012152777777777778
0.0 0.34716796875 0.4774305555555556 0.0048828125 0.010416666666666666
0.0 0.361328125 0.4548611111111111 0.005859375 0.013888888888888888
0.0 0.34765625 0.4600694444444444 0.00390625 0.010416666666666666
0.0 0.37841796875 0.4626736111111111 0.0048828125 0.012152777777777778
0.0 0.39501953125 0.4574652777777778 0.0048828125 0.012152777777777778
0.0 0.3369140625 0.4401041666666667 0.00390625 0.008680555555555556
0.0 0.3515625 0.4270833333333333 0.00390625 0.010416666666666666
0.0 0.53076171875 0.5546875 0.0048828125 0.012152777777777778
0.0 0.49560546875 0.5295138888888888 0.0048828125 0.010416666666666666
0.0 0.49462890625 0.5017361111111112 0.0029296875 0.010416666666666666
0.0 0.54345703125 0.5008680555555556 0.0048828125 0.015625
0.0 0.54443359375 0.4791666666666667 0.0048828125 0.013888888888888888
0.0 0.5107421875 0.4791666666666667 0.00390625 0.010416666666666666
0.0 0.52734375 0.4322916666666667 0.00390625 0.010416666666666666
0.0 0.5439453125 0.4574652777777778 0.00390625 0.012152777777777778
0.0 0.533203125 0.4704861111111111 0.00390625 0.010416666666666666
0.0 0.5576171875 0.4322916666666667 0.00390625 0.013888888888888888
0.0 0.55908203125 0.4565972222222222 0.0029296875 0.010416666666666666
0.0 0.57666015625 0.4314236111111111 0.0048828125 0.015625
0.0 0.6220703125 0.4505208333333333 0.00390625 0.012152777777777778
0.0 0.611328125 0.4730902777777778 0.00390625 0.012152777777777778
0.0 0.60595703125 0.4496527777777778 0.0048828125 0.010416666666666666
0.0 0.61181640625 0.4270833333333333 0.0048828125 0.010416666666666666
0.0 0.6240234375 0.4262152777777778 0.005859375 0.012152777777777778
0.0 0.58935546875 0.4279513888888889 0.0048828125 0.012152777777777778
0.0 0.58056640625 0.4105902777777778 0.0048828125 0.012152777777777778
0.0 0.59912109375 0.4045138888888889 0.0048828125 0.013888888888888888
0.0 0.6142578125 0.4053819444444444 0.005859375 0.012152777777777778
0.0 0.6416015625 0.4296875 0.00390625 0.012152777777777778
0.0 0.646484375 0.4088541666666667 0.00390625 0.012152777777777778
0.0 0.669921875 0.5546875 0.00390625 0.008680555555555556
0.0 0.6416015625 0.4956597222222222 0.00390625 0.012152777777777778
0.0 0.66015625 0.4409722222222222 0.00390625 0.010416666666666666
0.0 0.6787109375 0.4722222222222222 0.00390625 0.013888888888888888
0.0 0.67626953125 0.4965277777777778 0.0048828125 0.006944444444444444
0.0 0.6826171875 0.4904513888888889 0.00390625 0.012152777777777778
0.0 0.640625 0.4522569444444444 0.00390625 0.012152777777777778
0.0 0.6533203125 0.5494791666666666 0.00390625 0.012152777777777778
0.0 0.7138671875 0.2803819444444444 0.00390625 0.008680555555555556
0.0 0.720703125 0.2612847222222222 0.00390625 0.008680555555555556
0.0 0.7041015625 0.2569444444444444 0.00390625 0.010416666666666666
0.0 0.69775390625 0.2994791666666667 0.0048828125 0.012152777777777778
0.0 0.7109375 0.2942708333333333 0.00390625 0.008680555555555556
0.0 0.68798828125 0.2777777777777778 0.0068359375 0.013888888888888888
0.0 0.70166015625 0.2786458333333333 0.0029296875 0.008680555555555556
0.0 0.67626953125 0.2803819444444444 0.0048828125 0.012152777777777778
0.0 0.6806640625 0.2994791666666667 0.00390625 0.012152777777777778
0.0 0.67138671875 0.2664930555555556 0.0029296875 0.008680555555555556
0.0 0.68017578125 0.2378472222222222 0.0048828125 0.010416666666666666
0.0 0.71484375 0.234375 0.00390625 0.010416666666666666
0.0 0.666015625 0.3038194444444444 0.00390625 0.010416666666666666
0.0 0.68408203125 0.2621527777777778 0.0048828125 0.010416666666666666
0.0 0.693359375 0.2534722222222222 0.005859375 0.013888888888888888
0.0 0.7021484375 0.234375 0.00390625 0.013888888888888888
0.0 0.69384765625 0.22395833333333334 0.0029296875 0.010416666666666666
0.0 0.6650390625 0.2361111111111111 0.00390625 0.010416666666666666
0.0 0.6826171875 0.19010416666666666 0.005859375 0.015625
0.0 0.68603515625 0.2048611111111111 0.0048828125 0.013888888888888888
0.0 0.64306640625 0.2204861111111111 0.0048828125 0.010416666666666666
0.0 0.64501953125 0.2361111111111111 0.0048828125 0.013888888888888888
0.0 0.6455078125 0.2630208333333333 0.00390625 0.012152777777777778
0.0 0.67822265625 0.18229166666666666 0.0048828125 0.013888888888888888
0.0 0.63330078125 0.1953125 0.0048828125 0.008680555555555556
0.0 0.6357421875 0.2265625 0.00390625 0.008680555555555556
0.0 0.62841796875 0.23350694444444445 0.0048828125 0.012152777777777778
0.0 0.62255859375 0.19618055555555555 0.0048828125 0.010416666666666666
0.0 0.62158203125 0.2126736111111111 0.0029296875 0.008680555555555556
0.0 0.65283203125 0.3055555555555556 0.0048828125 0.013888888888888888
0.0 0.638671875 0.3038194444444444 0.00390625 0.010416666666666666
0.0 0.630859375 0.2838541666666667 0.00390625 0.008680555555555556
0.0 0.63232421875 0.265625 0.0029296875 0.010416666666666666
0.0 0.67431640625 0.3420138888888889 0.0048828125 0.010416666666666666
0.0 0.62646484375 0.3428819444444444 0.0029296875 0.008680555555555556
0.0 0.62890625 0.3255208333333333 0.00390625 0.012152777777777778
0.0 0.6220703125 0.3046875 0.00390625 0.008680555555555556
0.0 0.64453125 0.3298611111111111 0.00390625 0.010416666666666666
0.0 0.642578125 0.3628472222222222 0.005859375 0.013888888888888888
0.0 0.66064453125 0.3263888888888889 0.0048828125 0.017361111111111112
0.0 0.611328125 0.3619791666666667 0.00390625 0.012152777777777778
0.0 0.61279296875 0.3428819444444444 0.0048828125 0.012152777777777778
0.0 0.6083984375 0.3237847222222222 0.00390625 0.008680555555555556
0.0 0.6083984375 0.3116319444444444 0.00390625 0.008680555555555556
0.0 0.6083984375 0.3046875 0.00390625 0.008680555555555556
0.0 0.59814453125 0.3272569444444444 0.0029296875 0.008680555555555556
0.0 0.59765625 0.3463541666666667 0.00390625 0.012152777777777778
0.0 0.5830078125 0.3463541666666667 0.00390625 0.008680555555555556
0.0 0.57958984375 0.3671875 0.0068359375 0.012152777777777778
0.0 0.5693359375 0.3428819444444444 0.00390625 0.008680555555555556
0.0 0.59521484375 0.3637152777777778 0.0048828125 0.012152777777777778
0.0 0.59033203125 0.3949652777777778 0.0048828125 0.012152777777777778
0.0 0.6083984375 0.3802083333333333 0.00390625 0.010416666666666666
0.0 0.6220703125 0.3862847222222222 0.00390625 0.012152777777777778
0.0 0.57763671875 0.3836805555555556 0.0048828125 0.013888888888888888
0.0 0.576171875 0.4513888888888889 0.00390625 0.010416666666666666
0.0 0.654296875 0.3871527777777778 0.00390625 0.010416666666666666
0.0 0.640625 0.3862847222222222 0.00390625 0.008680555555555556
0.0 0.5537109375 0.4097222222222222 0.00390625 0.010416666666666666
0.0 0.564453125 0.3871527777777778 0.00390625 0.010416666666666666
0.0 0.56396484375 0.3697916666666667 0.0048828125 0.010416666666666666
0.0 0.5390625 0.3541666666666667 0.00390625 0.010416666666666666
0.0 0.49365234375 0.4600694444444444 0.0048828125 0.010416666666666666
0.0 0.5234375 0.4826388888888889 0.00390625 0.010416666666666666
0.0 0.5244140625 0.4496527777777778 0.00390625 0.010416666666666666
0.0 0.49169921875 0.4322916666666667 0.0048828125 0.013888888888888888
0.0 0.47607421875 0.4305555555555556 0.0048828125 0.013888888888888888
0.0 0.5078125 0.4131944444444444 0.00390625 0.010416666666666666
0.0 0.517578125 0.4019097222222222 0.005859375 0.015625
0.0 0.5224609375 0.4079861111111111 0.00390625 0.010416666666666666
0.0 0.5126953125 0.4348958333333333 0.005859375 0.012152777777777778
0.0 0.4921875 0.4140625 0.00390625 0.012152777777777778
0.0 0.53515625 0.3828125 0.00390625 0.015625
0.0 0.50537109375 0.3741319444444444 0.0048828125 0.012152777777777778
0.0 0.4921875 0.3671875 0.00390625 0.012152777777777778
0.0 0.50830078125 0.3402777777777778 0.0068359375 0.017361111111111112
0.0 0.52001953125 0.3472222222222222 0.0048828125 0.010416666666666666
0.0 0.52197265625 0.3715277777777778 0.0029296875 0.010416666666666666
0.0 0.53662109375 0.328125 0.0068359375 0.010416666666666666
0.0 0.49462890625 0.3255208333333333 0.0068359375 0.012152777777777778
0.0 0.5546875 0.328125 0.00390625 0.010416666666666666
0.0 0.55078125 0.3064236111111111 0.00390625 0.012152777777777778
0.0 0.568359375 0.3298611111111111 0.00390625 0.006944444444444444
0.0 0.56640625 0.3038194444444444 0.00390625 0.010416666666666666
0.0 0.578125 0.3012152777777778 0.00390625 0.008680555555555556
0.0 0.59326171875 0.3029513888888889 0.0048828125 0.012152777777777778
0.0 0.61572265625 0.2743055555555556 0.0048828125 0.013888888888888888
0.0 0.6044921875 0.2630208333333333 0.00390625 0.012152777777777778
0.0 0.587890625 0.2847222222222222 0.00390625 0.010416666666666666
0.0 0.58935546875 0.2638888888888889 0.0048828125 0.010416666666666666
0.0 0.59326171875 0.2326388888888889 0.0029296875 0.006944444444444444
0.0 0.61376953125 0.23697916666666666 0.0048828125 0.015625
0.0 0.576171875 0.2387152777777778 0.00390625 0.008680555555555556
0.0 0.57275390625 0.2690972222222222 0.0029296875 0.006944444444444444
0.0 0.5986328125 0.2065972222222222 0.005859375 0.013888888888888888
0.0 0.60791015625 0.19618055555555555 0.0048828125 0.010416666666666666
0.0 0.607421875 0.2074652777777778 0.005859375 0.008680555555555556
0.0 0.58984375 0.2074652777777778 0.005859375 0.015625
0.0 0.705078125 0.019965277777777776 0.00390625 0.012152777777777778
0.0 0.6806640625 0.021701388888888888 0.00390625 0.008680555555555556
0.0 0.6904296875 0.0234375 0.00390625 0.012152777777777778
0.0 0.6591796875 0.026909722222222224 0.00390625 0.008680555555555556
0.0 0.62890625 0.024305555555555556 0.00390625 0.010416666666666666
0.0 0.68798828125 0.009548611111111112 0.0048828125 0.012152777777777778
0.0 0.77734375 0.019097222222222224 0.00390625 0.010416666666666666
0.0 0.767578125 0.019965277777777776 0.00390625 0.012152777777777778
0.0 0.74951171875 0.016493055555555556 0.0048828125 0.012152777777777778
0.0 0.73779296875 0.03211805555555555 0.0068359375 0.012152777777777778
0.0 0.82666015625 0.013020833333333334 0.0048828125 0.012152777777777778
0.0 0.83740234375 0.010416666666666666 0.0048828125 0.013888888888888888
0.0 0.6025390625 0.027777777777777776 0.005859375 0.010416666666666666
0.0 0.5830078125 0.020833333333333332 0.00390625 0.010416666666666666
0.0 0.58935546875 0.03993055555555555 0.0048828125 0.010416666666666666
0.0 0.57373046875 0.027777777777777776 0.0029296875 0.010416666666666666
0.0 0.51806640625 0.029513888888888888 0.0048828125 0.013888888888888888
0.0 0.50244140625 0.033854166666666664 0.0068359375 0.012152777777777778
0.0 0.5185546875 0.0078125 0.005859375 0.012152777777777778
0.0 0.54345703125 0.027777777777777776 0.0048828125 0.013888888888888888
0.0 0.53564453125 0.026909722222222224 0.0048828125 0.012152777777777778
0.0 0.4521484375 0.03125 0.00390625 0.010416666666666666
0.0 0.46337890625 0.018229166666666668 0.0029296875 0.008680555555555556
0.0 0.47705078125 0.03125 0.0048828125 0.010416666666666666
0.0 0.478515625 0.021701388888888888 0.00390625 0.008680555555555556
0.0 0.48974609375 0.004340277777777778 0.0048828125 0.008680555555555556
0.0 0.4892578125 0.029513888888888888 0.00390625 0.010416666666666666
0.0 0.4541015625 0.005208333333333333 0.00390625 0.010416666666666666
0.0 0.4189453125 0.03298611111111111 0.00390625 0.013888888888888888
0.0 0.4365234375 0.03211805555555555 0.00390625 0.012152777777777778
0.0 0.4287109375 0.015625 0.00390625 0.010416666666666666
0.0 0.4052734375 0.029513888888888888 0.00390625 0.010416666666666666
0.0 0.3916015625 0.035590277777777776 0.00390625 0.012152777777777778
0.0 0.3759765625 0.03298611111111111 0.00390625 0.013888888888888888
0.0 0.36279296875 0.03125 0.0029296875 0.010416666666666666
0.0 0.35205078125 0.03732638888888889 0.0068359375 0.012152777777777778
0.0 0.3720703125 0.005208333333333333 0.00390625 0.010416666666666666
0.0 0.3837890625 0.004340277777777778 0.00390625 0.008680555555555556
0.0 0.328125 0.029513888888888888 0.00390625 0.010416666666666666
0.0 0.3505859375 0.008680555555555556 0.00390625 0.010416666666666666
0.0 0.29296875 0.029513888888888888 0.00390625 0.010416666666666666
0.0 0.31005859375 0.027777777777777776 0.0048828125 0.010416666666666666
0.0 0.3095703125 0.005208333333333333 0.00390625 0.010416666666666666
0.0 0.33544921875 0.009548611111111112 0.0048828125 0.012152777777777778
0.0 0.2802734375 0.029513888888888888 0.00390625 0.010416666666666666
0.0 0.2705078125 0.013020833333333334 0.00390625 0.012152777777777778
0.0 0.26513671875 0.024305555555555556 0.0029296875 0.006944444444444444
0.0 0.23388671875 0.026041666666666668 0.0029296875 0.010416666666666666
0.0 0.2431640625 0.020833333333333332 0.00390625 0.010416666666666666
0.0 0.228515625 0.008680555555555556 0.00390625 0.010416666666666666
0.0 0.22119140625 0.03125 0.0048828125 0.010416666666666666
0.0 0.24951171875 0.028645833333333332 0.0048828125 0.008680555555555556
0.0 0.201171875 0.024305555555555556 0.00390625 0.013888888888888888
0.0 0.16943359375 0.028645833333333332 0.0048828125 0.012152777777777778
0.0 0.1875 0.03732638888888889 0.005859375 0.012152777777777778
0.0 0.01953125 0.0078125 0.005859375 0.012152777777777778
0.0 0.0068359375 0.015625 0.005859375 0.010416666666666666
0.0 0.033203125 0.013020833333333334 0.00390625 0.012152777777777778
0.0 0.04296875 0.013020833333333334 0.005859375 0.015625
0.0 0.06103515625 0.016493055555555556 0.0048828125 0.012152777777777778
0.0 0.0712890625 0.019097222222222224 0.00390625 0.010416666666666666
0.0 0.05517578125 0.008680555555555556 0.0048828125 0.013888888888888888
0.0 0.0830078125 0.017361111111111112 0.00390625 0.010416666666666666
0.0 0.11279296875 0.013020833333333334 0.0048828125 0.012152777777777778
0.0 0.1337890625 0.022569444444444444 0.0078125 0.013888888888888888
0.0 0.10107421875 0.015625 0.0048828125 0.010416666666666666
0.0 0.15283203125 0.021701388888888888 0.0068359375 0.012152777777777778
0.0 0.15625 0.017361111111111112 0.005859375 0.010416666666666666
0.0 0.05712890625 0.2326388888888889 0.0048828125 0.013888888888888888
0.0 0.03515625 0.2222222222222222 0.00390625 0.013888888888888888
0.0 0.04931640625 0.22135416666666666 0.0048828125 0.012152777777777778
0.0 0.07568359375 0.24479166666666666 0.0048828125 0.013888888888888888
0.0 0.06640625 0.2552083333333333 0.005859375 0.013888888888888888
0.0 0.048828125 0.2647569444444444 0.00390625 0.012152777777777778
0.0 0.07958984375 0.2621527777777778 0.0048828125 0.013888888888888888
0.0 0.0986328125 0.23697916666666666 0.00390625 0.008680555555555556
0.0 0.09033203125 0.2361111111111111 0.0048828125 0.010416666666666666
0.0 0.08740234375 0.2421875 0.0048828125 0.012152777777777778
0.0 0.09619140625 0.2144097222222222 0.0048828125 0.012152777777777778
0.0 0.10205078125 0.22916666666666666 0.0048828125 0.013888888888888888
0.0 0.11474609375 0.23177083333333334 0.0048828125 0.015625
0.0 0.12548828125 0.2378472222222222 0.0048828125 0.010416666666666666
0.0 0.02001953125 0.2751736111111111 0.0048828125 0.012152777777777778
0.0 0.025390625 0.296875 0.00390625 0.010416666666666666
0.0 0.0322265625 0.2664930555555556 0.00390625 0.008680555555555556
0.0 0.0478515625 0.2951388888888889 0.005859375 0.013888888888888888
0.0 0.00146484375 0.28125 0.0029296875 0.010416666666666666
0.0 0.00732421875 0.3038194444444444 0.0048828125 0.010416666666666666
0.0 0.03662109375 0.2977430555555556 0.0029296875 0.008680555555555556
0.0 0.00732421875 0.2378472222222222 0.0048828125 0.010416666666666666
0.0 0.0205078125 0.3862847222222222 0.005859375 0.012152777777777778
0.0 0.01708984375 0.3628472222222222 0.0048828125 0.013888888888888888
0.0 0.00537109375 0.3654513888888889 0.0048828125 0.008680555555555556
0.0 0.01416015625 0.3428819444444444 0.0029296875 0.008680555555555556
0.0 0.02880859375 0.3420138888888889 0.0048828125 0.013888888888888888
0.0 0.0361328125 0.3619791666666667 0.00390625 0.012152777777777778
0.0 0.0380859375 0.3229166666666667 0.00390625 0.010416666666666666
0.0 0.025390625 0.3246527777777778 0.00390625 0.010416666666666666
0.0 0.01025390625 0.3229166666666667 0.0048828125 0.010416666666666666
0.0 0.06298828125 0.3611111111111111 0.0048828125 0.013888888888888888
0.0 0.0556640625 0.3914930555555556 0.00390625 0.008680555555555556
0.0 0.04150390625 0.3463541666666667 0.0048828125 0.008680555555555556
0.0 0.05029296875 0.3637152777777778 0.0048828125 0.008680555555555556
0.0 0.07080078125 0.3802083333333333 0.0048828125 0.013888888888888888
0.0 0.0625 0.3489583333333333 0.00390625 0.010416666666666666
0.0 0.06103515625 0.3828125 0.0048828125 0.012152777777777778
0.0 0.056640625 0.3255208333333333 0.00390625 0.008680555555555556
0.0 0.07275390625 0.3246527777777778 0.0048828125 0.013888888888888888
0.0 0.06689453125 0.3090277777777778 0.0029296875 0.010416666666666666
0.0 0.083984375 0.3029513888888889 0.00390625 0.012152777777777778
0.0 0.087890625 0.328125 0.00390625 0.010416666666666666
0.0 0.0791015625 0.3489583333333333 0.00390625 0.010416666666666666
0.0 0.07958984375 0.2795138888888889 0.0029296875 0.010416666666666666
0.0 0.0966796875 0.2803819444444444 0.00390625 0.008680555555555556
0.0 0.0966796875 0.3055555555555556 0.00390625 0.010416666666666666
0.0 0.0986328125 0.3350694444444444 0.005859375 0.010416666666666666
0.0 0.06640625 0.28125 0.00390625 0.010416666666666666
0.0 0.7119140625 0.3793402777777778 0.00390625 0.008680555555555556
0.0 0.6962890625 0.3854166666666667 0.00390625 0.006944444444444444
0.0 0.7119140625 0.4409722222222222 0.00390625 0.006944444444444444
0.0 0.6865234375 0.4496527777777778 0.00390625 0.006944444444444444
0.0 0.462890625 0.4322916666666667 0.005859375 0.013888888888888888
0.0 0.45849609375 0.4592013888888889 0.0048828125 0.012152777777777778
0.0 0.44677734375 0.4314236111111111 0.0048828125 0.012152777777777778
0.0 0.4794921875 0.4149305555555556 0.00390625 0.006944444444444444
0.0 0.474609375 0.3862847222222222 0.00390625 0.012152777777777778
0.0 0.5068359375 0.3888888888888889 0.00390625 0.010416666666666666
0.0 0.48974609375 0.3854166666666667 0.0048828125 0.010416666666666666
0.0 0.4619140625 0.3671875 0.00390625 0.012152777777777778
0.0 0.47607421875 0.3671875 0.0048828125 0.012152777777777778
0.0 0.5322265625 0.2881944444444444 0.00390625 0.010416666666666666
0.0 0.54833984375 0.2847222222222222 0.0029296875 0.010416666666666666
0.0 0.5703125 0.2881944444444444 0.00390625 0.010416666666666666
0.0 0.56005859375 0.2829861111111111 0.0048828125 0.010416666666666666
0.0 0.5302734375 0.2690972222222222 0.00390625 0.010416666666666666
0.0 0.546875 0.2439236111111111 0.00390625 0.012152777777777778
0.0 0.53564453125 0.24131944444444445 0.0029296875 0.010416666666666666
0.0 0.5263671875 0.2439236111111111 0.00390625 0.012152777777777778
0.0 0.51708984375 0.2552083333333333 0.0029296875 0.006944444444444444
0.0 0.5205078125 0.2378472222222222 0.00390625 0.010416666666666666
0.0 0.53369140625 0.22743055555555555 0.0029296875 0.006944444444444444
0.0 0.5458984375 0.2265625 0.00390625 0.012152777777777778
0.0 0.564453125 0.2248263888888889 0.005859375 0.015625
0.0 0.56640625 0.20833333333333334 0.005859375 0.013888888888888888
0.0 0.52099609375 0.21354166666666666 0.0048828125 0.010416666666666666
0.0 0.55859375 0.2404513888888889 0.00390625 0.012152777777777778
0.0 0.55712890625 0.21006944444444445 0.0029296875 0.010416666666666666
0.0 0.5029296875 0.2708333333333333 0.00390625 0.010416666666666666
0.0 0.4921875 0.2795138888888889 0.005859375 0.017361111111111112
0.0 0.50341796875 0.2552083333333333 0.0048828125 0.010416666666666666
0.0 0.490234375 0.23958333333333334 0.00390625 0.010416666666666666
0.0 0.4970703125 0.2378472222222222 0.00390625 0.010416666666666666
0.0 0.50390625 0.2361111111111111 0.00390625 0.010416666666666666
0.0 0.5 0.2152777777777778 0.00390625 0.010416666666666666
0.0 0.47216796875 0.21354166666666666 0.0068359375 0.013888888888888888
0.0 0.47900390625 0.2404513888888889 0.0087890625 0.012152777777777778
0.0 0.47900390625 0.2552083333333333 0.0029296875 0.006944444444444444
0.0 0.474609375 0.2552083333333333 0.00390625 0.006944444444444444
0.0 0.46435546875 0.2204861111111111 0.0048828125 0.010416666666666666
0.0 0.46533203125 0.23958333333333334 0.0029296875 0.006944444444444444
0.0 0.49560546875 0.1814236111111111 0.0048828125 0.012152777777777778
0.0 0.4873046875 0.20399305555555555 0.00390625 0.012152777777777778
0.0 0.07080078125 0.4487847222222222 0.0048828125 0.015625
0.0 0.0654296875 0.4652777777777778 0.005859375 0.013888888888888888
0.0 0.0927734375 0.4435763888888889 0.00390625 0.008680555555555556
0.0 0.09375 0.4661458333333333 0.00390625 0.008680555555555556
0.0 0.11279296875 0.4131944444444444 0.0048828125 0.013888888888888888
0.0 0.076171875 0.4079861111111111 0.00390625 0.013888888888888888
0.0 0.1025390625 0.3897569444444444 0.00390625 0.008680555555555556
0.0 0.0869140625 0.3975694444444444 0.00390625 0.006944444444444444
0.0 0.109375 0.2630208333333333 0.00390625 0.008680555555555556
0.0 0.111328125 0.3046875 0.00390625 0.008680555555555556
0.0 0.10986328125 0.2847222222222222 0.0029296875 0.010416666666666666
0.0 0.12646484375 0.2838541666666667 0.0029296875 0.008680555555555556
0.0 0.1240234375 0.2638888888888889 0.00390625 0.010416666666666666
0.0 0.12890625 0.3020833333333333 0.00390625 0.010416666666666666
0.0 0.1201171875 0.3211805555555556 0.00390625 0.013888888888888888
0.0 0.0986328125 0.2604166666666667 0.00390625 0.010416666666666666
0.0 0.09521484375 0.2664930555555556 0.0048828125 0.012152777777777778
0.0 0.072265625 0.2222222222222222 0.00390625 0.010416666666666666
0.0 0.083984375 0.3671875 0.00390625 0.008680555555555556
0.0 0.099609375 0.3663194444444444 0.005859375 0.017361111111111112
0.0 0.1162109375 0.3671875 0.00390625 0.008680555555555556
0.0 0.12060546875 0.3897569444444444 0.0048828125 0.012152777777777778
0.0 0.13427734375 0.3880208333333333 0.0068359375 0.012152777777777778
0.0 0.15283203125 0.3897569444444444 0.0048828125 0.012152777777777778
0.0 0.1455078125 0.3741319444444444 0.00390625 0.012152777777777778
0.0 0.14501953125 0.3463541666666667 0.0048828125 0.012152777777777778
0.0 0.1611328125 0.3723958333333333 0.00390625 0.008680555555555556
0.0 0.16552734375 0.3871527777777778 0.0048828125 0.013888888888888888
0.0 0.1611328125 0.4149305555555556 0.00390625 0.010416666666666666
0.0 0.17041015625 0.4461805555555556 0.0048828125 0.013888888888888888
0.0 0.14892578125 0.4487847222222222 0.0048828125 0.012152777777777778
0.0 0.14013671875 0.4487847222222222 0.0048828125 0.012152777777777778
0.0 0.1796875 0.4635416666666667 0.00390625 0.010416666666666666
0.0 0.12255859375 0.22743055555555555 0.0029296875 0.010416666666666666
0.0 0.14453125 0.2378472222222222 0.00390625 0.010416666666666666
0.0 0.1484375 0.21875 0.00390625 0.010416666666666666
0.0 0.158203125 0.2326388888888889 0.00390625 0.010416666666666666
0.0 0.15576171875 0.265625 0.0029296875 0.006944444444444444
0.0 0.166015625 0.2222222222222222 0.00390625 0.010416666666666666
0.0 0.126953125 0.21614583333333334 0.00390625 0.008680555555555556
0.0 0.142578125 0.2664930555555556 0.00390625 0.008680555555555556
0.0 0.150390625 0.3255208333333333 0.005859375 0.012152777777777778
0.0 0.1669921875 0.3246527777777778 0.00390625 0.010416666666666666
0.0 0.16015625 0.3046875 0.00390625 0.008680555555555556
0.0 0.15478515625 0.2881944444444444 0.0029296875 0.010416666666666666
0.0 0.16796875 0.2803819444444444 0.00390625 0.012152777777777778
0.0 0.14453125 0.3012152777777778 0.00390625 0.008680555555555556
0.0 0.20166015625 0.2829861111111111 0.0029296875 0.010416666666666666
0.0 0.20068359375 0.2690972222222222 0.0029296875 0.010416666666666666
0.0 0.18994140625 0.2647569444444444 0.0048828125 0.012152777777777778
0.0 0.19189453125 0.3072916666666667 0.0029296875 0.006944444444444444
0.0 0.1279296875 0.3472222222222222 0.00390625 0.010416666666666666
0.0 0.1298828125 0.3237847222222222 0.00390625 0.012152777777777778
0.0 0.1103515625 0.3454861111111111 0.00390625 0.010416666666666666
0.0 0.1572265625 0.3498263888888889 0.00390625 0.008680555555555556
0.0 0.1748046875 0.3680555555555556 0.00390625 0.010416666666666666
0.0 0.171875 0.3463541666666667 0.00390625 0.008680555555555556
0.0 0.18603515625 0.390625 0.0068359375 0.013888888888888888
0.0 0.1875 0.3472222222222222 0.00390625 0.010416666666666666
0.0 0.20849609375 0.3723958333333333 0.0029296875 0.008680555555555556
0.0 0.1904296875 0.3741319444444444 0.00390625 0.008680555555555556
0.0 0.2001953125 0.3958333333333333 0.00390625 0.010416666666666666
0.0 0.21923828125 0.3975694444444444 0.0048828125 0.010416666666666666
0.0 0.19580078125 0.3255208333333333 0.0048828125 0.012152777777777778
0.0 0.2109375 0.3229166666666667 0.00390625 0.010416666666666666
0.0 0.2080078125 0.3446180555555556 0.00390625 0.012152777777777778
0.0 0.2197265625 0.3663194444444444 0.00390625 0.010416666666666666
0.0 0.21826171875 0.3480902777777778 0.0029296875 0.008680555555555556
0.0 0.24267578125 0.328125 0.0048828125 0.010416666666666666
0.0 0.22998046875 0.3090277777777778 0.0029296875 0.006944444444444444
0.0 0.2431640625 0.3072916666666667 0.00390625 0.006944444444444444
0.0 0.20654296875 0.4149305555555556 0.0048828125 0.010416666666666666
0.0 0.22607421875 0.4131944444444444 0.0048828125 0.010416666666666666
0.0 0.1796875 0.3211805555555556 0.00390625 0.010416666666666666
0.0 0.21728515625 0.3064236111111111 0.0029296875 0.008680555555555556
0.0 0.2431640625 0.40625 0.00390625 0.010416666666666666
0.0 0.23046875 0.3914930555555556 0.00390625 0.012152777777777778
0.0 0.2470703125 0.3932291666666667 0.005859375 0.012152777777777778
0.0 0.26123046875 0.390625 0.0048828125 0.010416666666666666
0.0 0.2744140625 0.3967013888888889 0.00390625 0.008680555555555556
0.0 0.26708984375 0.375 0.0068359375 0.013888888888888888
0.0 0.24853515625 0.3532986111111111 0.0048828125 0.015625
0.0 0.23486328125 0.3541666666666667 0.0048828125 0.013888888888888888
0.0 0.26513671875 0.3489583333333333 0.0029296875 0.010416666666666666
0.0 0.1787109375 0.22569444444444445 0.00390625 0.010416666666666666
0.0 0.18115234375 0.2361111111111111 0.0029296875 0.010416666666666666
0.0 0.17626953125 0.2534722222222222 0.0048828125 0.010416666666666666
0.0 0.18701171875 0.21006944444444445 0.0029296875 0.006944444444444444
0.0 0.2138671875 0.2647569444444444 0.00390625 0.008680555555555556
0.0 0.216796875 0.2847222222222222 0.00390625 0.010416666666666666
0.0 0.1865234375 0.28125 0.00390625 0.010416666666666666
0.0 0.19677734375 0.2421875 0.0048828125 0.008680555555555556
0.0 0.21044921875 0.23958333333333334 0.0029296875 0.006944444444444444
0.0 0.20166015625 0.21354166666666666 0.0048828125 0.010416666666666666
0.0 0.228515625 0.21354166666666666 0.005859375 0.013888888888888888
0.0 0.2099609375 0.2248263888888889 0.00390625 0.012152777777777778
0.0 0.228515625 0.2439236111111111 0.00390625 0.012152777777777778
0.0 0.21337890625 0.2543402777777778 0.0048828125 0.008680555555555556
0.0 0.23046875 0.2708333333333333 0.00390625 0.010416666666666666
0.0 0.2451171875 0.2708333333333333 0.00390625 0.006944444444444444
0.0 0.23779296875 0.2248263888888889 0.0048828125 0.012152777777777778
0.0 0.2490234375 0.24479166666666666 0.00390625 0.013888888888888888
0.0 0.2548828125 0.23177083333333334 0.00390625 0.015625
0.0 0.248046875 0.21006944444444445 0.00390625 0.010416666666666666
0.0 0.23583984375 0.2109375 0.0048828125 0.008680555555555556
0.0 0.2626953125 0.2144097222222222 0.00390625 0.012152777777777778
0.0 0.263671875 0.2387152777777778 0.00390625 0.012152777777777778
0.0 0.25732421875 0.2638888888888889 0.0048828125 0.010416666666666666
0.0 0.2646484375 0.2647569444444444 0.005859375 0.012152777777777778
0.0 0.26171875 0.2855902777777778 0.00390625 0.012152777777777778
0.0 0.2451171875 0.2873263888888889 0.00390625 0.012152777777777778
0.0 0.23046875 0.2907986111111111 0.00390625 0.012152777777777778
0.0 0.23486328125 0.2543402777777778 0.0048828125 0.008680555555555556
0.0 0.24072265625 0.2482638888888889 0.0048828125 0.010416666666666666
0.0 0.25634765625 0.3298611111111111 0.0048828125 0.013888888888888888
0.0 0.25927734375 0.3220486111111111 0.0068359375 0.012152777777777778
0.0 0.2666015625 0.3263888888888889 0.00390625 0.010416666666666666
0.0 0.26171875 0.3116319444444444 0.00390625 0.012152777777777778
0.0 0.28857421875 0.3168402777777778 0.0048828125 0.012152777777777778
0.0 0.275390625 0.2690972222222222 0.00390625 0.010416666666666666
0.0 0.27734375 0.3168402777777778 0.00390625 0.015625
0.0 0.2822265625 0.3463541666666667 0.005859375 0.015625
0.0 0.28759765625 0.2881944444444444 0.0048828125 0.017361111111111112
0.0 0.31396484375 0.2682291666666667 0.0048828125 0.012152777777777778
0.0 0.3046875 0.2725694444444444 0.00390625 0.010416666666666666
0.0 0.28955078125 0.2734375 0.0048828125 0.012152777777777778
0.0 0.30126953125 0.3003472222222222 0.0048828125 0.010416666666666666
0.0 0.318359375 0.3081597222222222 0.00390625 0.008680555555555556
0.0 0.27783203125 0.24305555555555555 0.0029296875 0.006944444444444444
0.0 0.314453125 0.2378472222222222 0.00390625 0.010416666666666666
0.0 0.30517578125 0.3272569444444444 0.0048828125 0.012152777777777778
0.0 0.310546875 0.3524305555555556 0.00390625 0.010416666666666666
0.0 0.2998046875 0.34375 0.00390625 0.010416666666666666
0.0 0.28515625 0.3723958333333333 0.00390625 0.012152777777777778
0.0 0.2958984375 0.3550347222222222 0.00390625 0.012152777777777778
0.0 0.30712890625 0.3958333333333333 0.0048828125 0.013888888888888888
0.0 0.29443359375 0.390625 0.0048828125 0.013888888888888888
0.0 0.3037109375 0.4166666666666667 0.00390625 0.006944444444444444
0.0 0.33837890625 0.3923611111111111 0.0048828125 0.010416666666666666
0.0 0.32666015625 0.3706597222222222 0.0048828125 0.012152777777777778
0.0 0.3154296875 0.3359375 0.00390625 0.012152777777777778
0.0 0.32861328125 0.3263888888888889 0.0048828125 0.013888888888888888
0.0 0.33935546875 0.3567708333333333 0.0048828125 0.012152777777777778
0.0 0.322265625 0.3958333333333333 0.00390625 0.010416666666666666
0.0 0.33837890625 0.4105902777777778 0.0048828125 0.015625
0.0 0.36865234375 0.4375 0.0048828125 0.013888888888888888
0.0 0.34375 0.3680555555555556 0.00390625 0.010416666666666666
0.0 0.36572265625 0.4131944444444444 0.0048828125 0.010416666666666666
0.0 0.35205078125 0.4131944444444444 0.0068359375 0.013888888888888888
0.0 0.3505859375 0.3940972222222222 0.005859375 0.013888888888888888
0.0 0.357421875 0.3776041666666667 0.00390625 0.012152777777777778
0.0 0.3681640625 0.3871527777777778 0.00390625 0.010416666666666666
0.0 0.37255859375 0.40625 0.0048828125 0.013888888888888888
0.0 0.384765625 0.3914930555555556 0.00390625 0.012152777777777778
0.0 0.38671875 0.3706597222222222 0.00390625 0.012152777777777778
0.0 0.3798828125 0.3697916666666667 0.00390625 0.010416666666666666
0.0 0.44384765625 0.484375 0.0048828125 0.013888888888888888
0.0 0.40283203125 0.4375 0.0048828125 0.013888888888888888
0.0 0.4140625 0.4348958333333333 0.00390625 0.012152777777777778
0.0 0.42626953125 0.4305555555555556 0.0048828125 0.010416666666666666
0.0 0.38330078125 0.4114583333333333 0.0029296875 0.006944444444444444
0.0 0.39501953125 0.4123263888888889 0.0029296875 0.008680555555555556
0.0 0.4130859375 0.40625 0.00390625 0.013888888888888888
0.0 0.427734375 0.4071180555555556 0.005859375 0.012152777777777778
0.0 0.39404296875 0.3967013888888889 0.0048828125 0.008680555555555556
0.0 0.40087890625 0.3741319444444444 0.0048828125 0.015625
0.0 0.4189453125 0.3888888888888889 0.00390625 0.010416666666666666
0.0 0.40673828125 0.3975694444444444 0.0048828125 0.013888888888888888
0.0 0.4287109375 0.3671875 0.00390625 0.012152777777777778
0.0 0.443359375 0.3949652777777778 0.00390625 0.012152777777777778
0.0 0.4462890625 0.3680555555555556 0.00390625 0.013888888888888888
0.0 0.47705078125 0.3463541666666667 0.0048828125 0.012152777777777778
0.0 0.47314453125 0.3394097222222222 0.0048828125 0.012152777777777778
0.0 0.46240234375 0.3480902777777778 0.0048828125 0.012152777777777778
0.0 0.4462890625 0.3480902777777778 0.00390625 0.012152777777777778
0.0 0.45068359375 0.3298611111111111 0.0048828125 0.010416666666666666
0.0 0.45654296875 0.3168402777777778 0.0029296875 0.008680555555555556
0.0 0.4765625 0.3090277777777778 0.00390625 0.010416666666666666
0.0 0.4775390625 0.2873263888888889 0.00390625 0.008680555555555556
0.0 0.4619140625 0.2855902777777778 0.00390625 0.008680555555555556
0.0 0.4453125 0.3072916666666667 0.00390625 0.010416666666666666
0.0 0.4658203125 0.3159722222222222 0.0078125 0.017361111111111112
0.0 0.4521484375 0.2821180555555556 0.00390625 0.008680555555555556
0.0 0.4462890625 0.2838541666666667 0.005859375 0.008680555555555556
0.0 0.462890625 0.2682291666666667 0.00390625 0.008680555555555556
0.0 0.47314453125 0.2717013888888889 0.0029296875 0.008680555555555556
0.0 0.4677734375 0.2690972222222222 0.00390625 0.010416666666666666
0.0 0.455078125 0.265625 0.00390625 0.010416666666666666
0.0 0.44482421875 0.2673611111111111 0.0048828125 0.010416666666666666
0.0 0.50537109375 0.2986111111111111 0.0048828125 0.020833333333333332
0.0 0.49267578125 0.3055555555555556 0.0048828125 0.010416666666666666
0.0 0.5224609375 0.2977430555555556 0.00390625 0.008680555555555556
0.0 0.44287109375 0.23524305555555555 0.0029296875 0.008680555555555556
0.0 0.44775390625 0.2387152777777778 0.0048828125 0.012152777777777778
0.0 0.453125 0.23697916666666666 0.00390625 0.012152777777777778
0.0 0.4306640625 0.24913194444444445 0.009765625 0.019097222222222224
0.0 0.458984375 0.20572916666666666 0.00390625 0.015625
0.0 0.4111328125 0.2326388888888889 0.005859375 0.013888888888888888
0.0 0.416015625 0.2126736111111111 0.00390625 0.008680555555555556
0.0 0.44287109375 0.2204861111111111 0.0048828125 0.013888888888888888
0.0 0.42724609375 0.22395833333333334 0.0048828125 0.013888888888888888
0.0 0.3994140625 0.21961805555555555 0.005859375 0.019097222222222224
0.0 0.41455078125 0.24305555555555555 0.0029296875 0.006944444444444444
0.0 0.43017578125 0.3072916666666667 0.0029296875 0.013888888888888888
0.0 0.43310546875 0.2899305555555556 0.0068359375 0.013888888888888888
0.0 0.4208984375 0.2881944444444444 0.00390625 0.010416666666666666
0.0 0.4306640625 0.2717013888888889 0.00390625 0.008680555555555556
0.0 0.41943359375 0.2690972222222222 0.0029296875 0.006944444444444444
0.0 0.41796875 0.3116319444444444 0.00390625 0.012152777777777778
0.0 0.41552734375 0.3324652777777778 0.0029296875 0.008680555555555556
0.0 0.416015625 0.3472222222222222 0.00390625 0.010416666666666666
0.0 0.4296875 0.3272569444444444 0.00390625 0.008680555555555556
0.0 0.42529296875 0.3480902777777778 0.0029296875 0.008680555555555556
0.0 0.40234375 0.3506944444444444 0.00390625 0.010416666666666666
0.0 0.40380859375 0.3246527777777778 0.0048828125 0.013888888888888888
0.0 0.419921875 0.3211805555555556 0.00390625 0.010416666666666666
0.0 0.4033203125 0.3029513888888889 0.00390625 0.008680555555555556
0.0 0.40234375 0.2838541666666667 0.00390625 0.008680555555555556
0.0 0.38623046875 0.3550347222222222 0.0048828125 0.012152777777777778
0.0 0.359375 0.3289930555555556 0.00390625 0.008680555555555556
0.0 0.37548828125 0.3289930555555556 0.0048828125 0.012152777777777778
0.0 0.38671875 0.328125 0.005859375 0.017361111111111112
0.0 0.37109375 0.3515625 0.00390625 0.008680555555555556
0.0 0.3564453125 0.3480902777777778 0.00390625 0.008680555555555556
0.0 0.375 0.3064236111111111 0.00390625 0.012152777777777778
0.0 0.3857421875 0.3133680555555556 0.00390625 0.008680555555555556
0.0 0.3759765625 0.2925347222222222 0.00390625 0.012152777777777778
0.0 0.365234375 0.2934027777777778 0.00390625 0.010416666666666666
0.0 0.3935546875 0.2829861111111111 0.005859375 0.013888888888888888
0.0 0.2890625 0.24131944444444445 0.00390625 0.010416666666666666
0.0 0.2685546875 0.22743055555555555 0.00390625 0.010416666666666666
0.0 0.34765625 0.3098958333333333 0.00390625 0.012152777777777778
0.0 0.33349609375 0.3029513888888889 0.0048828125 0.015625
0.0 0.34814453125 0.3324652777777778 0.0068359375 0.012152777777777778
0.0 0.3466796875 0.2881944444444444 0.00390625 0.010416666666666666
0.0 0.35546875 0.2890625 0.00390625 0.012152777777777778
0.0 0.33447265625 0.2734375 0.0048828125 0.008680555555555556
0.0 0.3173828125 0.2821180555555556 0.00390625 0.008680555555555556
0.0 0.345703125 0.2734375 0.00390625 0.012152777777777778
0.0 0.34130859375 0.2899305555555556 0.0048828125 0.010416666666666666
0.0 0.36083984375 0.2717013888888889 0.0048828125 0.012152777777777778
0.0 0.333984375 0.2526041666666667 0.00390625 0.012152777777777778
0.0 0.359375 0.24479166666666666 0.00390625 0.010416666666666666
0.0 0.35205078125 0.2230902777777778 0.0048828125 0.012152777777777778
0.0 0.375 0.265625 0.00390625 0.010416666666666666
0.0 0.39111328125 0.2664930555555556 0.0048828125 0.012152777777777778
0.0 0.9794921875 0.4626736111111111 0.0078125 0.019097222222222224
0.0 0.9404296875 0.4635416666666667 0.005859375 0.010416666666666666
0.0 0.49853515625 0.7274305555555556 0.0126953125 0.024305555555555556
0.0 0.060546875 0.7256944444444444 0.005859375 0.013888888888888888
0.0 0.89599609375 0.6032986111111112 0.0048828125 0.012152777777777778
0.0 0.880859375 0.5972222222222222 0.005859375 0.013888888888888888
0.0 0.857421875 0.6302083333333334 0.00390625 0.013888888888888888
0.0 0.8486328125 0.5685763888888888 0.00390625 0.012152777777777778
0.0 0.865234375 0.5651041666666666 0.005859375 0.012152777777777778
0.0 0.888671875 0.5416666666666666 0.00390625 0.010416666666666666
0.0 0.90625 0.5616319444444444 0.00390625 0.008680555555555556
0.0 0.90576171875 0.5425347222222222 0.0029296875 0.008680555555555556
0.0 0.9111328125 0.5381944444444444 0.00390625 0.010416666666666666
0.0 0.85791015625 0.5121527777777778 0.0048828125 0.010416666666666666
0.0 0.8349609375 0.5381944444444444 0.00390625 0.010416666666666666
0.0 0.85205078125 0.5355902777777778 0.0048828125 0.012152777777777778
0.0 0.83447265625 0.5659722222222222 0.0048828125 0.010416666666666666
0.0 0.81640625 0.5668402777777778 0.00390625 0.012152777777777778
0.0 0.81591796875 0.5416666666666666 0.0048828125 0.006944444444444444
0.0 0.8369140625 0.5121527777777778 0.00390625 0.010416666666666666
0.0 0.81787109375 0.4930555555555556 0.0048828125 0.010416666666666666
0.0 0.8369140625 0.4921875 0.00390625 0.008680555555555556
0.0 0.8525390625 0.4930555555555556 0.00390625 0.010416666666666666
0.0 0.8916015625 0.5138888888888888 0.00390625 0.010416666666666666
0.0 0.90478515625 0.4878472222222222 0.0048828125 0.010416666666666666
0.0 0.87451171875 0.4644097222222222 0.0048828125 0.012152777777777778
0.0 0.892578125 0.4644097222222222 0.00390625 0.008680555555555556
0.0 0.8583984375 0.4635416666666667 0.005859375 0.010416666666666666
0.0 0.8369140625 0.4713541666666667 0.00390625 0.008680555555555556
0.0 0.8232421875 0.46875 0.00390625 0.010416666666666666
0.0 0.86279296875 0.4184027777777778 0.0029296875 0.010416666666666666
0.0 0.84765625 0.4201388888888889 0.00390625 0.010416666666666666
0.0 0.88427734375 0.4149305555555556 0.0048828125 0.010416666666666666
0.0 0.830078125 0.4184027777777778 0.00390625 0.010416666666666666
0.0 0.79638671875 0.4210069444444444 0.0048828125 0.012152777777777778
0.0 0.81494140625 0.4201388888888889 0.0048828125 0.017361111111111112
0.0 0.81640625 0.3776041666666667 0.005859375 0.012152777777777778
0.0 0.830078125 0.3723958333333333 0.00390625 0.012152777777777778
0.0 0.798828125 0.3767361111111111 0.00390625 0.010416666666666666
0.0 0.81640625 0.4453125 0.005859375 0.012152777777777778
0.0 0.80859375 0.4461805555555556 0.00390625 0.010416666666666666
0.0 0.84814453125 0.3732638888888889 0.0048828125 0.013888888888888888
0.0 0.86474609375 0.3784722222222222 0.0048828125 0.013888888888888888
0.0 0.869140625 0.3532986111111111 0.00390625 0.012152777777777778
0.0 0.85498046875 0.3585069444444444 0.0048828125 0.012152777777777778
0.0 0.85595703125 0.3315972222222222 0.0048828125 0.010416666666666666
0.0 0.81689453125 0.3532986111111111 0.0048828125 0.008680555555555556
0.0 0.82373046875 0.3289930555555556 0.0048828125 0.012152777777777778
0.0 0.8017578125 0.3550347222222222 0.00390625 0.012152777777777778
0.0 0.8251953125 0.2942708333333333 0.00390625 0.012152777777777778
0.0 0.90185546875 0.2855902777777778 0.0048828125 0.012152777777777778
0.0 0.92041015625 0.2838541666666667 0.0048828125 0.012152777777777778
0.0 0.90087890625 0.24913194444444445 0.0048828125 0.008680555555555556
0.0 0.8994140625 0.2638888888888889 0.00390625 0.010416666666666666
0.0 0.8544921875 0.2699652777777778 0.00390625 0.008680555555555556
0.0 0.943359375 0.2604166666666667 0.00390625 0.010416666666666666
0.0 0.931640625 0.3020833333333333 0.00390625 0.010416666666666666
0.0 0.9462890625 0.23958333333333334 0.00390625 0.010416666666666666
0.0 0.978515625 0.296875 0.00390625 0.010416666666666666
0.0 0.994140625 0.2760416666666667 0.005859375 0.013888888888888888
0.0 0.9794921875 0.23697916666666666 0.00390625 0.008680555555555556
0.0 0.85791015625 0.2282986111111111 0.0068359375 0.008680555555555556
0.0 0.81298828125 0.2821180555555556 0.0048828125 0.008680555555555556
0.0 0.84033203125 0.2899305555555556 0.0048828125 0.010416666666666666
0.0 0.8388671875 0.22916666666666666 0.00390625 0.010416666666666666
0.0 0.828125 0.2282986111111111 0.00390625 0.008680555555555556
0.0 0.85888671875 0.2864583333333333 0.0029296875 0.006944444444444444
0.0 0.8720703125 0.2934027777777778 0.005859375 0.010416666666666666
0.0 0.884765625 0.3072916666666667 0.005859375 0.010416666666666666
0.0 0.90673828125 0.3246527777777778 0.0048828125 0.010416666666666666
0.0 0.884765625 0.3289930555555556 0.005859375 0.008680555555555556
0.0 0.8388671875 0.3428819444444444 0.005859375 0.012152777777777778
0.0 0.88623046875 0.3541666666666667 0.0048828125 0.010416666666666666
0.0 0.8349609375 0.3897569444444444 0.005859375 0.012152777777777778
0.0 0.9501953125 0.2838541666666667 0.005859375 0.012152777777777778
0.0 0.91552734375 0.2682291666666667 0.0068359375 0.015625
0.0 0.970703125 0.3211805555555556 0.005859375 0.010416666666666666
0.0 0.904296875 0.4210069444444444 0.005859375 0.012152777777777778
