0.0 0.24072265625 0.20497803806734993 0.0517578125 0.07613469985358712
0.0 0.01708984375 0.043923865300146414 0.0244140625 0.06149341142020498
0.0 0.10107421875 0.05197657393850659 0.0263671875 0.05417276720351391
0.0 0.212890625 0.05124450951683748 0.01953125 0.043923865300146414
0.0 0.28857421875 0.055636896046852125 0.0263671875 0.04978038067349927
0.0 0.48193359375 0.13469985358711567 0.0263671875 0.055636896046852125
0.0 0.453125 0.048316251830161056 0.025390625 0.05856515373352855
0.0 0.3779296875 0.11054172767203514 0.0234375 0.05710102489019034
0.0 0.373046875 0.05710102489019034 0.025390625 0.04978038067349927
0.0 0.73681640625 0.12152269399707175 0.0263671875 0.055636896046852125
0.0 0.740234375 0.07686676427525622 0.015625 0.027818448023426062
0.0 0.81591796875 0.1376281112737921 0.0224609375 0.03513909224011713
0.0 0.65869140625 0.12371888726207907 0.0224609375 0.048316251830161056
0.0 0.625 0.06808199121522694 0.021484375 0.05417276720351391
0.0 0.8076171875 0.04758418740849195 0.029296875 0.06588579795021962
0.0 0.5732421875 0.14202049780380674 0.025390625 0.0527086383601757
0.0 0.7080078125 0.05636896046852123 0.01953125 0.048316251830161056
0.0 0.89794921875 0.14348462664714495 0.0302734375 0.05856515373352855
0.0 0.8759765625 0.04538799414348463 0.03125 0.06442166910688141
0.0 0.5419921875 0.0629575402635432 0.03515625 0.04685212298682284
