0.0 0.91064453125 0.5408163265306123 0.0380859375 0.08454810495626822
0.0 0.84033203125 0.6107871720116618 0.0322265625 0.0728862973760933
0.0 0.70556640625 0.5838192419825073 0.0439453125 0.08309037900874636
0.0 0.36572265625 0.4424198250728863 0.0966796875 0.18221574344023322
0.0 0.50146484375 0.6151603498542274 0.0380859375 0.07580174927113703
0.0 0.57861328125 0.6144314868804664 0.0380859375 0.08309037900874636
0.0 0.15283203125 0.6013119533527697 0.0419921875 0.08600583090379009
0.0 0.0458984375 0.5991253644314869 0.041015625 0.08454810495626822
0.0 0.9794921875 0.14868804664723032 0.041015625 0.10495626822157435
0.0 0.953125 0.03279883381924198 0.03125 0.056851311953352766
0.0 0.88427734375 0.15087463556851313 0.0458984375 0.08892128279883382
0.0 0.7734375 0.13556851311953352 0.033203125 0.07871720116618076
0.0 0.71142578125 0.15160349854227406 0.0380859375 0.07580174927113703
0.0 0.78173828125 0.029154518950437316 0.0400390625 0.05830903790087463
0.0 0.68701171875 0.021865889212827987 0.0380859375 0.043731778425655975
0.0 0.5869140625 0.024052478134110787 0.03515625 0.048104956268221574
0.0 0.52880859375 0.018950437317784258 0.0341796875 0.037900874635568516
0.0 0.4580078125 0.04591836734693878 0.033203125 0.06268221574344024
0.0 0.36767578125 0.11151603498542274 0.0439453125 0.08017492711370262
0.0 0.29052734375 0.13338192419825073 0.0419921875 0.08600583090379009
0.0 0.16455078125 0.12682215743440234 0.0458984375 0.10495626822157435
0.0 0.1005859375 0.12317784256559766 0.0390625 0.07725947521865889
0.0 0.0205078125 0.12463556851311954 0.03125 0.08892128279883382
