0.0 0.97802734375 0.3059895833333333 0.0166015625 0.026041666666666668
0.0 0.94677734375 0.310546875 0.0126953125 0.01953125
0.0 0.92724609375 0.30859375 0.0146484375 0.0234375
0.0 0.9013671875 0.3053385416666667 0.01953125 0.024739583333333332
0.0 0.85498046875 0.30078125 0.0146484375 0.0234375
0.0 0.9951171875 0.024739583333333332 0.009765625 0.020833333333333332
0.0 0.94384765625 0.01953125 0.0146484375 0.026041666666666668
0.0 0.94921875 0.06510416666666667 0.015625 0.0234375
0.0 0.90478515625 0.06510416666666667 0.0146484375 0.0234375
0.0 0.8857421875 0.025390625 0.015625 0.022135416666666668
0.0 0.8505859375 0.07942708333333333 0.013671875 0.020833333333333332
0.0 0.83984375 0.038411458333333336 0.013671875 0.01953125
0.0 0.81005859375 0.2994791666666667 0.0166015625 0.028645833333333332
0.0 0.7763671875 0.3157552083333333 0.015625 0.022135416666666668
0.0 0.74462890625 0.3177083333333333 0.0166015625 0.026041666666666668
0.0 0.72802734375 0.3170572916666667 0.0126953125 0.016927083333333332
0.0 0.775390625 0.2858072916666667 0.01171875 0.01953125
0.0 0.70166015625 0.3079427083333333 0.0166015625 0.02734375
0.0 0.677734375 0.2858072916666667 0.01171875 0.01953125
0.0 0.65625 0.3098958333333333 0.015625 0.026041666666666668
0.0 0.7880859375 0.080078125 0.013671875 0.01953125
0.0 0.74658203125 0.033203125 0.0146484375 0.02734375
0.0 0.7138671875 0.06575520833333333 0.015625 0.024739583333333332
0.0 0.6943359375 0.036458333333333336 0.015625 0.018229166666666668
0.0 0.6572265625 0.07682291666666667 0.015625 0.020833333333333332
0.0 0.6416015625 0.03515625 0.015625 0.0234375
0.0 0.5927734375 0.03125 0.015625 0.028645833333333332
0.0 0.5712890625 0.059895833333333336 0.015625 0.0234375
0.0 0.541015625 0.30078125 0.017578125 0.0234375
0.0 0.5068359375 0.2838541666666667 0.013671875 0.020833333333333332
0.0 0.45068359375 0.3131510416666667 0.0146484375 0.022135416666666668
0.0 0.4677734375 0.279296875 0.013671875 0.022135416666666668
0.0 0.53466796875 0.025390625 0.0146484375 0.024739583333333332
0.0 0.48779296875 0.024739583333333332 0.0166015625 0.026041666666666668
0.0 0.46484375 0.061848958333333336 0.015625 0.022135416666666668
0.0 0.43359375 0.028645833333333332 0.015625 0.0234375
0.0 0.40087890625 0.0546875 0.0166015625 0.0234375
0.0 0.38525390625 0.012369791666666666 0.0166015625 0.024739583333333332
0.0 0.35498046875 0.3072916666666667 0.0146484375 0.026041666666666668
0.0 0.3310546875 0.296875 0.013671875 0.026041666666666668
0.0 0.25390625 0.296875 0.017578125 0.028645833333333332
0.0 0.2861328125 0.2819010416666667 0.013671875 0.01953125
0.0 0.19775390625 0.3111979166666667 0.0146484375 0.020833333333333332
0.0 0.203125 0.2779947916666667 0.013671875 0.01953125
0.0 0.1494140625 0.3040364583333333 0.015625 0.024739583333333332
0.0 0.166015625 0.2955729166666667 0.01171875 0.0234375
0.0 0.111328125 0.30078125 0.017578125 0.028645833333333332
0.0 0.3310546875 0.057942708333333336 0.015625 0.029947916666666668
0.0 0.31982421875 0.01171875 0.0166015625 0.0234375
0.0 0.291015625 0.052734375 0.015625 0.02734375
0.0 0.234375 0.052083333333333336 0.015625 0.0234375
0.0 0.1787109375 0.039713541666666664 0.017578125 0.029947916666666668
0.0 0.08935546875 0.025390625 0.0185546875 0.032552083333333336
0.0 0.1015625 0.032552083333333336 0.013671875 0.018229166666666668
0.0 0.03564453125 0.017578125 0.0146484375 0.01953125
0.0 0.62109375 0.06966145833333333 0.013671875 0.022135416666666668
0.0 0.52392578125 0.06380208333333333 0.0146484375 0.0234375
0.0 0.00927734375 0.2701822916666667 0.0146484375 0.022135416666666668
0.0 0.05859375 0.267578125 0.01171875 0.016927083333333332
0.0 0.1015625 0.2727864583333333 0.015625 0.022135416666666668
0.0 0.14111328125 0.279296875 0.0126953125 0.01953125
0.0 0.4052734375 0.3092447916666667 0.013671875 0.01953125
0.0 0.42529296875 0.2838541666666667 0.0107421875 0.020833333333333332
0.0 0.6064453125 0.3020833333333333 0.01171875 0.018229166666666668
