0.0 0.37451171875 0.4908854166666667 0.0244140625 0.049479166666666664
0.0 0.86572265625 0.3489583333333333 0.0048828125 0.010416666666666666
0.0 0.96484375 0.2916666666666667 0.0078125 0.013020833333333334
0.0 0.94580078125 0.294921875 0.0068359375 0.01171875
0.0 0.9248046875 0.2942708333333333 0.0078125 0.013020833333333334
0.0 0.93359375 0.31640625 0.0078125 0.013020833333333334
0.0 0.9501953125 0.3190104166666667 0.005859375 0.013020833333333334
0.0 0.90625 0.2942708333333333 0.005859375 0.013020833333333334
0.0 0.9150390625 0.2740885416666667 0.005859375 0.01171875
0.0 0.9150390625 0.2864583333333333 0.005859375 0.010416666666666666
0.0 0.92236328125 0.2760416666666667 0.0048828125 0.010416666666666666
0.0 0.935546875 0.2760416666666667 0.005859375 0.010416666666666666
0.0 0.95458984375 0.2747395833333333 0.0068359375 0.013020833333333334
0.0 0.96435546875 0.2727864583333333 0.0068359375 0.01171875
0.0 0.97802734375 0.2786458333333333 0.0068359375 0.013020833333333334
0.0 0.9892578125 0.29296875 0.005859375 0.013020833333333334
0.0 0.99560546875 0.2877604166666667 0.0048828125 0.010416666666666666
0.0 0.99462890625 0.2766927083333333 0.0068359375 0.01171875
0.0 0.98388671875 0.2766927083333333 0.0068359375 0.01171875
0.0 0.9794921875 0.2662760416666667 0.0078125 0.01171875
0.0 0.98046875 0.251953125 0.005859375 0.01171875
0.0 0.99560546875 0.2545572916666667 0.0068359375 0.01171875
0.0 0.99755859375 0.263671875 0.0048828125 0.009114583333333334
0.0 0.95703125 0.2532552083333333 0.005859375 0.01171875
0.0 0.9443359375 0.26171875 0.005859375 0.010416666666666666
0.0 0.9228515625 0.2545572916666667 0.005859375 0.009114583333333334
0.0 0.93505859375 0.265625 0.0068359375 0.010416666666666666
0.0 0.90087890625 0.2506510416666667 0.0068359375 0.014322916666666666
0.0 0.89794921875 0.2766927083333333 0.0068359375 0.014322916666666666
0.0 0.912109375 0.2649739583333333 0.005859375 0.009114583333333334
0.0 0.90478515625 0.23893229166666666 0.0068359375 0.01171875
0.0 0.92626953125 0.23763020833333334 0.0068359375 0.01171875
0.0 0.94384765625 0.23893229166666666 0.0068359375 0.01171875
0.0 0.9521484375 0.23958333333333334 0.005859375 0.013020833333333334
0.0 0.99609375 0.22135416666666666 0.005859375 0.013020833333333334
0.0 0.9921875 0.240234375 0.005859375 0.01171875
0.0 0.9765625 0.22265625 0.005859375 0.013020833333333334
0.0 0.99267578125 0.20963541666666666 0.0068359375 0.013020833333333334
0.0 0.98291015625 0.19661458333333334 0.0048828125 0.0078125
0.0 0.96826171875 0.23307291666666666 0.0068359375 0.013020833333333334
0.0 0.95556640625 0.22721354166666666 0.0068359375 0.01171875
0.0 0.9345703125 0.224609375 0.005859375 0.01171875
0.0 0.93408203125 0.236328125 0.0068359375 0.01171875
0.0 0.91845703125 0.21223958333333334 0.0068359375 0.015625
0.0 0.9423828125 0.212890625 0.005859375 0.01171875
0.0 0.94189453125 0.19856770833333334 0.0068359375 0.01171875
0.0 0.921875 0.19921875 0.005859375 0.010416666666666666
0.0 0.912109375 0.18815104166666666 0.005859375 0.01171875
0.0 0.9267578125 0.18684895833333334 0.005859375 0.01171875
0.0 0.9228515625 0.17643229166666666 0.005859375 0.01171875
0.0 0.91552734375 0.177734375 0.0087890625 0.01171875
0.0 0.93896484375 0.171875 0.0048828125 0.010416666666666666
0.0 0.9501953125 0.18359375 0.005859375 0.013020833333333334
0.0 0.95947265625 0.19921875 0.0068359375 0.013020833333333334
0.0 0.96435546875 0.20833333333333334 0.0068359375 0.013020833333333334
0.0 0.97265625 0.18294270833333334 0.005859375 0.01171875
0.0 0.9970703125 0.18098958333333334 0.005859375 0.013020833333333334
0.0 0.98095703125 0.16341145833333334 0.0068359375 0.01171875
0.0 0.9619140625 0.16276041666666666 0.005859375 0.010416666666666666
0.0 0.9365234375 0.16080729166666666 0.005859375 0.009114583333333334
0.0 0.98095703125 0.15234375 0.0068359375 0.010416666666666666
0.0 0.9736328125 0.158203125 0.005859375 0.009114583333333334
0.0 0.9697265625 0.15559895833333334 0.00390625 0.006510416666666667
0.0 0.96923828125 0.13932291666666666 0.0048828125 0.010416666666666666
0.0 0.9873046875 0.13932291666666666 0.005859375 0.013020833333333334
0.0 0.9892578125 0.12239583333333333 0.005859375 0.010416666666666666
0.0 0.97119140625 0.123046875 0.0048828125 0.01171875
0.0 0.9580078125 0.12434895833333333 0.005859375 0.01171875
0.0 0.953125 0.13346354166666666 0.005859375 0.01171875
0.0 0.958984375 0.15364583333333334 0.005859375 0.010416666666666666
0.0 0.9384765625 0.154296875 0.005859375 0.01171875
0.0 0.93310546875 0.140625 0.0048828125 0.010416666666666666
0.0 0.93798828125 0.125 0.0068359375 0.013020833333333334
0.0 0.919921875 0.12369791666666667 0.005859375 0.010416666666666666
0.0 0.9306640625 0.119140625 0.005859375 0.009114583333333334
0.0 0.921875 0.15299479166666666 0.005859375 0.01171875
0.0 0.916015625 0.13802083333333334 0.005859375 0.010416666666666666
0.0 0.92138671875 0.13736979166666666 0.0048828125 0.009114583333333334
0.0 0.93505859375 0.09765625 0.0068359375 0.020833333333333332
0.0 0.927734375 0.09309895833333333 0.005859375 0.01171875
0.0 0.955078125 0.10286458333333333 0.0078125 0.015625
0.0 0.96484375 0.08919270833333333 0.005859375 0.01171875
0.0 0.97802734375 0.103515625 0.0048828125 0.01171875
0.0 0.986328125 0.09309895833333333 0.005859375 0.01171875
0.0 0.9951171875 0.08268229166666667 0.005859375 0.01171875
0.0 0.9716796875 0.07291666666666667 0.005859375 0.010416666666666666
0.0 0.95166015625 0.07486979166666667 0.0068359375 0.01171875
0.0 0.9951171875 0.07421875 0.005859375 0.010416666666666666
0.0 0.99658203125 0.050130208333333336 0.0048828125 0.01171875
0.0 0.98046875 0.053385416666666664 0.005859375 0.010416666666666666
0.0 0.94482421875 0.057291666666666664 0.0068359375 0.010416666666666666
0.0 0.93310546875 0.07486979166666667 0.0068359375 0.009114583333333334
0.0 0.93798828125 0.038411458333333336 0.0068359375 0.01171875
0.0 0.947265625 0.037109375 0.005859375 0.01171875
0.0 0.9541015625 0.018880208333333332 0.005859375 0.009114583333333334
0.0 0.884765625 0.2923177083333333 0.0078125 0.014322916666666666
0.0 0.892578125 0.2708333333333333 0.0078125 0.015625
0.0 0.88134765625 0.25390625 0.0068359375 0.013020833333333334
0.0 0.87744140625 0.2721354166666667 0.0068359375 0.013020833333333334
0.0 0.87158203125 0.2630208333333333 0.0068359375 0.013020833333333334
0.0 0.86181640625 0.2786458333333333 0.0068359375 0.013020833333333334
0.0 0.86083984375 0.2962239583333333 0.0068359375 0.014322916666666666
0.0 0.83935546875 0.298828125 0.0068359375 0.01171875
0.0 0.84228515625 0.2825520833333333 0.0068359375 0.010416666666666666
0.0 0.8544921875 0.263671875 0.005859375 0.01171875
0.0 0.822265625 0.296875 0.005859375 0.010416666666666666
0.0 0.8037109375 0.298828125 0.005859375 0.01171875
0.0 0.80078125 0.279296875 0.005859375 0.009114583333333334
0.0 0.8212890625 0.2805989583333333 0.005859375 0.01171875
0.0 0.83154296875 0.263671875 0.0068359375 0.01171875
0.0 0.81396484375 0.2630208333333333 0.0068359375 0.013020833333333334
0.0 0.802734375 0.251953125 0.005859375 0.01171875
0.0 0.8212890625 0.2513020833333333 0.005859375 0.010416666666666666
0.0 0.83837890625 0.2513020833333333 0.0068359375 0.013020833333333334
0.0 0.8232421875 0.23567708333333334 0.005859375 0.010416666666666666
0.0 0.85791015625 0.2513020833333333 0.0068359375 0.013020833333333334
0.0 0.85986328125 0.23697916666666666 0.0068359375 0.010416666666666666
0.0 0.86572265625 0.2265625 0.0068359375 0.010416666666666666
0.0 0.88671875 0.24153645833333334 0.005859375 0.01171875
0.0 0.88818359375 0.22526041666666666 0.0068359375 0.013020833333333334
0.0 0.87158203125 0.21940104166666666 0.0068359375 0.009114583333333334
0.0 0.87744140625 0.23111979166666666 0.0068359375 0.01171875
0.0 0.84130859375 0.216796875 0.0068359375 0.009114583333333334
0.0 0.83642578125 0.22526041666666666 0.0068359375 0.010416666666666666
0.0 0.91162109375 0.2265625 0.0068359375 0.015625
0.0 0.89501953125 0.212890625 0.0068359375 0.014322916666666666
0.0 0.89794921875 0.19270833333333334 0.0068359375 0.013020833333333334
0.0 0.90087890625 0.17057291666666666 0.0068359375 0.013020833333333334
0.0 0.9111328125 0.17122395833333334 0.00390625 0.01171875
0.0 0.86474609375 0.15299479166666666 0.0068359375 0.01171875
0.0 0.88134765625 0.15494791666666666 0.0048828125 0.010416666666666666
0.0 0.90185546875 0.15169270833333334 0.0068359375 0.01171875
0.0 0.89794921875 0.12434895833333333 0.0068359375 0.01171875
0.0 0.88134765625 0.14127604166666666 0.0068359375 0.01171875
0.0 0.89990234375 0.13932291666666666 0.0068359375 0.010416666666666666
0.0 0.87890625 0.12760416666666666 0.005859375 0.010416666666666666
0.0 0.90234375 0.10221354166666667 0.005859375 0.01171875
0.0 0.86279296875 0.140625 0.0068359375 0.010416666666666666
0.0 0.859375 0.126953125 0.005859375 0.01171875
0.0 0.849609375 0.12890625 0.005859375 0.010416666666666666
0.0 0.8408203125 0.154296875 0.005859375 0.01171875
0.0 0.84521484375 0.142578125 0.0048828125 0.01171875
0.0 0.85302734375 0.14322916666666666 0.0048828125 0.0078125
0.0 0.8232421875 0.15885416666666666 0.005859375 0.010416666666666666
0.0 0.8076171875 0.15755208333333334 0.005859375 0.010416666666666666
0.0 0.810546875 0.140625 0.005859375 0.010416666666666666
0.0 0.8271484375 0.140625 0.005859375 0.010416666666666666
0.0 0.82763671875 0.12825520833333334 0.0048828125 0.009114583333333334
0.0 0.8076171875 0.12630208333333334 0.005859375 0.010416666666666666
0.0 0.82373046875 0.10807291666666667 0.0048828125 0.010416666666666666
0.0 0.8193359375 0.10677083333333333 0.005859375 0.010416666666666666
0.0 0.82958984375 0.09895833333333333 0.0048828125 0.010416666666666666
0.0 0.841796875 0.10611979166666667 0.005859375 0.01171875
0.0 0.8486328125 0.099609375 0.005859375 0.009114583333333334
0.0 0.8603515625 0.10611979166666667 0.005859375 0.01171875
0.0 0.87451171875 0.10546875 0.0048828125 0.010416666666666666
0.0 0.89208984375 0.08463541666666667 0.0068359375 0.013020833333333334
0.0 0.83740234375 0.07747395833333333 0.0048828125 0.009114583333333334
0.0 0.81689453125 0.08658854166666667 0.0048828125 0.009114583333333334
0.0 0.81201171875 0.07356770833333333 0.0048828125 0.009114583333333334
0.0 0.80029296875 0.10611979166666667 0.0048828125 0.01171875
0.0 0.8271484375 0.061197916666666664 0.005859375 0.010416666666666666
0.0 0.84765625 0.06315104166666667 0.005859375 0.01171875
0.0 0.8515625 0.039713541666666664 0.005859375 0.01171875
0.0 0.8251953125 0.042317708333333336 0.00390625 0.009114583333333334
0.0 0.888671875 0.11653645833333333 0.005859375 0.01171875
0.0 0.91015625 0.09440104166666667 0.0078125 0.016927083333333332
0.0 0.9130859375 0.057942708333333336 0.005859375 0.01171875
0.0 0.9326171875 0.06575520833333333 0.0078125 0.014322916666666666
0.0 0.71875 0.3509114583333333 0.005859375 0.01171875
0.0 0.66162109375 0.3391927083333333 0.0068359375 0.01171875
0.0 0.66845703125 0.2975260416666667 0.0068359375 0.014322916666666666
0.0 0.68505859375 0.294921875 0.0068359375 0.01171875
0.0 0.70556640625 0.2955729166666667 0.0068359375 0.013020833333333334
0.0 0.650390625 0.2994791666666667 0.005859375 0.010416666666666666
0.0 0.61767578125 0.345703125 0.0068359375 0.014322916666666666
0.0 0.58056640625 0.3411458333333333 0.0068359375 0.015625
0.0 0.546875 0.3385416666666667 0.0078125 0.013020833333333334
0.0 0.576171875 0.3001302083333333 0.005859375 0.01171875
0.0 0.5537109375 0.2994791666666667 0.005859375 0.010416666666666666
0.0 0.58935546875 0.30078125 0.0048828125 0.010416666666666666
0.0 0.5947265625 0.2962239583333333 0.005859375 0.01171875
0.0 0.61328125 0.3014322916666667 0.005859375 0.01171875
0.0 0.63232421875 0.3001302083333333 0.0068359375 0.01171875
0.0 0.625 0.2819010416666667 0.005859375 0.014322916666666666
0.0 0.609375 0.28515625 0.005859375 0.013020833333333334
0.0 0.5908203125 0.2845052083333333 0.005859375 0.014322916666666666
0.0 0.5771484375 0.28515625 0.005859375 0.013020833333333334
0.0 0.58447265625 0.275390625 0.0068359375 0.01171875
0.0 0.556640625 0.2858072916666667 0.005859375 0.01171875
0.0 0.544921875 0.2825520833333333 0.005859375 0.010416666666666666
0.0 0.53759765625 0.2903645833333333 0.0068359375 0.010416666666666666
0.0 0.53515625 0.279296875 0.005859375 0.01171875
0.0 0.548828125 0.2747395833333333 0.005859375 0.010416666666666666
0.0 0.5224609375 0.3502604166666667 0.005859375 0.013020833333333334
0.0 0.52099609375 0.3118489583333333 0.0068359375 0.009114583333333334
0.0 0.53125 0.3170572916666667 0.00390625 0.009114583333333334
0.0 0.49755859375 0.2955729166666667 0.0068359375 0.013020833333333334
0.0 0.51513671875 0.2962239583333333 0.0048828125 0.01171875
0.0 0.47509765625 0.296875 0.0068359375 0.013020833333333334
0.0 0.45947265625 0.3046875 0.0068359375 0.013020833333333334
0.0 0.43505859375 0.3001302083333333 0.0068359375 0.014322916666666666
0.0 0.451171875 0.326171875 0.005859375 0.009114583333333334
0.0 0.4921875 0.3665364583333333 0.005859375 0.009114583333333334
0.0 0.19580078125 0.33984375 0.0068359375 0.013020833333333334
0.0 0.2041015625 0.3391927083333333 0.005859375 0.009114583333333334
0.0 0.20068359375 0.3014322916666667 0.0068359375 0.01171875
0.0 0.212890625 0.2890625 0.005859375 0.010416666666666666
0.0 0.2109375 0.271484375 0.005859375 0.01171875
0.0 0.1904296875 0.2727864583333333 0.005859375 0.009114583333333334
0.0 0.17578125 0.2955729166666667 0.005859375 0.013020833333333334
0.0 0.18408203125 0.2994791666666667 0.0048828125 0.010416666666666666
0.0 0.166015625 0.302734375 0.005859375 0.01171875
0.0 0.171875 0.2721354166666667 0.005859375 0.010416666666666666
0.0 0.22265625 0.302734375 0.005859375 0.01171875
0.0 0.22998046875 0.3326822916666667 0.0068359375 0.01171875
0.0 0.23828125 0.3020833333333333 0.005859375 0.013020833333333334
0.0 0.208984375 0.296875 0.005859375 0.010416666666666666
0.0 0.22998046875 0.2884114583333333 0.0068359375 0.01171875
0.0 0.37646484375 0.3385416666666667 0.0068359375 0.013020833333333334
0.0 0.36474609375 0.3190104166666667 0.0068359375 0.013020833333333334
0.0 0.35205078125 0.3248697916666667 0.0087890625 0.009114583333333334
0.0 0.341796875 0.3294270833333333 0.005859375 0.013020833333333334
0.0 0.3212890625 0.3216145833333333 0.005859375 0.010416666666666666
0.0 0.3662109375 0.3014322916666667 0.005859375 0.01171875
0.0 0.3642578125 0.30859375 0.00390625 0.0078125
0.0 0.3466796875 0.30078125 0.005859375 0.013020833333333334
0.0 0.31982421875 0.3040364583333333 0.0068359375 0.009114583333333334
0.0 0.31884765625 0.2890625 0.0068359375 0.010416666666666666
0.0 0.3388671875 0.2877604166666667 0.005859375 0.013020833333333334
0.0 0.34765625 0.283203125 0.005859375 0.009114583333333334
0.0 0.357421875 0.287109375 0.005859375 0.009114583333333334
0.0 0.3388671875 0.2779947916666667 0.00390625 0.006510416666666667
0.0 0.37744140625 0.287109375 0.0068359375 0.01171875
0.0 0.3974609375 0.3229166666666667 0.0078125 0.013020833333333334
0.0 0.38671875 0.2994791666666667 0.005859375 0.010416666666666666
0.0 0.3955078125 0.287109375 0.005859375 0.009114583333333334
0.0 0.41015625 0.3014322916666667 0.005859375 0.01171875
0.0 0.4130859375 0.287109375 0.005859375 0.009114583333333334
0.0 0.40966796875 0.2734375 0.0068359375 0.010416666666666666
0.0 0.4306640625 0.283203125 0.005859375 0.01171875
0.0 0.1064453125 0.3541666666666667 0.005859375 0.013020833333333334
0.0 0.10400390625 0.341796875 0.0048828125 0.009114583333333334
0.0 0.0859375 0.3548177083333333 0.005859375 0.01171875
0.0 0.06591796875 0.3515625 0.0068359375 0.013020833333333334
0.0 0.0712890625 0.3040364583333333 0.005859375 0.009114583333333334
0.0 0.08984375 0.3020833333333333 0.0078125 0.013020833333333334
0.0 0.00732421875 0.349609375 0.0068359375 0.01171875
0.0 0.0107421875 0.3424479166666667 0.00390625 0.0078125
0.0 0.01220703125 0.3014322916666667 0.0068359375 0.014322916666666666
0.0 0.0341796875 0.2994791666666667 0.005859375 0.010416666666666666
0.0 0.05078125 0.30078125 0.005859375 0.010416666666666666
0.0 0.0458984375 0.2890625 0.005859375 0.010416666666666666
0.0 0.0419921875 0.2786458333333333 0.005859375 0.010416666666666666
0.0 0.0390625 0.2682291666666667 0.005859375 0.010416666666666666
0.0 0.02685546875 0.2825520833333333 0.0068359375 0.010416666666666666
0.0 0.02490234375 0.2884114583333333 0.0068359375 0.009114583333333334
0.0 0.01953125 0.265625 0.005859375 0.010416666666666666
0.0 0.0068359375 0.2890625 0.005859375 0.010416666666666666
0.0 0.0126953125 0.2805989583333333 0.005859375 0.009114583333333334
0.0 0.00390625 0.2669270833333333 0.005859375 0.010416666666666666
0.0 0.00927734375 0.24609375 0.0048828125 0.0078125
0.0 0.02392578125 0.25 0.0048828125 0.010416666666666666
0.0 0.0234375 0.23958333333333334 0.005859375 0.0078125
0.0 0.0439453125 0.25 0.005859375 0.010416666666666666
0.0 0.041015625 0.236328125 0.005859375 0.01171875
0.0 0.1103515625 0.2981770833333333 0.005859375 0.013020833333333334
0.0 0.1064453125 0.2858072916666667 0.005859375 0.01171875
0.0 0.1025390625 0.2760416666666667 0.005859375 0.013020833333333334
0.0 0.08349609375 0.287109375 0.0068359375 0.01171875
0.0 0.091796875 0.2779947916666667 0.00390625 0.009114583333333334
0.0 0.07958984375 0.2760416666666667 0.0068359375 0.010416666666666666
0.0 0.068359375 0.2890625 0.005859375 0.013020833333333334
0.0 0.06005859375 0.2819010416666667 0.0068359375 0.01171875
0.0 0.064453125 0.2643229166666667 0.005859375 0.010416666666666666
0.0 0.0849609375 0.2669270833333333 0.005859375 0.010416666666666666
0.0 0.10302734375 0.2623697916666667 0.0048828125 0.009114583333333334
0.0 0.10107421875 0.24934895833333334 0.0048828125 0.009114583333333334
0.0 0.08154296875 0.2545572916666667 0.0048828125 0.009114583333333334
0.0 0.06689453125 0.24934895833333334 0.0048828125 0.009114583333333334
0.0 0.08544921875 0.23893229166666666 0.0048828125 0.009114583333333334
0.0 0.10595703125 0.23828125 0.0048828125 0.010416666666666666
0.0 0.06982421875 0.23763020833333334 0.0048828125 0.009114583333333334
0.0 0.09130859375 0.24934895833333334 0.0029296875 0.006510416666666667
0.0 0.14599609375 0.3014322916666667 0.0048828125 0.01171875
0.0 0.1396484375 0.30078125 0.00390625 0.0078125
0.0 0.1240234375 0.3046875 0.005859375 0.010416666666666666
0.0 0.12939453125 0.3014322916666667 0.0068359375 0.01171875
0.0 0.11962890625 0.287109375 0.0048828125 0.009114583333333334
0.0 0.12451171875 0.287109375 0.0048828125 0.009114583333333334
0.0 0.119140625 0.2740885416666667 0.005859375 0.009114583333333334
0.0 0.1337890625 0.283203125 0.005859375 0.01171875
0.0 0.14013671875 0.291015625 0.0048828125 0.009114583333333334
0.0 0.15625 0.287109375 0.005859375 0.01171875
0.0 0.1552734375 0.275390625 0.005859375 0.009114583333333334
0.0 0.16064453125 0.267578125 0.0048828125 0.009114583333333334
0.0 0.14501953125 0.2649739583333333 0.0068359375 0.01171875
0.0 0.1376953125 0.2591145833333333 0.005859375 0.0078125
0.0 0.123046875 0.2669270833333333 0.005859375 0.010416666666666666
0.0 0.1181640625 0.265625 0.00390625 0.0078125
0.0 0.1181640625 0.2513020833333333 0.005859375 0.010416666666666666
0.0 0.12353515625 0.234375 0.0048828125 0.013020833333333334
0.0 0.142578125 0.23502604166666666 0.005859375 0.01171875
0.0 0.1435546875 0.24934895833333334 0.005859375 0.01171875
0.0 0.15966796875 0.2513020833333333 0.0048828125 0.010416666666666666
0.0 0.1611328125 0.23763020833333334 0.005859375 0.009114583333333334
0.0 0.15625 0.23046875 0.005859375 0.010416666666666666
0.0 0.298828125 0.3196614583333333 0.005859375 0.01171875
0.0 0.2763671875 0.32421875 0.005859375 0.013020833333333334
0.0 0.2744140625 0.314453125 0.005859375 0.009114583333333334
0.0 0.25830078125 0.32421875 0.0068359375 0.010416666666666666
0.0 0.259765625 0.3001302083333333 0.005859375 0.01171875
0.0 0.2802734375 0.298828125 0.005859375 0.01171875
0.0 0.29931640625 0.30078125 0.0068359375 0.013020833333333334
0.0 0.3017578125 0.2858072916666667 0.005859375 0.01171875
0.0 0.2822265625 0.28515625 0.005859375 0.010416666666666666
0.0 0.26513671875 0.2864583333333333 0.0068359375 0.013020833333333334
0.0 0.26953125 0.2721354166666667 0.005859375 0.010416666666666666
0.0 0.24853515625 0.271484375 0.0068359375 0.01171875
0.0 0.25537109375 0.2610677083333333 0.0048828125 0.009114583333333334
0.0 0.2744140625 0.259765625 0.005859375 0.01171875
0.0 0.2890625 0.271484375 0.005859375 0.01171875
0.0 0.291015625 0.26171875 0.005859375 0.010416666666666666
0.0 0.30859375 0.26953125 0.005859375 0.010416666666666666
0.0 0.310546875 0.2552083333333333 0.005859375 0.010416666666666666
0.0 0.78173828125 0.294921875 0.0068359375 0.01171875
0.0 0.76123046875 0.294921875 0.0068359375 0.01171875
0.0 0.74267578125 0.2942708333333333 0.0068359375 0.013020833333333334
0.0 0.72314453125 0.294921875 0.0068359375 0.01171875
0.0 0.720703125 0.2786458333333333 0.005859375 0.010416666666666666
0.0 0.74169921875 0.2786458333333333 0.0068359375 0.013020833333333334
0.0 0.70068359375 0.283203125 0.0068359375 0.01171875
0.0 0.6904296875 0.2838541666666667 0.005859375 0.010416666666666666
0.0 0.69189453125 0.2682291666666667 0.0068359375 0.010416666666666666
0.0 0.6943359375 0.251953125 0.005859375 0.01171875
0.0 0.71142578125 0.2649739583333333 0.0068359375 0.01171875
0.0 0.73046875 0.26171875 0.005859375 0.010416666666666666
0.0 0.71484375 0.2506510416666667 0.005859375 0.01171875
0.0 0.76904296875 0.2727864583333333 0.0048828125 0.009114583333333334
0.0 0.76416015625 0.2799479166666667 0.0068359375 0.013020833333333334
0.0 0.78271484375 0.2786458333333333 0.0068359375 0.013020833333333334
0.0 0.79248046875 0.2623697916666667 0.0068359375 0.01171875
0.0 0.7509765625 0.2649739583333333 0.005859375 0.01171875
0.0 0.76904296875 0.2649739583333333 0.0068359375 0.01171875
0.0 0.7578125 0.2506510416666667 0.005859375 0.014322916666666666
0.0 0.78369140625 0.251953125 0.0068359375 0.014322916666666666
0.0 0.7353515625 0.251953125 0.005859375 0.01171875
0.0 0.74853515625 0.23763020833333334 0.0048828125 0.01171875
0.0 0.76708984375 0.23958333333333334 0.0068359375 0.013020833333333334
0.0 0.7578125 0.24283854166666666 0.005859375 0.01171875
0.0 0.73095703125 0.23567708333333334 0.0068359375 0.013020833333333334
0.0 0.7119140625 0.236328125 0.005859375 0.01171875
0.0 0.69580078125 0.22916666666666666 0.0048828125 0.010416666666666666
0.0 0.7890625 0.22200520833333334 0.0078125 0.009114583333333334
0.0 0.76220703125 0.22265625 0.0048828125 0.010416666666666666
0.0 0.7802734375 0.19791666666666666 0.005859375 0.010416666666666666
0.0 0.7744140625 0.18619791666666666 0.005859375 0.010416666666666666
0.0 0.7861328125 0.17122395833333334 0.005859375 0.009114583333333334
0.0 0.798828125 0.166015625 0.00390625 0.009114583333333334
0.0 0.79296875 0.16080729166666666 0.005859375 0.01171875
0.0 0.771484375 0.15885416666666666 0.005859375 0.010416666666666666
0.0 0.7607421875 0.16927083333333334 0.005859375 0.013020833333333334
0.0 0.75927734375 0.19791666666666666 0.0068359375 0.010416666666666666
0.0 0.7490234375 0.20768229166666666 0.005859375 0.01171875
0.0 0.75341796875 0.18815104166666666 0.0048828125 0.009114583333333334
0.0 0.74072265625 0.189453125 0.0068359375 0.01171875
0.0 0.740234375 0.20377604166666666 0.005859375 0.009114583333333334
0.0 0.75439453125 0.19921875 0.0048828125 0.0078125
0.0 0.7919921875 0.14518229166666666 0.005859375 0.01171875
0.0 0.7744140625 0.1484375 0.005859375 0.010416666666666666
0.0 0.75048828125 0.158203125 0.0048828125 0.009114583333333334
0.0 0.7392578125 0.17252604166666666 0.005859375 0.009114583333333334
0.0 0.7607421875 0.15559895833333334 0.005859375 0.006510416666666667
0.0 0.74951171875 0.14778645833333334 0.0048828125 0.009114583333333334
0.0 0.7509765625 0.13541666666666666 0.005859375 0.010416666666666666
0.0 0.771484375 0.12890625 0.005859375 0.013020833333333334
0.0 0.767578125 0.130859375 0.00390625 0.009114583333333334
0.0 0.79052734375 0.12955729166666666 0.0048828125 0.014322916666666666
0.0 0.7900390625 0.11067708333333333 0.005859375 0.010416666666666666
0.0 0.783203125 0.103515625 0.005859375 0.01171875
0.0 0.76171875 0.14973958333333334 0.005859375 0.010416666666666666
0.0 0.76611328125 0.10872395833333333 0.0048828125 0.009114583333333334
0.0 0.7509765625 0.11067708333333333 0.005859375 0.010416666666666666
0.0 0.76220703125 0.08919270833333333 0.0048828125 0.01171875
0.0 0.74365234375 0.08919270833333333 0.0048828125 0.009114583333333334
0.0 0.74658203125 0.06966145833333333 0.0048828125 0.009114583333333334
0.0 0.78271484375 0.0859375 0.0048828125 0.010416666666666666
0.0 0.76513671875 0.068359375 0.0048828125 0.009114583333333334
0.0 0.7861328125 0.06575520833333333 0.00390625 0.009114583333333334
0.0 0.78173828125 0.064453125 0.0048828125 0.009114583333333334
0.0 0.76513671875 0.044270833333333336 0.0048828125 0.0078125
0.0 0.6708984375 0.2786458333333333 0.005859375 0.013020833333333334
0.0 0.67578125 0.265625 0.005859375 0.010416666666666666
0.0 0.65576171875 0.267578125 0.0068359375 0.009114583333333334
0.0 0.66357421875 0.2552083333333333 0.0048828125 0.013020833333333334
0.0 0.673828125 0.2578125 0.00390625 0.0078125
0.0 0.671875 0.23828125 0.005859375 0.010416666666666666
0.0 0.689453125 0.240234375 0.005859375 0.01171875
0.0 0.677734375 0.22916666666666666 0.005859375 0.010416666666666666
0.0 0.67333984375 0.21744791666666666 0.0048828125 0.0078125
0.0 0.66015625 0.22916666666666666 0.005859375 0.010416666666666666
0.0 0.65185546875 0.24283854166666666 0.0048828125 0.01171875
0.0 0.64404296875 0.2591145833333333 0.0068359375 0.010416666666666666
0.0 0.6474609375 0.283203125 0.005859375 0.01171875
0.0 0.6357421875 0.2701822916666667 0.005859375 0.01171875
0.0 0.62841796875 0.2584635416666667 0.0068359375 0.01171875
0.0 0.6328125 0.24348958333333334 0.005859375 0.013020833333333334
0.0 0.642578125 0.22395833333333334 0.005859375 0.013020833333333334
0.0 0.65576171875 0.21614583333333334 0.0048828125 0.010416666666666666
0.0 0.6494140625 0.21744791666666666 0.00390625 0.0078125
0.0 0.6337890625 0.21549479166666666 0.005859375 0.01171875
0.0 0.619140625 0.23111979166666666 0.005859375 0.01171875
0.0 0.73486328125 0.22265625 0.0048828125 0.010416666666666666
0.0 0.73095703125 0.21028645833333334 0.0048828125 0.009114583333333334
0.0 0.724609375 0.20768229166666666 0.005859375 0.009114583333333334
0.0 0.7158203125 0.205078125 0.005859375 0.009114583333333334
0.0 0.7109375 0.21158854166666666 0.005859375 0.01171875
0.0 0.71240234375 0.22330729166666666 0.0048828125 0.01171875
0.0 0.6943359375 0.21354166666666666 0.005859375 0.010416666666666666
0.0 0.70068359375 0.20638020833333334 0.0068359375 0.01171875
0.0 0.701171875 0.19401041666666666 0.005859375 0.010416666666666666
0.0 0.72265625 0.18684895833333334 0.005859375 0.01171875
0.0 0.67578125 0.19856770833333334 0.005859375 0.01171875
0.0 0.6640625 0.201171875 0.005859375 0.01171875
0.0 0.66845703125 0.189453125 0.0048828125 0.01171875
0.0 0.662109375 0.19205729166666666 0.005859375 0.009114583333333334
0.0 0.6865234375 0.189453125 0.005859375 0.01171875
0.0 0.68359375 0.17708333333333334 0.005859375 0.010416666666666666
0.0 0.66552734375 0.17838541666666666 0.0048828125 0.010416666666666666
0.0 0.6708984375 0.16861979166666666 0.005859375 0.009114583333333334
0.0 0.67919921875 0.18684895833333334 0.0048828125 0.009114583333333334
0.0 0.705078125 0.17447916666666666 0.005859375 0.013020833333333334
0.0 0.7236328125 0.17578125 0.005859375 0.010416666666666666
0.0 0.7275390625 0.166015625 0.005859375 0.009114583333333334
0.0 0.7080078125 0.16471354166666666 0.005859375 0.009114583333333334
0.0 0.68994140625 0.16666666666666666 0.0048828125 0.010416666666666666
0.0 0.69677734375 0.16536458333333334 0.0048828125 0.0078125
0.0 0.73583984375 0.15364583333333334 0.0048828125 0.0078125
0.0 0.73388671875 0.14127604166666666 0.0048828125 0.009114583333333334
0.0 0.7216796875 0.1484375 0.005859375 0.010416666666666666
0.0 0.7109375 0.14973958333333334 0.005859375 0.010416666666666666
0.0 0.7197265625 0.13216145833333334 0.005859375 0.01171875
0.0 0.697265625 0.13932291666666666 0.005859375 0.010416666666666666
0.0 0.6796875 0.154296875 0.005859375 0.01171875
0.0 0.67578125 0.142578125 0.005859375 0.01171875
0.0 0.662109375 0.15559895833333334 0.005859375 0.009114583333333334
0.0 0.73046875 0.11458333333333333 0.005859375 0.010416666666666666
0.0 0.7099609375 0.11393229166666667 0.005859375 0.009114583333333334
0.0 0.70654296875 0.13020833333333334 0.0048828125 0.010416666666666666
0.0 0.69970703125 0.12109375 0.0048828125 0.010416666666666666
0.0 0.68408203125 0.1171875 0.0048828125 0.0078125
0.0 0.68212890625 0.107421875 0.0048828125 0.009114583333333334
0.0 0.70263671875 0.091796875 0.0048828125 0.009114583333333334
0.0 0.72265625 0.08854166666666667 0.005859375 0.010416666666666666
0.0 0.68896484375 0.091796875 0.0068359375 0.01171875
0.0 0.70166015625 0.08268229166666667 0.0048828125 0.006510416666666667
0.0 0.666015625 0.1171875 0.005859375 0.010416666666666666
0.0 0.66162109375 0.10416666666666667 0.0048828125 0.010416666666666666
0.0 0.65380859375 0.11783854166666667 0.0048828125 0.009114583333333334
0.0 0.6591796875 0.140625 0.005859375 0.010416666666666666
0.0 0.68603515625 0.13346354166666666 0.0048828125 0.009114583333333334
0.0 0.6806640625 0.126953125 0.00390625 0.006510416666666667
0.0 0.65869140625 0.09049479166666667 0.0048828125 0.009114583333333334
0.0 0.68408203125 0.078125 0.0048828125 0.0078125
0.0 0.7958984375 0.09700520833333333 0.00390625 0.006510416666666667
0.0 0.79833984375 0.08723958333333333 0.0048828125 0.010416666666666666
0.0 0.79638671875 0.06315104166666667 0.0048828125 0.009114583333333334
0.0 0.79638671875 0.053385416666666664 0.0048828125 0.010416666666666666
0.0 0.73876953125 0.053385416666666664 0.0048828125 0.010416666666666666
0.0 0.72900390625 0.06770833333333333 0.0048828125 0.0078125
0.0 0.72802734375 0.0546875 0.0048828125 0.010416666666666666
0.0 0.71142578125 0.07096354166666667 0.0048828125 0.009114583333333334
0.0 0.70849609375 0.051432291666666664 0.0048828125 0.009114583333333334
0.0 0.73486328125 0.033203125 0.0048828125 0.009114583333333334
0.0 0.7138671875 0.061197916666666664 0.005859375 0.0078125
0.0 0.6162109375 0.2662760416666667 0.005859375 0.01171875
0.0 0.60693359375 0.2591145833333333 0.0068359375 0.013020833333333334
0.0 0.59716796875 0.2740885416666667 0.0068359375 0.01171875
0.0 0.591796875 0.2630208333333333 0.005859375 0.010416666666666666
0.0 0.58447265625 0.2623697916666667 0.0048828125 0.009114583333333334
0.0 0.57470703125 0.259765625 0.0068359375 0.01171875
0.0 0.56787109375 0.2669270833333333 0.0068359375 0.010416666666666666
0.0 0.552734375 0.2643229166666667 0.005859375 0.010416666666666666
0.0 0.56103515625 0.248046875 0.0068359375 0.009114583333333334
0.0 0.5751953125 0.24674479166666666 0.005859375 0.009114583333333334
0.0 0.59619140625 0.240234375 0.0048828125 0.01171875
0.0 0.6171875 0.24088541666666666 0.005859375 0.010416666666666666
0.0 0.59765625 0.228515625 0.005859375 0.009114583333333334
0.0 0.60205078125 0.22330729166666666 0.0048828125 0.009114583333333334
0.0 0.6142578125 0.216796875 0.005859375 0.009114583333333334
0.0 0.60693359375 0.21549479166666666 0.0048828125 0.009114583333333334
0.0 0.580078125 0.23177083333333334 0.005859375 0.010416666666666666
0.0 0.58740234375 0.21419270833333334 0.0048828125 0.009114583333333334
0.0 0.5927734375 0.20572916666666666 0.005859375 0.010416666666666666
0.0 0.60791015625 0.203125 0.0048828125 0.010416666666666666
0.0 0.62841796875 0.19791666666666666 0.0048828125 0.010416666666666666
0.0 0.6240234375 0.201171875 0.00390625 0.009114583333333334
0.0 0.5703125 0.21419270833333334 0.005859375 0.01171875
0.0 0.576171875 0.20442708333333334 0.005859375 0.010416666666666666
0.0 0.5615234375 0.23502604166666666 0.005859375 0.009114583333333334
0.0 0.5478515625 0.21809895833333334 0.005859375 0.01171875
0.0 0.5546875 0.208984375 0.005859375 0.01171875
0.0 0.55712890625 0.1953125 0.0048828125 0.010416666666666666
0.0 0.57861328125 0.19205729166666666 0.0048828125 0.009114583333333334
0.0 0.59326171875 0.19401041666666666 0.0048828125 0.010416666666666666
0.0 0.60205078125 0.2845052083333333 0.0048828125 0.009114583333333334
0.0 0.64306640625 0.19986979166666666 0.0048828125 0.009114583333333334
0.0 0.65283203125 0.20638020833333334 0.0048828125 0.006510416666666667
0.0 0.65185546875 0.189453125 0.0048828125 0.01171875
0.0 0.62939453125 0.18815104166666666 0.0048828125 0.009114583333333334
0.0 0.62646484375 0.173828125 0.0048828125 0.009114583333333334
0.0 0.611328125 0.19010416666666666 0.005859375 0.010416666666666666
0.0 0.6005859375 0.19466145833333334 0.005859375 0.006510416666666667
0.0 0.59716796875 0.17903645833333334 0.0048828125 0.009114583333333334
0.0 0.59912109375 0.16927083333333334 0.0048828125 0.010416666666666666
0.0 0.61962890625 0.169921875 0.0048828125 0.009114583333333334
0.0 0.61572265625 0.15559895833333334 0.0048828125 0.009114583333333334
0.0 0.6376953125 0.166015625 0.005859375 0.01171875
0.0 0.6474609375 0.17447916666666666 0.005859375 0.013020833333333334
0.0 0.65625 0.16861979166666666 0.005859375 0.01171875
0.0 0.65234375 0.15950520833333334 0.00390625 0.009114583333333334
0.0 0.64111328125 0.1484375 0.0048828125 0.0078125
0.0 0.6396484375 0.15494791666666666 0.005859375 0.0078125
0.0 0.64111328125 0.13802083333333334 0.0048828125 0.010416666666666666
0.0 0.62646484375 0.14127604166666666 0.0048828125 0.009114583333333334
0.0 0.61279296875 0.142578125 0.0048828125 0.009114583333333334
0.0 0.60107421875 0.15299479166666666 0.0048828125 0.009114583333333334
0.0 0.58935546875 0.15885416666666666 0.0048828125 0.0078125
0.0 0.58251953125 0.17122395833333334 0.0048828125 0.009114583333333334
0.0 0.59619140625 0.15625 0.0048828125 0.010416666666666666
0.0 0.58154296875 0.18229166666666666 0.0048828125 0.010416666666666666
0.0 0.56982421875 0.16015625 0.0048828125 0.010416666666666666
0.0 0.57666015625 0.1640625 0.0048828125 0.0078125
0.0 0.59716796875 0.13997395833333334 0.0048828125 0.01171875
0.0 0.5712890625 0.14322916666666666 0.00390625 0.0078125
0.0 0.556640625 0.181640625 0.005859375 0.009114583333333334
0.0 0.56298828125 0.17122395833333334 0.0048828125 0.009114583333333334
0.0 0.54833984375 0.17317708333333334 0.0048828125 0.010416666666666666
0.0 0.646484375 0.12239583333333333 0.0078125 0.010416666666666666
0.0 0.6533203125 0.14192708333333334 0.00390625 0.0078125
0.0 0.63525390625 0.12044270833333333 0.0068359375 0.01171875
0.0 0.60498046875 0.11848958333333333 0.0068359375 0.013020833333333334
0.0 0.61083984375 0.10611979166666667 0.0048828125 0.009114583333333334
0.0 0.59619140625 0.11458333333333333 0.0048828125 0.0078125
0.0 0.61962890625 0.11848958333333333 0.0068359375 0.010416666666666666
0.0 0.6484375 0.09244791666666667 0.00390625 0.0078125
0.0 0.63916015625 0.1015625 0.0048828125 0.0078125
0.0 0.62646484375 0.09114583333333333 0.0048828125 0.010416666666666666
0.0 0.61181640625 0.09440104166666667 0.0048828125 0.009114583333333334
0.0 0.61962890625 0.09309895833333333 0.0048828125 0.01171875
0.0 0.65087890625 0.076171875 0.0048828125 0.01171875
0.0 0.6630859375 0.076171875 0.005859375 0.009114583333333334
0.0 0.60107421875 0.07942708333333333 0.0048828125 0.010416666666666666
0.0 0.62060546875 0.076171875 0.0048828125 0.009114583333333334
0.0 0.63134765625 0.076171875 0.0048828125 0.01171875
0.0 0.591796875 0.09440104166666667 0.005859375 0.01171875
0.0 0.58251953125 0.115234375 0.0048828125 0.01171875
0.0 0.5703125 0.12109375 0.005859375 0.010416666666666666
0.0 0.5712890625 0.09635416666666667 0.005859375 0.010416666666666666
0.0 0.56396484375 0.11783854166666667 0.0048828125 0.009114583333333334
0.0 0.55224609375 0.11979166666666667 0.0048828125 0.010416666666666666
0.0 0.56005859375 0.14322916666666666 0.0048828125 0.010416666666666666
0.0 0.55419921875 0.16341145833333334 0.0048828125 0.009114583333333334
0.0 0.54150390625 0.15950520833333334 0.0048828125 0.009114583333333334
0.0 0.52783203125 0.14518229166666666 0.0048828125 0.009114583333333334
0.0 0.54443359375 0.14778645833333334 0.0048828125 0.009114583333333334
0.0 0.52392578125 0.162109375 0.0048828125 0.009114583333333334
0.0 0.53271484375 0.12369791666666667 0.0048828125 0.010416666666666666
0.0 0.52978515625 0.11393229166666667 0.0048828125 0.009114583333333334
0.0 0.54541015625 0.11263020833333333 0.0048828125 0.009114583333333334
0.0 0.55078125 0.09765625 0.005859375 0.010416666666666666
0.0 0.556640625 0.07877604166666667 0.005859375 0.009114583333333334
0.0 0.533203125 0.10026041666666667 0.00390625 0.0078125
0.0 0.5400390625 0.07682291666666667 0.00390625 0.0078125
0.0 0.51806640625 0.10221354166666667 0.0048828125 0.009114583333333334
0.0 0.52197265625 0.07747395833333333 0.0048828125 0.009114583333333334
0.0 0.50390625 0.2877604166666667 0.005859375 0.013020833333333334
0.0 0.5166015625 0.27734375 0.005859375 0.010416666666666666
0.0 0.52294921875 0.2877604166666667 0.0068359375 0.010416666666666666
0.0 0.53466796875 0.2623697916666667 0.0068359375 0.01171875
0.0 0.54345703125 0.24609375 0.0048828125 0.010416666666666666
0.0 0.55029296875 0.2421875 0.0048828125 0.010416666666666666
0.0 0.517578125 0.26171875 0.005859375 0.010416666666666666
0.0 0.5126953125 0.2506510416666667 0.005859375 0.01171875
0.0 0.525390625 0.24088541666666666 0.005859375 0.010416666666666666
0.0 0.49951171875 0.2727864583333333 0.0048828125 0.009114583333333334
0.0 0.5009765625 0.26171875 0.005859375 0.010416666666666666
0.0 0.49658203125 0.2532552083333333 0.0048828125 0.009114583333333334
0.0 0.48583984375 0.28515625 0.0068359375 0.010416666666666666
0.0 0.486328125 0.2506510416666667 0.005859375 0.01171875
0.0 0.46875 0.2845052083333333 0.005859375 0.01171875
0.0 0.46240234375 0.283203125 0.0048828125 0.009114583333333334
0.0 0.45751953125 0.28515625 0.0068359375 0.010416666666666666
0.0 0.451171875 0.2877604166666667 0.005859375 0.013020833333333334
0.0 0.46240234375 0.2701822916666667 0.0068359375 0.01171875
0.0 0.4794921875 0.2623697916666667 0.005859375 0.009114583333333334
0.0 0.48095703125 0.2747395833333333 0.0048828125 0.010416666666666666
0.0 0.44677734375 0.2786458333333333 0.0048828125 0.0078125
0.0 0.4326171875 0.2701822916666667 0.005859375 0.009114583333333334
0.0 0.4404296875 0.2623697916666667 0.005859375 0.01171875
0.0 0.46142578125 0.259765625 0.0048828125 0.009114583333333334
0.0 0.46728515625 0.2545572916666667 0.0048828125 0.009114583333333334
0.0 0.4677734375 0.24348958333333334 0.005859375 0.010416666666666666
0.0 0.44775390625 0.24544270833333334 0.0068359375 0.01171875
0.0 0.4306640625 0.24739583333333334 0.005859375 0.010416666666666666
0.0 0.4326171875 0.234375 0.005859375 0.010416666666666666
0.0 0.4912109375 0.23372395833333334 0.005859375 0.009114583333333334
0.0 0.48681640625 0.3248697916666667 0.0068359375 0.01171875
0.0 0.4580078125 0.3313802083333333 0.005859375 0.009114583333333334
0.0 0.42822265625 0.3333333333333333 0.0048828125 0.0078125
0.0 0.49658203125 0.3190104166666667 0.0068359375 0.010416666666666666
0.0 0.54296875 0.22916666666666666 0.005859375 0.010416666666666666
0.0 0.52197265625 0.224609375 0.0048828125 0.009114583333333334
0.0 0.5224609375 0.23307291666666666 0.005859375 0.0078125
0.0 0.5302734375 0.21809895833333334 0.005859375 0.01171875
0.0 0.5361328125 0.20703125 0.005859375 0.013020833333333334
0.0 0.54150390625 0.197265625 0.0048828125 0.009114583333333334
0.0 0.5390625 0.1796875 0.005859375 0.010416666666666666
0.0 0.53515625 0.171875 0.00390625 0.0078125
0.0 0.52783203125 0.171875 0.0048828125 0.010416666666666666
0.0 0.52197265625 0.1953125 0.0048828125 0.010416666666666666
0.0 0.51318359375 0.21158854166666666 0.0048828125 0.01171875
0.0 0.50830078125 0.220703125 0.0048828125 0.009114583333333334
0.0 0.50634765625 0.19986979166666666 0.0048828125 0.01171875
0.0 0.50732421875 0.17903645833333334 0.0048828125 0.01171875
0.0 0.5126953125 0.17122395833333334 0.00390625 0.009114583333333334
0.0 0.49560546875 0.173828125 0.0048828125 0.009114583333333334
0.0 0.5029296875 0.22916666666666666 0.005859375 0.010416666666666666
0.0 0.49072265625 0.216796875 0.0048828125 0.01171875
0.0 0.4921875 0.20442708333333334 0.005859375 0.010416666666666666
0.0 0.4697265625 0.23111979166666666 0.005859375 0.009114583333333334
0.0 0.470703125 0.21875 0.005859375 0.010416666666666666
0.0 0.45068359375 0.23177083333333334 0.0048828125 0.010416666666666666
0.0 0.48974609375 0.24088541666666666 0.0048828125 0.0078125
0.0 0.4560546875 0.2578125 0.00390625 0.0078125
0.0 0.45751953125 0.2109375 0.0048828125 0.0078125
0.0 0.47607421875 0.20963541666666666 0.0048828125 0.010416666666666666
0.0 0.48583984375 0.19401041666666666 0.0048828125 0.010416666666666666
0.0 0.4521484375 0.220703125 0.005859375 0.009114583333333334
0.0 0.4404296875 0.20703125 0.005859375 0.013020833333333334
0.0 0.4521484375 0.19596354166666666 0.00390625 0.009114583333333334
0.0 0.470703125 0.19596354166666666 0.005859375 0.009114583333333334
0.0 0.48583984375 0.17838541666666666 0.0048828125 0.010416666666666666
0.0 0.46826171875 0.18229166666666666 0.0048828125 0.010416666666666666
0.0 0.4521484375 0.18033854166666666 0.005859375 0.01171875
0.0 0.439453125 0.171875 0.005859375 0.010416666666666666
0.0 0.4541015625 0.16861979166666666 0.005859375 0.009114583333333334
0.0 0.4560546875 0.15950520833333334 0.00390625 0.009114583333333334
0.0 0.46142578125 0.1640625 0.0048828125 0.0078125
0.0 0.470703125 0.169921875 0.005859375 0.01171875
0.0 0.45947265625 0.18033854166666666 0.0029296875 0.009114583333333334
0.0 0.47265625 0.158203125 0.005859375 0.009114583333333334
0.0 0.47998046875 0.14518229166666666 0.0048828125 0.009114583333333334
0.0 0.49169921875 0.15494791666666666 0.0048828125 0.010416666666666666
0.0 0.51025390625 0.16471354166666666 0.0048828125 0.006510416666666667
0.0 0.50634765625 0.14322916666666666 0.0048828125 0.010416666666666666
0.0 0.46435546875 0.14713541666666666 0.0048828125 0.010416666666666666
0.0 0.447265625 0.14713541666666666 0.005859375 0.010416666666666666
0.0 0.43701171875 0.19401041666666666 0.0048828125 0.010416666666666666
0.0 0.51318359375 0.12044270833333333 0.0048828125 0.009114583333333334
0.0 0.5087890625 0.11197916666666667 0.00390625 0.010416666666666666
0.0 0.49267578125 0.12044270833333333 0.0048828125 0.01171875
0.0 0.486328125 0.11783854166666667 0.00390625 0.009114583333333334
0.0 0.49853515625 0.10091145833333333 0.0048828125 0.009114583333333334
0.0 0.470703125 0.1171875 0.00390625 0.0078125
0.0 0.46484375 0.12369791666666667 0.005859375 0.010416666666666666
0.0 0.453125 0.11848958333333333 0.00390625 0.0078125
0.0 0.45458984375 0.099609375 0.0048828125 0.009114583333333334
0.0 0.43505859375 0.11588541666666667 0.0048828125 0.0078125
0.0 0.43896484375 0.10221354166666667 0.0048828125 0.009114583333333334
0.0 0.47412109375 0.09700520833333333 0.0048828125 0.009114583333333334
0.0 0.5546875 0.060546875 0.00390625 0.009114583333333334
0.0 0.54248046875 0.060546875 0.0048828125 0.009114583333333334
0.0 0.50830078125 0.061197916666666664 0.0048828125 0.010416666666666666
0.0 0.5009765625 0.07942708333333333 0.005859375 0.010416666666666666
0.0 0.47265625 0.083984375 0.005859375 0.009114583333333334
0.0 0.45458984375 0.08333333333333333 0.0048828125 0.010416666666666666
0.0 0.4375 0.08333333333333333 0.00390625 0.010416666666666666
0.0 0.49658203125 0.054036458333333336 0.0068359375 0.01171875
0.0 0.42333984375 0.083984375 0.0048828125 0.009114583333333334
0.0 0.4169921875 0.08658854166666667 0.00390625 0.009114583333333334
0.0 0.42578125 0.12239583333333333 0.005859375 0.010416666666666666
0.0 0.43359375 0.09765625 0.005859375 0.013020833333333334
0.0 0.412109375 0.11588541666666667 0.005859375 0.010416666666666666
0.0 0.40869140625 0.061848958333333336 0.0048828125 0.01171875
0.0 0.40283203125 0.080078125 0.0048828125 0.009114583333333334
0.0 0.39990234375 0.10026041666666667 0.0048828125 0.010416666666666666
0.0 0.43115234375 0.18098958333333334 0.0048828125 0.010416666666666666
0.0 0.42822265625 0.14322916666666666 0.0048828125 0.010416666666666666
0.0 0.40771484375 0.14453125 0.0048828125 0.010416666666666666
0.0 0.41748046875 0.1484375 0.0048828125 0.0078125
0.0 0.4072265625 0.12630208333333334 0.00390625 0.0078125
0.0 0.3955078125 0.119140625 0.00390625 0.009114583333333334
0.0 0.40380859375 0.15885416666666666 0.0048828125 0.010416666666666666
0.0 0.42041015625 0.15755208333333334 0.0048828125 0.0078125
0.0 0.4140625 0.15885416666666666 0.00390625 0.0078125
0.0 0.42236328125 0.16796875 0.0048828125 0.010416666666666666
0.0 0.43408203125 0.16861979166666666 0.0048828125 0.009114583333333334
0.0 0.41650390625 0.18294270833333334 0.0048828125 0.009114583333333334
0.0 0.404296875 0.17252604166666666 0.005859375 0.01171875
0.0 0.41943359375 0.19661458333333334 0.0048828125 0.010416666666666666
0.0 0.4208984375 0.20638020833333334 0.005859375 0.01171875
0.0 0.4140625 0.20833333333333334 0.005859375 0.010416666666666666
0.0 0.41552734375 0.21614583333333334 0.0068359375 0.010416666666666666
0.0 0.396484375 0.216796875 0.005859375 0.01171875
0.0 0.4033203125 0.20182291666666666 0.005859375 0.0078125
0.0 0.38916015625 0.17513020833333334 0.0048828125 0.009114583333333334
0.0 0.38427734375 0.171875 0.0048828125 0.010416666666666666
0.0 0.38818359375 0.16080729166666666 0.0048828125 0.01171875
0.0 0.392578125 0.146484375 0.00390625 0.009114583333333334
0.0 0.37744140625 0.15169270833333334 0.0048828125 0.009114583333333334
0.0 0.37158203125 0.17122395833333334 0.0048828125 0.01171875
0.0 0.36767578125 0.18098958333333334 0.0048828125 0.010416666666666666
0.0 0.36865234375 0.15950520833333334 0.0048828125 0.009114583333333334
0.0 0.3876953125 0.12369791666666667 0.005859375 0.013020833333333334
0.0 0.43994140625 0.12369791666666667 0.0029296875 0.0078125
0.0 0.42724609375 0.2864583333333333 0.0048828125 0.010416666666666666
0.0 0.42236328125 0.2610677083333333 0.0048828125 0.01171875
0.0 0.41552734375 0.23307291666666666 0.0048828125 0.010416666666666666
0.0 0.41015625 0.244140625 0.005859375 0.01171875
0.0 0.3984375 0.23307291666666666 0.005859375 0.010416666666666666
0.0 0.390625 0.24544270833333334 0.005859375 0.01171875
0.0 0.3779296875 0.21809895833333334 0.005859375 0.009114583333333334
0.0 0.38623046875 0.22005208333333334 0.0048828125 0.0078125
0.0 0.3720703125 0.23177083333333334 0.005859375 0.013020833333333334
0.0 0.37158203125 0.24544270833333334 0.0048828125 0.01171875
0.0 0.3701171875 0.2591145833333333 0.005859375 0.010416666666666666
0.0 0.3857421875 0.26953125 0.005859375 0.013020833333333334
0.0 0.38916015625 0.2578125 0.0048828125 0.010416666666666666
0.0 0.4033203125 0.2630208333333333 0.005859375 0.010416666666666666
0.0 0.365234375 0.271484375 0.005859375 0.01171875
0.0 0.34814453125 0.2727864583333333 0.0048828125 0.009114583333333334
0.0 0.3505859375 0.2623697916666667 0.005859375 0.01171875
0.0 0.3447265625 0.2623697916666667 0.00390625 0.006510416666666667
0.0 0.32568359375 0.2708333333333333 0.0048828125 0.010416666666666666
0.0 0.3310546875 0.2571614583333333 0.005859375 0.01171875
0.0 0.33984375 0.22981770833333334 0.005859375 0.01171875
0.0 0.333984375 0.22721354166666666 0.005859375 0.01171875
0.0 0.314453125 0.228515625 0.005859375 0.01171875
0.0 0.3046875 0.236328125 0.005859375 0.01171875
0.0 0.35107421875 0.171875 0.0048828125 0.010416666666666666
0.0 0.3603515625 0.14778645833333334 0.00390625 0.009114583333333334
0.0 0.3505859375 0.16080729166666666 0.005859375 0.01171875
0.0 0.359375 0.15625 0.005859375 0.013020833333333334
0.0 0.34130859375 0.14778645833333334 0.0048828125 0.009114583333333334
0.0 0.33544921875 0.14518229166666666 0.0029296875 0.00390625
0.0 0.33447265625 0.16015625 0.0048828125 0.010416666666666666
0.0 0.33642578125 0.171875 0.0048828125 0.010416666666666666
0.0 0.31787109375 0.17317708333333334 0.0048828125 0.010416666666666666
0.0 0.31787109375 0.15885416666666666 0.0048828125 0.010416666666666666
0.0 0.32568359375 0.14583333333333334 0.0048828125 0.010416666666666666
0.0 0.30712890625 0.14713541666666666 0.0048828125 0.010416666666666666
0.0 0.30859375 0.162109375 0.005859375 0.01171875
0.0 0.283203125 0.162109375 0.005859375 0.009114583333333334
0.0 0.28076171875 0.171875 0.0048828125 0.010416666666666666
0.0 0.29345703125 0.14583333333333334 0.0048828125 0.010416666666666666
0.0 0.275390625 0.14973958333333334 0.005859375 0.010416666666666666
0.0 0.341796875 0.12565104166666666 0.00390625 0.009114583333333334
0.0 0.3486328125 0.126953125 0.005859375 0.009114583333333334
0.0 0.36181640625 0.12109375 0.0048828125 0.010416666666666666
0.0 0.35107421875 0.1171875 0.0048828125 0.010416666666666666
0.0 0.3271484375 0.123046875 0.00390625 0.009114583333333334
0.0 0.33544921875 0.12109375 0.0068359375 0.010416666666666666
0.0 0.30908203125 0.12434895833333333 0.0048828125 0.009114583333333334
0.0 0.29931640625 0.12174479166666667 0.0048828125 0.009114583333333334
0.0 0.29248046875 0.12630208333333334 0.0048828125 0.0078125
0.0 0.27783203125 0.125 0.0048828125 0.010416666666666666
0.0 0.27294921875 0.11653645833333333 0.0048828125 0.009114583333333334
0.0 0.314453125 0.10286458333333333 0.00390625 0.0078125
0.0 0.32275390625 0.103515625 0.0048828125 0.009114583333333334
0.0 0.33447265625 0.10416666666666667 0.0048828125 0.0078125
0.0 0.291015625 0.1015625 0.00390625 0.0078125
0.0 0.27685546875 0.10221354166666667 0.0048828125 0.009114583333333334
0.0 0.2890625 0.22786458333333334 0.005859375 0.013020833333333334
0.0 0.38330078125 0.10026041666666667 0.0048828125 0.010416666666666666
0.0 0.38671875 0.08072916666666667 0.00390625 0.010416666666666666
0.0 0.39013671875 0.06315104166666667 0.0048828125 0.009114583333333334
0.0 0.35986328125 0.08138020833333333 0.0048828125 0.009114583333333334
0.0 0.3603515625 0.09830729166666667 0.00390625 0.01171875
0.0 0.34033203125 0.09830729166666667 0.0048828125 0.009114583333333334
0.0 0.3046875 0.07877604166666667 0.00390625 0.009114583333333334
0.0 0.29248046875 0.08528645833333333 0.0048828125 0.009114583333333334
0.0 0.27783203125 0.083984375 0.0048828125 0.009114583333333334
0.0 0.2470703125 0.2545572916666667 0.0078125 0.009114583333333334
0.0 0.2353515625 0.2662760416666667 0.005859375 0.01171875
0.0 0.22998046875 0.2727864583333333 0.0048828125 0.009114583333333334
0.0 0.2177734375 0.2630208333333333 0.005859375 0.010416666666666666
0.0 0.22998046875 0.2584635416666667 0.0048828125 0.006510416666666667
0.0 0.23681640625 0.24609375 0.0048828125 0.0078125
0.0 0.244140625 0.23307291666666666 0.005859375 0.0078125
0.0 0.2568359375 0.23307291666666666 0.005859375 0.0078125
0.0 0.19775390625 0.2630208333333333 0.0048828125 0.010416666666666666
0.0 0.212890625 0.25 0.005859375 0.010416666666666666
0.0 0.1982421875 0.2513020833333333 0.005859375 0.010416666666666666
0.0 0.22119140625 0.236328125 0.0048828125 0.009114583333333334
0.0 0.208984375 0.22526041666666666 0.005859375 0.010416666666666666
0.0 0.2275390625 0.22265625 0.005859375 0.010416666666666666
0.0 0.24560546875 0.220703125 0.0048828125 0.009114583333333334
0.0 0.25048828125 0.21028645833333334 0.0048828125 0.009114583333333334
0.0 0.22900390625 0.2109375 0.0048828125 0.010416666666666666
0.0 0.236328125 0.22526041666666666 0.00390625 0.0078125
0.0 0.208984375 0.236328125 0.005859375 0.006510416666666667
0.0 0.208984375 0.21028645833333334 0.005859375 0.009114583333333334
0.0 0.27099609375 0.2265625 0.0048828125 0.010416666666666666
0.0 0.27783203125 0.22395833333333334 0.0068359375 0.013020833333333334
0.0 0.2607421875 0.21744791666666666 0.00390625 0.0078125
0.0 0.25439453125 0.20052083333333334 0.0048828125 0.010416666666666666
0.0 0.25341796875 0.18359375 0.0048828125 0.010416666666666666
0.0 0.26611328125 0.171875 0.0048828125 0.010416666666666666
0.0 0.23681640625 0.18815104166666666 0.0048828125 0.009114583333333334
0.0 0.2353515625 0.19791666666666666 0.005859375 0.010416666666666666
0.0 0.24658203125 0.17057291666666666 0.0048828125 0.010416666666666666
0.0 0.21142578125 0.19921875 0.0048828125 0.010416666666666666
0.0 0.21826171875 0.19921875 0.0048828125 0.0078125
0.0 0.2119140625 0.18815104166666666 0.005859375 0.009114583333333334
0.0 0.21240234375 0.17447916666666666 0.0048828125 0.010416666666666666
0.0 0.22900390625 0.169921875 0.0048828125 0.01171875
0.0 0.23291015625 0.162109375 0.0048828125 0.009114583333333334
0.0 0.21728515625 0.162109375 0.0048828125 0.009114583333333334
0.0 0.22998046875 0.14973958333333334 0.0048828125 0.010416666666666666
0.0 0.24951171875 0.16276041666666666 0.0048828125 0.010416666666666666
0.0 0.2607421875 0.17252604166666666 0.005859375 0.01171875
0.0 0.26513671875 0.15885416666666666 0.0048828125 0.010416666666666666
0.0 0.26025390625 0.14778645833333334 0.0048828125 0.009114583333333334
0.0 0.24462890625 0.14583333333333334 0.0048828125 0.010416666666666666
0.0 0.27490234375 0.205078125 0.0048828125 0.01171875
0.0 0.21044921875 0.14908854166666666 0.0048828125 0.009114583333333334
0.0 0.17822265625 0.2506510416666667 0.0048828125 0.01171875
0.0 0.19482421875 0.23502604166666666 0.0048828125 0.01171875
0.0 0.20263671875 0.22200520833333334 0.0048828125 0.009114583333333334
0.0 0.17919921875 0.23697916666666666 0.0048828125 0.010416666666666666
0.0 0.18603515625 0.22395833333333334 0.0048828125 0.010416666666666666
0.0 0.17236328125 0.22330729166666666 0.0048828125 0.009114583333333334
0.0 0.1728515625 0.21028645833333334 0.005859375 0.01171875
0.0 0.18896484375 0.21028645833333334 0.0048828125 0.009114583333333334
0.0 0.19482421875 0.20052083333333334 0.0048828125 0.0078125
0.0 0.1962890625 0.1875 0.00390625 0.0078125
0.0 0.20068359375 0.181640625 0.0048828125 0.01171875
0.0 0.17626953125 0.19791666666666666 0.0048828125 0.010416666666666666
0.0 0.18017578125 0.18619791666666666 0.0048828125 0.010416666666666666
0.0 0.15576171875 0.20052083333333334 0.0048828125 0.010416666666666666
0.0 0.15478515625 0.21158854166666666 0.0048828125 0.01171875
0.0 0.16259765625 0.1875 0.0048828125 0.010416666666666666
0.0 0.134765625 0.21940104166666666 0.005859375 0.01171875
0.0 0.138671875 0.21158854166666666 0.005859375 0.009114583333333334
0.0 0.14013671875 0.19856770833333334 0.0048828125 0.009114583333333334
0.0 0.14306640625 0.18815104166666666 0.0048828125 0.009114583333333334
0.0 0.11474609375 0.22591145833333334 0.0048828125 0.009114583333333334
0.0 0.10009765625 0.224609375 0.0048828125 0.01171875
0.0 0.10205078125 0.21549479166666666 0.0048828125 0.009114583333333334
0.0 0.12060546875 0.19791666666666666 0.0048828125 0.010416666666666666
0.0 0.11962890625 0.20963541666666666 0.0048828125 0.010416666666666666
0.0 0.10107421875 0.20377604166666666 0.0048828125 0.006510416666666667
0.0 0.12548828125 0.19075520833333334 0.0048828125 0.009114583333333334
0.0 0.08154296875 0.22721354166666666 0.0048828125 0.009114583333333334
0.0 0.08154296875 0.21354166666666666 0.0048828125 0.010416666666666666
0.0 0.0859375 0.20247395833333334 0.005859375 0.01171875
0.0 0.0947265625 0.18815104166666666 0.00390625 0.009114583333333334
0.0 0.1103515625 0.19010416666666666 0.00390625 0.0078125
0.0 0.07958984375 0.19010416666666666 0.0048828125 0.010416666666666666
0.0 0.076171875 0.17643229166666666 0.005859375 0.01171875
0.0 0.09423828125 0.17447916666666666 0.0048828125 0.010416666666666666
0.0 0.11181640625 0.17838541666666666 0.0048828125 0.010416666666666666
0.0 0.13037109375 0.18033854166666666 0.0048828125 0.01171875
0.0 0.14599609375 0.17643229166666666 0.0048828125 0.009114583333333334
0.0 0.11474609375 0.16731770833333334 0.0048828125 0.009114583333333334
0.0 0.04833984375 0.22591145833333334 0.0048828125 0.009114583333333334
0.0 0.05908203125 0.22526041666666666 0.0048828125 0.010416666666666666
0.0 0.06689453125 0.22591145833333334 0.0048828125 0.01171875
0.0 0.06494140625 0.21158854166666666 0.0048828125 0.009114583333333334
0.0 0.0673828125 0.20052083333333334 0.005859375 0.013020833333333334
0.0 0.04736328125 0.21223958333333334 0.0048828125 0.010416666666666666
0.0 0.0283203125 0.224609375 0.005859375 0.01171875
0.0 0.02978515625 0.212890625 0.0048828125 0.01171875
0.0 0.02734375 0.19986979166666666 0.005859375 0.01171875
0.0 0.03955078125 0.19140625 0.0048828125 0.0078125
0.0 0.0625 0.19075520833333334 0.005859375 0.01171875
0.0 0.05517578125 0.1796875 0.0048828125 0.0078125
0.0 0.06689453125 0.16731770833333334 0.0048828125 0.01171875
0.0 0.08203125 0.16341145833333334 0.005859375 0.01171875
0.0 0.0400390625 0.201171875 0.00390625 0.006510416666666667
0.0 0.03515625 0.17643229166666666 0.005859375 0.01171875
0.0 0.02587890625 0.18815104166666666 0.0048828125 0.009114583333333334
0.0 0.0400390625 0.17252604166666666 0.00390625 0.009114583333333334
0.0 0.04931640625 0.166015625 0.0048828125 0.009114583333333334
0.0 0.0380859375 0.15885416666666666 0.00390625 0.0078125
0.0 0.03369140625 0.16341145833333334 0.0048828125 0.009114583333333334
0.0 0.04931640625 0.14973958333333334 0.0048828125 0.010416666666666666
0.0 0.07763671875 0.1484375 0.0048828125 0.013020833333333334
0.0 0.09423828125 0.14908854166666666 0.0048828125 0.01171875
0.0 0.0986328125 0.16080729166666666 0.005859375 0.01171875
0.0 0.078125 0.20442708333333334 0.00390625 0.005208333333333333
0.0 0.09130859375 0.12825520833333334 0.0048828125 0.009114583333333334
0.0 0.0869140625 0.125 0.005859375 0.010416666666666666
0.0 0.07373046875 0.12239583333333333 0.0068359375 0.013020833333333334
0.0 0.05419921875 0.12109375 0.0048828125 0.0078125
0.0 0.0439453125 0.123046875 0.00390625 0.009114583333333334
0.0 0.0380859375 0.12760416666666666 0.005859375 0.010416666666666666
0.0 0.02490234375 0.12239583333333333 0.0048828125 0.0078125
0.0 0.0224609375 0.13216145833333334 0.00390625 0.009114583333333334
0.0 0.03564453125 0.10221354166666667 0.0048828125 0.009114583333333334
0.0 0.021484375 0.107421875 0.00390625 0.009114583333333334
0.0 0.0966796875 0.10416666666666667 0.005859375 0.010416666666666666
0.0 0.05224609375 0.10286458333333333 0.0048828125 0.010416666666666666
0.0 0.083984375 0.107421875 0.005859375 0.009114583333333334
0.0 0.01513671875 0.08463541666666667 0.0048828125 0.013020833333333334
0.0 0.029296875 0.06966145833333333 0.00390625 0.01171875
0.0 0.0322265625 0.08528645833333333 0.00390625 0.009114583333333334
0.0 0.0478515625 0.08723958333333333 0.00390625 0.0078125
0.0 0.0732421875 0.08854166666666667 0.00390625 0.010416666666666666
0.0 0.08642578125 0.087890625 0.0048828125 0.009114583333333334
0.0 0.07373046875 0.06966145833333333 0.0048828125 0.009114583333333334
0.0 0.08447265625 0.07486979166666667 0.0029296875 0.006510416666666667
0.0 0.08984375 0.07552083333333333 0.00390625 0.0078125
0.0 0.1025390625 0.08528645833333333 0.00390625 0.009114583333333334
0.0 0.10205078125 0.07096354166666667 0.0048828125 0.009114583333333334
0.0 0.099609375 0.051432291666666664 0.00390625 0.009114583333333334
0.0 0.109375 0.11458333333333333 0.00390625 0.0078125
0.0 0.11083984375 0.12890625 0.0048828125 0.010416666666666666
0.0 0.11181640625 0.14778645833333334 0.0048828125 0.01171875
0.0 0.01708984375 0.1796875 0.0048828125 0.010416666666666666
0.0 0.0185546875 0.16666666666666666 0.005859375 0.013020833333333334
0.0 0.03271484375 0.15104166666666666 0.0048828125 0.010416666666666666
0.0 0.037109375 0.14453125 0.005859375 0.010416666666666666
0.0 0.03173828125 0.12434895833333333 0.0048828125 0.009114583333333334
0.0 0.16650390625 0.17513020833333334 0.0048828125 0.01171875
0.0 0.17431640625 0.17643229166666666 0.0048828125 0.009114583333333334
0.0 0.18505859375 0.17578125 0.0048828125 0.010416666666666666
0.0 0.16845703125 0.16536458333333334 0.0048828125 0.010416666666666666
0.0 0.17236328125 0.15950520833333334 0.0048828125 0.009114583333333334
0.0 0.1533203125 0.16341145833333334 0.005859375 0.01171875
0.0 0.14306640625 0.17122395833333334 0.0048828125 0.006510416666666667
0.0 0.13134765625 0.16276041666666666 0.0048828125 0.010416666666666666
0.0 0.12890625 0.15169270833333334 0.005859375 0.009114583333333334
0.0 0.14404296875 0.14908854166666666 0.0048828125 0.009114583333333334
0.0 0.16259765625 0.150390625 0.0048828125 0.009114583333333334
0.0 0.17578125 0.14973958333333334 0.005859375 0.010416666666666666
0.0 0.18603515625 0.162109375 0.0048828125 0.009114583333333334
0.0 0.12841796875 0.12434895833333333 0.0048828125 0.01171875
0.0 0.14599609375 0.12239583333333333 0.0048828125 0.010416666666666666
0.0 0.15087890625 0.11588541666666667 0.0048828125 0.0078125
0.0 0.12255859375 0.12044270833333333 0.0048828125 0.009114583333333334
0.0 0.17626953125 0.12565104166666666 0.0048828125 0.009114583333333334
0.0 0.15625 0.123046875 0.00390625 0.009114583333333334
0.0 0.17626953125 0.11458333333333333 0.0048828125 0.0078125
0.0 0.138671875 0.103515625 0.00390625 0.009114583333333334
0.0 0.12255859375 0.10286458333333333 0.0048828125 0.010416666666666666
0.0 0.15380859375 0.10611979166666667 0.0048828125 0.009114583333333334
0.0 0.177734375 0.10481770833333333 0.00390625 0.006510416666666667
0.0 0.19580078125 0.173828125 0.0048828125 0.009114583333333334
0.0 0.2041015625 0.162109375 0.00390625 0.009114583333333334
0.0 0.19775390625 0.14973958333333334 0.0048828125 0.010416666666666666
0.0 0.19189453125 0.13020833333333334 0.0048828125 0.010416666666666666
0.0 0.2099609375 0.12630208333333334 0.005859375 0.010416666666666666
0.0 0.23193359375 0.11653645833333333 0.0048828125 0.009114583333333334
0.0 0.2158203125 0.11783854166666667 0.00390625 0.009114583333333334
0.0 0.240234375 0.13411458333333334 0.005859375 0.0078125
0.0 0.25048828125 0.12239583333333333 0.0048828125 0.010416666666666666
0.0 0.25537109375 0.1171875 0.0048828125 0.010416666666666666
0.0 0.2451171875 0.12239583333333333 0.00390625 0.0078125
0.0 0.23388671875 0.12239583333333333 0.0048828125 0.0078125
0.0 0.21826171875 0.10611979166666667 0.0048828125 0.009114583333333334
0.0 0.19287109375 0.11848958333333333 0.0048828125 0.010416666666666666
0.0 0.19189453125 0.103515625 0.0048828125 0.009114583333333334
0.0 0.22021484375 0.08658854166666667 0.0048828125 0.009114583333333334
0.0 0.2392578125 0.08658854166666667 0.00390625 0.009114583333333334
0.0 0.24560546875 0.10416666666666667 0.0048828125 0.010416666666666666
0.0 0.17431640625 0.08268229166666667 0.0048828125 0.009114583333333334
0.0 0.1845703125 0.09309895833333333 0.005859375 0.009114583333333334
0.0 0.20849609375 0.103515625 0.0048828125 0.009114583333333334
0.0 0.11865234375 0.083984375 0.0048828125 0.009114583333333334
0.0 0.1083984375 0.109375 0.005859375 0.0078125
0.0 0.13671875 0.09049479166666667 0.00390625 0.009114583333333334
0.0 0.1513671875 0.09309895833333333 0.00390625 0.009114583333333334
0.0 0.1552734375 0.1015625 0.005859375 0.010416666666666666
0.0 0.14208984375 0.07096354166666667 0.0048828125 0.009114583333333334
0.0 0.1474609375 0.09635416666666667 0.005859375 0.010416666666666666
0.0 0.25634765625 0.08203125 0.0048828125 0.010416666666666666
0.0 0.255859375 0.10807291666666667 0.005859375 0.010416666666666666
0.0 0.2255859375 0.07486979166666667 0.0078125 0.01171875
0.0 0.24072265625 0.06640625 0.0048828125 0.010416666666666666
0.0 0.19970703125 0.080078125 0.0048828125 0.01171875
0.0 0.203125 0.055989583333333336 0.00390625 0.0078125
0.0 0.1796875 0.068359375 0.005859375 0.009114583333333334
0.0 0.17431640625 0.07096354166666667 0.0048828125 0.006510416666666667
0.0 0.25830078125 0.06966145833333333 0.0048828125 0.009114583333333334
0.0 0.29931640625 0.07486979166666667 0.0068359375 0.014322916666666666
0.0 0.380859375 0.208984375 0.005859375 0.009114583333333334
0.0 0.38623046875 0.19596354166666666 0.0048828125 0.009114583333333334
0.0 0.29931640625 0.17317708333333334 0.0068359375 0.013020833333333334
0.0 0.2998046875 0.16080729166666666 0.00390625 0.009114583333333334
0.0 0.95654296875 0.3170572916666667 0.0068359375 0.01171875
0.0 0.0087890625 0.22395833333333334 0.005859375 0.010416666666666666
0.0 0.01171875 0.21354166666666666 0.005859375 0.010416666666666666
0.0 0.009765625 0.19986979166666666 0.005859375 0.009114583333333334
0.0 0.0078125 0.1875 0.005859375 0.010416666666666666
0.0 0.005859375 0.16861979166666666 0.005859375 0.009114583333333334
0.0 0.0146484375 0.14713541666666666 0.005859375 0.010416666666666666
0.0 0.00830078125 0.119140625 0.0048828125 0.009114583333333334
0.0 0.001953125 0.126953125 0.00390625 0.009114583333333334
0.0 0.001953125 0.17447916666666666 0.00390625 0.0078125
