0.0 0.40380859375 0.1542111506524318 0.0615234375 0.033214709371293
0.0 0.44482421875 0.263938315539739 0.0322265625 0.04151838671411625
0.0 0.58935546875 0.25622775800711745 0.0341796875 0.0498220640569395
0.0 0.9892578125 0.027283511269276393 0.021484375 0.04033214709371293
0.0 0.876953125 0.01601423487544484 0.03125 0.03202846975088968
0.0 0.7724609375 0.021352313167259787 0.048828125 0.042704626334519574
0.0 0.56787109375 0.01482799525504152 0.0361328125 0.02965599051008304
0.0 0.068359375 0.1465005931198102 0.033203125 0.06761565836298933
0.0 0.173828125 0.15005931198102015 0.041015625 0.06998813760379596
0.0 0.265625 0.12930011862396204 0.0390625 0.05219454329774614
0.0 0.20263671875 0.04151838671411625 0.0302734375 0.03795966785290629
0.0 0.0546875 0.02372479240806643 0.03515625 0.04744958481613286
0.0 0.3359375 0.018979833926453145 0.03125 0.03795966785290629
0.0 0.453125 0.018386714116251483 0.03515625 0.036773428232502965
