0.0 0.20947265625 0.5456403269754768 0.1025390625 0.09673024523160763
0.0 0.09033203125 0.510899182561308 0.0244140625 0.04904632152588556
0.0 0.5078125 0.09877384196185286 0.021484375 0.039509536784741145
0.0 0.43310546875 0.11035422343324251 0.0224609375 0.04087193460490463
0.0 0.0595703125 0.01634877384196185 0.02734375 0.0326975476839237
0.0 0.2431640625 0.08310626702997276 0.01953125 0.04087193460490463
0.0 0.1630859375 0.0776566757493188 0.0234375 0.043596730245231606
0.0 0.29296875 0.014986376021798364 0.0234375 0.02997275204359673
0.0 0.36279296875 0.027929155313351498 0.0205078125 0.04223433242506812
0.0 0.41015625 0.01907356948228883 0.01953125 0.035422343324250684
