0.0 0.95947265625 0.2858072916666667 0.0224609375 0.03515625
0.0 0.87890625 0.2942708333333333 0.021484375 0.033854166666666664
0.0 0.8271484375 0.296875 0.021484375 0.033854166666666664
0.0 0.8447265625 0.2421875 0.021484375 0.028645833333333332
0.0 0.8134765625 0.2532552083333333 0.013671875 0.016927083333333332
0.0 0.7626953125 0.2897135416666667 0.02734375 0.040364583333333336
0.0 0.7119140625 0.287109375 0.025390625 0.032552083333333336
0.0 0.74755859375 0.29296875 0.0087890625 0.013020833333333334
0.0 0.78662109375 0.244140625 0.0205078125 0.029947916666666668
0.0 0.66162109375 0.2975260416666667 0.0224609375 0.032552083333333336
0.0 0.66064453125 0.2571614583333333 0.0224609375 0.03515625
0.0 0.58837890625 0.24869791666666666 0.0224609375 0.028645833333333332
0.0 0.5517578125 0.2682291666666667 0.0234375 0.033854166666666664
0.0 0.587890625 0.322265625 0.044921875 0.055989583333333336
0.0 0.45849609375 0.2975260416666667 0.0205078125 0.029947916666666668
0.0 0.5009765625 0.2506510416666667 0.01953125 0.029947916666666668
0.0 0.4638671875 0.25 0.021484375 0.03125
0.0 0.41943359375 0.2526041666666667 0.0224609375 0.036458333333333336
0.0 0.3857421875 0.2903645833333333 0.0234375 0.041666666666666664
0.0 0.36181640625 0.2526041666666667 0.0205078125 0.036458333333333336
0.0 0.326171875 0.2727864583333333 0.025390625 0.055989583333333336
0.0 0.30712890625 0.23958333333333334 0.0205078125 0.036458333333333336
0.0 0.185546875 0.23893229166666666 0.0234375 0.03515625
0.0 0.0458984375 0.23697916666666666 0.029296875 0.046875
0.0 0.22509765625 0.248046875 0.0185546875 0.024739583333333332
