0.0 0.7548828125 0.5157728706624606 0.025390625 0.05362776025236593
0.0 0.9404296875 0.13249211356466878 0.017578125 0.04258675078864353
0.0 0.8388671875 0.21293375394321767 0.025390625 0.052050473186119876
0.0 0.8779296875 0.028391167192429023 0.0185546875 0.03785488958990536
0.0 0.8095703125 0.03627760252365931 0.0166015625 0.02996845425867508
0.0 0.98828125 0.2302839116719243 0.01171875 0.031545741324921134
0.0 0.837890625 0.1056782334384858 0.0146484375 0.04574132492113565
0.0 0.412109375 0.14826498422712933 0.01953125 0.03943217665615142
0.0 0.5419921875 0.03943217665615142 0.025390625 0.026813880126182965
0.0 0.4453125 0.0 0.0244140625 0.03785488958990536
0.0 0.3125 0.10094637223974763 0.0224609375 0.05362776025236593
0.0 0.3466796875 0.0 0.021484375 0.033123028391167195
0.0 0.2529296875 0.0 0.0205078125 0.03785488958990536
0.0 0.1630859375 0.0 0.0185546875 0.026813880126182965
0.0 0.1484375 0.04100946372239748 0.017578125 0.03470031545741325
0.0 0.046875 0.0 0.0205078125 0.03943217665615142
0.0 0.01953125 0.19085173501577288 0.0205078125 0.056782334384858045
