0.0 0.4970703125 0.3404099560761347 0.078125 0.05856515373352855
0.0 0.955078125 0.40483162518301613 0.02734375 0.02635431918008785
0.0 0.8369140625 0.3920204978038067 0.03125 0.03294289897510981
0.0 0.88134765625 0.390190336749634 0.0185546875 0.020497803806734993
0.0 0.712890625 0.38872620790629575 0.029296875 0.03074670571010249
0.0 0.68212890625 0.3967789165446559 0.0244140625 0.029282576866764276
0.0 0.63330078125 0.3971449487554905 0.0263671875 0.03294289897510981
0.0 0.375 0.39604685212298685 0.03515625 0.032210834553440704
0.0 0.2607421875 0.40666178623718885 0.021484375 0.015373352855051245
0.0 0.166015625 0.38396778916544655 0.033203125 0.0314787701317716
0.0 0.0341796875 0.37920937042459735 0.01953125 0.017569546120058566
0.0 0.06396484375 0.28587115666178625 0.0361328125 0.03587115666178624
