0.0 0.9765625 0.13541666666666666 0.017578125 0.03125
0.0 0.7763671875 0.11328125 0.0234375 0.03515625
0.0 0.6796875 0.12239583333333333 0.017578125 0.028645833333333332
0.0 0.6220703125 0.10286458333333333 0.021484375 0.03515625
0.0 0.5791015625 0.10546875 0.0224609375 0.029947916666666668
0.0 0.5556640625 0.09895833333333333 0.0146484375 0.02734375
0.0 0.482421875 0.10546875 0.021484375 0.03125
0.0 0.3974609375 0.09375 0.0205078125 0.040364583333333336
0.0 0.37890625 0.09895833333333333 0.0205078125 0.03515625
0.0 0.33203125 0.09765625 0.0244140625 0.029947916666666668
0.0 0.3154296875 0.078125 0.005859375 0.010416666666666666
0.0 0.244140625 0.0703125 0.0244140625 0.053385416666666664
0.0 0.125 0.046875 0.0224609375 0.036458333333333336
0.0 0.064453125 0.08203125 0.0244140625 0.037760416666666664
0.0 0.0439453125 0.06901041666666667 0.0185546875 0.029947916666666668
