0.0 0.48046875 0.5491923641703378 0.0078125 0.014684287812041116
0.0 0.3759765625 0.55359765051395 0.0048828125 0.007342143906020558
0.0 0.10546875 0.4977973568281938 0.0078125 0.013215859030837005
0.0 0.458984375 0.5682819383259912 0.0048828125 0.007342143906020558
0.0 0.1572265625 0.4023494860499266 0.0302734375 0.049926578560939794
0.0 0.2421875 0.4713656387665198 0.017578125 0.030837004405286344
0.0 0.2109375 0.5198237885462555 0.009765625 0.016152716593245228
0.0 0.291015625 0.49632892804698975 0.0126953125 0.022026431718061675
0.0 0.703125 0.3671071953010279 0.0390625 0.07488986784140969
0.0 0.6240234375 0.4684287812041116 0.0234375 0.048458149779735685
0.0 0.5400390625 0.5198237885462555 0.015625 0.022026431718061675
0.0 0.9658203125 0.6005873715124816 0.021484375 0.033773861967694566
0.0 0.8759765625 0.527165932452276 0.0166015625 0.030837004405286344
0.0 0.939453125 0.5477239353891337 0.013671875 0.023494860499265784
0.0 0.8935546875 0.5418502202643172 0.01171875 0.022026431718061675
0.0 0.05859375 0.4845814977973568 0.01171875 0.023494860499265784
0.0 0.0322265625 0.4713656387665198 0.013671875 0.022026431718061675
0.0 0.578125 0.5491923641703378 0.009765625 0.01762114537444934
0.0 0.5048828125 0.55359765051395 0.0087890625 0.01762114537444934
0.0 0.56640625 0.5609397944199707 0.0068359375 0.014684287812041116
0.0 0.357421875 0.5359765051395007 0.0087890625 0.016152716593245228
0.0 0.3212890625 0.5256975036710719 0.0126953125 0.020558002936857563
