0.0 0.9423828125 0.5319010416666666 0.0283203125 0.020182291666666668
0.0 0.8388671875 0.556640625 0.0498046875 0.03125
0.0 0.7744140625 0.5221354166666666 0.0283203125 0.0234375
0.0 0.5791015625 0.529296875 0.0439453125 0.030598958333333332
0.0 0.46875 0.5390625 0.03515625 0.029947916666666668
0.0 0.224609375 0.53515625 0.05859375 0.043619791666666664
0.0 0.3544921875 0.5416666666666666 0.017578125 0.016927083333333332
0.0 0.416015625 0.5286458333333334 0.017578125 0.015625
0.0 0.0947265625 0.546875 0.02734375 0.020833333333333332
0.0 0.1669921875 0.5553385416666666 0.03125 0.0234375
0.0 0.3876953125 0.5846354166666666 0.0302734375 0.0234375
0.0 0.6962890625 0.5377604166666666 0.0166015625 0.013020833333333334
0.0 0.533203125 0.544921875 0.0146484375 0.013671875
0.0 0.2001953125 0.529296875 0.0078125 0.0078125
