0.0 0.66015625 0.6454005934718101 0.0908203125 0.18100890207715134
0.0 0.3857421875 0.12314540059347182 0.08984375 0.14391691394658754
0.0 0.2099609375 0.03115727002967359 0.0625 0.10534124629080119
0.0 0.03515625 0.032640949554896145 0.08203125 0.129080118694362
0.0 0.5791015625 0.642433234421365 0.078125 0.1172106824925816
0.0 0.529296875 0.5207715133531158 0.0537109375 0.10682492581602374
0.0 0.369140625 0.4762611275964392 0.029296875 0.05489614243323442
0.0 0.59765625 0.5756676557863502 0.0322265625 0.08011869436201781
0.0 0.80859375 0.6320474777448071 0.0791015625 0.15578635014836795
0.0 0.9765625 0.5845697329376854 0.0234375 0.14391691394658754
