0.0 0.537109375 0.4622395833333333 0.013671875 0.03125
0.0 0.490234375 0.43359375 0.017578125 0.029947916666666668
0.0 0.5537109375 0.4440104166666667 0.015625 0.033854166666666664
0.0 0.6796875 0.48046875 0.037109375 0.06380208333333333
0.0 0.6845703125 0.4348958333333333 0.013671875 0.020833333333333332
0.0 0.9326171875 0.5989583333333334 0.0673828125 0.13020833333333334
0.0 0.828125 0.50390625 0.041015625 0.053385416666666664
0.0 0.7783203125 0.4921875 0.0244140625 0.03515625
0.0 0.3837890625 0.609375 0.072265625 0.11588541666666667
0.0 0.2705078125 0.5208333333333334 0.0380859375 0.053385416666666664
0.0 0.2412109375 0.44921875 0.01953125 0.037760416666666664
0.0 0.060546875 0.5221354166666666 0.0947265625 0.12239583333333333
0.0 0.375 0.4778645833333333 0.015625 0.03515625
