0.0 0.6796875 0.4365234375 0.0185546875 0.0263671875
0.0 0.6162109375 0.58203125 0.0166015625 0.0224609375
0.0 0.5791015625 0.5224609375 0.0185546875 0.0244140625
0.0 0.5224609375 0.587890625 0.01953125 0.0244140625
0.0 0.5205078125 0.533203125 0.017578125 0.0224609375
0.0 0.4775390625 0.6103515625 0.017578125 0.0244140625
0.0 0.4580078125 0.546875 0.0166015625 0.0263671875
0.0 0.4111328125 0.546875 0.017578125 0.0263671875
0.0 0.4384765625 0.615234375 0.0185546875 0.025390625
0.0 0.3837890625 0.64453125 0.0166015625 0.0244140625
0.0 0.35546875 0.5556640625 0.0244140625 0.0234375
0.0 0.26171875 0.5859375 0.01953125 0.0234375
0.0 0.3115234375 0.6611328125 0.0234375 0.017578125
0.0 0.177734375 0.671875 0.021484375 0.02734375
0.0 0.248046875 0.671875 0.021484375 0.01953125
0.0 0.3134765625 0.5771484375 0.0185546875 0.0263671875
