0.0 0.4873046875 0.3010033444816054 0.056640625 0.07525083612040134
0.0 0.068359375 0.17892976588628762 0.033203125 0.07190635451505016
0.0 0.2421875 0.16722408026755853 0.025390625 0.04180602006688963
0.0 0.19921875 0.16220735785953178 0.013671875 0.03177257525083612
0.0 0.3603515625 0.2140468227424749 0.0380859375 0.07525083612040134
0.0 0.3896484375 0.18729096989966554 0.0185546875 0.04180602006688963
0.0 0.61328125 0.1605351170568562 0.0185546875 0.043478260869565216
0.0 0.70703125 0.17224080267558528 0.0244140625 0.06020066889632107
0.0 0.77734375 0.205685618729097 0.037109375 0.07525083612040134
0.0 0.900390625 0.19063545150501673 0.0263671875 0.06020066889632107
0.0 0.125 0.15719063545150502 0.0166015625 0.04013377926421405
0.0 0.4619140625 0.16220735785953178 0.009765625 0.023411371237458192
0.0 0.6650390625 0.16387959866220736 0.013671875 0.03177257525083612
0.0 0.943359375 0.16555183946488294 0.0146484375 0.03678929765886288
0.0 0.869140625 0.1605351170568562 0.0126953125 0.023411371237458192
