0.0 0.0810546875 0.4141566265060241 0.0166015625 0.04216867469879518
0.0 0.23046875 0.3930722891566265 0.015625 0.030120481927710843
0.0 0.2548828125 0.42319277108433734 0.013671875 0.03313253012048193
0.0 0.3193359375 0.3930722891566265 0.0224609375 0.03614457831325301
0.0 0.4013671875 0.3644578313253012 0.021484375 0.04216867469879518
0.0 0.5546875 0.40210843373493976 0.01953125 0.04819277108433735
0.0 0.640625 0.3328313253012048 0.029296875 0.07228915662650602
0.0 0.8212890625 0.3539156626506024 0.02734375 0.060240963855421686
0.0 0.79296875 0.3674698795180723 0.01953125 0.03463855421686747
0.0 0.8828125 0.35993975903614456 0.01953125 0.0391566265060241
0.0 0.49609375 0.39006024096385544 0.013671875 0.025602409638554216
0.0 0.5224609375 0.3870481927710843 0.0107421875 0.024096385542168676
0.0 0.59375 0.3825301204819277 0.015625 0.03313253012048193
