0.0 0.44921875 0.3052708638360176 0.041015625 0.08931185944363104
0.0 0.56884765625 0.21669106881405564 0.0400390625 0.08784773060029283
0.0 0.07568359375 0.3191800878477306 0.0244140625 0.04978038067349927
0.0 0.12060546875 0.3206442166910688 0.0244140625 0.043923865300146414
0.0 0.17529296875 0.3001464128843338 0.0224609375 0.040995607613469986
0.0 0.283203125 0.2862371888726208 0.01953125 0.0424597364568082
0.0 0.3349609375 0.29502196193265007 0.01953125 0.03953147877013177
0.0 0.24951171875 0.30380673499267935 0.0205078125 0.04538799414348463
0.0 0.205078125 0.3089311859443631 0.01953125 0.043923865300146414
0.0 0.28955078125 0.10395314787701318 0.0185546875 0.03806734992679356
0.0 0.82861328125 0.2591508052708638 0.0205078125 0.03806734992679356
0.0 0.87744140625 0.25841874084919475 0.0146484375 0.03074670571010249
0.0 0.13134765625 0.25988286969253294 0.0205078125 0.03953147877013177
0.0 0.76708984375 0.2708638360175695 0.0126953125 0.032210834553440704
