0.0 0.0830078125 0.2421875 0.0283203125 0.05625
0.0 0.1640625 0.265625 0.037109375 0.053125
0.0 0.3173828125 0.2734375 0.025390625 0.053125
0.0 0.3515625 0.3234375 0.0244140625 0.046875
0.0 0.388671875 0.3203125 0.0224609375 0.05
0.0 0.5048828125 0.2765625 0.0224609375 0.05
0.0 0.5615234375 0.259375 0.0244140625 0.05
0.0 0.4951171875 0.415625 0.0263671875 0.0515625
0.0 0.607421875 0.3453125 0.02734375 0.046875
0.0 0.6494140625 0.28125 0.0302734375 0.040625
0.0 0.76171875 0.259375 0.0263671875 0.0515625
0.0 0.8095703125 0.2984375 0.03125 0.0609375
0.0 0.888671875 0.278125 0.02734375 0.0578125
