0.0 0.1328125 0.26061493411420206 0.0615234375 0.10102489019033675
0.0 0.232421875 0.17423133235724744 0.044921875 0.08638360175695461
0.0 0.2763671875 0.16105417276720352 0.0322265625 0.06588579795021962
0.0 0.328125 0.16105417276720352 0.03125 0.06149341142020498
0.0 0.4482421875 0.17276720351390923 0.02734375 0.0527086383601757
0.0 0.521484375 0.14055636896046853 0.02734375 0.048316251830161056
0.0 0.5966796875 0.16398243045387995 0.0244140625 0.04685212298682284
0.0 0.654296875 0.15080527086383602 0.0224609375 0.0424597364568082
0.0 0.7724609375 0.1376281112737921 0.021484375 0.0424597364568082
0.0 0.791015625 0.17715959004392387 0.017578125 0.03806734992679356
0.0 0.904296875 0.1259150805270864 0.021484375 0.03953147877013177
0.0 0.5439453125 0.2020497803806735 0.0146484375 0.03367496339677892
0.0 0.4287109375 0.24743777452415813 0.033203125 0.03513909224011713
