0.0 0.208984375 0.49024707412223667 0.0224609375 0.0377113133940182
0.0 0.3671875 0.5903771131339401 0.0107421875 0.018205461638491547
0.0 0.349609375 0.58777633289987 0.0087890625 0.016905071521456438
0.0 0.5927734375 0.6007802340702211 0.025390625 0.045513654096228866
0.0 0.5634765625 0.576072821846554 0.0087890625 0.01950585175552666
0.0 0.583984375 0.5851755526657998 0.009765625 0.018205461638491547
0.0 0.595703125 0.5695708712613784 0.0087890625 0.016905071521456438
0.0 0.6591796875 0.5708712613784135 0.0107421875 0.018205461638491547
0.0 0.68359375 0.5656697009102731 0.009765625 0.02080624187256177
0.0 0.693359375 0.5838751625487646 0.009765625 0.01950585175552666
0.0 0.708984375 0.5721716514954487 0.0107421875 0.018205461638491547
0.0 0.7958984375 0.5786736020806242 0.0107421875 0.018205461638491547
0.0 0.8017578125 0.5968790637191157 0.009765625 0.018205461638491547
0.0 0.849609375 0.5825747724317295 0.009765625 0.01950585175552666
0.0 0.912109375 0.5864759427828349 0.0107421875 0.02080624187256177
0.0 0.9326171875 0.5682704811443433 0.01171875 0.02080624187256177
0.0 0.986328125 0.5864759427828349 0.0087890625 0.016905071521456438
0.0 0.8974609375 0.5812743823146944 0.009765625 0.01950585175552666
0.0 0.13671875 0.5201560468140443 0.0205078125 0.031209362808842653
0.0 0.1337890625 0.6137841352405722 0.025390625 0.04681404421326398
0.0 0.388671875 0.5357607282184655 0.0244140625 0.03901170351105332
0.0 0.6494140625 0.5890767230169051 0.0205078125 0.054616384915474644
0.0 0.7470703125 0.5591677503250976 0.01953125 0.035110533159947985
0.0 0.869140625 0.5695708712613784 0.0185546875 0.02600780234070221
0.0 0.9482421875 0.5695708712613784 0.015625 0.02860858257477243
0.0 0.6171875 0.5396618985695709 0.021484375 0.02600780234070221
