0.0 0.32421875 0.3619791666666667 0.0263671875 0.044270833333333336
0.0 0.0615234375 0.4205729166666667 0.0234375 0.03515625
0.0 0.0966796875 0.4270833333333333 0.01953125 0.02734375
0.0 0.2705078125 0.37890625 0.021484375 0.037760416666666664
0.0 0.2421875 0.3372395833333333 0.0283203125 0.044270833333333336
0.0 0.3876953125 0.3346354166666667 0.0244140625 0.040364583333333336
0.0 0.5068359375 0.3828125 0.0205078125 0.03515625
0.0 0.45703125 0.4583333333333333 0.013671875 0.020833333333333332
0.0 0.6484375 0.4114583333333333 0.0146484375 0.029947916666666668
0.0 0.5595703125 0.4596354166666667 0.009765625 0.022135416666666668
0.0 0.966796875 0.32421875 0.0234375 0.04296875
0.0 0.7138671875 0.4166666666666667 0.0146484375 0.026041666666666668
0.0 0.8115234375 0.20442708333333334 0.0244140625 0.05859375
