0.0 0.158203125 0.19770408163265307 0.048828125 0.09821428571428571
0.0 0.1044921875 0.029336734693877552 0.0283203125 0.04974489795918367
0.0 0.0009765625 0.13520408163265307 0.0361328125 0.06505102040816327
0.0 0.181640625 0.011479591836734694 0.02734375 0.047193877551020405
0.0 0.2470703125 0.09948979591836735 0.029296875 0.058673469387755105
0.0 0.390625 0.016581632653061226 0.03125 0.05739795918367347
0.0 0.4306640625 0.1556122448979592 0.0302734375 0.0548469387755102
0.0 0.697265625 0.3252551020408163 0.0546875 0.07015306122448979
0.0 0.7138671875 0.20535714285714285 0.0224609375 0.04846938775510204
0.0 0.7529296875 0.21683673469387754 0.025390625 0.044642857142857144
0.0 0.5361328125 0.12372448979591837 0.0224609375 0.04336734693877551
0.0 0.6337890625 0.08035714285714286 0.02734375 0.04081632653061224
0.0 0.8193359375 0.09183673469387756 0.0166015625 0.030612244897959183
0.0 0.9111328125 0.11096938775510204 0.03125 0.044642857142857144
0.0 0.9384765625 0.2857142857142857 0.0380859375 0.061224489795918366
0.0 0.9658203125 0.20535714285714285 0.021484375 0.039540816326530615
0.0 0.59375 0.28188775510204084 0.033203125 0.07270408163265306
0.0 0.9208984375 0.18494897959183673 0.0224609375 0.02806122448979592
0.0 0.79296875 0.17091836734693877 0.0224609375 0.039540816326530615
0.0 0.3681640625 0.15051020408163265 0.0302734375 0.05739795918367347
0.0 0.67578125 0.14158163265306123 0.025390625 0.04974489795918367
0.0 0.875 0.02423469387755102 0.0185546875 0.03316326530612245
0.0 0.8681640625 0.09183673469387756 0.0185546875 0.03316326530612245
