0.0 0.236328125 0.250733137829912 0.05078125 0.05278592375366569
0.0 0.0595703125 0.22580645161290322 0.0224609375 0.04398826979472141
0.0 0.1083984375 0.2829912023460411 0.0166015625 0.03225806451612903
0.0 0.3251953125 0.21114369501466276 0.01953125 0.045454545454545456
0.0 0.2861328125 0.21994134897360704 0.01953125 0.04105571847507331
0.0 0.5322265625 0.23607038123167157 0.0537109375 0.10557184750733138
0.0 0.658203125 0.11730205278592376 0.029296875 0.06598240469208211
0.0 0.71484375 0.17155425219941348 0.033203125 0.08797653958944282
0.0 0.904296875 0.2126099706744868 0.0234375 0.04838709677419355
0.0 0.85546875 0.2565982404692082 0.009765625 0.02346041055718475
0.0 0.8828125 0.2595307917888563 0.01171875 0.026392961876832845
0.0 0.3935546875 0.3416422287390029 0.009765625 0.020527859237536656
0.0 0.03515625 0.23900293255131966 0.0166015625 0.04398826979472141
