0.0 0.4345703125 0.4407027818448023 0.01953125 0.04685212298682284
0.0 0.3603515625 0.43191800878477304 0.0166015625 0.03367496339677892
0.0 0.0693359375 0.3718887262079063 0.021484375 0.043923865300146414
0.0 0.2197265625 0.42752562225475843 0.013671875 0.02635431918008785
0.0 0.5341796875 0.4407027818448023 0.0166015625 0.03953147877013177
0.0 0.6572265625 0.42313323572474376 0.0224609375 0.04978038067349927
0.0 0.8046875 0.4172767203513909 0.0244140625 0.048316251830161056
0.0 0.9052734375 0.4685212298682284 0.017578125 0.032210834553440704
0.0 0.9267578125 0.4685212298682284 0.0146484375 0.029282576866764276
0.0 0.2646484375 0.4494875549048316 0.0146484375 0.020497803806734993
0.0 0.2900390625 0.465592972181552 0.0087890625 0.01903367496339678
0.0 0.177734375 0.46266471449487556 0.009765625 0.021961932650073207
