0.0 0.2890625 0.23622047244094488 0.0400390625 0.06299212598425197
0.0 0.162109375 0.1858267716535433 0.04296875 0.08661417322834646
0.0 0.7568359375 0.18425196850393702 0.04296875 0.03779527559055118
0.0 0.7216796875 0.3889763779527559 0.04296875 0.05354330708661417
0.0 0.607421875 0.4346456692913386 0.017578125 0.03622047244094488
0.0 0.6796875 0.47874015748031495 0.01953125 0.03937007874015748
0.0 0.8525390625 0.47716535433070867 0.0205078125 0.047244094488188976
0.0 0.89453125 0.47401574803149604 0.0234375 0.047244094488188976
0.0 0.9443359375 0.49763779527559054 0.021484375 0.04566929133858268
0.0 0.431640625 0.2220472440944882 0.01953125 0.03937007874015748
0.0 0.408203125 0.2346456692913386 0.015625 0.04094488188976378
0.0 0.65234375 0.4330708661417323 0.0166015625 0.03779527559055118
0.0 0.962890625 0.3826771653543307 0.0166015625 0.03622047244094488
0.0 0.9794921875 0.46141732283464565 0.0166015625 0.03622047244094488
0.0 0.87890625 0.4204724409448819 0.0185546875 0.03622047244094488
0.0 0.8828125 0.3102362204724409 0.0146484375 0.031496062992125984
