0.0 0.0986328125 0.322690992018244 0.0234375 0.037628278221208664
0.0 0.046875 0.3261117445838084 0.0234375 0.03420752565564424
0.0 0.0 0.33409350057012543 0.0224609375 0.04218928164196123
0.0 0.103515625 0.4127708095781072 0.0263671875 0.037628278221208664
0.0 0.2998046875 0.40250855188141393 0.025390625 0.03534777651083238
0.0 0.5341796875 0.2839224629418472 0.0244140625 0.03876852907639681
0.0 0.8056640625 0.34207525655644244 0.0185546875 0.03078677309007982
0.0 0.8681640625 0.3500570125427594 0.0234375 0.03534777651083238
0.0 0.9306640625 0.31356898517673887 0.0263671875 0.0330672748004561
0.0 0.8837890625 0.322690992018244 0.0224609375 0.0330672748004561
0.0 0.681640625 0.7468643101482326 0.078125 0.06385404789053592
0.0 0.3544921875 0.32839224629418473 0.021484375 0.03192702394526796
