0.0 0.130859375 0.061197916666666664 0.0556640625 0.08984375
0.0 0.4453125 0.0625 0.0654296875 0.12630208333333334
0.0 0.6630859375 0.08072916666666667 0.060546875 0.125
0.0 0.7607421875 0.08854166666666667 0.080078125 0.13020833333333334
0.0 0.7421875 0.3932291666666667 0.0478515625 0.07942708333333333
0.0 0.8056640625 0.4205729166666667 0.0439453125 0.08463541666666667
0.0 0.416015625 0.7473958333333334 0.0810546875 0.10416666666666667
0.0 0.4814453125 0.75 0.05859375 0.09765625
0.0 0.080078125 0.7369791666666666 0.099609375 0.16145833333333334
0.0 0.2392578125 0.08723958333333333 0.03515625 0.08203125
0.0 0.5654296875 0.39453125 0.0087890625 0.022135416666666668
0.0 0.5234375 0.4713541666666667 0.0146484375 0.015625
