0.0 0.376953125 0.3098958333333333 0.015625 0.0234375
0.0 0.3583984375 0.310546875 0.013671875 0.01953125
0.0 0.466796875 0.3033854166666667 0.009765625 0.018229166666666668
0.0 0.47802734375 0.3020833333333333 0.0126953125 0.020833333333333332
0.0 0.99609375 0.3092447916666667 0.0078125 0.022135416666666668
0.0 0.5556640625 0.19791666666666666 0.017578125 0.028645833333333332
0.0 0.53369140625 0.3079427083333333 0.0126953125 0.024739583333333332
0.0 0.42919921875 0.19856770833333334 0.0185546875 0.029947916666666668
0.0 0.6201171875 0.2962239583333333 0.015625 0.024739583333333332
0.0 0.31201171875 0.32421875 0.0146484375 0.028645833333333332
0.0 0.2470703125 0.3190104166666667 0.017578125 0.028645833333333332
0.0 0.19384765625 0.201171875 0.0068359375 0.01953125
0.0 0.18212890625 0.3248697916666667 0.0166015625 0.029947916666666668
0.0 0.04150390625 0.236328125 0.0146484375 0.022135416666666668
0.0 0.216796875 0.4036458333333333 0.029296875 0.0546875
0.0 0.67626953125 0.4635416666666667 0.0576171875 0.08333333333333333
0.0 0.94287109375 0.3001302083333333 0.0146484375 0.024739583333333332
0.0 0.87646484375 0.2955729166666667 0.0166015625 0.0234375
0.0 0.86328125 0.3717447916666667 0.025390625 0.053385416666666664
0.0 0.56298828125 0.3294270833333333 0.0146484375 0.028645833333333332
0.0 0.5078125 0.333984375 0.021484375 0.032552083333333336
0.0 0.47607421875 0.341796875 0.0185546875 0.01953125
0.0 0.3203125 0.29296875 0.0078125 0.013020833333333334
0.0 0.05615234375 0.23177083333333334 0.0087890625 0.013020833333333334
