0.0 0.26171875 0.4918918918918919 0.177734375 0.15444015444015444
0.0 0.009765625 0.2594594594594595 0.07421875 0.138996138996139
0.0 0.2197265625 0.20694980694980694 0.1181640625 0.14671814671814673
0.0 0.083984375 0.20694980694980694 0.130859375 0.10115830115830116
0.0 0.140625 0.10733590733590734 0.0888671875 0.09575289575289575
0.0 0.244140625 0.023166023166023165 0.083984375 0.07027027027027027
0.0 0.7060546875 0.1583011583011583 0.0966796875 0.12277992277992278
0.0 0.77734375 0.3498069498069498 0.09375 0.13667953667953667
0.0 0.64453125 0.566023166023166 0.0966796875 0.16988416988416988
0.0 0.50390625 0.2579150579150579 0.076171875 0.10579150579150579
0.0 0.8095703125 0.007722007722007722 0.0615234375 0.06795366795366796
