0.0 0.5263671875 0.4907010014306152 0.080078125 0.15593705293276108
0.0 0.447265625 0.3547925608011445 0.0751953125 0.13876967095851217
0.0 0.6005859375 0.41201716738197425 0.0634765625 0.12303290414878398
0.0 0.3154296875 0.4406294706723891 0.0859375 0.1430615164520744
0.0 0.1806640625 0.27467811158798283 0.041015625 0.07868383404864092
0.0 0.8095703125 0.3748211731044349 0.0263671875 0.04864091559370529
0.0 0.28125 0.25608011444921314 0.0283203125 0.05150214592274678
0.0 0.0009765625 0.2532188841201717 0.0439453125 0.10586552217453506
0.0 0.146484375 0.3261802575107296 0.0263671875 0.05722460658082976
0.0 0.9150390625 0.2575107296137339 0.0126953125 0.024320457796852647
0.0 0.9111328125 0.46924177396280403 0.015625 0.024320457796852647
