0.0 0.40185546875 0.024813350900307424 0.1279296875 0.018006148440931048
0.0 0.08056640625 0.029863855950812472 0.0283203125 0.003732981993851559
0.0 0.54833984375 0.025691699604743084 0.1259765625 0.016908212560386472
0.0 0.67822265625 0.028491436100131752 0.1201171875 0.017676767676767676
0.0 0.90869140625 0.025636802810715856 0.0498046875 0.006477821695213
0.0 0.3369140625 0.10040623627580149 0.091796875 0.013724198506807202
0.0 0.64306640625 0.10617039964866051 0.0693359375 0.011198945981554678
0.0 0.1162109375 0.18181818181818182 0.09375 0.012955643390426
0.0 0.60107421875 0.18582564778216953 0.0810546875 0.009771629336846728
0.0 0.4345703125 0.1739679402722881 0.072265625 0.010869565217391304
0.0 0.501953125 0.18000658761528326 0.0390625 0.005379885814668423
0.0 0.685546875 0.1840689503732982 0.03125 0.005819060166886254
0.0 0.19384765625 0.18286122090469917 0.0517578125 0.007136583223539745
0.0 0.0341796875 0.18626482213438736 0.046875 0.005819060166886254
0.0 0.810546875 0.25911286780852 0.169921875 0.02393500219587176
0.0 0.59765625 0.2676767676767677 0.095703125 0.01383399209486166
0.0 0.41064453125 0.2781071585419411 0.0751953125 0.010759771629336846
0.0 0.14453125 0.2727272727272727 0.0625 0.00834431269213878
0.0 0.333984375 0.3394268774703557 0.0703125 0.009112867808519982
0.0 0.85302734375 0.3345959595959596 0.0615234375 0.01108915239350022
0.0 0.44775390625 0.4498243302591129 0.1279296875 0.016908212560386472
0.0 0.7021484375 0.46810496267018004 0.201171875 0.027338603425559948
0.0 0.77099609375 0.43434343434343436 0.1123046875 0.017786561264822136
0.0 0.4638671875 0.41342775581906016 0.037109375 0.004281949934123847
0.0 0.40576171875 0.4221014492753623 0.0439453125 0.006258234519104084
0.0 0.86962890625 0.3899319279754062 0.0615234375 0.008234519104084322
0.0 0.6455078125 0.38674791392182695 0.029296875 0.001427316644707949
0.0 0.46728515625 0.49785902503293805 0.0673828125 0.009332454984628898
0.0 0.81640625 0.4999451032059728 0.0390625 0.005599472990777339
0.0 0.3720703125 0.511253842775582 0.033203125 0.004940711462450593
0.0 0.0419921875 0.5051602986385595 0.08203125 0.012296881862099254
0.0 0.53857421875 0.49604743083003955 0.0302734375 0.00461133069828722
0.0 0.2607421875 0.567907334211682 0.150390625 0.020750988142292492
0.0 0.6064453125 0.5630215195432586 0.095703125 0.012516469038208168
0.0 0.421875 0.5654369784804567 0.05078125 0.008124725516029864
0.0 0.0625 0.6503074220465525 0.083984375 0.01339481774264383
0.0 0.3076171875 0.6533816425120773 0.099609375 0.014712340799297322
0.0 0.5986328125 0.6582674571805006 0.064453125 0.009332454984628898
0.0 0.791015625 0.6651844532279315 0.09375 0.012845849802371542
0.0 0.71826171875 0.6545344751866491 0.0556640625 0.006697408871321915
0.0 0.67333984375 0.6554128238910848 0.0380859375 0.005819060166886254
0.0 0.63330078125 0.6509661835748792 0.0439453125 0.005489679402722881
0.0 0.40185546875 0.6538208168642952 0.0361328125 0.005050505050505051
0.0 0.17041015625 0.7261747913921827 0.0693359375 0.009003074220465524
0.0 0.48779296875 0.7116820377689943 0.0947265625 0.01383399209486166
0.0 0.60400390625 0.7199714536671058 0.0869140625 0.011747913921826966
0.0 0.4951171875 0.7992424242424242 0.150390625 0.020092226613965744
0.0 0.77880859375 0.7922705314009661 0.2060546875 0.023715415019762844
0.0 0.349609375 0.8801054018445322 0.134765625 0.018006148440931048
0.0 0.47314453125 0.8852108036890646 0.1162109375 0.013504611330698288
0.0 0.94091796875 0.8582564778216952 0.0458984375 0.007246376811594203
0.0 0.1435546875 0.9459266578831796 0.13671875 0.019433465085639
0.0 0.34228515625 0.9578941589811155 0.1181640625 0.017018006148440932
0.0 0.53173828125 0.9614624505928854 0.1103515625 0.015590689503732982
0.0 0.70361328125 0.9600900307422047 0.0322265625 0.006038647342995169
0.0 0.96875 0.9572353974527887 0.046875 0.007795344751866491
0.0 0.0380859375 0.2710254721124286 0.046875 0.007136583223539745
0.0 0.009765625 0.11138559508124725 0.01953125 0.00691699604743083
0.0 0.93603515625 0.1918642951251647 0.0048828125 0.0007685551163812034
0.0 0.943359375 0.1918642951251647 0.005859375 0.0007685551163812034
0.0 0.560546875 0.4485068072024594 0.060546875 0.008124725516029864
0.0 0.56005859375 0.49571805006587616 0.0302734375 0.00461133069828722
0.0 0.1474609375 0.8130215195432586 0.0625 0.009003074220465524
0.0 0.96142578125 0.904754062362758 0.0771484375 0.0165788317962231
0.0 0.7099609375 0.9557531840140536 0.029296875 0.00461133069828722
