0.0 0.25146484375 0.8244147157190636 0.0166015625 0.056856187290969896
0.0 0.2666015625 0.5894648829431438 0.015625 0.038461538461538464
0.0 0.400390625 0.6262541806020067 0.005859375 0.04180602006688963
0.0 0.46142578125 0.5618729096989966 0.0126953125 0.033444816053511704
0.0 0.42578125 0.5877926421404682 0.013671875 0.03177257525083612
0.0 0.474609375 0.6463210702341137 0.013671875 0.03177257525083612
0.0 0.45068359375 0.6396321070234113 0.0126953125 0.03177257525083612
0.0 0.5166015625 0.5635451505016722 0.013671875 0.030100334448160536
0.0 0.5302734375 0.6262541806020067 0.013671875 0.028428093645484948
0.0 0.5615234375 0.6337792642140468 0.01171875 0.030100334448160536
0.0 0.6513671875 0.7416387959866221 0.015625 0.04180602006688963
0.0 0.84033203125 0.5852842809364549 0.0166015625 0.03678929765886288
0.0 0.88720703125 0.6354515050167224 0.0205078125 0.046822742474916385
0.0 0.74853515625 0.5777591973244147 0.0146484375 0.038461538461538464
0.0 0.77001953125 0.6613712374581939 0.0205078125 0.051839464882943144
0.0 0.80078125 0.6981605351170569 0.017578125 0.051839464882943144
0.0 0.814453125 0.5994983277591973 0.01171875 0.02508361204013378
0.0 0.9833984375 0.6538461538461539 0.021484375 0.05016722408026756
0.0 0.7783203125 0.552675585284281 0.0078125 0.015050167224080268
