0.0 0.5517578125 0.36215112321307014 0.2578125 0.2545949625595643
0.0 0.1689453125 0.4343090537780803 0.263671875 0.2491490810074881
0.0 0.4453125 0.14771953710006808 0.060546875 0.05854322668481961
0.0 0.140625 0.12865895166780122 0.0693359375 0.0742001361470388
0.0 0.16796875 0.24846834581347857 0.0625 0.06262763784887679
0.0 0.09375 0.2627637848876787 0.076171875 0.08304969366916269
0.0 0.810546875 0.1592920353982301 0.0654296875 0.06603131381892444
0.0 0.7119140625 0.09530292716133425 0.08203125 0.08373042886317222
0.0 0.6650390625 0.686861810755616 0.04296875 0.045609257998638526
0.0 0.2646484375 0.6882232811436352 0.0546875 0.053778080326752895
