0.0 0.03515625 0.26639344262295084 0.044921875 0.06284153005464481
0.0 0.1767578125 0.24316939890710382 0.0380859375 0.05874316939890711
0.0 0.3154296875 0.2677595628415301 0.0302734375 0.05327868852459016
0.0 0.275390625 0.4412568306010929 0.04296875 0.05874316939890711
0.0 0.4599609375 0.2459016393442623 0.037109375 0.060109289617486336
0.0 0.578125 0.28005464480874315 0.0322265625 0.05191256830601093
0.0 0.529296875 0.39617486338797814 0.041015625 0.06420765027322405
0.0 0.380859375 0.41120218579234974 0.0400390625 0.06420765027322405
0.0 0.8193359375 0.28688524590163933 0.0322265625 0.05327868852459016
0.0 0.87890625 0.24453551912568305 0.041015625 0.06420765027322405
0.0 0.7451171875 0.28005464480874315 0.0322265625 0.050546448087431695
0.0 0.6748046875 0.2390710382513661 0.037109375 0.05874316939890711
