0.0 0.123046875 0.677891654465593 0.0400390625 0.05124450951683748
0.0 0.0 0.575402635431918 0.01953125 0.03953147877013177
0.0 0.26171875 0.5739385065885798 0.029296875 0.0424597364568082
0.0 0.2958984375 0.5373352855051244 0.0224609375 0.040995607613469986
0.0 0.31640625 0.6207906295754027 0.0283203125 0.04978038067349927
0.0 0.333984375 0.575402635431918 0.0234375 0.04685212298682284
0.0 0.3642578125 0.6076134699853587 0.0234375 0.043923865300146414
0.0 0.4853515625 0.780380673499268 0.0419921875 0.09077598828696926
0.0 0.3544921875 0.4582723279648609 0.0146484375 0.03074670571010249
0.0 0.431640625 0.4685212298682284 0.015625 0.03074670571010249
0.0 0.3662109375 0.5095168374816984 0.01953125 0.03513909224011713
0.0 0.4794921875 0.6954612005856515 0.05078125 0.07759882869692533
0.0 0.384765625 0.3953147877013177 0.01171875 0.021961932650073207
0.0 0.41015625 0.42020497803806733 0.0107421875 0.021961932650073207
0.0 0.287109375 0.43191800878477304 0.015625 0.021961932650073207
0.0 0.3642578125 0.41874084919472915 0.01171875 0.02342606149341142
0.0 0.4462890625 0.4289897510980966 0.013671875 0.021961932650073207
0.0 0.2421875 0.46412884333821375 0.0205078125 0.032210834553440704
0.0 0.3427734375 0.5153733528550513 0.015625 0.029282576866764276
0.0 0.4638671875 0.4084919472913616 0.01171875 0.01903367496339678
0.0 0.5673828125 0.3821376281112738 0.0126953125 0.01903367496339678
0.0 0.6455078125 0.657393850658858 0.0419921875 0.06442166910688141
0.0 0.6455078125 0.45095168374816985 0.0166015625 0.032210834553440704
0.0 0.7421875 0.48462664714494874 0.025390625 0.036603221083455345
0.0 0.68359375 0.5797950219619327 0.0322265625 0.06149341142020498
0.0 0.5615234375 0.5402635431918009 0.0224609375 0.04978038067349927
0.0 0.6083984375 0.5505124450951684 0.017578125 0.043923865300146414
0.0 0.6875 0.4011713030746706 0.0126953125 0.02635431918008785
0.0 0.8232421875 0.45241581259150804 0.0244140625 0.0424597364568082
0.0 0.82421875 0.42752562225475843 0.017578125 0.024890190336749635
0.0 0.6318359375 0.4333821376281113 0.0166015625 0.029282576866764276
0.0 0.697265625 0.5007320644216691 0.0224609375 0.036603221083455345
0.0 0.52734375 0.445095168374817 0.009765625 0.017569546120058566
0.0 0.51953125 0.40263543191800877 0.0146484375 0.021961932650073207
0.0 0.9609375 0.45973645680819913 0.0302734375 0.036603221083455345
0.0 0.8798828125 0.5212298682284041 0.021484375 0.040995607613469986
0.0 0.890625 0.5797950219619327 0.03125 0.05124450951683748
0.0 0.3798828125 0.9487554904831625 0.046875 0.05124450951683748
0.0 0.19921875 0.486090775988287 0.015625 0.03074670571010249
0.0 0.3056640625 0.4011713030746706 0.0107421875 0.01903367496339678
0.0 0.0947265625 0.7218155197657394 0.0244140625 0.04685212298682284
0.0 0.1943359375 0.6588579795021962 0.0234375 0.0629575402635432
0.0 0.0703125 0.5461200585651538 0.01953125 0.032210834553440704
0.0 0.0791015625 0.5739385065885798 0.021484375 0.04978038067349927
0.0 0.6298828125 0.3733528550512445 0.009765625 0.01903367496339678
0.0 0.4931640625 0.3821376281112738 0.0078125 0.01171303074670571
0.0 0.5849609375 0.48462664714494874 0.017578125 0.03953147877013177
0.0 0.9697265625 0.3484626647144949 0.009765625 0.017569546120058566
0.0 0.3935546875 0.493411420204978 0.0146484375 0.02635431918008785
0.0 0.451171875 0.5768667642752562 0.0126953125 0.029282576866764276
0.0 0.4453125 0.4612005856515373 0.0126953125 0.02635431918008785
0.0 0.2890625 0.4670571010248902 0.0107421875 0.02342606149341142
0.0 0.2705078125 0.5051244509516838 0.013671875 0.029282576866764276
0.0 0.2275390625 0.5358711566617862 0.0146484375 0.03074670571010249
