0.0 0.125 0.09084652443220922 0.0390625 0.031658637302133516
0.0 0.02783203125 0.10116999311768754 0.0263671875 0.02477632484514797
0.0 0.26953125 0.04129387474191328 0.046875 0.038540949759119064
0.0 0.4140625 0.12284927735719202 0.0390625 0.026841018582243633
0.0 0.2919921875 0.35650378527185134 0.03125 0.02339986235375086
0.0 0.19384765625 0.2842395044735031 0.0263671875 0.02202339986235375
0.0 0.17919921875 0.38403303509979353 0.0302734375 0.02064693737095664
0.0 0.0947265625 0.4029593943565038 0.013671875 0.01032346868547832
0.0 0.1025390625 0.39504473503097043 0.013671875 0.015141087405368204
0.0 0.41357421875 0.31486579490708877 0.0185546875 0.014452856159669649
0.0 0.33056640625 0.32312456985547144 0.0107421875 0.008947006194081212
0.0 0.26708984375 0.34686854783207155 0.0146484375 0.012388162422573986
0.0 0.30126953125 0.33620096352374396 0.0107421875 0.01032346868547832
0.0 0.32861328125 0.31383344803854096 0.0087890625 0.0055058499655884375
0.0 0.39404296875 0.3128011011699931 0.0126953125 0.01032346868547832
0.0 0.23046875 0.1001376462491397 0.021484375 0.01995870612525809
0.0 0.09130859375 0.11459050240880936 0.0146484375 0.01307639366827254
0.0 0.3515625 0.3296627666896077 0.01171875 0.011011699931176875
0.0 0.111328125 0.37921541637990364 0.01171875 0.009635237439779766
0.0 0.08056640625 0.3737095664143152 0.0087890625 0.008258774948382657
0.0 0.43359375 0.3382656572608396 0.015625 0.015829318651066758
0.0 0.60205078125 0.8843771507226428 0.0146484375 0.008258774948382657
