0.0 0.30029296875 0.5506872852233677 0.0087890625 0.022336769759450172
0.0 0.28369140625 0.5506872852233677 0.0107421875 0.018900343642611683
0.0 0.259765625 0.5567010309278351 0.009765625 0.020618556701030927
0.0 0.2294921875 0.5567010309278351 0.01171875 0.027491408934707903
0.0 0.205078125 0.5567010309278351 0.01171875 0.024054982817869417
0.0 0.17578125 0.5592783505154639 0.009765625 0.018900343642611683
0.0 0.12109375 0.5592783505154639 0.009765625 0.022336769759450172
0.0 0.02392578125 0.5558419243986255 0.0126953125 0.022336769759450172
0.0 0.0576171875 0.5670103092783505 0.009765625 0.020618556701030927
0.0 0.62109375 0.5180412371134021 0.0078125 0.015463917525773196
0.0 0.61083984375 0.5231958762886598 0.0068359375 0.015463917525773196
0.0 0.72021484375 0.531786941580756 0.0087890625 0.015463917525773196
0.0 0.7314453125 0.5326460481099656 0.0078125 0.013745704467353952
0.0 0.7421875 0.5335051546391752 0.005859375 0.012027491408934709
0.0 0.69287109375 0.5283505154639175 0.0087890625 0.015463917525773196
0.0 0.48046875 0.4733676975945017 0.01171875 0.018900343642611683
0.0 0.39208984375 0.4321305841924399 0.0126953125 0.022336769759450172
0.0 0.4248046875 0.5300687285223368 0.009765625 0.018900343642611683
0.0 0.078125 0.5584192439862543 0.009765625 0.020618556701030927
