0.0 0.37109375 0.239067055393586 0.02734375 0.07142857142857142
0.0 0.4580078125 0.24927113702623907 0.03125 0.07580174927113703
0.0 0.5390625 0.2521865889212828 0.0322265625 0.07871720116618076
0.0 0.56640625 0.3032069970845481 0.041015625 0.08600583090379009
0.0 0.7109375 0.4037900874635568 0.052734375 0.10787172011661808
0.0 0.591796875 0.41253644314868804 0.0615234375 0.13848396501457727
0.0 0.6845703125 0.336734693877551 0.0361328125 0.08163265306122448
0.0 0.728515625 0.23760932944606414 0.0322265625 0.06268221574344024
0.0 0.71484375 0.24052478134110788 0.0244140625 0.0728862973760933
0.0 0.765625 0.29008746355685133 0.033203125 0.0728862973760933
0.0 0.791015625 0.34110787172011664 0.078125 0.11807580174927114
0.0 0.896484375 0.15451895043731778 0.0322265625 0.06997084548104957
0.0 0.82421875 0.15451895043731778 0.0361328125 0.08309037900874636
0.0 0.8251953125 0.6166180758017493 0.115234375 0.23323615160349853
0.0 0.8994140625 0.5947521865889213 0.1005859375 0.32653061224489793
0.0 0.4453125 0.6967930029154519 0.10546875 0.2755102040816326
0.0 0.3447265625 0.5539358600583091 0.05859375 0.06705539358600583
0.0 0.634765625 0.30029154518950435 0.0361328125 0.056851311953352766
0.0 0.9462890625 0.3629737609329446 0.033203125 0.06705539358600583
