0.0 0.30078125 0.23502604166666666 0.0703125 0.12109375
0.0 0.52880859375 0.4192708333333333 0.0732421875 0.11458333333333333
0.0 0.1484375 0.07747395833333333 0.095703125 0.14713541666666666
0.0 0.12744140625 0.326171875 0.0830078125 0.12369791666666667
0.0 0.091796875 0.5052083333333334 0.076171875 0.1328125
0.0 0.22412109375 0.5709635416666666 0.0869140625 0.11588541666666667
0.0 0.2744140625 0.498046875 0.08203125 0.12369791666666667
0.0 0.39990234375 0.4921875 0.0791015625 0.11197916666666667
0.0 0.64208984375 0.3248697916666667 0.0947265625 0.11067708333333333
0.0 0.76806640625 0.4016927083333333 0.0791015625 0.13411458333333334
0.0 0.884765625 0.4850260416666667 0.06640625 0.13151041666666666
0.0 0.9326171875 0.5052083333333334 0.08984375 0.12239583333333333
0.0 0.9619140625 0.2630208333333333 0.076171875 0.12760416666666666
