0.0 0.65771484375 0.5416666666666666 0.1123046875 0.17447916666666666
0.0 0.12060546875 0.32421875 0.0595703125 0.11458333333333333
0.0 0.236328125 0.3919270833333333 0.083984375 0.15885416666666666
0.0 0.32421875 0.396484375 0.07421875 0.12890625
0.0 0.279296875 0.2727864583333333 0.0546875 0.09505208333333333
0.0 0.30908203125 0.3033854166666667 0.0439453125 0.09114583333333333
0.0 0.48388671875 0.3509114583333333 0.0556640625 0.09244791666666667
0.0 0.46728515625 0.23893229166666666 0.0537109375 0.09505208333333333
0.0 0.400390625 0.3815104166666667 0.0703125 0.12760416666666666
0.0 0.369140625 0.2897135416666667 0.0625 0.09765625
0.0 0.4248046875 0.3046875 0.0390625 0.08072916666666667
0.0 0.66162109375 0.2688802083333333 0.0556640625 0.09765625
0.0 0.748046875 0.369140625 0.064453125 0.12369791666666667
0.0 0.70654296875 0.3053385416666667 0.0439453125 0.07942708333333333
0.0 0.609375 0.3059895833333333 0.041015625 0.07291666666666667
0.0 0.5634765625 0.3776041666666667 0.064453125 0.109375
0.0 0.51513671875 0.6516927083333334 0.0927734375 0.13671875
0.0 0.84423828125 0.3502604166666667 0.0732421875 0.125
0.0 0.59228515625 0.4713541666666667 0.0673828125 0.11458333333333333
0.0 0.6181640625 0.25 0.025390625 0.041666666666666664
0.0 0.01904296875 0.4140625 0.0361328125 0.14583333333333334
