0.0 0.18994140625 0.3743489583333333 0.0361328125 0.055989583333333336
0.0 0.37548828125 0.3528645833333333 0.0478515625 0.07552083333333333
0.0 0.3720703125 0.5631510416666666 0.052734375 0.08723958333333333
0.0 0.22509765625 0.51953125 0.0439453125 0.078125
0.0 0.2666015625 0.6184895833333334 0.052734375 0.08333333333333333
0.0 0.18505859375 0.6061197916666666 0.0576171875 0.09765625
0.0 0.13720703125 0.5266927083333334 0.0498046875 0.07942708333333333
0.0 0.521484375 0.54296875 0.048828125 0.0859375
0.0 0.5712890625 0.46484375 0.041015625 0.059895833333333336
0.0 0.6484375 0.4973958333333333 0.05078125 0.08333333333333333
0.0 0.69287109375 0.515625 0.0302734375 0.059895833333333336
0.0 0.6328125 0.6796875 0.052734375 0.078125
0.0 0.8251953125 0.6783854166666666 0.05859375 0.08854166666666667
