0.0 0.0283203125 0.2734375 0.037109375 0.07682291666666667
0.0 0.1728515625 0.2421875 0.0419921875 0.09375
0.0 0.2080078125 0.3372395833333333 0.0205078125 0.032552083333333336
0.0 0.248046875 0.3333333333333333 0.0185546875 0.028645833333333332
0.0 0.32421875 0.2825520833333333 0.037109375 0.057291666666666664
0.0 0.396484375 0.3046875 0.0185546875 0.028645833333333332
0.0 0.4521484375 0.2994791666666667 0.04296875 0.0703125
0.0 0.5654296875 0.26953125 0.0390625 0.05859375
0.0 0.681640625 0.2955729166666667 0.01953125 0.02734375
0.0 0.7001953125 0.20182291666666666 0.048828125 0.10026041666666667
0.0 0.9560546875 0.19921875 0.0439453125 0.07942708333333333
0.0 0.5263671875 0.2916666666666667 0.0185546875 0.033854166666666664
