0.0 0.85546875 0.06359102244389027 0.0517578125 0.09226932668329177
0.0 0.63671875 0.06234413965087282 0.0615234375 0.10224438902743142
0.0 0.3642578125 0.06483790523690773 0.0634765625 0.09975062344139651
0.0 0.5087890625 0.1571072319201995 0.037109375 0.057356608478802994
0.0 0.2744140625 0.15087281795511223 0.0361328125 0.057356608478802994
0.0 0.130859375 0.06733167082294264 0.0595703125 0.09975062344139651
0.0 0.2236328125 0.1658354114713217 0.0244140625 0.0399002493765586
0.0 0.3447265625 0.17581047381546136 0.015625 0.03117206982543641
0.0 0.3271484375 0.1770573566084788 0.015625 0.02743142144638404
0.0 0.787109375 0.19326683291770574 0.009765625 0.016209476309226933
0.0 0.9755859375 0.2169576059850374 0.0068359375 0.014962593516209476
0.0 0.98828125 0.2144638403990025 0.0068359375 0.012468827930174564
0.0 0.958984375 0.2194513715710723 0.0087890625 0.01371571072319202
0.0 0.5498046875 0.128428927680798 0.015625 0.02743142144638404
