0.0 0.6484375 0.07688113413304253 0.1494140625 0.10632497273718648
0.0 0.87890625 0.06052344601962922 0.0498046875 0.03707742639040349
0.0 0.8203125 0.027808069792802616 0.0498046875 0.0376226826608506
0.0 0.7275390625 0.011450381679389313 0.041015625 0.026172300981461286
0.0 0.591796875 0.0 0.037109375 0.014176663031624863
0.0 0.5771484375 0.05834242093784078 0.046875 0.03707742639040349
0.0 0.435546875 0.06870229007633588 0.0751953125 0.04689203925845147
0.0 0.2041015625 0.004907306434023991 0.0888671875 0.07088331515812432
0.0 0.4921875 0.016357688113413305 0.033203125 0.026172300981461286
0.0 0.388671875 0.011450381679389313 0.0361328125 0.027262813522355506
0.0 0.3564453125 0.014176663031624863 0.0322265625 0.026717557251908396
0.0 0.265625 0.0 0.0361328125 0.028353326063249727
0.0 0.271484375 0.05834242093784078 0.0478515625 0.04580152671755725
0.0 0.0888671875 0.023991275899672846 0.0771484375 0.05834242093784078
0.0 0.0 0.008178844056706653 0.0458984375 0.05343511450381679
