0.0 0.7490234375 0.25 0.068359375 0.080078125
0.0 0.216796875 0.2373046875 0.0888671875 0.0927734375
0.0 0.09765625 0.2822265625 0.013671875 0.0146484375
0.0 0.005859375 0.291015625 0.015625 0.017578125
0.0 0.787109375 0.6787109375 0.0869140625 0.1083984375
0.0 0.2626953125 0.763671875 0.064453125 0.0771484375
0.0 0.6767578125 0.7109375 0.017578125 0.01953125
0.0 0.64453125 0.7265625 0.0087890625 0.01171875
0.0 0.9140625 0.6953125 0.0283203125 0.029296875
0.0 0.5751953125 0.27734375 0.0166015625 0.0234375
0.0 0.1611328125 0.80859375 0.013671875 0.0146484375
0.0 0.8837890625 0.2568359375 0.01171875 0.0185546875
0.0 0.609375 0.7236328125 0.01171875 0.013671875
