0.0 0.7822265625 0.14342857142857143 0.037109375 0.029142857142857144
0.0 0.6181640625 0.13428571428571429 0.0302734375 0.021142857142857144
0.0 0.9306640625 0.11257142857142857 0.0341796875 0.02
0.0 0.943359375 0.26 0.0458984375 0.03371428571428572
0.0 0.892578125 0.24628571428571427 0.046875 0.030857142857142857
0.0 0.8134765625 0.23142857142857143 0.0498046875 0.037142857142857144
0.0 0.6982421875 0.22914285714285715 0.0556640625 0.03485714285714286
0.0 0.611328125 0.19657142857142856 0.0380859375 0.030857142857142857
0.0 0.201171875 0.1462857142857143 0.03515625 0.025714285714285714
0.0 0.173828125 0.15142857142857144 0.0302734375 0.024
0.0 0.978515625 0.224 0.021484375 0.029142857142857144
0.0 0.0 0.13885714285714285 0.0205078125 0.02057142857142857
0.0 0.0 0.18857142857142858 0.0126953125 0.02857142857142857
0.0 0.34765625 0.08171428571428571 0.0322265625 0.02457142857142857
0.0 0.21875 0.212 0.06640625 0.04171428571428572
0.0 0.0947265625 0.20514285714285715 0.0302734375 0.025714285714285714
