0.0 0.70068359375 0.22794552989934871 0.0419921875 0.03433984606275903
0.0 0.49609375 0.1891651865008881 0.115234375 0.07992895204262877
0.0 0.23876953125 0.24126702190645352 0.0419921875 0.03019538188277087
0.0 0.326171875 0.22350503256364712 0.01953125 0.013617525162818236
0.0 0.376953125 0.22972172883362937 0.017578125 0.013025458851391355
0.0 0.2685546875 0.2353463587921847 0.02734375 0.02427471876850207
0.0 0.107421875 0.2329780935464772 0.013671875 0.010065127294256957
0.0 0.0263671875 0.21462403789224394 0.033203125 0.03256364712847839
0.0 0.39208984375 0.24837181764357608 0.0146484375 0.008880994671403197
0.0 0.8583984375 0.20367081113084665 0.041015625 0.028419182948490232
0.0 0.88671875 0.21492007104795738 0.041015625 0.046181172291296625
0.0 0.548828125 0.21699230313795145 0.021484375 0.021906453522794554
0.0 0.9697265625 0.21699230313795145 0.060546875 0.06335109532267615
