0.0 0.130859375 0.3046875 0.01953125 0.028645833333333332
0.0 0.1748046875 0.3020833333333333 0.0166015625 0.029947916666666668
0.0 0.2109375 0.3177083333333333 0.0146484375 0.026041666666666668
0.0 0.2509765625 0.3046875 0.015625 0.026041666666666668
0.0 0.2822265625 0.2916666666666667 0.015625 0.028645833333333332
0.0 0.318359375 0.32421875 0.013671875 0.022135416666666668
0.0 0.3369140625 0.2994791666666667 0.01171875 0.020833333333333332
0.0 0.3720703125 0.3125 0.0126953125 0.024739583333333332
0.0 0.4150390625 0.3177083333333333 0.01171875 0.022135416666666668
0.0 0.4404296875 0.3177083333333333 0.01171875 0.020833333333333332
0.0 0.4755859375 0.3359375 0.0126953125 0.01953125
0.0 0.4921875 0.2916666666666667 0.0146484375 0.020833333333333332
0.0 0.4970703125 0.328125 0.013671875 0.018229166666666668
0.0 0.5185546875 0.30859375 0.01171875 0.024739583333333332
