0.0 0.9560546875 0.5541935483870968 0.00390625 0.00903225806451613
0.0 0.67724609375 0.5587096774193548 0.0048828125 0.01032258064516129
0.0 0.80126953125 0.5593548387096774 0.0048828125 0.00903225806451613
0.0 0.73388671875 0.5606451612903226 0.0048828125 0.00903225806451613
0.0 0.77197265625 0.5496774193548387 0.0048828125 0.01032258064516129
0.0 0.4013671875 0.5464516129032259 0.0390625 0.12
0.0 0.1103515625 0.5587096774193548 0.005859375 0.01032258064516129
0.0 0.5810546875 0.56 0.00390625 0.007741935483870968
0.0 0.71484375 0.5638709677419355 0.00390625 0.007741935483870968
0.0 0.708984375 0.5619354838709677 0.00390625 0.0064516129032258064
0.0 0.7451171875 0.5619354838709677 0.00390625 0.0064516129032258064
0.0 0.86962890625 0.5683870967741935 0.0048828125 0.0064516129032258064
0.0 0.8544921875 0.5658064516129032 0.00390625 0.0064516129032258064
0.0 0.92431640625 0.5535483870967742 0.0048828125 0.007741935483870968
0.0 0.14990234375 0.5593548387096774 0.0068359375 0.00903225806451613
0.0 0.6474609375 0.5625806451612904 0.00390625 0.007741935483870968
0.0 0.65478515625 0.5638709677419355 0.0029296875 0.005161290322580645
0.0 0.66162109375 0.5638709677419355 0.0029296875 0.005161290322580645
0.0 0.689453125 0.5638709677419355 0.00390625 0.007741935483870968
0.0 0.9912109375 0.5612903225806452 0.005859375 0.01032258064516129
