0.0 0.0908203125 0.4354561101549053 0.0478515625 0.10154905335628227
0.0 0.1572265625 0.39759036144578314 0.0390625 0.12736660929432014
0.0 0.0009765625 0.5077452667814114 0.017578125 0.11359724612736662
0.0 0.009765625 0.4027538726333907 0.0322265625 0.10843373493975904
0.0 0.134765625 0.41824440619621345 0.0283203125 0.09466437177280551
0.0 0.056640625 0.43029259896729777 0.0302734375 0.0757314974182444
0.0 0.23046875 0.43717728055077454 0.0205078125 0.06884681583476764
0.0 0.2734375 0.43201376936316693 0.0205078125 0.058519793459552494
0.0 0.3310546875 0.41480206540447506 0.017578125 0.06884681583476764
0.0 0.134765625 0.3648881239242685 0.015625 0.043029259896729774
0.0 0.1533203125 0.3218588640275387 0.0107421875 0.0378657487091222
0.0 0.1650390625 0.3218588640275387 0.0126953125 0.0378657487091222
0.0 0.09765625 0.33390705679862304 0.017578125 0.039586919104991396
0.0 0.1142578125 0.3218588640275387 0.017578125 0.04475043029259897
0.0 0.0302734375 0.30120481927710846 0.0185546875 0.03270223752151463
0.0 0.0556640625 0.28055077452667815 0.0126953125 0.043029259896729774
0.0 0.0927734375 0.2908777969018933 0.015625 0.03270223752151463
0.0 0.2119140625 0.3304647160068847 0.015625 0.04130808950086059
0.0 0.3515625 0.3889845094664372 0.021484375 0.06712564543889846
0.0 0.466796875 0.3528399311531842 0.0244140625 0.058519793459552494
0.0 0.4375 0.39759036144578314 0.01171875 0.04647160068846816
0.0 0.4423828125 0.3803786574870912 0.0107421875 0.0378657487091222
0.0 0.4541015625 0.37521514629948366 0.01171875 0.029259896729776247
0.0 0.4208984375 0.3614457831325301 0.0146484375 0.03098106712564544
0.0 0.4189453125 0.39759036144578314 0.0126953125 0.05335628227194492
0.0 0.4609375 0.3270223752151463 0.0126953125 0.027538726333907058
0.0 0.5087890625 0.387263339070568 0.017578125 0.03270223752151463
0.0 0.5263671875 0.3717728055077453 0.009765625 0.04475043029259897
0.0 0.5546875 0.3476764199655766 0.01171875 0.03270223752151463
0.0 0.564453125 0.3648881239242685 0.0146484375 0.029259896729776247
0.0 0.580078125 0.3528399311531842 0.0087890625 0.024096385542168676
0.0 0.623046875 0.37349397590361444 0.0068359375 0.024096385542168676
0.0 0.736328125 0.3493975903614458 0.0244140625 0.060240963855421686
0.0 0.6923828125 0.3442340791738382 0.0146484375 0.025817555938037865
0.0 0.7958984375 0.3528399311531842 0.0107421875 0.024096385542168676
0.0 0.8115234375 0.3253012048192771 0.0107421875 0.020654044750430294
0.0 0.8779296875 0.33218588640275387 0.0087890625 0.025817555938037865
0.0 0.8857421875 0.3476764199655766 0.0078125 0.024096385542168676
0.0 0.892578125 0.3459552495697074 0.0107421875 0.024096385542168676
0.0 0.9365234375 0.3614457831325301 0.0087890625 0.0189328743545611
0.0 0.953125 0.33562822719449226 0.0107421875 0.022375215146299483
0.0 0.9765625 0.3407917383820998 0.01171875 0.020654044750430294
