0.0 0.087890625 0.2912698412698413 0.02734375 0.049206349206349205
0.0 0.2236328125 0.24126984126984127 0.025390625 0.044444444444444446
0.0 0.32958984375 0.2357142857142857 0.0302734375 0.049206349206349205
0.0 0.1669921875 0.5166666666666667 0.033203125 0.05555555555555555
0.0 0.2666015625 0.4992063492063492 0.03125 0.06190476190476191
0.0 0.42236328125 0.48095238095238096 0.0283203125 0.047619047619047616
0.0 0.42626953125 0.24682539682539684 0.0283203125 0.05873015873015873
0.0 0.52978515625 0.2968253968253968 0.0263671875 0.05396825396825397
0.0 0.53125 0.24285714285714285 0.02734375 0.044444444444444446
0.0 0.74365234375 0.30873015873015874 0.0322265625 0.049206349206349205
0.0 0.7568359375 0.2515873015873016 0.025390625 0.05238095238095238
0.0 0.64892578125 0.23333333333333334 0.0263671875 0.04126984126984127
0.0 0.87744140625 0.3055555555555556 0.0361328125 0.05873015873015873
0.0 0.62060546875 0.44682539682539685 0.0341796875 0.06190476190476191
