0.0 0.30224609375 0.349609375 0.0791015625 0.17057291666666666
0.0 0.2001953125 0.4075520833333333 0.0703125 0.22395833333333334
0.0 0.15771484375 0.14453125 0.0185546875 0.036458333333333336
0.0 0.0419921875 0.13736979166666666 0.017578125 0.029947916666666668
0.0 0.544921875 0.08854166666666667 0.0234375 0.046875
0.0 0.4287109375 0.09505208333333333 0.01953125 0.0390625
0.0 0.3779296875 0.14127604166666666 0.03125 0.048177083333333336
0.0 0.46044921875 0.19205729166666666 0.0478515625 0.08723958333333333
0.0 0.50244140625 0.19856770833333334 0.0263671875 0.04296875
0.0 0.408203125 0.3020833333333333 0.0703125 0.10416666666666667
0.0 0.63037109375 0.14908854166666666 0.0126953125 0.022135416666666668
0.0 0.82373046875 0.3463541666666667 0.1123046875 0.15885416666666666
0.0 0.72119140625 0.2662760416666667 0.0654296875 0.10286458333333333
0.0 0.61962890625 0.2649739583333333 0.0654296875 0.09765625
