0.0 0.0478515625 0.48104956268221577 0.02734375 0.0597667638483965
0.0 0.029296875 0.4737609329446064 0.0185546875 0.03206997084548105
0.0 0.0126953125 0.47959183673469385 0.013671875 0.027696793002915453
0.0 0.212890625 0.4329446064139942 0.0087890625 0.01749271137026239
0.0 0.1904296875 0.4387755102040816 0.0087890625 0.014577259475218658
0.0 0.140625 0.4329446064139942 0.0107421875 0.023323615160349854
0.0 0.2509765625 0.39941690962099125 0.0205078125 0.03644314868804665
0.0 0.3505859375 0.42565597667638483 0.0126953125 0.029154518950437316
0.0 0.375 0.3819241982507289 0.0478515625 0.10641399416909621
0.0 0.587890625 0.37755102040816324 0.0712890625 0.141399416909621
0.0 0.564453125 0.4271137026239067 0.021484375 0.030612244897959183
0.0 0.892578125 0.4008746355685131 0.044921875 0.10204081632653061
0.0 0.435546875 0.3877551020408163 0.015625 0.04664723032069971
0.0 0.0849609375 0.47959183673469385 0.005859375 0.011661807580174927
