0.0 0.0 0.3385416666666667 0.0205078125 0.06944444444444445
0.0 0.0 0.3871527777777778 0.01171875 0.07291666666666667
0.0 0.2275390625 0.203125 0.04296875 0.10069444444444445
0.0 0.361328125 0.2222222222222222 0.029296875 0.078125
0.0 0.5634765625 0.12152777777777778 0.01171875 0.027777777777777776
0.0 0.5107421875 0.11805555555555555 0.009765625 0.024305555555555556
0.0 0.6025390625 0.3385416666666667 0.0546875 0.16493055555555555
0.0 0.9140625 0.125 0.0224609375 0.043402777777777776
0.0 0.9052734375 0.10243055555555555 0.0087890625 0.020833333333333332
0.0 0.7998046875 0.10243055555555555 0.01171875 0.03298611111111111
0.0 0.86328125 0.08854166666666667 0.0107421875 0.024305555555555556
0.0 0.943359375 0.2760416666666667 0.048828125 0.125
