0.0 0.205078125 0.453125 0.0146484375 0.024739583333333332
0.0 0.271484375 0.4908854166666667 0.005859375 0.009114583333333334
0.0 0.248046875 0.49609375 0.0048828125 0.0078125
0.0 0.75390625 0.4908854166666667 0.0087890625 0.018229166666666668
0.0 0.7734375 0.48828125 0.0078125 0.014322916666666666
0.0 0.6962890625 0.484375 0.005859375 0.0078125
0.0 0.5244140625 0.4973958333333333 0.00390625 0.00390625
0.0 0.5478515625 0.49609375 0.0048828125 0.006510416666666667
0.0 0.5654296875 0.4973958333333333 0.005859375 0.006510416666666667
0.0 0.6640625 0.4830729166666667 0.005859375 0.01171875
0.0 0.658203125 0.4921875 0.0068359375 0.010416666666666666
0.0 0.640625 0.4895833333333333 0.0048828125 0.0078125
0.0 0.615234375 0.48828125 0.005859375 0.006510416666666667
0.0 0.681640625 0.4830729166666667 0.0048828125 0.01171875
0.0 0.6728515625 0.4856770833333333 0.0068359375 0.010416666666666666
0.0 0.6455078125 0.484375 0.0068359375 0.0078125
0.0 0.82421875 0.4908854166666667 0.005859375 0.010416666666666666
0.0 0.7109375 0.4817708333333333 0.0048828125 0.006510416666666667
0.0 0.7470703125 0.4856770833333333 0.005859375 0.006510416666666667
0.0 0.5849609375 0.4947916666666667 0.00390625 0.005208333333333333
0.0 0.6123046875 0.4986979166666667 0.0029296875 0.005208333333333333
0.0 0.072265625 0.4583333333333333 0.0048828125 0.006510416666666667
0.0 0.2412109375 0.4895833333333333 0.00390625 0.006510416666666667
0.0 0.599609375 0.4986979166666667 0.001953125 0.00390625
0.0 0.7919921875 0.48828125 0.005859375 0.014322916666666666
0.0 0.736328125 0.4817708333333333 0.005859375 0.013020833333333334
0.0 0.7314453125 0.4908854166666667 0.0078125 0.009114583333333334
0.0 0.6875 0.4830729166666667 0.005859375 0.010416666666666666
0.0 0.1943359375 0.453125 0.0078125 0.018229166666666668
