0.0 0.291015625 0.12640801001251564 0.1748046875 0.2753441802252816
0.0 0.8134765625 0.5319148936170213 0.0498046875 0.07759699624530664
0.0 0.7734375 0.6695869837296621 0.0439453125 0.0625782227784731
0.0 0.7685546875 0.7108886107634543 0.0498046875 0.07509386733416772
0.0 0.6005859375 0.6170212765957447 0.0478515625 0.06758448060075094
0.0 0.9326171875 0.8147684605757196 0.048828125 0.08260325406758448
0.0 0.6748046875 0.016270337922403004 0.03125 0.052565707133917394
0.0 0.8505859375 0.03504380475594493 0.0283203125 0.04881101376720901
0.0 0.568359375 0.21401752190237797 0.0400390625 0.06508135168961202
0.0 0.791015625 0.9198998748435544 0.0458984375 0.07384230287859825
0.0 0.9658203125 0.6470588235294118 0.0341796875 0.08385481852315395
