0.0 0.31689453125 0.17082111436950145 0.0244140625 0.05718475073313783
0.0 0.69287109375 0.2001466275659824 0.0068359375 0.01906158357771261
0.0 0.59423828125 0.2155425219941349 0.0107421875 0.020527859237536656
0.0 0.11376953125 0.187683284457478 0.0263671875 0.05865102639296188
0.0 0.0263671875 0.45894428152492667 0.044921875 0.09970674486803519
0.0 0.130859375 0.5623167155425219 0.041015625 0.08651026392961877
0.0 0.5751953125 0.2280058651026393 0.021484375 0.039589442815249266
0.0 0.8369140625 0.48533724340175954 0.029296875 0.06158357771260997
0.0 0.90478515625 0.437683284457478 0.0283203125 0.04838709677419355
0.0 0.970703125 0.21334310850439883 0.037109375 0.0718475073313783
0.0 0.88134765625 0.17082111436950145 0.0224609375 0.05718475073313783
0.0 0.80859375 0.5601173020527859 0.04296875 0.06451612903225806
0.0 0.75927734375 0.4912023460410557 0.0322265625 0.06744868035190615
0.0 0.7041015625 0.37023460410557185 0.025390625 0.051319648093841645
0.0 0.73193359375 0.3313782991202346 0.0166015625 0.026392961876832845
0.0 0.74365234375 0.21627565982404692 0.0126953125 0.01906158357771261
0.0 0.04150390625 0.7895894428152492 0.0615234375 0.17155425219941348
0.0 0.29248046875 0.6964809384164223 0.0615234375 0.10557184750733138
0.0 0.51123046875 0.6898826979472141 0.0556640625 0.09237536656891496
0.0 0.81689453125 0.6400293255131965 0.0576171875 0.10703812316715543
0.0 0.97265625 0.6686217008797654 0.052734375 0.12903225806451613
0.0 0.96826171875 0.7969208211143695 0.0634765625 0.15395894428152493
0.0 0.8310546875 0.8335777126099707 0.041015625 0.09237536656891496
0.0 0.9365234375 0.23900293255131966 0.017578125 0.04398826979472141
0.0 0.1875 0.18328445747800587 0.0390625 0.07624633431085044
0.0 0.048828125 0.16788856304985336 0.044921875 0.09824046920821114
0.0 0.22509765625 0.20967741935483872 0.0224609375 0.04105571847507331
0.0 0.36181640625 0.20087976539589442 0.0224609375 0.05278592375366569
0.0 0.388671875 0.2287390029325513 0.01953125 0.0469208211143695
0.0 0.494140625 0.2287390029325513 0.044921875 0.08211143695014662
0.0 0.0087890625 0.18475073313782991 0.013671875 0.026392961876832845
