0.0 0.37841796875 0.7495667244367418 0.0830078125 0.15771230502599654
0.0 0.00927734375 0.74263431542461 0.0185546875 0.0779896013864818
0.0 0.455078125 0.7010398613518197 0.037109375 0.06759098786828423
0.0 0.63720703125 0.6967071057192374 0.0478515625 0.10051993067590988
0.0 0.89111328125 0.5580589254766031 0.0361328125 0.09012131715771231
0.0 0.970703125 0.5017331022530329 0.0234375 0.04679376083188908
0.0 0.662109375 0.47920277296360486 0.017578125 0.036395147313691506
0.0 0.49560546875 0.38128249566724437 0.0185546875 0.0415944540727903
0.0 0.4482421875 0.5017331022530329 0.025390625 0.07452339688041594
0.0 0.38037109375 0.464471403812825 0.0166015625 0.03466204506065858
0.0 0.265625 0.462738301559792 0.015625 0.03119584055459272
0.0 0.31494140625 0.48700173310225303 0.0146484375 0.024263431542461005
0.0 0.16064453125 0.48440207972270366 0.0166015625 0.03292894280762565
