0.0 0.330078125 0.10948905109489052 0.0478515625 0.07007299270072993
0.0 0.1923828125 0.11240875912408758 0.0400390625 0.07153284671532846
0.0 0.1162109375 0.23795620437956205 0.044921875 0.08175182481751825
0.0 0.2685546875 0.28175182481751826 0.046875 0.072992700729927
0.0 0.41015625 0.2773722627737226 0.041015625 0.08029197080291971
0.0 0.5400390625 0.28613138686131384 0.044921875 0.08029197080291971
0.0 0.6708984375 0.28175182481751826 0.04296875 0.06715328467153285
0.0 0.83203125 0.29635036496350364 0.0458984375 0.08029197080291971
0.0 0.7626953125 0.12992700729927006 0.0419921875 0.07153284671532846
0.0 0.6142578125 0.11386861313868613 0.0478515625 0.07007299270072993
0.0 0.474609375 0.08321167883211679 0.046875 0.07153284671532846
