0.0 0.083984375 0.21700879765395895 0.04296875 0.07771260997067449
0.0 0.201171875 0.20087976539589442 0.0400390625 0.0747800586510264
0.0 0.234375 0.2565982404692082 0.0419921875 0.0718475073313783
0.0 0.302734375 0.22140762463343108 0.0361328125 0.06451612903225806
0.0 0.3564453125 0.25806451612903225 0.041015625 0.06598240469208211
0.0 0.33203125 0.4398826979472141 0.0517578125 0.10410557184750734
0.0 0.412109375 0.21994134897360704 0.0322265625 0.06744868035190615
0.0 0.4580078125 0.27712609970674484 0.0400390625 0.07624633431085044
0.0 0.4990234375 0.4090909090909091 0.048828125 0.08797653958944282
0.0 0.4970703125 0.20234604105571846 0.0322265625 0.06744868035190615
0.0 0.556640625 0.30058651026392963 0.0419921875 0.08797653958944282
0.0 0.615234375 0.21407624633431085 0.0361328125 0.06158357771260997
0.0 0.623046875 0.2961876832844575 0.0517578125 0.07917888563049853
0.0 0.697265625 0.2126099706744868 0.0458984375 0.08357771260997067
0.0 0.8037109375 0.19794721407624633 0.03515625 0.0718475073313783
0.0 0.849609375 0.22140762463343108 0.04296875 0.07331378299120235
0.0 0.658203125 0.49560117302052786 0.05859375 0.0967741935483871
