0.0 0.6455078125 0.39011703511053314 0.0390625 0.07022106631989597
0.0 0.6337890625 0.45318595578673604 0.021484375 0.02990897269180754
0.0 0.56884765625 0.44538361508452534 0.0205078125 0.0377113133940182
0.0 0.52734375 0.4304291287386216 0.021484375 0.031209362808842653
0.0 0.47216796875 0.45123537061118335 0.0205078125 0.02860858257477243
0.0 0.4423828125 0.42522756827048114 0.021484375 0.02860858257477243
0.0 0.408203125 0.4336801040312094 0.017578125 0.02990897269180754
0.0 0.34521484375 0.44408322496749025 0.0205078125 0.035110533159947985
0.0 0.2919921875 0.4726918075422627 0.017578125 0.02990897269180754
0.0 0.2431640625 0.5019505851755527 0.0234375 0.03901170351105332
0.0 0.25341796875 0.4596879063719116 0.0166015625 0.02990897269180754
0.0 0.1708984375 0.4752925877763329 0.0234375 0.032509752925877766
0.0 0.119140625 0.49219765929778936 0.017578125 0.02990897269180754
0.0 0.1044921875 0.6118335500650195 0.03515625 0.055916775032509754
0.0 0.04931640625 0.5091027308192457 0.0263671875 0.05071521456436931
0.0 0.0322265625 0.4460338101430429 0.017578125 0.02600780234070221
0.0 0.1376953125 0.46553966189856955 0.013671875 0.02340702210663199
0.0 0.19140625 0.4596879063719116 0.015625 0.0247074122236671
0.0 0.24853515625 0.47854356306892065 0.0146484375 0.02340702210663199
0.0 0.18408203125 0.4759427828348505 0.0126953125 0.02340702210663199
0.0 0.15283203125 0.4616384915474642 0.0126953125 0.02080624187256177
0.0 0.12158203125 0.476592977893368 0.0146484375 0.022106631989596878
