0.0 0.9072265625 0.3444767441860465 0.0244140625 0.04215116279069767
0.0 0.94921875 0.3561046511627907 0.0244140625 0.036337209302325583
0.0 0.9052734375 0.43023255813953487 0.0146484375 0.030523255813953487
0.0 0.70703125 0.38372093023255816 0.01171875 0.030523255813953487
0.0 0.6259765625 0.3372093023255814 0.01953125 0.04215116279069767
0.0 0.7119140625 0.41569767441860467 0.0126953125 0.030523255813953487
0.0 0.47265625 0.1875 0.0546875 0.08430232558139535
0.0 0.2744140625 0.44476744186046513 0.0107421875 0.02180232558139535
0.0 0.3369140625 0.5319767441860465 0.01171875 0.0188953488372093
0.0 0.1318359375 0.20348837209302326 0.0302734375 0.056686046511627904
0.0 0.353515625 0.5784883720930233 0.0068359375 0.010174418604651164
0.0 0.33984375 0.5726744186046512 0.0078125 0.015988372093023256
0.0 0.9248046875 0.3546511627906977 0.015625 0.03197674418604651
