0.0 0.4208984375 0.11798839458413926 0.0263671875 0.011992263056092843
0.0 0.4677734375 0.1206963249516441 0.03125 0.013926499032882012
0.0 0.5576171875 0.24990328820116053 0.0419921875 0.023597678916827854
0.0 0.236328125 0.4 0.0517578125 0.027079303675048357
0.0 0.5458984375 0.4309477756286267 0.037109375 0.01586073500967118
0.0 0.41796875 0.73036750483559 0.060546875 0.02553191489361702
0.0 0.474609375 0.7292069632495164 0.0498046875 0.027852998065764023
0.0 0.6611328125 0.7713733075435203 0.05078125 0.02011605415860735
0.0 0.69140625 0.08936170212765958 0.0517578125 0.02862669245647969
0.0 0.5654296875 0.11760154738878142 0.041015625 0.015473887814313346
0.0 0.59765625 0.14390715667311413 0.0361328125 0.016247582205029015
0.0 0.4052734375 0.17408123791102514 0.044921875 0.01818181818181818
0.0 0.3603515625 0.1253384912959381 0.0361328125 0.016247582205029015
0.0 0.3134765625 0.12688588007736945 0.03515625 0.015087040618955513
