0.0 0.8173828125 0.4544270833333333 0.01953125 0.032552083333333336
0.0 0.9375 0.43359375 0.0146484375 0.028645833333333332
0.0 0.9111328125 0.3815104166666667 0.0224609375 0.032552083333333336
0.0 0.931640625 0.3658854166666667 0.021484375 0.02734375
0.0 0.9833984375 0.4283854166666667 0.0166015625 0.045572916666666664
0.0 0.9873046875 0.3723958333333333 0.0126953125 0.037760416666666664
0.0 0.7431640625 0.4231770833333333 0.0234375 0.037760416666666664
0.0 0.671875 0.4153645833333333 0.0205078125 0.04296875
0.0 0.578125 0.33203125 0.0244140625 0.03125
0.0 0.5341796875 0.3528645833333333 0.0224609375 0.037760416666666664
0.0 0.5029296875 0.3515625 0.017578125 0.032552083333333336
0.0 0.44921875 0.3151041666666667 0.0205078125 0.029947916666666668
0.0 0.4716796875 0.3333333333333333 0.01953125 0.036458333333333336
0.0 0.5244140625 0.3072916666666667 0.0205078125 0.036458333333333336
0.0 0.4609375 0.51953125 0.015625 0.033854166666666664
0.0 0.646484375 0.3723958333333333 0.021484375 0.040364583333333336
0.0 0.171875 0.2838541666666667 0.017578125 0.03125
0.0 0.04296875 0.453125 0.0205078125 0.03125
0.0 0.0634765625 0.4049479166666667 0.017578125 0.033854166666666664
0.0 0.23828125 0.4778645833333333 0.0224609375 0.033854166666666664
0.0 0.2236328125 0.2786458333333333 0.021484375 0.033854166666666664
0.0 0.294921875 0.2864583333333333 0.0185546875 0.036458333333333336
0.0 0.2861328125 0.46484375 0.0224609375 0.036458333333333336
0.0 0.328125 0.515625 0.0224609375 0.033854166666666664
0.0 0.365234375 0.453125 0.0234375 0.041666666666666664
0.0 0.3896484375 0.4140625 0.021484375 0.0390625
0.0 0.3232421875 0.3919270833333333 0.021484375 0.028645833333333332
0.0 0.6181640625 0.3515625 0.0205078125 0.032552083333333336
0.0 0.380859375 0.3984375 0.013671875 0.020833333333333332
0.0 0.078125 0.2421875 0.0244140625 0.037760416666666664
