0.0 0.37109375 0.1645658263305322 0.01953125 0.04061624649859944
0.0 0.3505859375 0.18347338935574228 0.01953125 0.028011204481792718
0.0 0.42138671875 0.17647058823529413 0.0185546875 0.03361344537815126
0.0 0.4521484375 0.1715686274509804 0.01953125 0.0350140056022409
0.0 0.48974609375 0.16526610644257703 0.0224609375 0.04201680672268908
0.0 0.546875 0.16736694677871147 0.01953125 0.0350140056022409
0.0 0.5361328125 0.1568627450980392 0.01953125 0.036414565826330535
0.0 0.58935546875 0.16666666666666666 0.0185546875 0.03361344537815126
0.0 0.59765625 0.1330532212885154 0.015625 0.028011204481792718
0.0 0.57470703125 0.16666666666666666 0.0146484375 0.03081232492997199
0.0 0.74560546875 0.1092436974789916 0.0322265625 0.07563025210084033
0.0 0.72607421875 0.09103641456582633 0.0224609375 0.056022408963585436
0.0 0.62158203125 0.12324929971988796 0.0224609375 0.04481792717086835
0.0 0.7578125 0.0196078431372549 0.009765625 0.01680672268907563
0.0 0.77783203125 0.008403361344537815 0.0126953125 0.01680672268907563
0.0 0.7041015625 0.037815126050420166 0.01171875 0.01680672268907563
0.0 0.68359375 0.04341736694677871 0.009765625 0.01680672268907563
0.0 0.8427734375 0.0819327731092437 0.03515625 0.06022408963585434
0.0 0.03662109375 0.08683473389355742 0.0126953125 0.03081232492997199
0.0 0.51611328125 0.3557422969187675 0.0732421875 0.10644257703081232
0.0 0.6572265625 0.3333333333333333 0.107421875 0.16526610644257703
0.0 0.80517578125 0.1876750700280112 0.0673828125 0.12885154061624648
0.0 0.93359375 0.226890756302521 0.0546875 0.08123249299719888
0.0 0.92626953125 0.1092436974789916 0.0400390625 0.06162464985994398
0.0 0.96875 0.1407563025210084 0.033203125 0.05182072829131653
0.0 0.5771484375 0.2710084033613445 0.064453125 0.11064425770308123
0.0 0.0361328125 0.15336134453781514 0.03515625 0.07142857142857142
0.0 0.0927734375 0.07072829131652661 0.015625 0.04061624649859944
0.0 0.1650390625 0.10994397759103641 0.037109375 0.06022408963585434
0.0 0.21435546875 0.09033613445378151 0.0205078125 0.037815126050420166
0.0 0.23388671875 0.18487394957983194 0.0185546875 0.03081232492997199
0.0 0.25146484375 0.14635854341736695 0.0185546875 0.029411764705882353
0.0 0.3154296875 0.16036414565826332 0.015625 0.04061624649859944
