0.0 0.7724609375 0.04382183908045977 0.0185546875 0.017241379310344827
0.0 0.103515625 0.7270114942528736 0.0185546875 0.029454022988505746
0.0 0.0576171875 0.7535919540229885 0.0224609375 0.017959770114942528
0.0 0.1318359375 0.8649425287356322 0.0234375 0.01939655172413793
0.0 0.359375 0.7564655172413793 0.01171875 0.015804597701149427
0.0 0.5234375 0.7708333333333334 0.0224609375 0.021551724137931036
0.0 0.66015625 0.7708333333333334 0.0126953125 0.011494252873563218
0.0 0.6689453125 0.7679597701149425 0.015625 0.013649425287356323
0.0 0.7587890625 0.7650862068965517 0.0166015625 0.016522988505747127
0.0 0.8671875 0.7607758620689655 0.015625 0.01939655172413793
0.0 0.8232421875 0.7435344827586207 0.0087890625 0.007902298850574713
0.0 0.81640625 0.7442528735632183 0.009765625 0.007183908045977011
0.0 0.5498046875 0.10057471264367816 0.0126953125 0.014367816091954023
0.0 0.3408203125 0.6551724137931034 0.025390625 0.021551724137931036
0.0 0.6171875 0.6400862068965517 0.0234375 0.01939655172413793
0.0 0.3662109375 0.47629310344827586 0.0224609375 0.01867816091954023
0.0 0.5517578125 0.6235632183908046 0.013671875 0.01867816091954023
0.0 0.2646484375 0.6910919540229885 0.0205078125 0.015086206896551725
0.0 0.0556640625 0.06896551724137931 0.0224609375 0.017959770114942528
0.0 0.103515625 0.7277298850574713 0.0185546875 0.028735632183908046
0.0 0.359375 0.7564655172413793 0.01171875 0.020833333333333332
0.0 0.658203125 0.7708333333333334 0.0146484375 0.011494252873563218
0.0 0.7578125 0.7650862068965517 0.017578125 0.016522988505747127
0.0 0.45703125 0.05459770114942529 0.01953125 0.01939655172413793
0.0 0.8935546875 0.09554597701149425 0.0126953125 0.01221264367816092
0.0 0.1533203125 0.07040229885057471 0.0185546875 0.015086206896551725
0.0 0.3271484375 0.4992816091954023 0.025390625 0.020114942528735632
0.0 0.3623046875 0.5007183908045977 0.0224609375 0.01939655172413793
0.0 0.4541015625 0.5193965517241379 0.0234375 0.01221264367816092
0.0 0.4345703125 0.5179597701149425 0.0234375 0.017241379310344827
0.0 0.310546875 0.49712643678160917 0.0234375 0.017959770114942528
0.0 0.2705078125 0.5064655172413793 0.0263671875 0.020114942528735632
0.0 0.291015625 0.5495689655172413 0.02734375 0.020114942528735632
0.0 0.189453125 0.5237068965517241 0.0234375 0.014367816091954023
0.0 0.2392578125 0.5237068965517241 0.0234375 0.01293103448275862
0.0 0.3193359375 0.5596264367816092 0.02734375 0.013649425287356323
0.0 0.3583984375 0.6357758620689655 0.0185546875 0.015804597701149427
