0.0 0.595703125 0.5968790637191157 0.0078125 0.014304291287386216
0.0 0.60546875 0.5942782834850455 0.009765625 0.013003901170351105
0.0 0.62890625 0.5955786736020806 0.0087890625 0.011703511053315995
0.0 0.6103515625 0.5890767230169051 0.009765625 0.013003901170351105
0.0 0.6337890625 0.5799739921976593 0.0087890625 0.011703511053315995
0.0 0.6416015625 0.5903771131339401 0.009765625 0.013003901170351105
0.0 0.62109375 0.6150845253576073 0.0078125 0.011703511053315995
0.0 0.2255859375 0.8881664499349805 0.017578125 0.027308192457737322
0.0 0.3076171875 0.8556566970091027 0.013671875 0.0247074122236671
0.0 0.431640625 0.6996098829648895 0.013671875 0.015604681404421327
0.0 0.46484375 0.7087126137841352 0.013671875 0.02080624187256177
0.0 0.3876953125 0.6749024707412223 0.009765625 0.02340702210663199
0.0 0.369140625 0.682704811443433 0.0107421875 0.018205461638491547
0.0 0.4208984375 0.7009102730819246 0.0107421875 0.018205461638491547
0.0 0.2666015625 0.6853055916775033 0.009765625 0.013003901170351105
0.0 0.3017578125 0.682704811443433 0.0068359375 0.011703511053315995
0.0 0.28515625 0.682704811443433 0.0078125 0.011703511053315995
0.0 0.048828125 0.6085825747724317 0.009765625 0.018205461638491547
0.0 0.15234375 0.6033810143042913 0.009765625 0.013003901170351105
0.0 0.1689453125 0.6228868660598179 0.005859375 0.011703511053315995
0.0 0.142578125 0.6085825747724317 0.0048828125 0.013003901170351105
0.0 0.1259765625 0.6384915474642393 0.0068359375 0.014304291287386216
0.0 0.7158203125 0.6970091027308193 0.0126953125 0.016905071521456438
0.0 0.7265625 0.7386215864759428 0.009765625 0.01950585175552666
0.0 0.755859375 0.6618985695708712 0.0126953125 0.018205461638491547
0.0 0.7333984375 0.6488946684005201 0.0146484375 0.02080624187256177
0.0 0.759765625 0.6436931079323797 0.0107421875 0.015604681404421327
0.0 0.7705078125 0.6449934980494149 0.0126953125 0.022106631989596878
0.0 0.7880859375 0.6488946684005201 0.0107421875 0.02080624187256177
0.0 0.8232421875 0.6436931079323797 0.0126953125 0.022106631989596878
0.0 0.8505859375 0.657997399219766 0.013671875 0.02340702210663199
0.0 0.8935546875 0.6410923276983095 0.0146484375 0.02080624187256177
0.0 0.9423828125 0.6514954486345904 0.01171875 0.02080624187256177
0.0 0.9619140625 0.6918075422626788 0.0107421875 0.018205461638491547
0.0 0.9326171875 0.64629388816645 0.0107421875 0.015604681404421327
0.0 0.9150390625 0.6345903771131339 0.0087890625 0.022106631989596878
0.0 0.8525390625 0.6345903771131339 0.0126953125 0.02080624187256177
0.0 0.8427734375 0.6371911573472041 0.0087890625 0.018205461638491547
0.0 0.8203125 0.6345903771131339 0.0126953125 0.014304291287386216
0.0 0.8173828125 0.6527958387516255 0.009765625 0.018205461638491547
0.0 0.806640625 0.6488946684005201 0.009765625 0.01950585175552666
0.0 0.52734375 0.6137841352405722 0.0078125 0.014304291287386216
0.0 0.5361328125 0.6488946684005201 0.0087890625 0.015604681404421327
0.0 0.55078125 0.5942782834850455 0.0078125 0.013003901170351105
0.0 0.568359375 0.5929778933680104 0.0087890625 0.011703511053315995
0.0 0.58203125 0.5890767230169051 0.009765625 0.014304291287386216
0.0 0.880859375 0.6501950585175552 0.0107421875 0.015604681404421327
0.0 0.865234375 0.647594278283485 0.0087890625 0.015604681404421327
0.0 0.6689453125 0.611183355006502 0.0068359375 0.009102730819245773
0.0 0.6533203125 0.6020806241872562 0.0048828125 0.009102730819245773
0.0 0.6162109375 0.6033810143042913 0.005859375 0.007802340702210663
0.0 0.5615234375 0.5903771131339401 0.0048828125 0.009102730819245773
0.0 0.5439453125 0.5942782834850455 0.0048828125 0.010403120936280884
0.0 0.607421875 0.6228868660598179 0.0078125 0.009102730819245773
0.0 0.3232421875 0.7113133940182055 0.0107421875 0.015604681404421327
