0.0 0.4462890625 0.35441176470588237 0.0205078125 0.03235294117647059
0.0 0.4892578125 0.34411764705882353 0.015625 0.029411764705882353
0.0 0.5029296875 0.34411764705882353 0.01953125 0.030882352941176472
0.0 0.5537109375 0.38676470588235295 0.0341796875 0.052941176470588235
0.0 0.611328125 0.3558823529411765 0.01953125 0.03529411764705882
0.0 0.64453125 0.3411764705882353 0.0166015625 0.033823529411764704
0.0 0.630859375 0.3558823529411765 0.0166015625 0.033823529411764704
0.0 0.7236328125 0.36323529411764705 0.0263671875 0.039705882352941174
0.0 0.677734375 0.36470588235294116 0.01953125 0.03235294117647059
0.0 0.908203125 0.27058823529411763 0.03125 0.057352941176470586
0.0 0.859375 0.3588235294117647 0.0205078125 0.029411764705882353
0.0 0.7900390625 0.38676470588235295 0.0146484375 0.03529411764705882
0.0 0.978515625 0.37058823529411766 0.0126953125 0.026470588235294117
0.0 0.2431640625 0.2661764705882353 0.013671875 0.026470588235294117
