0.0 0.0712890625 0.8625730994152047 0.01171875 0.017543859649122806
0.0 0.2451171875 0.44005847953216376 0.0419921875 0.08187134502923976
0.0 0.3564453125 0.45321637426900585 0.0400390625 0.07602339181286549
0.0 0.4794921875 0.38011695906432746 0.05078125 0.08625730994152046
0.0 0.6064453125 0.5555555555555556 0.0380859375 0.07309941520467836
0.0 0.72265625 0.5687134502923976 0.041015625 0.07163742690058479
0.0 0.298828125 0.9415204678362573 0.0419921875 0.05701754385964912
0.0 0.564453125 0.9312865497076024 0.015625 0.02631578947368421
0.0 0.95703125 0.8640350877192983 0.01171875 0.023391812865497075
0.0 0.94921875 0.6783625730994152 0.005859375 0.011695906432748537
0.0 0.8505859375 0.9152046783625731 0.009765625 0.014619883040935672
0.0 0.802734375 0.9327485380116959 0.0166015625 0.02046783625730994
