0.0 0.2236328125 0.328125 0.0234375 0.041666666666666664
0.0 0.28125 0.3880208333333333 0.0244140625 0.040364583333333336
0.0 0.2490234375 0.60546875 0.0263671875 0.0390625
0.0 0.3369140625 0.5546875 0.0224609375 0.044270833333333336
0.0 0.349609375 0.4049479166666667 0.017578125 0.0390625
0.0 0.3935546875 0.38671875 0.0224609375 0.0390625
0.0 0.4560546875 0.3841145833333333 0.0224609375 0.041666666666666664
0.0 0.5283203125 0.390625 0.021484375 0.040364583333333336
0.0 0.587890625 0.3841145833333333 0.0234375 0.040364583333333336
0.0 0.6484375 0.3958333333333333 0.025390625 0.045572916666666664
0.0 0.4365234375 0.515625 0.0234375 0.041666666666666664
0.0 0.4951171875 0.51171875 0.0224609375 0.040364583333333336
0.0 0.5869140625 0.5247395833333334 0.0263671875 0.040364583333333336
0.0 0.7041015625 0.30859375 0.03125 0.053385416666666664
