0.0 0.625 0.42613636363636365 0.017578125 0.03125
0.0 0.6416015625 0.6058238636363636 0.021484375 0.03551136363636364
0.0 0.68896484375 0.4268465909090909 0.0205078125 0.03551136363636364
0.0 0.728515625 0.6200284090909091 0.0234375 0.032670454545454544
0.0 0.744140625 0.43892045454545453 0.021484375 0.036931818181818184
0.0 0.7861328125 0.4424715909090909 0.021484375 0.03551136363636364
0.0 0.80078125 0.6129261363636364 0.021484375 0.03835227272727273
0.0 0.84912109375 0.4524147727272727 0.0185546875 0.032670454545454544
0.0 0.91015625 0.4069602272727273 0.021484375 0.03551136363636364
0.0 0.87548828125 0.6086647727272727 0.0244140625 0.032670454545454544
0.0 0.08349609375 0.4502840909090909 0.0224609375 0.03409090909090909
0.0 0.1318359375 0.4758522727272727 0.0234375 0.03977272727272727
0.0 0.1533203125 0.42329545454545453 0.021484375 0.036931818181818184
0.0 0.19287109375 0.43607954545454547 0.0224609375 0.036931818181818184
0.0 0.23779296875 0.43892045454545453 0.0205078125 0.03409090909090909
0.0 0.26318359375 0.4616477272727273 0.0205078125 0.036931818181818184
0.0 0.31298828125 0.4815340909090909 0.0185546875 0.036931818181818184
0.0 0.31640625 0.42826704545454547 0.01953125 0.032670454545454544
0.0 0.29345703125 0.5994318181818182 0.0244140625 0.04261363636363636
0.0 0.3564453125 0.47798295454545453 0.01953125 0.03835227272727273
0.0 0.3984375 0.4431818181818182 0.017578125 0.03409090909090909
0.0 0.3935546875 0.6058238636363636 0.017578125 0.03551136363636364
0.0 0.4404296875 0.4552556818181818 0.01953125 0.029829545454545456
0.0 0.47021484375 0.5852272727272727 0.0205078125 0.036931818181818184
0.0 0.484375 0.45667613636363635 0.01953125 0.029829545454545456
0.0 0.5205078125 0.4446022727272727 0.01953125 0.03125
0.0 0.55615234375 0.4538352272727273 0.0166015625 0.032670454545454544
0.0 0.55615234375 0.6001420454545454 0.0224609375 0.03551136363636364
