0.0 0.642578125 0.008021390374331552 0.048828125 0.05949197860962567
0.0 0.6171875 0.02606951871657754 0.0478515625 0.04478609625668449
0.0 0.5517578125 0.03409090909090909 0.0478515625 0.038101604278074866
0.0 0.4716796875 0.01537433155080214 0.048828125 0.034759358288770054
0.0 0.40234375 0.01871657754010695 0.0556640625 0.04077540106951872
0.0 0.3369140625 0.007352941176470588 0.056640625 0.042112299465240643
0.0 0.78125 0.13101604278074866 0.0283203125 0.02540106951871658
0.0 0.6904296875 0.13970588235294118 0.0263671875 0.020053475935828877
0.0 0.908203125 0.1143048128342246 0.0390625 0.034759358288770054
0.0 0.75 0.5307486631016043 0.08203125 0.07018716577540107
