0.0 0.26953125 0.550251256281407 0.0185546875 0.06030150753768844
0.0 0.2998046875 0.46984924623115576 0.01953125 0.05527638190954774
0.0 0.2958984375 0.4045226130653266 0.017578125 0.052763819095477386
0.0 0.2587890625 0.4045226130653266 0.0146484375 0.05527638190954774
0.0 0.2216796875 0.4623115577889447 0.017578125 0.06030150753768844
0.0 0.1904296875 0.4849246231155779 0.0185546875 0.07035175879396985
0.0 0.1357421875 0.4824120603015075 0.0224609375 0.06030150753768844
0.0 0.0927734375 0.4396984924623116 0.021484375 0.0678391959798995
0.0 0.0419921875 0.4824120603015075 0.0205078125 0.052763819095477386
0.0 0.052734375 0.39949748743718594 0.0205078125 0.06281407035175879
0.0 0.0009765625 0.3743718592964824 0.01171875 0.0678391959798995
0.0 0.1376953125 0.3768844221105528 0.017578125 0.05778894472361809
0.0 0.095703125 0.3065326633165829 0.0224609375 0.06030150753768844
0.0 0.158203125 0.32914572864321606 0.015625 0.05025125628140704
0.0 0.216796875 0.39949748743718594 0.0166015625 0.05527638190954774
0.0 0.1845703125 0.32160804020100503 0.013671875 0.035175879396984924
0.0 0.212890625 0.314070351758794 0.015625 0.04522613065326633
0.0 0.2509765625 0.2889447236180904 0.0107421875 0.05025125628140704
0.0 0.28125 0.2964824120603015 0.013671875 0.04522613065326633
0.0 0.314453125 0.31155778894472363 0.009765625 0.04020100502512563
0.0 0.3037109375 0.23618090452261306 0.009765625 0.04522613065326633
0.0 0.3349609375 0.5 0.017578125 0.06281407035175879
0.0 0.3955078125 0.49748743718592964 0.01953125 0.05778894472361809
0.0 0.4658203125 0.5402010050251256 0.01953125 0.05527638190954774
0.0 0.458984375 0.4296482412060301 0.013671875 0.05025125628140704
0.0 0.4296875 0.40703517587939697 0.0146484375 0.04773869346733668
0.0 0.375 0.3743718592964824 0.015625 0.04773869346733668
0.0 0.37109375 0.4547738693467337 0.0146484375 0.05025125628140704
0.0 0.345703125 0.4020100502512563 0.015625 0.05025125628140704
0.0 0.3916015625 0.36683417085427134 0.013671875 0.04522613065326633
0.0 0.353515625 0.2914572864321608 0.013671875 0.04271356783919598
0.0 0.341796875 0.2537688442211055 0.013671875 0.04271356783919598
0.0 0.3349609375 0.1507537688442211 0.0126953125 0.04773869346733668
0.0 0.3759765625 0.19597989949748743 0.0166015625 0.052763819095477386
0.0 0.4091796875 0.30402010050251255 0.0146484375 0.052763819095477386
0.0 0.4208984375 0.24371859296482412 0.0166015625 0.05025125628140704
0.0 0.4453125 0.1708542713567839 0.013671875 0.04773869346733668
0.0 0.5078125 0.18341708542713567 0.01171875 0.04522613065326633
0.0 0.5234375 0.24120603015075376 0.0126953125 0.052763819095477386
0.0 0.53515625 0.4849246231155779 0.015625 0.06281407035175879
0.0 0.55859375 0.19597989949748743 0.01171875 0.04271356783919598
0.0 0.5712890625 0.22110552763819097 0.017578125 0.05778894472361809
0.0 0.6201171875 0.17839195979899497 0.013671875 0.04020100502512563
0.0 0.5556640625 0.4648241206030151 0.013671875 0.05527638190954774
0.0 0.587890625 0.49246231155778897 0.0146484375 0.04773869346733668
0.0 0.6123046875 0.507537688442211 0.0146484375 0.04773869346733668
0.0 0.6455078125 0.4120603015075377 0.015625 0.052763819095477386
0.0 0.720703125 0.1457286432160804 0.015625 0.05778894472361809
0.0 0.736328125 0.3165829145728643 0.0146484375 0.04773869346733668
0.0 0.70703125 0.5100502512562815 0.015625 0.05778894472361809
0.0 0.751953125 0.507537688442211 0.017578125 0.05527638190954774
0.0 0.7568359375 0.3316582914572864 0.017578125 0.06030150753768844
0.0 0.77734375 0.24371859296482412 0.0126953125 0.04020100502512563
0.0 0.7978515625 0.31155778894472363 0.0185546875 0.05527638190954774
0.0 0.7880859375 0.40954773869346733 0.013671875 0.052763819095477386
0.0 0.8154296875 0.5301507537688442 0.015625 0.05025125628140704
0.0 0.83984375 0.4472361809045226 0.01953125 0.06030150753768844
0.0 0.8623046875 0.5251256281407035 0.015625 0.05778894472361809
0.0 0.90234375 0.5175879396984925 0.0146484375 0.06030150753768844
0.0 0.9228515625 0.5175879396984925 0.01953125 0.07035175879396985
0.0 0.9658203125 0.4623115577889447 0.0205078125 0.06281407035175879
0.0 0.9462890625 0.3391959798994975 0.0185546875 0.0678391959798995
0.0 0.8876953125 0.3241206030150754 0.01953125 0.05778894472361809
0.0 0.8564453125 0.35678391959798994 0.0166015625 0.05527638190954774
0.0 0.8916015625 0.23869346733668342 0.015625 0.04773869346733668
0.0 0.830078125 0.2864321608040201 0.0126953125 0.04020100502512563
0.0 0.9853515625 0.3869346733668342 0.0146484375 0.04773869346733668
0.0 0.6591796875 0.5552763819095478 0.0126953125 0.04773869346733668
