0.0 0.1435546875 0.4609375 0.01171875 0.03515625
0.0 0.169921875 0.462890625 0.01171875 0.03515625
0.0 0.19921875 0.455078125 0.013671875 0.041015625
0.0 0.212890625 0.48046875 0.017578125 0.04296875
0.0 0.2294921875 0.44140625 0.013671875 0.033203125
0.0 0.2587890625 0.443359375 0.013671875 0.03125
0.0 0.26953125 0.466796875 0.013671875 0.0234375
0.0 0.3037109375 0.443359375 0.009765625 0.0234375
0.0 0.3095703125 0.451171875 0.0146484375 0.03125
0.0 0.3310546875 0.45703125 0.0126953125 0.029296875
0.0 0.3583984375 0.4453125 0.0107421875 0.03125
0.0 0.380859375 0.4453125 0.0087890625 0.0234375
0.0 0.3955078125 0.44921875 0.009765625 0.021484375
0.0 0.4052734375 0.443359375 0.0107421875 0.025390625
0.0 0.4365234375 0.484375 0.0185546875 0.044921875
0.0 0.4296875 0.451171875 0.013671875 0.033203125
0.0 0.4462890625 0.44140625 0.01171875 0.02734375
0.0 0.4794921875 0.419921875 0.0087890625 0.021484375
0.0 0.5263671875 0.46484375 0.017578125 0.048828125
0.0 0.5400390625 0.41796875 0.0068359375 0.021484375
0.0 0.56640625 0.361328125 0.005859375 0.015625
0.0 0.6015625 0.361328125 0.0078125 0.01953125
0.0 0.638671875 0.353515625 0.0068359375 0.015625
0.0 0.7021484375 0.375 0.0087890625 0.021484375
0.0 0.5517578125 0.4453125 0.0078125 0.021484375
0.0 0.564453125 0.46875 0.015625 0.04296875
0.0 0.568359375 0.43359375 0.0078125 0.01953125
0.0 0.5947265625 0.431640625 0.009765625 0.0234375
0.0 0.6015625 0.4453125 0.013671875 0.0390625
0.0 0.609375 0.44921875 0.017578125 0.0390625
0.0 0.64453125 0.482421875 0.0234375 0.064453125
0.0 0.70703125 0.4765625 0.025390625 0.0703125
0.0 0.6826171875 0.43359375 0.015625 0.048828125
0.0 0.6787109375 0.373046875 0.0068359375 0.017578125
0.0 0.794921875 0.46875 0.0283203125 0.080078125
0.0 0.8017578125 0.419921875 0.0107421875 0.02734375
0.0 0.8427734375 0.47265625 0.015625 0.041015625
0.0 0.833984375 0.4296875 0.009765625 0.02734375
0.0 0.8681640625 0.431640625 0.0078125 0.02734375
0.0 0.8759765625 0.427734375 0.0126953125 0.029296875
0.0 0.90234375 0.43359375 0.0244140625 0.048828125
0.0 0.947265625 0.4375 0.015625 0.037109375
0.0 0.9736328125 0.421875 0.01171875 0.03125
0.0 0.9873046875 0.421875 0.009765625 0.025390625
0.0 0.9794921875 0.361328125 0.009765625 0.021484375
0.0 0.73828125 0.435546875 0.009765625 0.02734375
0.0 0.9326171875 0.423828125 0.01171875 0.02734375
0.0 0.78125 0.4453125 0.0146484375 0.03125
0.0 0.8486328125 0.427734375 0.0146484375 0.03125
0.0 0.6328125 0.435546875 0.0068359375 0.015625
