0.0 0.18115234375 0.5146627565982405 0.0439453125 0.08211143695014662
0.0 0.1865234375 0.44501466275659823 0.025390625 0.045454545454545456
0.0 0.3330078125 0.43328445747800587 0.08203125 0.1598240469208211
0.0 0.5078125 0.43621700879765396 0.0703125 0.13929618768328444
0.0 0.42626953125 0.48826979472140764 0.0283203125 0.05278592375366569
0.0 0.5673828125 0.47873900293255134 0.03125 0.05718475073313783
0.0 0.60205078125 0.4846041055718475 0.0166015625 0.04838709677419355
0.0 0.6201171875 0.532991202346041 0.025390625 0.051319648093841645
0.0 0.6875 0.46774193548387094 0.06640625 0.1378299120234604
0.0 0.78759765625 0.5527859237536656 0.0322265625 0.07624633431085044
0.0 0.76025390625 0.48167155425219943 0.0244140625 0.05718475073313783
0.0 0.81591796875 0.4655425219941349 0.0263671875 0.04838709677419355
0.0 0.8974609375 0.47873900293255134 0.048828125 0.09237536656891496
0.0 0.83154296875 0.48240469208211145 0.0126953125 0.026392961876832845
0.0 0.36474609375 0.4897360703812317 0.0400390625 0.09090909090909091
