0.0 0.88671875 0.1596958174904943 0.0390625 0.08365019011406843
0.0 0.798828125 0.1920152091254753 0.0341796875 0.07034220532319392
0.0 0.734375 0.21292775665399238 0.0302734375 0.06844106463878327
0.0 0.6943359375 0.2718631178707224 0.0146484375 0.039923954372623575
0.0 0.681640625 0.2718631178707224 0.01171875 0.03612167300380228
0.0 0.6513671875 0.27566539923954375 0.021484375 0.051330798479087454
0.0 0.6435546875 0.2661596958174905 0.0126953125 0.043726235741444866
0.0 0.6259765625 0.2414448669201521 0.0146484375 0.039923954372623575
0.0 0.59375 0.24904942965779467 0.017578125 0.043726235741444866
0.0 0.578125 0.2509505703422053 0.015625 0.03612167300380228
0.0 0.560546875 0.26045627376425856 0.0146484375 0.03612167300380228
0.0 0.5771484375 0.41254752851711024 0.021484375 0.045627376425855515
0.0 0.5263671875 0.27756653992395436 0.0146484375 0.034220532319391636
0.0 0.5185546875 0.2509505703422053 0.0146484375 0.03612167300380228
0.0 0.4697265625 0.2737642585551331 0.0146484375 0.03231939163498099
0.0 0.53515625 0.43346007604562736 0.015625 0.043726235741444866
0.0 0.5419921875 0.5133079847908745 0.0185546875 0.04752851711026616
0.0 0.5224609375 0.6083650190114068 0.01953125 0.053231939163498096
0.0 0.4716796875 0.6045627376425855 0.01953125 0.045627376425855515
0.0 0.5048828125 0.5057034220532319 0.017578125 0.051330798479087454
0.0 0.482421875 0.4372623574144487 0.0166015625 0.03612167300380228
0.0 0.451171875 0.49809885931558934 0.017578125 0.03802281368821293
0.0 0.4384765625 0.4220532319391635 0.015625 0.04182509505703422
0.0 0.4296875 0.2737642585551331 0.01171875 0.03231939163498099
0.0 0.3974609375 0.26045627376425856 0.0146484375 0.04182509505703422
0.0 0.3818359375 0.2946768060836502 0.009765625 0.024714828897338403
0.0 0.345703125 0.2832699619771863 0.013671875 0.03231939163498099
0.0 0.31640625 0.27756653992395436 0.01171875 0.030418250950570342
0.0 0.2998046875 0.2718631178707224 0.0126953125 0.030418250950570342
0.0 0.3525390625 0.4049429657794677 0.015625 0.03802281368821293
0.0 0.2978515625 0.40874524714828897 0.0146484375 0.03612167300380228
0.0 0.2900390625 0.2965779467680608 0.01171875 0.030418250950570342
0.0 0.2578125 0.2889733840304182 0.01171875 0.03231939163498099
0.0 0.2373046875 0.3060836501901141 0.013671875 0.03802281368821293
0.0 0.189453125 0.27566539923954375 0.0146484375 0.030418250950570342
0.0 0.2421875 0.3821292775665399 0.013671875 0.034220532319391636
0.0 0.21875 0.4619771863117871 0.013671875 0.03612167300380228
0.0 0.240234375 0.46577946768060835 0.013671875 0.03802281368821293
0.0 0.1884765625 0.48859315589353614 0.015625 0.03231939163498099
0.0 0.1611328125 0.5076045627376425 0.01171875 0.030418250950570342
0.0 0.162109375 0.5494296577946768 0.0166015625 0.04182509505703422
0.0 0.21484375 0.5570342205323194 0.0166015625 0.039923954372623575
0.0 0.271484375 0.5095057034220533 0.0146484375 0.03231939163498099
0.0 0.3076171875 0.48098859315589354 0.0146484375 0.03802281368821293
0.0 0.3447265625 0.4866920152091255 0.0146484375 0.03802281368821293
0.0 0.38671875 0.43155893536121676 0.0126953125 0.034220532319391636
0.0 0.388671875 0.5 0.0126953125 0.03802281368821293
0.0 0.4208984375 0.5 0.015625 0.03802281368821293
0.0 0.13671875 0.5380228136882129 0.015625 0.03612167300380228
0.0 0.1279296875 0.5171102661596958 0.015625 0.03231939163498099
0.0 0.1181640625 0.46387832699619774 0.013671875 0.028517110266159697
0.0 0.11328125 0.5475285171102662 0.0146484375 0.03231939163498099
0.0 0.0703125 0.5304182509505704 0.0166015625 0.03612167300380228
0.0 0.056640625 0.4752851711026616 0.0146484375 0.034220532319391636
0.0 0.02734375 0.5342205323193916 0.0185546875 0.03612167300380228
0.0 0.265625 0.55893536121673 0.015625 0.03612167300380228
0.0 0.296875 0.5570342205323194 0.017578125 0.04182509505703422
0.0 0.337890625 0.5684410646387833 0.0166015625 0.04182509505703422
0.0 0.3935546875 0.5798479087452472 0.021484375 0.045627376425855515
0.0 0.0048828125 0.5304182509505704 0.01171875 0.030418250950570342
