0.0 0.0 0.3515625 0.0146484375 0.0703125
0.0 0.140625 0.6276041666666666 0.0224609375 0.032552083333333336
0.0 0.224609375 0.6263020833333334 0.0224609375 0.037760416666666664
0.0 0.3642578125 0.4192708333333333 0.0361328125 0.07682291666666667
0.0 0.4423828125 0.3268229166666667 0.041015625 0.049479166666666664
0.0 0.51171875 0.65234375 0.0205078125 0.03125
0.0 0.763671875 0.67578125 0.021484375 0.032552083333333336
0.0 0.6962890625 0.6888020833333334 0.0146484375 0.033854166666666664
0.0 0.9365234375 0.3828125 0.044921875 0.06901041666666667
0.0 0.81640625 0.6653645833333334 0.02734375 0.03515625
0.0 0.8974609375 0.7513020833333334 0.0224609375 0.03515625
