0.0 0.0927734375 0.6471354166666666 0.0068359375 0.01171875
0.0 0.2392578125 0.6236979166666666 0.0068359375 0.01171875
0.0 0.7626953125 0.6015625 0.0048828125 0.009114583333333334
0.0 0.7890625 0.61328125 0.0048828125 0.006510416666666667
0.0 0.8115234375 0.6106770833333334 0.0048828125 0.006510416666666667
0.0 0.845703125 0.5989583333333334 0.005859375 0.0078125
0.0 0.880859375 0.6184895833333334 0.005859375 0.010416666666666666
0.0 0.0673828125 0.6236979166666666 0.0087890625 0.01171875
0.0 0.943359375 0.5729166666666666 0.0048828125 0.006510416666666667
0.0 0.9072265625 0.5794270833333334 0.0068359375 0.0078125
