0.0 0.056640625 0.3802083333333333 0.0078125 0.014322916666666666
0.0 0.1240234375 0.4010416666666667 0.0078125 0.01171875
0.0 0.109375 0.4791666666666667 0.0087890625 0.010416666666666666
0.0 0.0908203125 0.4153645833333333 0.0048828125 0.006510416666666667
0.0 0.22265625 0.20052083333333334 0.0556640625 0.09244791666666667
0.0 0.3623046875 0.38671875 0.0439453125 0.057291666666666664
0.0 0.498046875 0.25390625 0.0390625 0.059895833333333336
0.0 0.4697265625 0.43359375 0.0380859375 0.061197916666666664
0.0 0.5537109375 0.35546875 0.0439453125 0.06770833333333333
0.0 0.6513671875 0.3606770833333333 0.04296875 0.06510416666666667
0.0 0.9599609375 0.3815104166666667 0.0234375 0.029947916666666668
0.0 0.1005859375 0.4075520833333333 0.0078125 0.013020833333333334
