0.0 0.6630859375 0.5021961932650073 0.005859375 0.013177159590043924
0.0 0.69140625 0.5109809663250366 0.0068359375 0.017569546120058566
0.0 0.7890625 0.527086383601757 0.0126953125 0.020497803806734993
0.0 0.8857421875 0.5563689604685212 0.0107421875 0.017569546120058566
0.0 0.8720703125 0.5636896046852123 0.0087890625 0.016105417276720352
0.0 0.931640625 0.5710102489019033 0.0107421875 0.017569546120058566
0.0 0.9130859375 0.5607613469985359 0.0087890625 0.017569546120058566
0.0 0.7578125 0.5475841874084919 0.0087890625 0.014641288433382138
0.0 0.8466796875 0.5519765739385066 0.0087890625 0.017569546120058566
0.0 0.9443359375 0.5710102489019033 0.0068359375 0.013177159590043924
0.0 0.59765625 0.5021961932650073 0.0078125 0.013177159590043924
