0.0 0.27392578125 0.5403645833333334 0.0556640625 0.10677083333333333
0.0 0.3544921875 0.5065104166666666 0.03125 0.059895833333333336
0.0 0.44873046875 0.5286458333333334 0.0556640625 0.08854166666666667
0.0 0.6240234375 0.4791666666666667 0.05859375 0.09375
0.0 0.57958984375 0.5266927083333334 0.0185546875 0.05078125
0.0 0.80712890625 0.6373697916666666 0.0244140625 0.04296875
0.0 0.8056640625 0.580078125 0.025390625 0.04296875
0.0 0.8486328125 0.5768229166666666 0.025390625 0.044270833333333336
0.0 0.91552734375 0.5983072916666666 0.0263671875 0.048177083333333336
0.0 0.958984375 0.62109375 0.017578125 0.036458333333333336
0.0 0.994140625 0.6171875 0.01171875 0.036458333333333336
