0.0 0.2919921875 0.5724533715925395 0.0439453125 0.11908177905308465
0.0 0.697265625 0.9368723098995696 0.0302734375 0.05308464849354376
0.0 0.7666015625 0.9167862266857962 0.0283203125 0.054519368723098996
0.0 0.7998046875 0.8780487804878049 0.0244140625 0.05021520803443329
0.0 0.689453125 0.806312769010043 0.0263671875 0.047345767575322814
0.0 0.9501953125 0.8637015781922525 0.0283203125 0.06025824964131994
0.0 0.81640625 0.9354375896700143 0.0283203125 0.05738880918220947
0.0 0.8662109375 0.8938307030129125 0.0263671875 0.05308464849354376
0.0 0.830078125 0.8192252510760402 0.0244140625 0.06025824964131994
0.0 0.8642578125 0.8350071736011477 0.0263671875 0.05164992826398852
0.0 0.9130859375 0.812051649928264 0.021484375 0.04447632711621234
0.0 0.935546875 0.9555236728837877 0.02734375 0.04447632711621234
0.0 0.97265625 0.806312769010043 0.015625 0.03299856527977044
0.0 0.099609375 0.9038737446197992 0.0263671875 0.05308464849354376
0.0 0.14453125 0.8106169296987088 0.017578125 0.03730272596843615
0.0 0.197265625 0.8981348637015782 0.021484375 0.03873744619799139
0.0 0.2080078125 0.8565279770444764 0.015625 0.03299856527977044
0.0 0.16796875 0.7948350071736011 0.017578125 0.03443328550932568
