0.0 0.83203125 0.3577981651376147 0.015625 0.03669724770642202
0.0 0.9228515625 0.3287461773700306 0.013671875 0.03211009174311927
0.0 0.6044921875 0.2400611620795107 0.0126953125 0.022935779816513763
0.0 0.2578125 0.2324159021406728 0.0126953125 0.02599388379204893
0.0 0.3017578125 0.21865443425076453 0.013671875 0.02599388379204893
0.0 0.36328125 0.21865443425076453 0.0126953125 0.027522935779816515
0.0 0.3994140625 0.20489296636085627 0.009765625 0.022935779816513763
0.0 0.576171875 0.15137614678899083 0.0087890625 0.019877675840978593
0.0 0.6005859375 0.1437308868501529 0.0068359375 0.016819571865443424
0.0 0.6201171875 0.12844036697247707 0.0068359375 0.016819571865443424
0.0 0.6357421875 0.13302752293577982 0.0078125 0.016819571865443424
0.0 0.05078125 0.12079510703363915 0.009765625 0.01834862385321101
0.0 0.177734375 0.10703363914373089 0.0078125 0.013761467889908258
0.0 0.0830078125 0.12232415902140673 0.0078125 0.01834862385321101
0.0 0.3154296875 0.07339449541284404 0.0068359375 0.01529051987767584
