0.0 0.015625 0.7510980966325037 0.015625 0.027818448023426062
0.0 0.134765625 0.6881405563689604 0.013671875 0.021961932650073207
0.0 0.0751953125 0.6281112737920937 0.0107421875 0.021961932650073207
0.0 0.3876953125 0.7847730600292826 0.0126953125 0.032210834553440704
0.0 0.296875 0.5812591508052709 0.0087890625 0.024890190336749635
0.0 0.3486328125 0.582723279648609 0.009765625 0.02342606149341142
0.0 0.412109375 0.5915080527086384 0.0126953125 0.02342606149341142
0.0 0.6474609375 0.5607613469985359 0.009765625 0.01903367496339678
0.0 0.599609375 0.5490483162518301 0.0078125 0.020497803806734993
0.0 0.9375 0.4582723279648609 0.0068359375 0.014641288433382138
0.0 0.958984375 0.4568081991215227 0.0078125 0.014641288433382138
0.0 0.9326171875 0.49194729136163984 0.005859375 0.013177159590043924
0.0 0.8349609375 0.5241581259150805 0.0068359375 0.016105417276720352
0.0 0.115234375 0.6325036603221084 0.01171875 0.017569546120058566
0.0 0.2412109375 0.1581259150805271 0.01171875 0.024890190336749635
0.0 0.3955078125 0.17423133235724744 0.009765625 0.024890190336749635
0.0 0.4326171875 0.1478770131771596 0.01171875 0.024890190336749635
0.0 0.482421875 0.1698389458272328 0.01171875 0.024890190336749635
0.0 0.50390625 0.14494875549048317 0.009765625 0.020497803806734993
0.0 0.5341796875 0.14055636896046853 0.0107421875 0.02635431918008785
0.0 0.7255859375 0.15226939970717424 0.0087890625 0.01903367496339678
0.0 0.736328125 0.16544655929721816 0.0068359375 0.016105417276720352
0.0 0.845703125 0.1581259150805271 0.0068359375 0.01903367496339678
0.0 0.876953125 0.14641288433382138 0.0078125 0.016105417276720352
0.0 0.896484375 0.17715959004392387 0.0078125 0.014641288433382138
0.0 0.8505859375 0.1478770131771596 0.0068359375 0.016105417276720352
0.0 0.9453125 0.16105417276720352 0.0078125 0.01903367496339678
0.0 0.9609375 0.15080527086383602 0.0068359375 0.014641288433382138
0.0 0.693359375 0.16544655929721816 0.0087890625 0.01903367496339678
0.0 0.6591796875 0.1581259150805271 0.01171875 0.020497803806734993
0.0 0.4755859375 0.1595900439238653 0.0087890625 0.017569546120058566
0.0 0.380859375 0.1273792093704246 0.0087890625 0.020497803806734993
0.0 0.337890625 0.16251830161054173 0.01171875 0.021961932650073207
0.0 0.3154296875 0.17569546120058566 0.0078125 0.016105417276720352
0.0 0.2900390625 0.14348462664714495 0.009765625 0.024890190336749635
0.0 0.197265625 0.15080527086383602 0.01171875 0.02342606149341142
0.0 0.134765625 0.16398243045387995 0.0126953125 0.02342606149341142
0.0 0.0966796875 0.1683748169838946 0.01171875 0.021961932650073207
0.0 0.9912109375 0.46266471449487556 0.0068359375 0.014641288433382138
0.0 0.8017578125 0.4992679355783309 0.009765625 0.014641288433382138
0.0 0.83203125 0.4978038067349927 0.0087890625 0.014641288433382138
0.0 0.703125 0.5153733528550513 0.009765625 0.017569546120058566
0.0 0.615234375 0.5534407027818448 0.009765625 0.020497803806734993
0.0 0.54296875 0.5768667642752562 0.0087890625 0.01903367496339678
0.0 0.5048828125 0.5841874084919473 0.0107421875 0.017569546120058566
0.0 0.4658203125 0.595900439238653 0.0107421875 0.01903367496339678
0.0 0.4580078125 0.6383601756954612 0.0107421875 0.016105417276720352
0.0 0.4609375 0.7613469985358712 0.017578125 0.029282576866764276
0.0 0.265625 0.6017569546120058 0.013671875 0.02342606149341142
0.0 0.2314453125 0.6310395314787701 0.009765625 0.01903367496339678
0.0 0.16796875 0.6310395314787701 0.0126953125 0.024890190336749635
0.0 0.173828125 0.7701317715959004 0.0146484375 0.02342606149341142
0.0 0.1630859375 0.8521229868228404 0.015625 0.03367496339677892
0.0 0.236328125 0.7554904831625183 0.015625 0.020497803806734993
0.0 0.2998046875 0.7349926793557833 0.01171875 0.021961932650073207
0.0 0.576171875 0.7906295754026355 0.017578125 0.029282576866764276
0.0 0.5830078125 0.8301610541727672 0.015625 0.03074670571010249
0.0 0.677734375 0.7935578330893118 0.0126953125 0.029282576866764276
0.0 0.7919921875 0.7086383601756955 0.0166015625 0.029282576866764276
0.0 0.7578125 0.8374816983894583 0.0166015625 0.03367496339677892
0.0 0.875 0.8345534407027818 0.0126953125 0.02635431918008785
0.0 0.91015625 0.7276720351390923 0.013671875 0.027818448023426062
0.0 0.96484375 0.9004392386530015 0.0205078125 0.03513909224011713
0.0 0.5966796875 0.15373352855051245 0.0107421875 0.021961932650073207
