0.0 0.0693359375 0.17552334943639292 0.0400390625 0.0821256038647343
0.0 0.1259765625 0.14653784219001612 0.0400390625 0.0966183574879227
0.0 0.1728515625 0.16747181964573268 0.046875 0.0966183574879227
0.0 0.2314453125 0.1819645732689211 0.04296875 0.09822866344605476
0.0 0.26953125 0.1964573268921095 0.0556640625 0.11916264090177134
0.0 0.9814453125 0.5491143317230274 0.013671875 0.024154589371980676
0.0 0.611328125 0.3607085346215781 0.0986328125 0.21256038647342995
0.0 0.7099609375 0.24798711755233493 0.12890625 0.2753623188405797
0.0 0.80078125 0.463768115942029 0.1240234375 0.2431561996779388
0.0 0.353515625 0.143317230273752 0.0498046875 0.11916264090177134
0.0 0.4033203125 0.22544283413848631 0.0654296875 0.1497584541062802
0.0 0.451171875 0.2640901771336554 0.07421875 0.1642512077294686
0.0 0.55078125 0.2640901771336554 0.078125 0.1932367149758454
0.0 0.640625 0.17391304347826086 0.078125 0.17713365539452497
0.0 0.02734375 0.1497584541062802 0.03515625 0.08051529790660225
