0.0 0.42236328125 0.5104166666666666 0.0087890625 0.015625
0.0 0.39453125 0.5006510416666666 0.00390625 0.00390625
0.0 0.36279296875 0.4192708333333333 0.0048828125 0.005208333333333333
0.0 0.359375 0.359375 0.009765625 0.015625
0.0 0.44189453125 0.291015625 0.0048828125 0.006510416666666667
0.0 0.50146484375 0.5149739583333334 0.0107421875 0.01171875
0.0 0.546875 0.509765625 0.00390625 0.00390625
0.0 0.5830078125 0.51953125 0.0078125 0.015625
0.0 0.6220703125 0.5390625 0.0078125 0.013020833333333334
0.0 0.64453125 0.4537760416666667 0.01171875 0.01953125
0.0 0.65185546875 0.3723958333333333 0.0029296875 0.0078125
0.0 0.63720703125 0.3014322916666667 0.0107421875 0.01953125
0.0 0.6005859375 0.2903645833333333 0.005859375 0.0078125
0.0 0.5517578125 0.3001302083333333 0.009765625 0.01953125
0.0 0.52001953125 0.2890625 0.0048828125 0.0078125
0.0 0.474609375 0.2994791666666667 0.009765625 0.018229166666666668
0.0 0.49462890625 0.392578125 0.0146484375 0.024739583333333332
0.0 0.46875 0.5032552083333334 0.005859375 0.006510416666666667
