0.0 0.2685546875 0.20454545454545456 0.052734375 0.13636363636363635
0.0 0.3935546875 0.23076923076923078 0.03125 0.0979020979020979
0.0 0.353515625 0.22552447552447552 0.041015625 0.0979020979020979
0.0 0.14453125 0.2692307692307692 0.0498046875 0.11713286713286714
0.0 0.0927734375 0.2867132867132867 0.037109375 0.07167832167832168
0.0 0.0087890625 0.22552447552447552 0.0390625 0.08216783216783216
0.0 0.0517578125 0.263986013986014 0.0224609375 0.055944055944055944
0.0 0.51953125 0.2517482517482518 0.0517578125 0.13986013986013987
0.0 0.591796875 0.22377622377622378 0.037109375 0.10139860139860139
0.0 0.681640625 0.22202797202797203 0.029296875 0.09615384615384616
0.0 0.7431640625 0.2465034965034965 0.048828125 0.09090909090909091
0.0 0.765625 0.3181818181818182 0.0458984375 0.1346153846153846
0.0 0.8330078125 0.3006993006993007 0.0478515625 0.1451048951048951
0.0 0.837890625 0.17482517482517482 0.0439453125 0.08916083916083917
0.0 0.9638671875 0.24125874125874125 0.0341796875 0.1451048951048951
0.0 0.4794921875 0.3951048951048951 0.033203125 0.0944055944055944
