0.0 0.75048828125 0.4150805270863836 0.0439453125 0.11566617862371889
0.0 0.90576171875 0.4985358711566618 0.0673828125 0.14202049780380674
0.0 0.70263671875 0.6295754026354319 0.0673828125 0.1376281112737921
0.0 0.67626953125 0.34992679355783307 0.0361328125 0.07027818448023426
0.0 0.7109375 0.31551976573938506 0.025390625 0.048316251830161056
0.0 0.77783203125 0.3323572474377745 0.0322265625 0.06149341142020498
0.0 0.59375 0.30600292825768666 0.01953125 0.04685212298682284
0.0 0.4765625 0.38726207906295756 0.041015625 0.08345534407027819
0.0 0.53271484375 0.3103953147877013 0.0146484375 0.03513909224011713
0.0 0.5048828125 0.37481698389458273 0.0234375 0.055636896046852125
0.0 0.4931640625 0.3169838945827233 0.025390625 0.060029282576866766
0.0 0.638671875 0.3191800878477306 0.015625 0.040995607613469986
0.0 0.37744140625 0.6339677891654466 0.0849609375 0.1903367496339678
0.0 0.328125 0.3140556368960469 0.03515625 0.0746705710102489
0.0 0.224609375 0.34333821376281115 0.048828125 0.10395314787701318
0.0 0.02783203125 0.3711566617862372 0.0478515625 0.09809663250366032
0.0 0.1357421875 0.44875549048316254 0.044921875 0.10688140556368961
0.0 0.19140625 0.5380673499267935 0.03515625 0.10688140556368961
0.0 0.0048828125 0.4443631039531479 0.009765625 0.10102489019033675
0.0 0.046875 0.3579795021961933 0.0234375 0.05710102489019034
0.0 0.14404296875 0.36676427525622257 0.0244140625 0.04538799414348463
