0.0 0.220703125 0.13291139240506328 0.0166015625 0.024050632911392405
0.0 0.01171875 0.5936708860759494 0.01953125 0.027848101265822784
0.0 0.0400390625 0.6759493670886076 0.0224609375 0.02531645569620253
0.0 0.6123046875 0.6379746835443038 0.01953125 0.03291139240506329
0.0 0.552734375 0.6341772151898735 0.0205078125 0.030379746835443037
0.0 0.5263671875 0.6316455696202532 0.0126953125 0.035443037974683546
0.0 0.37890625 0.5392405063291139 0.017578125 0.02911392405063291
0.0 0.4150390625 0.6316455696202532 0.013671875 0.024050632911392405
0.0 0.8017578125 0.6746835443037975 0.01953125 0.03670886075949367
0.0 0.2431640625 0.5746835443037974 0.015625 0.026582278481012658
0.0 0.283203125 0.5670886075949367 0.0166015625 0.02911392405063291
0.0 0.541015625 0.3392405063291139 0.0087890625 0.016455696202531647
0.0 0.4482421875 0.3569620253164557 0.013671875 0.017721518987341773
0.0 0.9423828125 0.7025316455696202 0.021484375 0.027848101265822784
0.0 0.173828125 0.12278481012658228 0.0166015625 0.03164556962025317
