0.0 0.47314453125 0.39222873900293254 0.0400390625 0.07771260997067449
0.0 0.4228515625 0.39956011730205276 0.0390625 0.07771260997067449
0.0 0.5400390625 0.3980938416422287 0.029296875 0.060117302052785926
0.0 0.61279296875 0.39882697947214074 0.0283203125 0.06158357771260997
0.0 0.66455078125 0.35043988269794724 0.0341796875 0.07624633431085044
0.0 0.744140625 0.34237536656891493 0.037109375 0.08064516129032258
0.0 0.81298828125 0.3585043988269795 0.0400390625 0.08944281524926687
0.0 0.90625 0.3973607038123167 0.060546875 0.10850439882697947
0.0 0.16259765625 0.32404692082111436 0.0927734375 0.17595307917888564
0.0 0.36181640625 0.375366568914956 0.0634765625 0.12903225806451613
0.0 0.48876953125 0.47653958944281527 0.0498046875 0.11730205278592376
