0.0 0.05322265625 0.39636752136752135 0.0166015625 0.04487179487179487
0.0 0.07470703125 0.3472222222222222 0.0126953125 0.0405982905982906
0.0 0.10107421875 0.40705128205128205 0.0126953125 0.0405982905982906
0.0 0.11328125 0.37606837606837606 0.009765625 0.029914529914529916
0.0 0.1328125 0.34294871794871795 0.01171875 0.03632478632478633
0.0 0.15478515625 0.36538461538461536 0.0126953125 0.03418803418803419
0.0 0.17626953125 0.3974358974358974 0.0166015625 0.05128205128205128
0.0 0.20068359375 0.38354700854700857 0.0126953125 0.03632478632478633
0.0 0.18505859375 0.3269230769230769 0.0087890625 0.03418803418803419
0.0 0.234375 0.3974358974358974 0.013671875 0.038461538461538464
0.0 0.24609375 0.34615384615384615 0.009765625 0.038461538461538464
0.0 0.28955078125 0.39850427350427353 0.0107421875 0.03632478632478633
0.0 0.314453125 0.33974358974358976 0.013671875 0.04700854700854701
0.0 0.33154296875 0.3974358974358974 0.0126953125 0.03418803418803419
0.0 0.314453125 0.30448717948717946 0.009765625 0.03205128205128205
0.0 0.373046875 0.29594017094017094 0.01171875 0.03632478632478633
0.0 0.359375 0.34294871794871795 0.009765625 0.023504273504273504
0.0 0.39013671875 0.4155982905982906 0.0087890625 0.03205128205128205
0.0 0.384765625 0.36645299145299143 0.01171875 0.03632478632478633
0.0 0.419921875 0.297008547008547 0.009765625 0.042735042735042736
0.0 0.4375 0.3418803418803419 0.01171875 0.029914529914529916
0.0 0.43115234375 0.39850427350427353 0.0087890625 0.03205128205128205
0.0 0.48193359375 0.38675213675213677 0.0107421875 0.03418803418803419
0.0 0.47412109375 0.34294871794871795 0.0126953125 0.03632478632478633
0.0 0.46484375 0.2938034188034188 0.0078125 0.027777777777777776
0.0 0.51025390625 0.3525641025641026 0.0107421875 0.038461538461538464
0.0 0.5205078125 0.2938034188034188 0.01171875 0.03205128205128205
0.0 0.56591796875 0.344017094017094 0.0126953125 0.038461538461538464
0.0 0.5302734375 0.3888888888888889 0.01171875 0.03418803418803419
0.0 0.6044921875 0.34294871794871795 0.01171875 0.03205128205128205
0.0 0.5849609375 0.3162393162393162 0.01171875 0.038461538461538464
0.0 0.63916015625 0.31517094017094016 0.0126953125 0.027777777777777776
0.0 0.62890625 0.3814102564102564 0.01171875 0.03632478632478633
0.0 0.6845703125 0.38461538461538464 0.015625 0.038461538461538464
0.0 0.666015625 0.35683760683760685 0.01171875 0.03418803418803419
0.0 0.68798828125 0.32051282051282054 0.0126953125 0.03418803418803419
0.0 0.7099609375 0.36004273504273504 0.01171875 0.0405982905982906
0.0 0.73388671875 0.3803418803418803 0.0107421875 0.038461538461538464
0.0 0.7431640625 0.31517094017094016 0.01171875 0.0405982905982906
0.0 0.82080078125 0.8547008547008547 0.0166015625 0.04700854700854701
0.0 0.8759765625 0.7040598290598291 0.013671875 0.03632478632478633
0.0 0.8076171875 0.7211538461538461 0.01171875 0.0405982905982906
0.0 0.73486328125 0.7158119658119658 0.0146484375 0.042735042735042736
0.0 0.66845703125 0.7243589743589743 0.0126953125 0.042735042735042736
0.0 0.5947265625 0.6623931623931624 0.013671875 0.04700854700854701
0.0 0.01904296875 0.6613247863247863 0.0126953125 0.0405982905982906
0.0 0.060546875 0.6816239316239316 0.013671875 0.042735042735042736
0.0 0.05322265625 0.8344017094017094 0.0107421875 0.03632478632478633
0.0 0.6640625 0.8408119658119658 0.015625 0.04487179487179487
0.0 0.7646484375 0.8685897435897436 0.015625 0.04487179487179487
0.0 0.8583984375 0.6912393162393162 0.013671875 0.03632478632478633
0.0 0.92626953125 0.7938034188034188 0.0087890625 0.03205128205128205
0.0 0.77197265625 0.35683760683760685 0.0087890625 0.03418803418803419
0.0 0.798828125 0.3215811965811966 0.009765625 0.03205128205128205
0.0 0.8193359375 0.36004273504273504 0.01171875 0.03205128205128205
0.0 0.787109375 0.405982905982906 0.01171875 0.03418803418803419
0.0 0.8486328125 0.4027777777777778 0.013671875 0.03632478632478633
0.0 0.85595703125 0.33547008547008544 0.0107421875 0.03418803418803419
0.0 0.88916015625 0.32264957264957267 0.0126953125 0.03418803418803419
0.0 0.88818359375 0.36645299145299143 0.0126953125 0.0405982905982906
0.0 0.89794921875 0.37606837606837606 0.0126953125 0.038461538461538464
0.0 0.93212890625 0.3557692307692308 0.0107421875 0.03632478632478633
0.0 0.94970703125 0.3247863247863248 0.0107421875 0.03418803418803419
0.0 0.9599609375 0.4049145299145299 0.01171875 0.03632478632478633
0.0 0.9775390625 0.33226495726495725 0.009765625 0.03205128205128205
0.0 0.98486328125 0.36752136752136755 0.0126953125 0.038461538461538464
0.0 0.01416015625 0.8333333333333334 0.0126953125 0.03418803418803419
0.0 0.00537109375 0.9230769230769231 0.0087890625 0.042735042735042736
0.0 0.15380859375 0.9209401709401709 0.0126953125 0.03418803418803419
0.0 0.10400390625 0.9230769230769231 0.0146484375 0.03418803418803419
0.0 0.12353515625 0.7019230769230769 0.0146484375 0.03632478632478633
0.0 0.1396484375 0.5779914529914529 0.013671875 0.03632478632478633
0.0 0.07421875 0.5683760683760684 0.015625 0.029914529914529916
0.0 0.1904296875 0.655982905982906 0.01171875 0.03418803418803419
0.0 0.25341796875 0.6378205128205128 0.0146484375 0.03632478632478633
0.0 0.23876953125 0.6976495726495726 0.0107421875 0.027777777777777776
0.0 0.20458984375 0.75 0.0107421875 0.029914529914529916
0.0 0.189453125 0.8098290598290598 0.013671875 0.029914529914529916
0.0 0.23095703125 0.8226495726495726 0.0126953125 0.042735042735042736
0.0 0.26953125 0.7542735042735043 0.009765625 0.03418803418803419
0.0 0.2998046875 0.7115384615384616 0.013671875 0.04700854700854701
0.0 0.47998046875 0.9433760683760684 0.0126953125 0.0405982905982906
