0.0 0.16796875 0.3948220064724919 0.0205078125 0.04854368932038835
0.0 0.1953125 0.37702265372168287 0.017578125 0.043689320388349516
0.0 0.2021484375 0.4174757281553398 0.0205078125 0.038834951456310676
0.0 0.29296875 0.4449838187702265 0.0205078125 0.05016181229773463
0.0 0.4677734375 0.48381877022653724 0.0185546875 0.05016181229773463
0.0 0.3759765625 0.48058252427184467 0.0166015625 0.04854368932038835
0.0 0.3291015625 0.5 0.01953125 0.0372168284789644
0.0 0.2236328125 0.4320388349514563 0.021484375 0.04854368932038835
0.0 0.3916015625 0.46601941747572817 0.015625 0.0372168284789644
0.0 0.4541015625 0.4546925566343042 0.0126953125 0.030744336569579287
0.0 0.4638671875 0.4368932038834951 0.0107421875 0.03398058252427184
0.0 0.4755859375 0.43042071197411 0.0107421875 0.038834951456310676
0.0 0.5009765625 0.48058252427184467 0.01171875 0.03559870550161812
0.0 0.521484375 0.46601941747572817 0.01953125 0.05016181229773463
0.0 0.5458984375 0.47572815533980584 0.015625 0.045307443365695796
0.0 0.5654296875 0.470873786407767 0.0234375 0.05177993527508091
0.0 0.3359375 0.46601941747572817 0.01953125 0.040453074433656956
0.0 0.32421875 0.4320388349514563 0.0146484375 0.02750809061488673
0.0 0.375 0.42880258899676377 0.0126953125 0.032362459546925564
0.0 0.50390625 0.43527508090614886 0.0185546875 0.0372168284789644
0.0 0.591796875 0.4773462783171521 0.0185546875 0.045307443365695796
0.0 0.6162109375 0.4854368932038835 0.015625 0.03559870550161812
0.0 0.6318359375 0.4449838187702265 0.01953125 0.03559870550161812
0.0 0.595703125 0.4401294498381877 0.0166015625 0.03398058252427184
0.0 0.658203125 0.5032362459546925 0.013671875 0.040453074433656956
0.0 0.7197265625 0.5016181229773463 0.01953125 0.042071197411003236
0.0 0.7431640625 0.49514563106796117 0.01953125 0.040453074433656956
0.0 0.7705078125 0.5080906148867314 0.017578125 0.045307443365695796
0.0 0.81640625 0.517799352750809 0.01953125 0.043689320388349516
0.0 0.6767578125 0.4692556634304207 0.0126953125 0.03559870550161812
0.0 0.86328125 0.5258899676375405 0.021484375 0.05016181229773463
0.0 0.9072265625 0.5210355987055016 0.021484375 0.04692556634304207
0.0 0.947265625 0.5355987055016181 0.0224609375 0.042071197411003236
0.0 0.982421875 0.5275080906148867 0.017578125 0.043689320388349516
0.0 0.8349609375 0.48220064724919093 0.0146484375 0.03559870550161812
0.0 0.8271484375 0.5097087378640777 0.0166015625 0.040453074433656956
0.0 0.908203125 0.49838187702265374 0.0185546875 0.038834951456310676
0.0 0.1220703125 0.4482200647249191 0.0185546875 0.06796116504854369
0.0 0.2744140625 0.4886731391585761 0.025390625 0.061488673139158574
0.0 0.0185546875 0.4045307443365696 0.0234375 0.061488673139158574
0.0 0.0009765625 0.40129449838187703 0.015625 0.05177993527508091
0.0 0.0009765625 0.46440129449838186 0.0146484375 0.059870550161812294
0.0 0.0859375 0.4174757281553398 0.0224609375 0.05663430420711974
0.0 0.15625 0.42880258899676377 0.0224609375 0.05501618122977346
0.0 0.134765625 0.39158576051779936 0.0224609375 0.04854368932038835
0.0 0.1259765625 0.42718446601941745 0.0224609375 0.05825242718446602
0.0 0.041015625 0.4255663430420712 0.0205078125 0.04854368932038835
0.0 0.189453125 0.4563106796116505 0.021484375 0.05501618122977346
0.0 0.4140625 0.45792880258899676 0.0224609375 0.040453074433656956
