0.0 0.6796875 0.41602465331278893 0.052734375 0.11710323574730354
0.0 0.908203125 0.21956856702619415 0.03515625 0.0724191063174114
0.0 0.94775390625 0.4275808936825886 0.0283203125 0.09090909090909091
0.0 0.40625 0.2773497688751926 0.03125 0.08012326656394453
0.0 0.28955078125 0.2627118644067797 0.0322265625 0.07550077041602465
0.0 0.1630859375 0.22033898305084745 0.021484375 0.040061633281972264
0.0 0.19482421875 0.19106317411402157 0.0185546875 0.03697996918335902
0.0 0.22900390625 0.18875192604006163 0.0146484375 0.03543913713405239
0.0 0.27099609375 0.20184899845916796 0.0224609375 0.04930662557781202
0.0 0.07275390625 0.2172573189522342 0.0185546875 0.04314329738058552
0.0 0.04736328125 0.19645608628659475 0.0107421875 0.029275808936825885
0.0 0.1025390625 0.2049306625577812 0.013671875 0.02773497688751926
0.0 0.05224609375 0.1687211093990755 0.0107421875 0.023112480739599383
0.0 0.21337890625 0.16640986132511557 0.0087890625 0.02157164869029276
0.0 0.13720703125 0.18875192604006163 0.0087890625 0.020030816640986132
0.0 0.29736328125 0.15408320493066255 0.0087890625 0.02157164869029276
0.0 0.59521484375 0.12172573189522343 0.0068359375 0.015408320493066256
