0.0 0.64111328125 0.6207658321060383 0.0302734375 0.05743740795287187
0.0 0.52587890625 0.6855670103092784 0.0302734375 0.0662739322533137
0.0 0.11865234375 0.6038291605301914 0.0244140625 0.061855670103092786
0.0 0.94970703125 0.8276877761413843 0.0576171875 0.10898379970544919
0.0 0.9619140625 0.4013254786450663 0.00390625 0.007363770250368188
0.0 0.8720703125 0.3939617083946981 0.00390625 0.007363770250368188
0.0 0.1328125 0.3483063328424153 0.005859375 0.010309278350515464
0.0 0.54052734375 0.654639175257732 0.0185546875 0.048600883652430045
0.0 0.71826171875 0.6980854197349042 0.0205078125 0.050073637702503684
0.0 0.95556640625 0.7290132547864506 0.0205078125 0.047128129602356406
