0.0 0.50634765625 0.5609375 0.0048828125 0.009375
0.0 0.49609375 0.53828125 0.0078125 0.0109375
0.0 0.5224609375 0.57265625 0.005859375 0.0109375
0.0 0.53271484375 0.5828125 0.0068359375 0.0125
0.0 0.58447265625 0.68359375 0.0029296875 0.0078125
0.0 0.58837890625 0.684375 0.0029296875 0.009375
0.0 0.46875 0.5109375 0.005859375 0.015625
0.0 0.44384765625 0.475 0.0068359375 0.01875
0.0 0.70166015625 0.76171875 0.0048828125 0.0078125
0.0 0.71142578125 0.759375 0.0048828125 0.009375
0.0 0.0732421875 0.30234375 0.017578125 0.0328125
0.0 0.095703125 0.25625 0.017578125 0.03125
0.0 0.1181640625 0.29140625 0.015625 0.0328125
0.0 0.10546875 0.32109375 0.017578125 0.0328125
0.0 0.14990234375 0.27890625 0.0166015625 0.0265625
0.0 0.171875 0.2953125 0.01171875 0.034375
0.0 0.197265625 0.32734375 0.01171875 0.0296875
0.0 0.03369140625 0.24375 0.0224609375 0.03125
0.0 0.23193359375 0.3015625 0.0107421875 0.03125
0.0 0.31640625 0.365625 0.01171875 0.028125
0.0 0.27587890625 0.33828125 0.0107421875 0.0234375
0.0 0.28955078125 0.334375 0.0107421875 0.025
0.0 0.333984375 0.40859375 0.009765625 0.0203125
0.0 0.35595703125 0.396875 0.0087890625 0.021875
0.0 0.41162109375 0.453125 0.0107421875 0.01875
0.0 0.4248046875 0.4546875 0.0078125 0.015625
0.0 0.39453125 0.43515625 0.01171875 0.0171875
0.0 0.43408203125 0.51328125 0.0087890625 0.0078125
0.0 0.45751953125 0.4953125 0.0107421875 0.015625
0.0 0.5498046875 0.59453125 0.005859375 0.0109375
