0.0 0.77734375 0.39959016393442626 0.025390625 0.06967213114754098
0.0 0.76416015625 0.17008196721311475 0.0244140625 0.05327868852459016
0.0 0.8642578125 0.17008196721311475 0.025390625 0.06967213114754098
0.0 0.65966796875 0.17008196721311475 0.0244140625 0.05737704918032787
0.0 0.66015625 0.36270491803278687 0.025390625 0.06967213114754098
0.0 0.564453125 0.39139344262295084 0.025390625 0.06557377049180328
0.0 0.576171875 0.1711065573770492 0.0234375 0.05942622950819672
0.0 0.49462890625 0.18442622950819673 0.0244140625 0.05737704918032787
0.0 0.4345703125 0.14754098360655737 0.0234375 0.05737704918032787
0.0 0.369140625 0.367827868852459 0.0234375 0.05942622950819672
0.0 0.49267578125 0.3790983606557377 0.0244140625 0.06557377049180328
0.0 0.61328125 0.625 0.02734375 0.06967213114754098
0.0 0.703125 0.6331967213114754 0.02734375 0.04918032786885246
0.0 0.353515625 0.16700819672131148 0.021484375 0.06762295081967214
0.0 0.28515625 0.16700819672131148 0.021484375 0.06352459016393443
0.0 0.1962890625 0.15881147540983606 0.02734375 0.05942622950819672
0.0 0.23291015625 0.4016393442622951 0.0302734375 0.08196721311475409
0.0 0.13525390625 0.4108606557377049 0.0263671875 0.06762295081967214
0.0 0.1064453125 0.1915983606557377 0.02734375 0.07172131147540983
