0.0 0.91796875 0.22868217054263565 0.03515625 0.08139534883720931
0.0 0.8447265625 0.21124031007751937 0.033203125 0.07751937984496124
0.0 0.81201171875 0.18992248062015504 0.0302734375 0.06976744186046512
0.0 0.7607421875 0.23255813953488372 0.029296875 0.06976744186046512
0.0 0.712890625 0.19186046511627908 0.029296875 0.06976744186046512
0.0 0.6875 0.1753875968992248 0.025390625 0.060077519379844964
0.0 0.658203125 0.2364341085271318 0.02734375 0.05426356589147287
0.0 0.6201171875 0.21705426356589147 0.025390625 0.06589147286821706
0.0 0.58740234375 0.17829457364341086 0.0263671875 0.06201550387596899
0.0 0.55615234375 0.21608527131782945 0.0283203125 0.060077519379844964
0.0 0.53173828125 0.1744186046511628 0.0263671875 0.06589147286821706
0.0 0.50634765625 0.18410852713178294 0.0263671875 0.06589147286821706
0.0 0.4755859375 0.24612403100775193 0.025390625 0.06201550387596899
0.0 0.44091796875 0.2180232558139535 0.0263671875 0.06395348837209303
0.0 0.40478515625 0.24903100775193798 0.0244140625 0.060077519379844964
0.0 0.37939453125 0.22093023255813954 0.0263671875 0.06589147286821706
0.0 0.333984375 0.19670542635658914 0.02734375 0.06782945736434108
0.0 0.294921875 0.22093023255813954 0.02734375 0.06976744186046512
0.0 0.248046875 0.17151162790697674 0.029296875 0.06782945736434108
0.0 0.22802734375 0.23062015503875968 0.0322265625 0.07364341085271318
0.0 0.14453125 0.21705426356589147 0.03125 0.07751937984496124
0.0 0.07373046875 0.1560077519379845 0.0341796875 0.07945736434108527
