0.0 0.89453125 0.4033674963396779 0.02734375 0.0424597364568082
0.0 0.8388671875 0.3528550512445095 0.0234375 0.040995607613469986
0.0 0.76904296875 0.33455344070278187 0.0244140625 0.04538799414348463
0.0 0.7216796875 0.34992679355783307 0.025390625 0.04685212298682284
0.0 0.82568359375 0.42313323572474376 0.0263671875 0.04978038067349927
0.0 0.83837890625 0.5219619326500732 0.0283203125 0.05417276720351391
0.0 0.7412109375 0.48462664714494874 0.0234375 0.03806734992679356
0.0 0.669921875 0.3528550512445095 0.0234375 0.04685212298682284
0.0 0.6669921875 0.3118594436310395 0.0234375 0.040995607613469986
0.0 0.6240234375 0.34333821376281115 0.021484375 0.0424597364568082
0.0 0.6142578125 0.404099560761347 0.025390625 0.043923865300146414
0.0 0.70068359375 0.54099560761347 0.0283203125 0.04538799414348463
0.0 0.79736328125 0.5893118594436311 0.0244140625 0.05710102489019034
0.0 0.59765625 0.4816983894582723 0.025390625 0.04685212298682284
0.0 0.4453125 0.4019033674963397 0.0234375 0.05417276720351391
0.0 0.46533203125 0.3857979502196193 0.0205078125 0.04538799414348463
0.0 0.49951171875 0.3557833089311859 0.0205078125 0.040995607613469986
0.0 0.5556640625 0.3601756954612006 0.021484375 0.043923865300146414
0.0 0.529296875 0.41874084919472915 0.025390625 0.04685212298682284
0.0 0.51806640625 0.479502196193265 0.0263671875 0.048316251830161056
0.0 0.462890625 0.5051244509516838 0.02734375 0.0527086383601757
0.0 0.38720703125 0.5475841874084919 0.0283203125 0.06442166910688141
0.0 0.38623046875 0.3528550512445095 0.0244140625 0.04685212298682284
0.0 0.38134765625 0.4136163982430454 0.0244140625 0.05417276720351391
0.0 0.31591796875 0.40043923865300146 0.0302734375 0.060029282576866766
0.0 0.42919921875 0.3557833089311859 0.0068359375 0.01171303074670571
0.0 0.41357421875 0.349194729136164 0.0068359375 0.010248901903367497
0.0 0.11865234375 0.34480234260614934 0.0341796875 0.0629575402635432
0.0 0.1875 0.363103953147877 0.033203125 0.06149341142020498
0.0 0.16162109375 0.3096632503660322 0.0302734375 0.048316251830161056
0.0 0.23291015625 0.349194729136164 0.0283203125 0.05417276720351391
0.0 0.248046875 0.3330893118594436 0.0234375 0.05124450951683748
0.0 0.23583984375 0.479502196193265 0.0302734375 0.06881405563689605
0.0 0.17626953125 0.5483162518301611 0.0341796875 0.0746705710102489
0.0 0.12890625 0.43191800878477304 0.033203125 0.07320644216691069
0.0 0.7900390625 0.7357247437774525 0.03125 0.060029282576866766
0.0 0.68017578125 0.7547584187408491 0.0302734375 0.0424597364568082
0.0 0.60888671875 0.7013177159590044 0.0302734375 0.06149341142020498
0.0 0.06201171875 0.369692532942899 0.0068359375 0.010248901903367497
0.0 0.08642578125 0.36676427525622257 0.0068359375 0.010248901903367497
