0.0 0.67626953125 0.1745742092457421 0.0380859375 0.06204379562043796
0.0 0.64306640625 0.16423357664233576 0.0361328125 0.06082725060827251
0.0 0.61328125 0.15571776155717762 0.03125 0.0535279805352798
0.0 0.578125 0.1380778588807786 0.03125 0.045012165450121655
0.0 0.5791015625 0.060218978102189784 0.025390625 0.037712895377128956
0.0 0.546875 0.11618004866180048 0.029296875 0.045012165450121655
0.0 0.5224609375 0.09975669099756691 0.02734375 0.04866180048661801
0.0 0.501953125 0.07725060827250609 0.02734375 0.045012165450121655
0.0 0.46533203125 0.054136253041362534 0.0283203125 0.04257907542579075
0.0 0.458984375 0.0827250608272506 0.02734375 0.043795620437956206
0.0 0.44091796875 0.10401459854014598 0.0302734375 0.052311435523114354
0.0 0.41455078125 0.11009732360097324 0.0283203125 0.05474452554744526
0.0 0.3798828125 0.04866180048661801 0.025390625 0.0364963503649635
0.0 0.38720703125 0.13138686131386862 0.0341796875 0.058394160583941604
0.0 0.3525390625 0.1478102189781022 0.037109375 0.05474452554744526
0.0 0.31591796875 0.18004866180048662 0.0361328125 0.06082725060827251
0.0 0.498046875 0.2773722627737226 0.04296875 0.06326034063260341
0.0 0.27783203125 0.20012165450121655 0.0400390625 0.06447688564476886
0.0 0.22412109375 0.22992700729927007 0.0419921875 0.06326034063260341
0.0 0.11767578125 0.225669099756691 0.0517578125 0.06934306569343066
0.0 0.80224609375 0.2688564476885645 0.0498046875 0.0705596107055961
0.0 0.7392578125 0.21350364963503649 0.0390625 0.06204379562043796
