0.0 0.4482421875 0.11190817790530846 0.0595703125 0.10473457675753228
0.0 0.7958984375 0.25251076040172166 0.0185546875 0.03012912482065997
0.0 0.6953125 0.10473457675753228 0.0146484375 0.024390243902439025
0.0 0.634765625 0.13199426111908177 0.0146484375 0.024390243902439025
0.0 0.6142578125 0.10473457675753228 0.0146484375 0.021520803443328552
0.0 0.6650390625 0.09182209469153516 0.0166015625 0.024390243902439025
0.0 0.6455078125 0.06025824964131994 0.013671875 0.024390243902439025
0.0 0.615234375 0.06886657101865136 0.013671875 0.02295552367288379
0.0 0.5791015625 0.06599713055954089 0.015625 0.02295552367288379
0.0 0.5673828125 0.09325681492109039 0.017578125 0.024390243902439025
0.0 0.6865234375 0.040172166427546625 0.013671875 0.020086083213773313
0.0 0.6611328125 0.03443328550932568 0.013671875 0.021520803443328552
0.0 0.5703125 0.028694404591104734 0.0146484375 0.02295552367288379
0.0 0.6728515625 0.12482065997130559 0.013671875 0.021520803443328552
0.0 0.689453125 0.17790530846484937 0.013671875 0.02295552367288379
0.0 0.7255859375 0.14203730272596843 0.0146484375 0.02295552367288379
0.0 0.7509765625 0.15064562410329985 0.013671875 0.021520803443328552
0.0 0.779296875 0.1750358680057389 0.015625 0.03012912482065997
0.0 0.7822265625 0.10616929698708752 0.015625 0.02295552367288379
0.0 0.8037109375 0.13486370157819225 0.015625 0.027259684361549498
0.0 0.7958984375 0.20946915351506457 0.015625 0.021520803443328552
0.0 0.7451171875 0.2309899569583931 0.015625 0.02295552367288379
0.0 0.701171875 0.21664275466284075 0.015625 0.024390243902439025
0.0 0.4091796875 0.09182209469153516 0.0146484375 0.021520803443328552
0.0 0.4033203125 0.03012912482065997 0.0146484375 0.02295552367288379
0.0 0.361328125 0.20803443328550933 0.017578125 0.028694404591104734
0.0 0.3564453125 0.2611190817790531 0.0185546875 0.03443328550932568
0.0 0.330078125 0.18220946915351507 0.0166015625 0.024390243902439025
0.0 0.5380859375 0.054519368723098996 0.013671875 0.028694404591104734
0.0 0.6982421875 0.07173601147776183 0.0146484375 0.02582496413199426
0.0 0.966796875 0.2568149210903874 0.0146484375 0.027259684361549498
0.0 0.9208984375 0.23672883787661406 0.01171875 0.021520803443328552
0.0 0.880859375 0.2582496413199426 0.0146484375 0.028694404591104734
0.0 0.8486328125 0.21377331420373027 0.0146484375 0.024390243902439025
0.0 0.8095703125 0.18507890961262555 0.0146484375 0.024390243902439025
0.0 0.8486328125 0.07890961262553801 0.013671875 0.02295552367288379
0.0 0.8984375 0.18794835007173602 0.013671875 0.02295552367288379
0.0 0.83984375 0.14634146341463414 0.013671875 0.018651362984218076
0.0 0.9140625 0.09469153515064563 0.01171875 0.018651362984218076
0.0 0.7841796875 0.04160688665710186 0.013671875 0.01721664275466284
0.0 0.751953125 0.03443328550932568 0.0126953125 0.018651362984218076
0.0 0.7099609375 0.020086083213773313 0.01171875 0.015781922525107604
0.0 0.830078125 0.01721664275466284 0.013671875 0.01721664275466284
0.0 0.8818359375 0.07747489239598278 0.0146484375 0.02582496413199426
0.0 0.8466796875 0.27403156384505023 0.013671875 0.021520803443328552
0.0 0.1728515625 0.035868005738880916 0.0166015625 0.027259684361549498
0.0 0.20703125 0.054519368723098996 0.013671875 0.021520803443328552
0.0 0.2109375 0.08895265423242468 0.0126953125 0.021520803443328552
0.0 0.099609375 0.16212338593974174 0.0185546875 0.02582496413199426
0.0 0.103515625 0.12338593974175036 0.015625 0.024390243902439025
0.0 0.0712890625 0.08608321377331421 0.0126953125 0.024390243902439025
0.0 0.09375 0.08034433285509325 0.015625 0.027259684361549498
0.0 0.0732421875 0.047345767575322814 0.0185546875 0.018651362984218076
0.0 0.02734375 0.0028694404591104736 0.01953125 0.024390243902439025
0.0 0.1611328125 0.007173601147776184 0.013671875 0.02295552367288379
0.0 0.072265625 0.20516499282639886 0.01953125 0.03156384505021521
0.0 0.2109375 0.18077474892395984 0.0107421875 0.027259684361549498
0.0 0.25390625 0.16642754662840745 0.015625 0.028694404591104734
0.0 0.2490234375 0.12482065997130559 0.0146484375 0.027259684361549498
0.0 0.05078125 0.12769010043041606 0.015625 0.024390243902439025
0.0 0.0029296875 0.12338593974175036 0.0107421875 0.03299856527977044
0.0 0.123046875 0.0028694404591104736 0.0146484375 0.018651362984218076
0.0 0.2900390625 0.1291248206599713 0.017578125 0.03299856527977044
0.0 0.248046875 0.2769010043041607 0.0146484375 0.02295552367288379
0.0 0.2001953125 0.2654232424677188 0.015625 0.02582496413199426
0.0 0.1591796875 0.2783357245337159 0.0146484375 0.02582496413199426
0.0 0.109375 0.2654232424677188 0.017578125 0.027259684361549498
0.0 0.0380859375 0.27546628407460544 0.015625 0.027259684361549498
0.0 0.017578125 0.23242467718794835 0.015625 0.02295552367288379
0.0 0.2060546875 0.14203730272596843 0.0126953125 0.02582496413199426
0.0 0.158203125 0.09182209469153516 0.0126953125 0.020086083213773313
0.0 0.3154296875 0.1606886657101865 0.0126953125 0.03012912482065997
0.0 0.296875 0.25968436154949787 0.01953125 0.03443328550932568
0.0 0.6171875 0.040172166427546625 0.0107421875 0.020086083213773313
0.0 0.4462890625 0.018651362984218076 0.0146484375 0.02295552367288379
0.0 0.939453125 0.1406025824964132 0.0146484375 0.027259684361549498
