0.0 0.6513671875 0.6752199413489736 0.041015625 0.06598240469208211
0.0 0.69287109375 0.5608504398826979 0.0380859375 0.060117302052785926
0.0 0.6396484375 0.4596774193548387 0.033203125 0.060117302052785926
0.0 0.59619140625 0.5740469208211144 0.0341796875 0.051319648093841645
0.0 0.51806640625 0.4912023460410557 0.0322265625 0.06451612903225806
0.0 0.51220703125 0.6173020527859238 0.0341796875 0.06744868035190615
0.0 0.4599609375 0.6744868035190615 0.033203125 0.06158357771260997
0.0 0.41259765625 0.6642228739002932 0.0380859375 0.06744868035190615
0.0 0.4345703125 0.4706744868035191 0.029296875 0.0469208211143695
0.0 0.2958984375 0.24780058651026393 0.02734375 0.0469208211143695
0.0 0.31201171875 0.3284457478005865 0.0322265625 0.05865102639296188
0.0 0.35205078125 0.28152492668621704 0.0302734375 0.05278592375366569
0.0 0.4169921875 0.29178885630498536 0.033203125 0.05571847507331378
0.0 0.48583984375 0.3064516129032258 0.0322265625 0.05278592375366569
0.0 0.5791015625 0.28005865102639294 0.029296875 0.05865102639296188
0.0 0.560546875 0.24560117302052786 0.01953125 0.03372434017595308
0.0 0.53564453125 0.3035190615835777 0.0185546875 0.03225806451612903
0.0 0.529296875 0.24560117302052786 0.017578125 0.039589442815249266
0.0 0.38525390625 0.22434017595307917 0.0205078125 0.03812316715542522
0.0 0.671875 0.2587976539589443 0.017578125 0.03372434017595308
0.0 0.69580078125 0.2368035190615836 0.0146484375 0.030791788856304986
0.0 0.71923828125 0.26466275659824046 0.0107421875 0.036656891495601175
0.0 0.24560546875 0.2961876832844575 0.0283203125 0.05865102639296188
0.0 0.1767578125 0.3181818181818182 0.029296875 0.05278592375366569
0.0 0.1533203125 0.29765395894428154 0.033203125 0.06158357771260997
0.0 0.75830078125 0.20381231671554254 0.0224609375 0.03225806451612903
0.0 0.80419921875 0.07111436950146628 0.0185546875 0.02785923753665689
0.0 0.86279296875 0.11143695014662756 0.0126953125 0.02932551319648094
0.0 0.931640625 0.1187683284457478 0.013671875 0.020527859237536656
0.0 0.97705078125 0.13343108504398826 0.0166015625 0.026392961876832845
0.0 0.982421875 0.18035190615835778 0.01953125 0.03225806451612903
0.0 0.93798828125 0.20161290322580644 0.0166015625 0.021994134897360705
0.0 0.93505859375 0.2690615835777126 0.0146484375 0.03372434017595308
0.0 0.86865234375 0.2932551319648094 0.0166015625 0.02932551319648094
0.0 0.97607421875 0.06158357771260997 0.0146484375 0.02346041055718475
0.0 0.67138671875 0.1781524926686217 0.0166015625 0.036656891495601175
0.0 0.6171875 0.15102639296187684 0.015625 0.02932551319648094
0.0 0.564453125 0.16129032258064516 0.01953125 0.03225806451612903
0.0 0.55810546875 0.13049853372434017 0.0146484375 0.02346041055718475
0.0 0.45166015625 0.19208211143695014 0.0185546875 0.03225806451612903
0.0 0.44384765625 0.12756598240469208 0.0166015625 0.02932551319648094
0.0 0.36328125 0.10337243401759531 0.017578125 0.030791788856304986
0.0 0.291015625 0.13343108504398826 0.017578125 0.03225806451612903
0.0 0.24853515625 0.11730205278592376 0.0146484375 0.02932551319648094
0.0 0.2373046875 0.1348973607038123 0.013671875 0.026392961876832845
0.0 0.2021484375 0.21041055718475074 0.017578125 0.03372434017595308
0.0 0.2568359375 0.3313782991202346 0.0234375 0.04985337243401759
0.0 0.498046875 0.21994134897360704 0.01953125 0.03225806451612903
0.0 0.17333984375 0.11950146627565983 0.0166015625 0.03372434017595308
0.0 0.03125 0.3790322580645161 0.01953125 0.036656891495601175
0.0 0.041015625 0.41642228739002934 0.017578125 0.03519061583577713
0.0 0.03271484375 0.437683284457478 0.0185546875 0.039589442815249266
