0.0 0.0771484375 0.06006006006006006 0.0126953125 0.024024024024024024
0.0 0.1318359375 0.2147147147147147 0.0205078125 0.03153153153153153
0.0 0.1513671875 0.05105105105105105 0.017578125 0.025525525525525526
0.0 0.19140625 0.05405405405405406 0.0166015625 0.025525525525525526
0.0 0.5390625 0.22972972972972974 0.0458984375 0.08108108108108109
0.0 0.4267578125 0.12612612612612611 0.03515625 0.06606606606606606
0.0 0.765625 0.1966966966966967 0.033203125 0.06156156156156156
0.0 0.849609375 0.16666666666666666 0.0244140625 0.04504504504504504
0.0 0.8916015625 0.16366366366366367 0.015625 0.03003003003003003
0.0 0.12890625 0.03753753753753754 0.01171875 0.02702702702702703
