0.0 0.2509765625 0.1698389458272328 0.04296875 0.09077598828696926
0.0 0.322265625 0.12298682284040996 0.0322265625 0.060029282576866766
0.0 0.2451171875 0.016105417276720352 0.0244140625 0.04978038067349927
0.0 0.091796875 0.03806734992679356 0.025390625 0.04685212298682284
0.0 0.0400390625 0.22986822840409957 0.03515625 0.06149341142020498
0.0 0.0009765625 0.21961932650073207 0.01171875 0.06734992679355783
0.0 0.4453125 0.1376281112737921 0.029296875 0.05124450951683748
0.0 0.3935546875 0.1376281112737921 0.0244140625 0.04685212298682284
0.0 0.359375 0.027818448023426062 0.0234375 0.06442166910688141
0.0 0.453125 0.02342606149341142 0.02734375 0.0424597364568082
0.0 0.5595703125 0.16544655929721816 0.0224609375 0.04538799414348463
0.0 0.7822265625 0.03367496339677892 0.0283203125 0.05417276720351391
0.0 0.8466796875 0.10248901903367497 0.03515625 0.048316251830161056
0.0 0.953125 0.10102489019033675 0.0224609375 0.032210834553440704
0.0 0.876953125 0.010248901903367497 0.021484375 0.03513909224011713
0.0 0.953125 0.016105417276720352 0.021484375 0.036603221083455345
0.0 0.7421875 0.09663250366032211 0.0205078125 0.027818448023426062
0.0 0.83203125 0.3089311859443631 0.0478515625 0.07320644216691069
0.0 0.9033203125 0.21522693997071743 0.017578125 0.036603221083455345
0.0 0.9736328125 0.27232796486090777 0.025390625 0.03513909224011713
0.0 0.7265625 0.24011713030746706 0.025390625 0.040995607613469986
0.0 0.7646484375 0.14348462664714495 0.0185546875 0.029282576866764276
0.0 0.7626953125 0.26500732064421667 0.0234375 0.029282576866764276
0.0 0.484375 0.15373352855051245 0.0205078125 0.03513909224011713
