0.0 0.7138671875 0.22265625 0.0703125 0.09114583333333333
0.0 0.3544921875 0.1796875 0.060546875 0.0859375
0.0 0.8291015625 0.08854166666666667 0.01953125 0.036458333333333336
0.0 0.88671875 0.07877604166666667 0.0234375 0.029947916666666668
0.0 0.89111328125 0.038411458333333336 0.0244140625 0.037760416666666664
0.0 0.97216796875 0.07552083333333333 0.0224609375 0.046875
0.0 0.9580078125 0.046223958333333336 0.01953125 0.032552083333333336
0.0 0.76318359375 0.06380208333333333 0.0244140625 0.0390625
0.0 0.69287109375 0.048828125 0.0263671875 0.037760416666666664
0.0 0.61328125 0.06901041666666667 0.021484375 0.0390625
0.0 0.701171875 0.017578125 0.0234375 0.024739583333333332
0.0 0.75048828125 0.01171875 0.0244140625 0.0234375
0.0 0.46484375 0.12109375 0.0234375 0.041666666666666664
0.0 0.53173828125 0.11783854166666667 0.0224609375 0.037760416666666664
0.0 0.541015625 0.056640625 0.0234375 0.029947916666666668
0.0 0.4365234375 0.072265625 0.025390625 0.029947916666666668
0.0 0.3994140625 0.037760416666666664 0.0234375 0.036458333333333336
0.0 0.28564453125 0.109375 0.0205078125 0.036458333333333336
0.0 0.02783203125 0.044270833333333336 0.0185546875 0.046875
0.0 0.84326171875 0.011067708333333334 0.0224609375 0.016927083333333332
0.0 0.9296875 0.009765625 0.0234375 0.016927083333333332
0.0 0.01025390625 0.09049479166666667 0.0166015625 0.045572916666666664
0.0 0.7421875 0.061848958333333336 0.015625 0.03515625
0.0 0.62353515625 0.014973958333333334 0.0224609375 0.024739583333333332
