0.0 0.25537109375 0.5078636959370905 0.0146484375 0.027522935779816515
0.0 0.6640625 0.6854521625163827 0.015625 0.02621231979030144
0.0 0.7177734375 0.49606815203145477 0.015625 0.022280471821756225
0.0 0.34521484375 0.4338138925294889 0.0107421875 0.015727391874180863
0.0 0.41259765625 0.4226736566186107 0.0087890625 0.014416775884665793
0.0 0.42138671875 0.38794233289646135 0.0068359375 0.010484927916120577
0.0 0.40185546875 0.38466579292267367 0.0087890625 0.014416775884665793
0.0 0.3740234375 0.3853211009174312 0.0078125 0.010484927916120577
0.0 0.3515625 0.38990825688073394 0.0078125 0.011795543905635648
0.0 0.32275390625 0.41743119266055045 0.0087890625 0.014416775884665793
0.0 0.2998046875 0.4043250327653997 0.0078125 0.011795543905635648
0.0 0.30908203125 0.4226736566186107 0.0068359375 0.011795543905635648
0.0 0.302734375 0.43184796854521623 0.009765625 0.014416775884665793
0.0 0.26904296875 0.4292267365661861 0.0068359375 0.011795543905635648
0.0 0.18310546875 0.4613368283093054 0.0087890625 0.01310615989515072
0.0 0.1357421875 0.44102228047182174 0.0078125 0.011795543905635648
0.0 0.1298828125 0.4796854521625164 0.009765625 0.01310615989515072
0.0 0.08935546875 0.4849279161205767 0.0068359375 0.010484927916120577
0.0 0.10595703125 0.48230668414154654 0.0068359375 0.01310615989515072
0.0 0.0859375 0.4456094364351245 0.0078125 0.007863695937090432
0.0 0.1123046875 0.436435124508519 0.0078125 0.010484927916120577
0.0 0.15771484375 0.3951507208387942 0.0068359375 0.011795543905635648
0.0 0.1748046875 0.4030144167758847 0.005859375 0.011795543905635648
0.0 0.197265625 0.40235910878112713 0.0078125 0.010484927916120577
0.0 0.16552734375 0.45543905635648757 0.0087890625 0.011795543905635648
0.0 0.17041015625 0.43446920052424637 0.0068359375 0.011795543905635648
0.0 0.13916015625 0.3977719528178244 0.0048828125 0.009174311926605505
0.0 0.1572265625 0.4895150720838794 0.0078125 0.011795543905635648
0.0 0.42529296875 0.42791612057667106 0.0068359375 0.014416775884665793
0.0 0.6630859375 0.6546526867627785 0.015625 0.022280471821756225
