0.0 0.708984375 0.21419676214196762 0.009765625 0.012453300124533
0.0 0.9248046875 0.22166874221668742 0.0107421875 0.019925280199252802
0.0 0.8603515625 0.23038605230386053 0.0087890625 0.0161892901618929
0.0 0.8447265625 0.24283935242839352 0.009765625 0.014943960149439602
0.0 0.7919921875 0.1307596513075965 0.0087890625 0.0136986301369863
0.0 0.810546875 0.12079701120797011 0.0068359375 0.0112079701120797
0.0 0.6923828125 0.10709838107098381 0.0078125 0.0161892901618929
0.0 0.79296875 0.14819427148194272 0.0107421875 0.0136986301369863
0.0 0.90234375 0.1357409713574097 0.009765625 0.014943960149439602
0.0 0.8779296875 0.18181818181818182 0.0078125 0.0136986301369863
0.0 0.865234375 0.1980074719800747 0.0087890625 0.0136986301369863
0.0 0.8876953125 0.22042341220423411 0.0107421875 0.0161892901618929
0.0 0.9453125 0.22166874221668742 0.01171875 0.0161892901618929
0.0 0.923828125 0.20921544209215442 0.0107421875 0.0136986301369863
0.0 0.8896484375 0.2054794520547945 0.009765625 0.012453300124533
0.0 0.9287109375 0.1718555417185554 0.0078125 0.0161892901618929
0.0 0.9208984375 0.1232876712328767 0.0087890625 0.012453300124533
0.0 0.939453125 0.11457036114570361 0.0087890625 0.0161892901618929
0.0 0.7666015625 0.14196762141967623 0.0126953125 0.021170610211706103
0.0 0.7998046875 0.09713574097135741 0.009765625 0.012453300124533
0.0 0.765625 0.08468244084682441 0.009765625 0.009962640099626401
0.0 0.8681640625 0.07970112079701121 0.009765625 0.0136986301369863
0.0 0.84375 0.08343711083437111 0.009765625 0.0112079701120797
0.0 0.8310546875 0.04234122042341221 0.0068359375 0.0112079701120797
0.0 0.7998046875 0.047322540473225407 0.0087890625 0.0112079701120797
0.0 0.7734375 0.019925280199252802 0.0087890625 0.014943960149439602
0.0 0.6787109375 0.2129514321295143 0.0107421875 0.0161892901618929
0.0 0.6416015625 0.1793275217932752 0.0107421875 0.0161892901618929
0.0 0.6630859375 0.1706102117061021 0.013671875 0.017434620174346202
0.0 0.7373046875 0.07721046077210461 0.0107421875 0.0136986301369863
0.0 0.3994140625 0.10709838107098381 0.0517578125 0.07970112079701121
0.0 0.2080078125 0.1382316313823163 0.0263671875 0.0361145703611457
0.0 0.158203125 0.21170610211706103 0.0126953125 0.017434620174346202
0.0 0.544921875 0.23536737235367372 0.009765625 0.014943960149439602
0.0 0.5625 0.22540473225404734 0.009765625 0.014943960149439602
0.0 0.55078125 0.2054794520547945 0.0078125 0.009962640099626401
0.0 0.5185546875 0.22914072229140722 0.0107421875 0.0136986301369863
0.0 0.1220703125 0.23536737235367372 0.0107421875 0.0161892901618929
0.0 0.037109375 0.2465753424657534 0.009765625 0.0112079701120797
0.0 0.0595703125 0.2328767123287671 0.0087890625 0.0112079701120797
0.0 0.1640625 0.1718555417185554 0.0087890625 0.0136986301369863
0.0 0.626953125 0.09838107098381071 0.0087890625 0.0136986301369863
0.0 0.630859375 0.13325031133250312 0.0107421875 0.0112079701120797
0.0 0.51953125 0.14694894146948942 0.0068359375 0.012453300124533
0.0 0.505859375 0.10834371108343711 0.0087890625 0.014943960149439602
0.0 0.7763671875 0.20921544209215442 0.0419921875 0.06973848069738481
0.0 0.6953125 0.23910336239103364 0.0087890625 0.014943960149439602
0.0 0.7216796875 0.22415940224159403 0.0107421875 0.014943960149439602
0.0 0.7080078125 0.1793275217932752 0.0107421875 0.0136986301369863
0.0 0.689453125 0.17310087173100872 0.009765625 0.014943960149439602
0.0 0.703125 0.20298879202988793 0.0068359375 0.0136986301369863
0.0 0.96484375 0.23412204234122042 0.01171875 0.0136986301369863
0.0 0.640625 0.21668742216687423 0.009765625 0.0224159402241594
0.0 0.7412109375 0.18057285180572852 0.0078125 0.0136986301369863
0.0 0.677734375 0.1793275217932752 0.0068359375 0.0136986301369863
0.0 0.69921875 0.13449564134495642 0.0068359375 0.0112079701120797
0.0 0.0830078125 0.23038605230386053 0.0068359375 0.012453300124533
0.0 0.087890625 0.21668742216687423 0.0068359375 0.0112079701120797
0.0 0.080078125 0.1980074719800747 0.0068359375 0.0136986301369863
0.0 0.1748046875 0.1843088418430884 0.005859375 0.012453300124533
0.0 0.900390625 0.23536737235367372 0.0087890625 0.0161892901618929
0.0 0.986328125 0.22415940224159403 0.0107421875 0.017434620174346202
0.0 0.9541015625 0.1980074719800747 0.0107421875 0.0161892901618929
0.0 0.984375 0.1643835616438356 0.0078125 0.0136986301369863
0.0 0.8818359375 0.24283935242839352 0.0107421875 0.014943960149439602
0.0 0.5224609375 0.199252801992528 0.0087890625 0.014943960149439602
