0.0 0.947265625 0.2508710801393728 0.0263671875 0.06445993031358885
0.0 0.8818359375 0.2770034843205575 0.02734375 0.0627177700348432
0.0 0.822265625 0.2787456445993031 0.0263671875 0.0627177700348432
0.0 0.7802734375 0.3310104529616725 0.0244140625 0.0627177700348432
0.0 0.7421875 0.3797909407665505 0.0263671875 0.04355400696864112
0.0 0.607421875 0.30139372822299654 0.0322265625 0.04878048780487805
0.0 0.5146484375 0.26480836236933797 0.0322265625 0.07491289198606271
0.0 0.470703125 0.3170731707317073 0.029296875 0.06620209059233449
0.0 0.3935546875 0.32578397212543553 0.0263671875 0.06445993031358885
0.0 0.3154296875 0.289198606271777 0.0302734375 0.06620209059233449
0.0 0.244140625 0.30662020905923343 0.02734375 0.07317073170731707
0.0 0.1640625 0.2979094076655052 0.02734375 0.07142857142857142
0.0 0.0927734375 0.3083623693379791 0.0283203125 0.06620209059233449
0.0 0.0439453125 0.32752613240418116 0.021484375 0.06097560975609756
0.0 0.1376953125 0.11149825783972125 0.0146484375 0.0313588850174216
0.0 0.2744140625 0.289198606271777 0.0205078125 0.04529616724738676
