0.0 0.8251953125 0.5 0.0263671875 0.06477732793522267
0.0 0.8505859375 0.3603238866396761 0.021484375 0.05263157894736842
0.0 0.919921875 0.35020242914979755 0.0205078125 0.058704453441295545
0.0 0.7900390625 0.3582995951417004 0.01953125 0.058704453441295545
0.0 0.732421875 0.3441295546558704 0.021484375 0.05668016194331984
0.0 0.740234375 0.4939271255060729 0.02734375 0.06477732793522267
0.0 0.6708984375 0.3360323886639676 0.0205078125 0.05668016194331984
0.0 0.658203125 0.5080971659919028 0.0224609375 0.06072874493927125
0.0 0.61328125 0.32793522267206476 0.021484375 0.05263157894736842
0.0 0.5771484375 0.5040485829959515 0.0244140625 0.06072874493927125
0.0 0.548828125 0.3360323886639676 0.0205078125 0.05263157894736842
0.0 0.48828125 0.4939271255060729 0.0234375 0.06680161943319839
0.0 0.400390625 0.52834008097166 0.0244140625 0.058704453441295545
0.0 0.408203125 0.32186234817813764 0.0244140625 0.058704453441295545
0.0 0.34765625 0.3360323886639676 0.021484375 0.05668016194331984
0.0 0.2919921875 0.35020242914979755 0.021484375 0.0465587044534413
0.0 0.322265625 0.5303643724696356 0.021484375 0.06072874493927125
0.0 0.23046875 0.5101214574898786 0.0234375 0.0728744939271255
0.0 0.240234375 0.3522267206477733 0.0205078125 0.05263157894736842
0.0 0.142578125 0.5101214574898786 0.025390625 0.06275303643724696
0.0 0.1708984375 0.3724696356275304 0.021484375 0.05465587044534413
0.0 0.123046875 0.3785425101214575 0.0205078125 0.05263157894736842
0.0 0.0546875 0.39068825910931176 0.0205078125 0.05263157894736842
