0.0 0.78759765625 0.3323727185398655 0.0302734375 0.03650336215177714
0.0 0.72265625 0.4241114313160423 0.03515625 0.07204610951008646
0.0 0.83447265625 0.3021133525456292 0.0224609375 0.027857829010566763
0.0 0.81787109375 0.3266090297790586 0.0244140625 0.0345821325648415
0.0 0.8583984375 0.2920268972142171 0.01171875 0.01536983669548511
0.0 0.5244140625 0.22334293948126802 0.0625 0.08549471661863593
0.0 0.4326171875 0.23919308357348704 0.0390625 0.049951969260326606
0.0 0.49169921875 0.1685878962536023 0.0341796875 0.05475504322766571
0.0 0.44775390625 0.2780979827089337 0.0322265625 0.06051873198847262
0.0 0.1650390625 0.17627281460134486 0.076171875 0.11623439000960614
0.0 0.34521484375 0.1844380403458213 0.0478515625 0.05187319884726225
0.0 0.43603515625 0.15081652257444764 0.0107421875 0.01536983669548511
0.0 0.4287109375 0.13592699327569643 0.009765625 0.01440922190201729
0.0 0.435546875 0.1239193083573487 0.009765625 0.011527377521613832
0.0 0.41650390625 0.1143131604226705 0.0107421875 0.01536983669548511
0.0 0.35986328125 0.10614793467819404 0.0107421875 0.010566762728146013
0.0 0.921875 0.388568683957733 0.0234375 0.029779058597502402
0.0 0.75732421875 0.313640730067243 0.0185546875 0.029779058597502402
0.0 0.05810546875 0.01440922190201729 0.0166015625 0.01729106628242075
0.0 0.3720703125 0.24687800192122958 0.060546875 0.07300672430355427
0.0 0.46435546875 0.12632084534101826 0.0087890625 0.012487992315081652
0.0 0.25244140625 0.12151777137367915 0.0126953125 0.025936599423631124
