0.0 0.69775390625 0.26725403817914833 0.0400390625 0.07048458149779736
0.0 0.64697265625 0.21879588839941264 0.0205078125 0.03524229074889868
0.0 0.572265625 0.1828193832599119 0.046875 0.07782672540381791
0.0 0.42919921875 0.26505139500734215 0.0224609375 0.042584434654919234
0.0 0.404296875 0.2643171806167401 0.015625 0.032305433186490456
0.0 0.8427734375 0.27973568281938327 0.0234375 0.05433186490455213
0.0 0.861328125 0.19016152716593246 0.029296875 0.0513950073421439
0.0 0.93798828125 0.1527165932452276 0.0224609375 0.04698972099853157
0.0 0.85693359375 0.1512481644640235 0.0224609375 0.023494860499265784
0.0 0.9931640625 0.31130690161527164 0.013671875 0.06461086637298091
0.0 0.95751953125 0.11527165932452275 0.0185546875 0.027900146842878122
0.0 0.12060546875 0.12334801762114538 0.0087890625 0.014684287812041116
0.0 0.11181640625 0.1013215859030837 0.0087890625 0.014684287812041116
0.0 0.16064453125 0.07195301027900147 0.0087890625 0.014684287812041116
0.0 0.185546875 0.14096916299559473 0.0078125 0.014684287812041116
0.0 0.15380859375 0.14243759177679882 0.0087890625 0.014684287812041116
0.0 0.0703125 0.12555066079295155 0.0078125 0.016152716593245228
0.0 0.037109375 0.1512481644640235 0.009765625 0.020558002936857563
0.0 0.0302734375 0.048458149779735685 0.009765625 0.01762114537444934
0.0 0.1484375 0.24669603524229075 0.01171875 0.01762114537444934
0.0 0.1123046875 0.22466960352422907 0.009765625 0.01762114537444934
0.0 0.0869140625 0.2488986784140969 0.009765625 0.016152716593245228
0.0 0.02587890625 0.2209985315712188 0.0107421875 0.016152716593245228
0.0 0.03515625 0.2533039647577093 0.009765625 0.013215859030837005
0.0 0.1572265625 0.2709251101321586 0.01171875 0.016152716593245228
0.0 0.14599609375 0.2209985315712188 0.0107421875 0.013215859030837005
0.0 0.10693359375 0.19897209985315711 0.0087890625 0.013215859030837005
0.0 0.10205078125 0.12261380323054331 0.0087890625 0.013215859030837005
0.0 0.09228515625 0.09838472834067548 0.0087890625 0.014684287812041116
0.0 0.09521484375 0.07342143906020558 0.0068359375 0.011747430249632892
0.0 0.11328125 0.05506607929515418 0.0078125 0.016152716593245228
0.0 0.19140625 0.04185022026431718 0.009765625 0.016152716593245228
0.0 0.13427734375 0.048458149779735685 0.0087890625 0.014684287812041116
0.0 0.14013671875 0.07048458149779736 0.0087890625 0.014684287812041116
0.0 0.17138671875 0.09030837004405286 0.0087890625 0.016152716593245228
0.0 0.19140625 0.0697503671071953 0.009765625 0.013215859030837005
0.0 0.275390625 0.13215859030837004 0.009765625 0.01762114537444934
0.0 0.28955078125 0.07048458149779736 0.0068359375 0.01762114537444934
0.0 0.11962890625 0.0315712187958884 0.0087890625 0.013215859030837005
0.0 0.1416015625 0.16666666666666666 0.01171875 0.01908957415565345
0.0 0.20751953125 0.09397944199706314 0.0107421875 0.01762114537444934
0.0 0.07958984375 0.052129221732745964 0.0087890625 0.013215859030837005
0.0 0.07177734375 0.3634361233480176 0.0107421875 0.01908957415565345
0.0 0.0771484375 0.3399412628487518 0.01171875 0.01908957415565345
0.0 0.11865234375 0.3010279001468429 0.0107421875 0.01762114537444934
0.0 0.0966796875 0.3010279001468429 0.009765625 0.014684287812041116
0.0 0.1728515625 0.35829662261380324 0.015625 0.023494860499265784
0.0 0.037109375 0.33847283406754775 0.009765625 0.016152716593245228
0.0 0.0341796875 0.3641703377386197 0.009765625 0.01762114537444934
0.0 0.0341796875 0.39794419970631423 0.01171875 0.01762114537444934
0.0 0.02734375 0.3091042584434655 0.009765625 0.016152716593245228
0.0 0.0263671875 0.28707782672540383 0.0078125 0.016152716593245228
0.0 0.05517578125 0.22834067547723935 0.0107421875 0.016152716593245228
0.0 0.2109375 0.1299559471365639 0.013671875 0.01908957415565345
0.0 0.2412109375 0.11747430249632893 0.009765625 0.020558002936857563
0.0 0.4375 0.20484581497797358 0.009765625 0.016152716593245228
0.0 0.35302734375 0.2665198237885463 0.0107421875 0.022026431718061675
0.0 0.36767578125 0.20851688693098386 0.0087890625 0.01762114537444934
0.0 0.19921875 0.21806167400881057 0.009765625 0.016152716593245228
0.0 0.44091796875 0.10205580029368576 0.0087890625 0.016152716593245228
0.0 0.43701171875 0.08002936857562408 0.0087890625 0.013215859030837005
0.0 0.45947265625 0.07782672540381791 0.0068359375 0.014684287812041116
0.0 0.48193359375 0.10058737151248165 0.0087890625 0.016152716593245228
0.0 0.50390625 0.07415565345080763 0.009765625 0.016152716593245228
0.0 0.51904296875 0.052129221732745964 0.0087890625 0.016152716593245228
0.0 0.5302734375 0.06607929515418502 0.0078125 0.01762114537444934
0.0 0.55029296875 0.06901615271659324 0.0087890625 0.01762114537444934
0.0 0.568359375 0.08002936857562408 0.0078125 0.013215859030837005
0.0 0.53662109375 0.018355359765051395 0.0087890625 0.016152716593245228
0.0 0.56591796875 0.046255506607929514 0.0068359375 0.016152716593245228
0.0 0.4765625 0.18061674008810572 0.01171875 0.01762114537444934
0.0 0.484375 0.14831130690161526 0.0078125 0.01762114537444934
0.0 0.44140625 0.15712187958883994 0.009765625 0.01762114537444934
0.0 0.41357421875 0.12701908957415564 0.0107421875 0.016152716593245228
0.0 0.38671875 0.10939794419970632 0.0078125 0.013215859030837005
0.0 0.41015625 0.08443465491923642 0.0078125 0.016152716593245228
0.0 0.38232421875 0.08516886930983847 0.0087890625 0.014684287812041116
0.0 0.3583984375 0.10866372980910426 0.0078125 0.014684287812041116
0.0 0.3759765625 0.05800293685756241 0.0078125 0.016152716593245228
0.0 0.3544921875 0.06093979441997063 0.0078125 0.013215859030837005
0.0 0.33935546875 0.08149779735682819 0.0107421875 0.013215859030837005
0.0 0.328125 0.04038179148311307 0.009765625 0.013215859030837005
0.0 0.32470703125 0.01762114537444934 0.0087890625 0.014684287812041116
0.0 0.35546875 0.15712187958883994 0.009765625 0.014684287812041116
0.0 0.4267578125 0.02936857562408223 0.009765625 0.01762114537444934
0.0 0.44921875 0.052129221732745964 0.009765625 0.016152716593245228
0.0 0.40234375 0.05873715124816446 0.009765625 0.01762114537444934
0.0 0.373046875 0.038913362701908955 0.009765625 0.013215859030837005
0.0 0.5205078125 0.02276064610866373 0.009765625 0.016152716593245228
0.0 0.2998046875 0.04698972099853157 0.0078125 0.020558002936857563
0.0 0.44384765625 0.03303964757709251 0.0087890625 0.016152716593245228
0.0 0.40478515625 0.03303964757709251 0.0087890625 0.013215859030837005
0.0 0.47509765625 0.03303964757709251 0.0087890625 0.016152716593245228
0.0 0.49462890625 0.03671071953010279 0.0087890625 0.01762114537444934
0.0 0.4765625 0.05286343612334802 0.009765625 0.014684287812041116
0.0 0.49560546875 0.05800293685756241 0.0087890625 0.016152716593245228
0.0 0.48828125 0.07782672540381791 0.0078125 0.011747430249632892
0.0 0.60888671875 0.04038179148311307 0.0107421875 0.01908957415565345
0.0 0.6123046875 0.013215859030837005 0.009765625 0.014684287812041116
0.0 0.580078125 0.042584434654919234 0.0078125 0.011747430249632892
0.0 0.58154296875 0.023494860499265784 0.0087890625 0.011747430249632892
0.0 0.90966796875 0.08957415565345081 0.0087890625 0.020558002936857563
0.0 0.2880859375 0.09618208516886931 0.009765625 0.016152716593245228
0.0 0.4462890625 0.2599118942731278 0.009765625 0.02936857562408223
0.0 0.51220703125 0.20484581497797358 0.0107421875 0.01908957415565345
0.0 0.37646484375 0.24669603524229075 0.0087890625 0.014684287812041116
0.0 0.4150390625 0.16005873715124816 0.0078125 0.01762114537444934
0.0 0.45068359375 0.1828193832599119 0.0087890625 0.01908957415565345
0.0 0.4609375 0.1211453744493392 0.0078125 0.016152716593245228
0.0 0.47607421875 0.1277533039647577 0.0087890625 0.01762114537444934
0.0 0.31494140625 0.1130690161527166 0.0087890625 0.01762114537444934
0.0 0.3134765625 0.08737151248164464 0.0078125 0.016152716593245228
0.0 0.29443359375 0.1343612334801762 0.0107421875 0.01908957415565345
0.0 0.50732421875 0.1027900146842878 0.0087890625 0.01762114537444934
0.0 0.03515625 0.12408223201174744 0.0078125 0.016152716593245228
0.0 0.01220703125 0.12701908957415564 0.0087890625 0.016152716593245228
0.0 0.03857421875 0.09985315712187959 0.0087890625 0.01762114537444934
0.0 0.1669921875 0.027165932452276064 0.0078125 0.013215859030837005
0.0 0.14013671875 0.023494860499265784 0.0068359375 0.014684287812041116
0.0 0.30859375 0.06534508076358296 0.0078125 0.016152716593245228
0.0 0.39111328125 0.12408223201174744 0.0087890625 0.016152716593245228
0.0 0.115234375 0.14096916299559473 0.0078125 0.014684287812041116
0.0 0.06884765625 0.31057268722466963 0.0087890625 0.016152716593245228
0.0 0.63916015625 0.11380323054331865 0.0068359375 0.016152716593245228
0.0 0.58056640625 0.06167400881057269 0.0068359375 0.014684287812041116
0.0 0.55517578125 0.01908957415565345 0.0068359375 0.014684287812041116
0.0 0.39697265625 0.023494860499265784 0.0048828125 0.014684287812041116
0.0 0.3828125 0.015418502202643172 0.005859375 0.013215859030837005
0.0 0.6318359375 0.13362701908957417 0.0078125 0.01762114537444934
0.0 0.00341796875 0.2525697503671072 0.0068359375 0.014684287812041116
0.0 0.15087890625 0.1211453744493392 0.0087890625 0.013215859030837005
0.0 0.26904296875 0.16519823788546256 0.0068359375 0.013215859030837005
0.0 0.2490234375 0.15638766519823788 0.0078125 0.013215859030837005
0.0 0.22216796875 0.14390602055800295 0.0107421875 0.014684287812041116
