0.0 0.6630859375 0.23743500866551126 0.037109375 0.07625649913344887
0.0 0.60693359375 0.047660311958405546 0.0205078125 0.043327556325823226
0.0 0.48779296875 0.13344887348353554 0.0224609375 0.045060658578856154
0.0 0.4951171875 0.05459272097053726 0.01953125 0.036395147313691506
0.0 0.41748046875 0.06759098786828423 0.0185546875 0.045060658578856154
0.0 0.40478515625 0.12478336221837089 0.0244140625 0.045060658578856154
0.0 0.33740234375 0.05199306759098787 0.0205078125 0.045060658578856154
0.0 0.32421875 0.1611785095320624 0.041015625 0.07279029462738301
0.0 0.92138671875 0.19670710571923744 0.0244140625 0.04679376083188908
0.0 0.1533203125 0.12131715771230503 0.021484375 0.04852686308492201
0.0 0.0703125 0.1438474870017331 0.0234375 0.0415944540727903
0.0 0.0126953125 0.11438474870017332 0.021484375 0.04852686308492201
