0.0 0.65625 0.3424479166666667 0.087890625 0.059895833333333336
0.0 0.67041015625 0.24641927083333334 0.0361328125 0.033203125
0.0 0.79345703125 0.359375 0.0458984375 0.04296875
0.0 0.7470703125 0.31640625 0.029296875 0.033854166666666664
0.0 0.92578125 0.24869791666666666 0.03515625 0.032552083333333336
0.0 0.75390625 0.2216796875 0.033203125 0.029296875
0.0 0.73095703125 0.2109375 0.0224609375 0.020833333333333332
0.0 0.49755859375 0.2669270833333333 0.0341796875 0.028645833333333332
0.0 0.3779296875 0.24576822916666666 0.033203125 0.027994791666666668
0.0 0.42431640625 0.2421875 0.0322265625 0.028645833333333332
0.0 0.46044921875 0.24088541666666666 0.0380859375 0.026041666666666668
0.0 0.64306640625 0.19075520833333334 0.0322265625 0.02734375
0.0 0.62939453125 0.20735677083333334 0.0244140625 0.018880208333333332
0.0 0.5830078125 0.2877604166666667 0.03125 0.029947916666666668
0.0 0.91845703125 0.18522135416666666 0.0283203125 0.031901041666666664
0.0 0.79443359375 0.16861979166666666 0.0244140625 0.022135416666666668
0.0 0.75390625 0.17415364583333334 0.0234375 0.022786458333333332
0.0 0.72216796875 0.11002604166666667 0.0263671875 0.022135416666666668
0.0 0.93115234375 0.15299479166666666 0.0224609375 0.02734375
0.0 0.876953125 0.1552734375 0.021484375 0.025390625
0.0 0.91064453125 0.16080729166666666 0.0205078125 0.018229166666666668
0.0 0.91162109375 0.14095052083333334 0.0224609375 0.017578125
0.0 0.80419921875 0.19791666666666666 0.0322265625 0.03125
0.0 0.88916015625 0.2711588541666667 0.0302734375 0.026692708333333332
0.0 0.73583984375 0.24055989583333334 0.0302734375 0.029296875
0.0 0.810546875 0.07486979166666667 0.01953125 0.016927083333333332
0.0 0.71826171875 0.08561197916666667 0.0185546875 0.014973958333333334
0.0 0.697265625 0.08072916666666667 0.0234375 0.018229166666666668
0.0 0.67333984375 0.10579427083333333 0.0205078125 0.012369791666666666
0.0 0.7744140625 0.1162109375 0.02734375 0.017578125
0.0 0.92529296875 0.08235677083333333 0.0166015625 0.013671875
0.0 0.95068359375 0.2750651041666667 0.0478515625 0.037109375
0.0 0.90673828125 0.24837239583333334 0.0283203125 0.031901041666666664
0.0 0.95263671875 0.14127604166666666 0.0263671875 0.029947916666666668
0.0 0.98486328125 0.18001302083333334 0.0302734375 0.034505208333333336
0.0 0.9697265625 0.17024739583333334 0.0390625 0.037109375
0.0 0.9853515625 0.11979166666666667 0.029296875 0.028645833333333332
0.0 0.93994140625 0.3167317708333333 0.0419921875 0.038411458333333336
0.0 0.96923828125 0.3450520833333333 0.0595703125 0.044270833333333336
0.0 0.95361328125 0.10970052083333333 0.0166015625 0.020182291666666668
0.0 0.92626953125 0.052408854166666664 0.0126953125 0.020182291666666668
0.0 0.95703125 0.0732421875 0.01953125 0.017578125
0.0 0.09326171875 0.462890625 0.0498046875 0.033854166666666664
0.0 0.0634765625 0.4625651041666667 0.037109375 0.030598958333333332
0.0 0.130859375 0.328125 0.0234375 0.018229166666666668
0.0 0.044921875 0.3089192708333333 0.02734375 0.018880208333333332
0.0 0.3642578125 0.2138671875 0.015625 0.017578125
0.0 0.37548828125 0.18489583333333334 0.0185546875 0.018229166666666668
0.0 0.71484375 0.18587239583333334 0.017578125 0.024088541666666668
0.0 0.52978515625 0.18229166666666666 0.0283203125 0.020833333333333332
0.0 0.52783203125 0.13509114583333334 0.0166015625 0.013671875
0.0 0.48876953125 0.16080729166666666 0.0224609375 0.020833333333333332
0.0 0.548828125 0.0927734375 0.017578125 0.014973958333333334
0.0 0.73291015625 0.15266927083333334 0.0185546875 0.014973958333333334
0.0 0.5732421875 0.1298828125 0.017578125 0.017578125
0.0 0.75634765625 0.07649739583333333 0.0166015625 0.014973958333333334
0.0 0.7197265625 0.06803385416666667 0.015625 0.012369791666666666
0.0 0.63330078125 0.2571614583333333 0.0322265625 0.022135416666666668
