0.0 0.64453125 0.3691588785046729 0.0419921875 0.0794392523364486
0.0 0.1396484375 0.21651090342679127 0.04296875 0.0778816199376947
0.0 0.8564453125 0.0 0.0146484375 0.03115264797507788
0.0 0.734375 0.06853582554517133 0.0244140625 0.04672897196261682
0.0 0.92578125 0.07320872274143302 0.021484375 0.0514018691588785
0.0 0.77734375 0.001557632398753894 0.0166015625 0.014018691588785047
0.0 0.59765625 0.001557632398753894 0.0166015625 0.03582554517133956
0.0 0.572265625 0.001557632398753894 0.0244140625 0.028037383177570093
0.0 0.54296875 0.04361370716510903 0.0185546875 0.048286604361370715
0.0 0.470703125 0.003115264797507788 0.0234375 0.0264797507788162
0.0 0.2333984375 0.03115264797507788 0.0224609375 0.0529595015576324
0.0 0.283203125 0.0529595015576324 0.0244140625 0.04672897196261682
0.0 0.19921875 0.001557632398753894 0.0205078125 0.02336448598130841
0.0 0.232421875 0.001557632398753894 0.0234375 0.02336448598130841
0.0 0.09375 0.06697819314641744 0.0263671875 0.059190031152647975
0.0 0.02734375 0.08878504672897196 0.02734375 0.05763239875389408
0.0 0.1494140625 0.014018691588785047 0.01953125 0.029595015576323987
