0.0 0.7080078125 0.25329428989751096 0.021484375 0.036603221083455345
0.0 0.6025390625 0.28257686676427524 0.0205078125 0.03074670571010249
0.0 0.49609375 0.35431918008784774 0.025390625 0.048316251830161056
0.0 0.5087890625 0.2752562225475842 0.0166015625 0.03074670571010249
0.0 0.552734375 0.2884333821376281 0.0146484375 0.024890190336749635
0.0 0.6455078125 0.2884333821376281 0.0185546875 0.032210834553440704
0.0 0.74609375 0.1581259150805271 0.025390625 0.03953147877013177
0.0 0.7109375 0.1581259150805271 0.0263671875 0.032210834553440704
0.0 0.658203125 0.13469985358711567 0.0185546875 0.040995607613469986
0.0 0.5068359375 0.17569546120058566 0.0166015625 0.02635431918008785
0.0 0.466796875 0.18594436310395315 0.013671875 0.024890190336749635
0.0 0.5283203125 0.12298682284040996 0.01171875 0.029282576866764276
0.0 0.5966796875 0.12005856515373353 0.015625 0.02635431918008785
0.0 0.61328125 0.12005856515373353 0.013671875 0.029282576866764276
0.0 0.62890625 0.11566617862371889 0.015625 0.027818448023426062
0.0 0.650390625 0.1054172767203514 0.017578125 0.02635431918008785
0.0 0.0205078125 0.232796486090776 0.0205078125 0.03367496339677892
0.0 0.0908203125 0.04685212298682284 0.01171875 0.02342606149341142
0.0 0.0205078125 0.0746705710102489 0.009765625 0.016105417276720352
0.0 0.6220703125 0.17862371888726208 0.015625 0.02635431918008785
0.0 0.48828125 0.13323572474377746 0.0146484375 0.021961932650073207
0.0 0.4560546875 0.12445095168374817 0.015625 0.02635431918008785
0.0 0.5380859375 0.024890190336749635 0.013671875 0.02342606149341142
0.0 0.7373046875 0.029282576866764276 0.015625 0.029282576866764276
0.0 0.6884765625 0.036603221083455345 0.017578125 0.029282576866764276
0.0 0.923828125 0.17423133235724744 0.0185546875 0.03074670571010249
0.0 0.8994140625 0.014641288433382138 0.0146484375 0.02635431918008785
0.0 0.3740234375 0.0424597364568082 0.01171875 0.01903367496339678
0.0 0.3330078125 0.048316251830161056 0.0146484375 0.02342606149341142
0.0 0.7939453125 0.2518301610541728 0.01953125 0.03953147877013177
0.0 0.5498046875 0.1171303074670571 0.013671875 0.02635431918008785
0.0 0.5625 0.11420204978038068 0.0166015625 0.02635431918008785
0.0 0.458984375 0.23133235724743778 0.013671875 0.02342606149341142
0.0 0.51953125 0.07174231332357248 0.0126953125 0.01903367496339678
0.0 0.4013671875 0.03806734992679356 0.0107421875 0.021961932650073207
0.0 0.3193359375 0.03367496339677892 0.01171875 0.017569546120058566
0.0 0.349609375 0.23865300146412885 0.0126953125 0.021961932650073207
0.0 0.3447265625 0.18740849194729137 0.0107421875 0.024890190336749635
0.0 0.4072265625 0.24743777452415813 0.013671875 0.02635431918008785
0.0 0.5302734375 0.1815519765739385 0.01953125 0.03367496339677892
0.0 0.0634765625 0.0029282576866764276 0.0107421875 0.017569546120058566
0.0 0.0712890625 0.05710102489019034 0.01171875 0.02342606149341142
