0.0 0.873046875 0.11127379209370425 0.0244140625 0.0424597364568082
0.0 0.94140625 0.09809663250366032 0.0322265625 0.05710102489019034
0.0 0.9833984375 0.060029282576866766 0.0166015625 0.040995607613469986
0.0 0.9521484375 0.25329428989751096 0.0283203125 0.055636896046852125
0.0 0.927734375 0.18301610541727673 0.025390625 0.055636896046852125
0.0 0.873046875 0.23572474377745242 0.02734375 0.055636896046852125
0.0 0.8291015625 0.14494875549048317 0.03125 0.07027818448023426
0.0 0.8330078125 0.048316251830161056 0.0263671875 0.04538799414348463
0.0 0.7744140625 0.08784773060029283 0.02734375 0.048316251830161056
0.0 0.7490234375 0.036603221083455345 0.0244140625 0.04685212298682284
0.0 0.716796875 0.11127379209370425 0.02734375 0.060029282576866766
0.0 0.6923828125 0.06734992679355783 0.029296875 0.04978038067349927
0.0 0.6513671875 0.23718887262079064 0.0263671875 0.036603221083455345
0.0 0.7021484375 0.28257686676427524 0.0361328125 0.06588579795021962
0.0 0.771484375 0.20937042459736457 0.025390625 0.03513909224011713
0.0 0.61328125 0.11420204978038068 0.03125 0.04538799414348463
0.0 0.517578125 0.2635431918008785 0.0302734375 0.060029282576866766
0.0 0.5576171875 0.2020497803806735 0.029296875 0.040995607613469986
0.0 0.4404296875 0.25329428989751096 0.05078125 0.08931185944363104
0.0 0.20703125 0.2796486090775988 0.0419921875 0.07174231332357248
0.0 0.259765625 0.18448023426061494 0.0244140625 0.048316251830161056
0.0 0.18359375 0.1800878477306003 0.0244140625 0.04538799414348463
0.0 0.38671875 0.09956076134699854 0.025390625 0.0527086383601757
0.0 0.0 0.03513909224011713 0.0166015625 0.055636896046852125
