0.0 0.69384765625 0.20159151193633953 0.0244140625 0.04774535809018567
0.0 0.630859375 0.21618037135278514 0.015625 0.023872679045092837
0.0 0.58349609375 0.1843501326259947 0.0263671875 0.04774535809018567
0.0 0.609375 0.3076923076923077 0.017578125 0.03713527851458886
0.0 0.52099609375 0.24204244031830238 0.0126953125 0.022546419098143235
0.0 0.98974609375 0.21949602122015915 0.0107421875 0.017241379310344827
0.0 0.8173828125 0.2612732095490716 0.009765625 0.01856763925729443
0.0 0.84912109375 0.25862068965517243 0.0048828125 0.015915119363395226
0.0 0.45703125 0.37997347480106103 0.029296875 0.05702917771883289
0.0 0.30029296875 0.41909814323607425 0.0244140625 0.04774535809018567
0.0 0.3974609375 0.22347480106100795 0.017578125 0.025198938992042442
0.0 0.42626953125 0.23076923076923078 0.0068359375 0.010610079575596816
0.0 0.04296875 0.246684350132626 0.009765625 0.01856763925729443
0.0 0.14501953125 0.2453580901856764 0.0048828125 0.007957559681697613
0.0 0.25830078125 0.23143236074270557 0.0068359375 0.014588859416445624
0.0 0.25341796875 0.2380636604774536 0.0068359375 0.011936339522546418
0.0 0.1787109375 0.23143236074270557 0.00390625 0.011936339522546418
0.0 0.19189453125 0.2427055702917772 0.0048828125 0.005305039787798408
0.0 0.1826171875 0.23740053050397877 0.00390625 0.010610079575596816
