0.0 0.1513671875 0.60107421875 0.03515625 0.0537109375
0.0 0.27490234375 0.57470703125 0.0302734375 0.0439453125
0.0 0.2314453125 0.5625 0.017578125 0.01953125
0.0 0.1943359375 0.5703125 0.015625 0.025390625
0.0 0.05810546875 0.55322265625 0.0205078125 0.0302734375
0.0 0.35986328125 0.55859375 0.0224609375 0.029296875
0.0 0.34228515625 0.5712890625 0.0146484375 0.025390625
0.0 0.330078125 0.56298828125 0.013671875 0.0205078125
0.0 0.3212890625 0.580078125 0.015625 0.017578125
0.0 0.380859375 0.53466796875 0.033203125 0.0400390625
0.0 0.14306640625 0.55517578125 0.0146484375 0.0185546875
0.0 0.81396484375 0.86962890625 0.0576171875 0.0322265625
0.0 0.76025390625 0.884765625 0.0166015625 0.02734375
0.0 0.73583984375 0.92431640625 0.0205078125 0.0244140625
0.0 0.705078125 0.84326171875 0.017578125 0.0244140625
0.0 0.63134765625 0.8818359375 0.0263671875 0.033203125
0.0 0.52197265625 0.916015625 0.0263671875 0.029296875
0.0 0.587890625 0.8818359375 0.017578125 0.01953125
0.0 0.5634765625 0.765625 0.013671875 0.015625
0.0 0.650390625 0.83203125 0.009765625 0.015625
0.0 0.859375 0.76513671875 0.01171875 0.0126953125
0.0 0.88525390625 0.7724609375 0.0107421875 0.01171875
0.0 0.8818359375 0.7509765625 0.0078125 0.013671875
0.0 0.6318359375 0.7314453125 0.009765625 0.009765625
