0.0 0.19921875 0.45365853658536587 0.0205078125 0.03577235772357724
0.0 0.228515625 0.44552845528455287 0.0185546875 0.03577235772357724
0.0 0.2861328125 0.41300813008130083 0.015625 0.04552845528455285
0.0 0.359375 0.4097560975609756 0.0205078125 0.04878048780487805
0.0 0.384765625 0.4032520325203252 0.017578125 0.04227642276422764
0.0 0.15234375 0.3886178861788618 0.017578125 0.056910569105691054
0.0 0.16015625 0.43089430894308944 0.017578125 0.04390243902439024
0.0 0.087890625 0.42601626016260163 0.01953125 0.04065040650406504
0.0 0.060546875 0.4113821138211382 0.0205078125 0.03414634146341464
0.0 0.291015625 0.44878048780487806 0.017578125 0.02926829268292683
