0.0 0.083984375 0.4544270833333333 0.01953125 0.028645833333333332
0.0 0.1103515625 0.4453125 0.009765625 0.015625
0.0 0.140625 0.4596354166666667 0.005859375 0.01171875
0.0 0.1484375 0.4427083333333333 0.0087890625 0.015625
0.0 0.1806640625 0.4544270833333333 0.0078125 0.014322916666666666
0.0 0.19921875 0.453125 0.0078125 0.014322916666666666
0.0 0.224609375 0.4635416666666667 0.0078125 0.01171875
0.0 0.068359375 0.43359375 0.0146484375 0.0234375
0.0 0.0185546875 0.4401041666666667 0.0205078125 0.044270833333333336
0.0 0.3974609375 0.4505208333333333 0.0146484375 0.026041666666666668
0.0 0.458984375 0.4661458333333333 0.015625 0.026041666666666668
0.0 0.568359375 0.4466145833333333 0.0107421875 0.015625
0.0 0.650390625 0.4453125 0.015625 0.0234375
0.0 0.74609375 0.4557291666666667 0.0107421875 0.018229166666666668
0.0 0.712890625 0.4557291666666667 0.0087890625 0.015625
0.0 0.3994140625 0.5442708333333334 0.01953125 0.032552083333333336
0.0 0.98046875 0.4700520833333333 0.01953125 0.040364583333333336
0.0 0.9580078125 0.453125 0.0087890625 0.015625
