0.0 0.1396484375 0.20094191522762953 0.01953125 0.0423861852433281
0.0 0.3037109375 0.29356357927786497 0.01953125 0.04552590266875981
0.0 0.2685546875 0.29356357927786497 0.0205078125 0.04866562009419152
0.0 0.310546875 0.20094191522762953 0.015625 0.04552590266875981
0.0 0.201171875 0.29356357927786497 0.01171875 0.02511773940345369
0.0 0.18359375 0.29513343799058084 0.01171875 0.026687598116169546
0.0 0.244140625 0.3940345368916798 0.01953125 0.04709576138147567
0.0 0.3173828125 0.3814756671899529 0.0126953125 0.0282574568288854
0.0 0.2080078125 0.39717425431711145 0.0185546875 0.03767660910518053
0.0 0.1416015625 0.3987441130298273 0.0263671875 0.06279434850863422
0.0 0.0849609375 0.3893249607535322 0.01171875 0.026687598116169546
0.0 0.0751953125 0.3092621664050236 0.0205078125 0.03924646781789639
0.0 0.134765625 0.29199372056514916 0.0087890625 0.018838304552590265
0.0 0.1533203125 0.48194662480376765 0.0234375 0.04709576138147567
0.0 0.1884765625 0.48822605965463106 0.015625 0.03924646781789639
0.0 0.2451171875 0.19623233908948196 0.01171875 0.026687598116169546
