0.0 0.060546875 0.4010416666666667 0.0107421875 0.01953125
0.0 0.26953125 0.4114583333333333 0.0087890625 0.013020833333333334
0.0 0.2177734375 0.3736979166666667 0.0068359375 0.010416666666666666
0.0 0.826171875 0.39453125 0.005859375 0.01171875
0.0 0.1513671875 0.13932291666666666 0.0234375 0.033854166666666664
0.0 0.482421875 0.10807291666666667 0.025390625 0.04296875
0.0 0.564453125 0.40625 0.009765625 0.016927083333333332
0.0 0.5869140625 0.3880208333333333 0.0087890625 0.014322916666666666
0.0 0.5654296875 0.37109375 0.0068359375 0.01171875
0.0 0.6201171875 0.3828125 0.0087890625 0.015625
0.0 0.767578125 0.41796875 0.0087890625 0.014322916666666666
0.0 0.8115234375 0.40625 0.01171875 0.018229166666666668
0.0 0.748046875 0.39453125 0.009765625 0.014322916666666666
0.0 0.7724609375 0.39453125 0.0087890625 0.014322916666666666
0.0 0.72265625 0.3919270833333333 0.0087890625 0.013020833333333334
0.0 0.837890625 0.4010416666666667 0.009765625 0.014322916666666666
0.0 0.0390625 0.4075520833333333 0.0146484375 0.02734375
0.0 0.0869140625 0.39453125 0.0107421875 0.020833333333333332
0.0 0.185546875 0.359375 0.005859375 0.01171875
0.0 0.166015625 0.3541666666666667 0.0068359375 0.01171875
0.0 0.1474609375 0.3580729166666667 0.0068359375 0.013020833333333334
0.0 0.20703125 0.3802083333333333 0.0087890625 0.015625
0.0 0.236328125 0.38671875 0.005859375 0.010416666666666666
0.0 0.2255859375 0.359375 0.0068359375 0.013020833333333334
0.0 0.314453125 0.3958333333333333 0.0087890625 0.014322916666666666
0.0 0.3720703125 0.4010416666666667 0.0107421875 0.015625
0.0 0.400390625 0.3932291666666667 0.009765625 0.016927083333333332
0.0 0.4169921875 0.4140625 0.0087890625 0.013020833333333334
0.0 0.44140625 0.3984375 0.009765625 0.018229166666666668
0.0 0.46875 0.3997395833333333 0.01171875 0.018229166666666668
0.0 0.482421875 0.3919270833333333 0.009765625 0.015625
0.0 0.5283203125 0.39453125 0.0107421875 0.016927083333333332
0.0 0.4599609375 0.3893229166666667 0.0087890625 0.018229166666666668
0.0 0.462890625 0.3815104166666667 0.0068359375 0.010416666666666666
0.0 0.6748046875 0.3802083333333333 0.0048828125 0.0078125
0.0 0.673828125 0.3932291666666667 0.009765625 0.01171875
0.0 0.71875 0.3763020833333333 0.005859375 0.010416666666666666
0.0 0.7158203125 0.3880208333333333 0.0048828125 0.0078125
0.0 0.8759765625 0.40234375 0.0078125 0.010416666666666666
0.0 0.8984375 0.3658854166666667 0.0078125 0.013020833333333334
0.0 0.8466796875 0.3828125 0.0068359375 0.01171875
