0.0 0.34619140625 0.019929140832595216 0.0224609375 0.025686448184233834
0.0 0.1650390625 0.0141718334809566 0.0234375 0.023029229406554472
0.0 0.23388671875 0.026572187776793623 0.0205078125 0.023029229406554472
0.0 0.0498046875 0.025686448184233834 0.017578125 0.023029229406554472
0.0 0.02734375 0.027900797165633304 0.01953125 0.023914968999114262
0.0 0.4091796875 0.01771479185119575 0.017578125 0.021257750221434897
0.0 0.20947265625 0.018600531443755536 0.0244140625 0.024800708591674048
0.0 0.25537109375 0.011957484499557131 0.0185546875 0.02037201062887511
0.0 0.294921875 0.011957484499557131 0.017578125 0.022143489813994686
0.0 0.27294921875 0.016386182462356066 0.0146484375 0.01682905225863596
0.0 0.31640625 0.012843224092116917 0.017578125 0.022143489813994686
0.0 0.384765625 0.014614703277236492 0.0234375 0.02745792736935341
0.0 0.119140625 0.011957484499557131 0.017578125 0.018600531443755536
0.0 0.49267578125 0.01815766164747564 0.0205078125 0.02745792736935341
0.0 0.5615234375 0.025686448184233834 0.02734375 0.03188662533215235
0.0 0.64013671875 0.021700620017714792 0.0263671875 0.03277236492471213
0.0 0.70361328125 0.06023029229406555 0.0224609375 0.026572187776793623
0.0 0.7314453125 0.031443755535872454 0.025390625 0.025686448184233834
0.0 0.81689453125 0.029229406554472984 0.0205078125 0.0283436669619132
0.0 0.8525390625 0.018600531443755536 0.029296875 0.03720106288751107
0.0 0.34716796875 0.021257750221434897 0.0205078125 0.023029229406554472
0.0 0.36865234375 0.015943312666076175 0.0166015625 0.01948627103631532
0.0 0.96630859375 0.0633303808680248 0.0478515625 0.045172719220549155
0.0 0.8818359375 0.03631532329495128 0.02734375 0.0283436669619132
0.0 0.9189453125 0.045172719220549155 0.025390625 0.026572187776793623
