0.0 0.12109375 0.08211143695014662 0.01953125 0.03225806451612903
0.0 0.125 0.1378299120234604 0.025390625 0.04398826979472141
0.0 0.240234375 0.05571847507331378 0.0166015625 0.030791788856304986
0.0 0.3994140625 0.08357771260997067 0.017578125 0.03372434017595308
0.0 0.3369140625 0.12316715542521994 0.015625 0.02785923753665689
0.0 0.4697265625 0.08211143695014662 0.017578125 0.03812316715542522
0.0 0.1953125 0.10263929618768329 0.01953125 0.03225806451612903
0.0 0.623046875 0.08944281524926687 0.0205078125 0.03812316715542522
0.0 0.658203125 0.06158357771260997 0.0244140625 0.054252199413489736
0.0 0.3779296875 0.16422287390029325 0.0263671875 0.036656891495601175
0.0 0.0224609375 0.1187683284457478 0.013671875 0.02346041055718475
