0.0 0.0654296875 0.2518301610541728 0.021484375 0.03806734992679356
0.0 0.1630859375 0.22693997071742314 0.0087890625 0.029282576866764276
0.0 0.1728515625 0.20644216691068815 0.0146484375 0.032210834553440704
0.0 0.2734375 0.26207906295754024 0.01171875 0.02342606149341142
0.0 0.29296875 0.23572474377745242 0.0078125 0.014641288433382138
0.0 0.3232421875 0.26061493411420206 0.0107421875 0.01903367496339678
0.0 0.3515625 0.25329428989751096 0.0087890625 0.017569546120058566
0.0 0.380859375 0.24890190336749635 0.01171875 0.020497803806734993
0.0 0.388671875 0.2240117130307467 0.0068359375 0.013177159590043924
0.0 0.46875 0.27232796486090777 0.0078125 0.020497803806734993
0.0 0.482421875 0.24011713030746706 0.0048828125 0.013177159590043924
0.0 0.4287109375 0.2225475841874085 0.0068359375 0.013177159590043924
0.0 0.49609375 0.232796486090776 0.005859375 0.01171303074670571
0.0 0.4990234375 0.24890190336749635 0.0048828125 0.010248901903367497
0.0 0.513671875 0.24743777452415813 0.0146484375 0.027818448023426062
0.0 0.546875 0.26207906295754024 0.0126953125 0.02342606149341142
0.0 0.546875 0.22693997071742314 0.0068359375 0.013177159590043924
0.0 0.560546875 0.27379209370424595 0.013671875 0.02342606149341142
0.0 0.55859375 0.2518301610541728 0.0087890625 0.01903367496339678
0.0 0.5712890625 0.2547584187408492 0.0107421875 0.020497803806734993
0.0 0.5966796875 0.24011713030746706 0.01171875 0.02342606149341142
0.0 0.60546875 0.2781844802342606 0.0185546875 0.040995607613469986
0.0 0.62109375 0.2591508052708638 0.013671875 0.024890190336749635
0.0 0.640625 0.2591508052708638 0.01171875 0.02342606149341142
0.0 0.6171875 0.2342606149341142 0.0087890625 0.01903367496339678
0.0 0.6298828125 0.232796486090776 0.0107421875 0.020497803806734993
0.0 0.654296875 0.27232796486090777 0.01953125 0.03513909224011713
0.0 0.697265625 0.30161054172767204 0.0205078125 0.03074670571010249
0.0 0.6865234375 0.24743777452415813 0.01171875 0.020497803806734993
0.0 0.7783203125 0.2884333821376281 0.015625 0.032210834553440704
0.0 0.8564453125 0.2767203513909224 0.015625 0.029282576866764276
0.0 0.9130859375 0.28989751098096633 0.0205078125 0.036603221083455345
0.0 0.9560546875 0.28550512445095166 0.0224609375 0.04538799414348463
0.0 0.8720703125 0.3001464128843338 0.01953125 0.02635431918008785
0.0 0.9560546875 0.24743777452415813 0.0107421875 0.020497803806734993
0.0 0.9892578125 0.22547584187408493 0.0087890625 0.014641288433382138
0.0 0.828125 0.2547584187408492 0.0087890625 0.017569546120058566
0.0 0.7607421875 0.2562225475841874 0.0126953125 0.02635431918008785
0.0 0.720703125 0.23718887262079064 0.009765625 0.016105417276720352
0.0 0.6806640625 0.24597364568081992 0.0087890625 0.01903367496339678
0.0 0.4658203125 0.20351390922401172 0.0048828125 0.008784773060029283
0.0 0.4755859375 0.20497803806734993 0.0048828125 0.008784773060029283
0.0 0.4912109375 0.20644216691068815 0.00390625 0.007320644216691069
0.0 0.4990234375 0.19912152269399708 0.00390625 0.008784773060029283
0.0 0.4921875 0.19912152269399708 0.00390625 0.005856515373352855
0.0 0.5107421875 0.19765739385065886 0.00390625 0.007320644216691069
0.0 0.51171875 0.2240117130307467 0.0048828125 0.010248901903367497
0.0 0.54296875 0.20351390922401172 0.0029296875 0.005856515373352855
0.0 0.4111328125 0.23133235724743778 0.0048828125 0.008784773060029283
