0.0 0.46484375 0.6746724890829694 0.091796875 0.08879184861717612
0.0 0.12255859375 0.29694323144104806 0.0888671875 0.15429403202328967
0.0 0.25 0.1819505094614265 0.083984375 0.14556040756914118
0.0 0.29541015625 0.1615720524017467 0.0205078125 0.049490538573508006
0.0 0.39111328125 0.09315866084425037 0.0400390625 0.06986899563318777
0.0 0.4921875 0.14919941775836973 0.0703125 0.1324599708879185
0.0 0.58642578125 0.08733624454148471 0.0224609375 0.040756914119359534
0.0 0.6708984375 0.043668122270742356 0.029296875 0.046579330422125184
0.0 0.83203125 0.06914119359534207 0.029296875 0.048034934497816595
0.0 0.8623046875 0.09388646288209607 0.0390625 0.056768558951965066
0.0 0.0283203125 0.2423580786026201 0.017578125 0.027656477438136828
