0.0 0.37890625 0.12199630314232902 0.03125 0.03974121996303143
0.0 0.443359375 0.11367837338262476 0.0322265625 0.04436229205175601
0.0 0.775390625 0.0933456561922366 0.0234375 0.036044362292051754
0.0 0.857421875 0.10536044362292052 0.0263671875 0.04066543438077634
0.0 0.2978515625 0.8428835489833642 0.03125 0.024953789279112754
0.0 0.423828125 0.6737523105360443 0.0263671875 0.029574861367837338
0.0 0.5712890625 0.821626617375231 0.021484375 0.02865064695009242
0.0 0.810546875 0.6645101663585952 0.0205078125 0.03234750462107209
0.0 0.9130859375 0.6432532347504621 0.0185546875 0.034195933456561925
0.0 0.771484375 0.10813308687615526 0.021484375 0.031423290203327174
