0.0 0.0224609375 0.15217391304347827 0.0322265625 0.059006211180124224
0.0 0.0 0.16770186335403728 0.021484375 0.049689440993788817
0.0 0.0908203125 0.19254658385093168 0.01171875 0.021739130434782608
0.0 0.05859375 0.18788819875776397 0.009765625 0.017080745341614908
0.0 0.111328125 0.20652173913043478 0.0078125 0.015527950310559006
0.0 0.1220703125 0.2080745341614907 0.0078125 0.017080745341614908
0.0 0.2333984375 0.2127329192546584 0.01953125 0.05745341614906832
0.0 0.6552734375 0.19409937888198758 0.0234375 0.04503105590062112
0.0 0.8369140625 0.15372670807453417 0.03125 0.06677018633540373
0.0 0.890625 0.15838509316770186 0.02734375 0.06521739130434782
0.0 0.703125 0.18633540372670807 0.0302734375 0.08850931677018634
0.0 0.7314453125 0.09937888198757763 0.025390625 0.06677018633540373
