0.0 0.4833984375 0.18759124087591242 0.0234375 0.021897810218978103
0.0 0.2958984375 0.6182481751824818 0.013671875 0.024817518248175182
0.0 0.35107421875 0.5861313868613138 0.0107421875 0.01897810218978102
0.0 0.40625 0.5715328467153284 0.013671875 0.024817518248175182
0.0 0.44970703125 0.5503649635036496 0.0107421875 0.02335766423357664
0.0 0.494140625 0.537956204379562 0.01171875 0.021897810218978103
0.0 0.5390625 0.5824817518248175 0.009765625 0.020437956204379562
0.0 0.54638671875 0.5751824817518248 0.0087890625 0.017518248175182483
0.0 0.56884765625 0.564963503649635 0.0107421875 0.017518248175182483
0.0 0.59228515625 0.5408759124087591 0.0107421875 0.01897810218978102
0.0 0.640625 0.554014598540146 0.01171875 0.01897810218978102
0.0 0.6826171875 0.5321167883211679 0.009765625 0.01897810218978102
0.0 0.69287109375 0.5408759124087591 0.0068359375 0.013138686131386862
0.0 0.71435546875 0.5372262773722628 0.0087890625 0.017518248175182483
0.0 0.73876953125 0.5532846715328467 0.0087890625 0.020437956204379562
0.0 0.7578125 0.5372262773722628 0.0078125 0.017518248175182483
0.0 0.7880859375 0.545985401459854 0.0078125 0.017518248175182483
0.0 0.8173828125 0.5635036496350365 0.0078125 0.014598540145985401
0.0 0.84326171875 0.5416058394160584 0.0068359375 0.014598540145985401
0.0 0.8818359375 0.464963503649635 0.01171875 0.021897810218978103
0.0 0.15966796875 0.6394160583941606 0.0107421875 0.02335766423357664
0.0 0.603515625 0.554014598540146 0.0078125 0.013138686131386862
0.0 0.22119140625 0.627007299270073 0.0107421875 0.024817518248175182
0.0 0.11376953125 0.6802919708029197 0.0107421875 0.02335766423357664
