0.0 0.525390625 0.44281524926686217 0.017578125 0.036656891495601175
0.0 0.5810546875 0.41055718475073316 0.0166015625 0.03372434017595308
0.0 0.619140625 0.41348973607038125 0.015625 0.03225806451612903
0.0 0.5849609375 0.4912023460410557 0.013671875 0.02785923753665689
0.0 0.662109375 0.5117302052785924 0.0166015625 0.03812316715542522
0.0 0.482421875 0.3416422287390029 0.013671875 0.02346041055718475
0.0 0.4375 0.3519061583577713 0.013671875 0.02346041055718475
0.0 0.259765625 0.4149560117302053 0.01953125 0.030791788856304986
0.0 0.2900390625 0.46187683284457476 0.01953125 0.036656891495601175
0.0 0.0205078125 0.3680351906158358 0.0205078125 0.036656891495601175
0.0 0.787109375 0.47653958944281527 0.0185546875 0.03812316715542522
0.0 0.060546875 0.4090909090909091 0.0146484375 0.024926686217008796
0.0 0.3193359375 0.6480938416422287 0.01171875 0.026392961876832845
