0.0 0.6025390625 0.7526007802340702 0.0234375 0.017555266579973992
0.0 0.291015625 0.7428478543563068 0.0234375 0.0188556566970091
0.0 0.171875 0.7230169050715215 0.01953125 0.015604681404421327
0.0 0.40673828125 0.7799089726918076 0.0283203125 0.016254876462938883
0.0 0.1220703125 0.6807542262678804 0.013671875 0.011703511053315995
0.0 0.328125 0.672626788036411 0.009765625 0.008452535760728219
0.0 0.37353515625 0.6846553966189857 0.0107421875 0.009102730819245773
0.0 0.36962890625 0.6625487646293888 0.0068359375 0.006501950585175552
0.0 0.2412109375 0.6745773732119635 0.01171875 0.00975292587776333
0.0 0.4677734375 0.6664499349804941 0.009765625 0.009102730819245773
0.0 0.05224609375 0.7275682704811444 0.0224609375 0.014304291287386216
0.0 0.03125 0.6605981794538361 0.01171875 0.009102730819245773
0.0 0.56982421875 0.6823797139141743 0.0126953125 0.00975292587776333
0.0 0.7255859375 0.6957087126137841 0.01171875 0.010403120936280884
0.0 0.65234375 0.6999349804941483 0.01171875 0.00975292587776333
0.0 0.87060546875 0.6810793237971391 0.0107421875 0.00975292587776333
0.0 0.890625 0.6752275682704811 0.01171875 0.008452535760728219
0.0 0.603515625 0.6453185955786735 0.009765625 0.007152145643693108
