0.0 0.146484375 0.07586206896551724 0.0302734375 0.05
0.0 0.294921875 0.2913793103448276 0.0400390625 0.08620689655172414
0.0 0.439453125 0.4689655172413793 0.0078125 0.022413793103448276
0.0 0.509765625 0.42931034482758623 0.005859375 0.017241379310344827
0.0 0.453125 0.46206896551724136 0.0068359375 0.017241379310344827
0.0 0.5166015625 0.43103448275862066 0.0078125 0.015517241379310345
0.0 0.7314453125 0.3793103448275862 0.0087890625 0.020689655172413793
0.0 0.677734375 0.253448275862069 0.0078125 0.017241379310344827
0.0 0.677734375 0.33793103448275863 0.0068359375 0.01896551724137931
0.0 0.6484375 0.3293103448275862 0.0107421875 0.01896551724137931
0.0 0.0615234375 0.7965517241379311 0.048828125 0.10689655172413794
0.0 0.7392578125 0.3775862068965517 0.009765625 0.013793103448275862
0.0 0.671875 0.3620689655172414 0.0107421875 0.022413793103448276
0.0 0.693359375 0.33793103448275863 0.0068359375 0.01896551724137931
