0.0 0.470703125 0.23307291666666666 0.01953125 0.029947916666666668
0.0 0.572265625 0.2838541666666667 0.0244140625 0.0390625
0.0 0.3671875 0.30078125 0.025390625 0.0390625
0.0 0.6904296875 0.4361979166666667 0.0263671875 0.048177083333333336
0.0 0.869140625 0.3763020833333333 0.0244140625 0.037760416666666664
0.0 0.837890625 0.35546875 0.0244140625 0.041666666666666664
0.0 0.9853515625 0.4114583333333333 0.0146484375 0.045572916666666664
0.0 0.318359375 0.4049479166666667 0.029296875 0.052083333333333336
0.0 0.2880859375 0.3528645833333333 0.0234375 0.044270833333333336
0.0 0.3115234375 0.12760416666666666 0.009765625 0.016927083333333332
