0.0 0.0791015625 0.3159379407616361 0.0146484375 0.028208744710860368
0.0 0.0107421875 0.44992947813822287 0.01953125 0.036671368124118475
0.0 0.0791015625 0.43441466854724964 0.0185546875 0.036671368124118475
0.0 0.1728515625 0.4400564174894217 0.0166015625 0.028208744710860368
0.0 0.189453125 0.306064880112835 0.015625 0.029619181946403384
0.0 0.171875 0.32016925246826516 0.0146484375 0.02679830747531735
0.0 0.251953125 0.29619181946403383 0.025390625 0.039492242595204514
0.0 0.3037109375 0.3385049365303244 0.013671875 0.028208744710860368
0.0 0.345703125 0.3314527503526093 0.009765625 0.019746121297602257
0.0 0.48828125 0.31734837799717913 0.0205078125 0.036671368124118475
0.0 0.5107421875 0.304654442877292 0.0185546875 0.05077574047954866
0.0 0.84375 0.27926657263751764 0.025390625 0.045133991537376586
0.0 0.1318359375 0.44992947813822287 0.021484375 0.029619181946403384
0.0 0.1240234375 0.3159379407616361 0.0146484375 0.02538787023977433
0.0 0.3701171875 0.3131170662905501 0.01171875 0.023977433004231313
0.0 0.29296875 0.3145275035260931 0.013671875 0.02538787023977433
0.0 0.6513671875 0.3511988716502116 0.0146484375 0.029619181946403384
0.0 0.6376953125 0.3991537376586742 0.0146484375 0.028208744710860368
0.0 0.802734375 0.3427362482369535 0.021484375 0.036671368124118475
0.0 0.705078125 0.3455571227080395 0.013671875 0.02679830747531735
0.0 0.7236328125 0.34132581100141046 0.013671875 0.023977433004231313
0.0 0.6181640625 0.3455571227080395 0.005859375 0.012693935119887164
0.0 0.38671875 0.3385049365303244 0.013671875 0.02538787023977433
0.0 0.943359375 0.33709449929478136 0.015625 0.023977433004231313
0.0 0.90625 0.35825105782792666 0.013671875 0.023977433004231313
0.0 0.7421875 0.5331452750352609 0.015625 0.02538787023977433
0.0 0.953125 0.47249647390691113 0.0205078125 0.03385049365303244
0.0 0.9580078125 0.34978843441466856 0.0166015625 0.029619181946403384
0.0 0.978515625 0.3511988716502116 0.0126953125 0.02679830747531735
0.0 0.9208984375 0.4696755994358251 0.0146484375 0.031029619181946404
0.0 0.2919921875 0.44710860366713684 0.013671875 0.022566995768688293
0.0 0.2158203125 0.304654442877292 0.013671875 0.02538787023977433
0.0 0.23046875 0.31875881523272215 0.0146484375 0.028208744710860368
0.0 0.1494140625 0.33568406205923834 0.015625 0.03244005641748942
0.0 0.14453125 0.3145275035260931 0.013671875 0.028208744710860368
0.0 0.025390625 0.2947813822284908 0.0205078125 0.03526093088857546
0.0 0.0517578125 0.3018335684062059 0.013671875 0.02679830747531735
0.0 0.27734375 0.3229901269393512 0.0146484375 0.02679830747531735
0.0 0.4052734375 0.3427362482369535 0.0126953125 0.023977433004231313
0.0 0.4248046875 0.3469675599435825 0.0126953125 0.022566995768688293
0.0 0.423828125 0.32863187588152326 0.01171875 0.021156558533145273
0.0 0.4091796875 0.3159379407616361 0.01171875 0.023977433004231313
0.0 0.4580078125 0.34132581100141046 0.01171875 0.022566995768688293
0.0 0.462890625 0.31875881523272215 0.0107421875 0.022566995768688293
0.0 0.48046875 0.3215796897038082 0.013671875 0.02538787023977433
0.0 0.3271484375 0.43441466854724964 0.013671875 0.021156558533145273
0.0 0.46484375 0.48660084626234135 0.013671875 0.02679830747531735
0.0 0.5927734375 0.34837799717912554 0.0126953125 0.022566995768688293
0.0 0.701171875 0.44710860366713684 0.0166015625 0.02679830747531735
0.0 0.748046875 0.37376586741889983 0.01171875 0.022566995768688293
0.0 0.6376953125 0.34837799717912554 0.01171875 0.022566995768688293
0.0 0.98828125 0.45557122708039494 0.01171875 0.02679830747531735
0.0 0.75390625 0.3455571227080395 0.009765625 0.015514809590973202
0.0 0.642578125 0.461212976022567 0.0166015625 0.029619181946403384
