0.0 0.01806640625 0.23979591836734693 0.0361328125 0.19096209912536444
0.0 0.150390625 0.38338192419825073 0.046875 0.10495626822157435
0.0 0.1953125 0.38556851311953355 0.0390625 0.08600583090379009
0.0 0.34521484375 0.40160349854227406 0.0498046875 0.09183673469387756
0.0 0.46875 0.4110787172011662 0.080078125 0.14868804664723032
0.0 0.09765625 0.37900874635568516 0.06640625 0.119533527696793
0.0 0.513671875 0.4387755102040816 0.04296875 0.07580174927113703
0.0 0.0234375 0.34110787172011664 0.046875 0.13994169096209913
0.0 0.73388671875 0.575801749271137 0.0478515625 0.10787172011661808
0.0 0.6669921875 0.46282798833819244 0.04296875 0.09475218658892129
