0.0 0.18115234375 0.8815359477124183 0.0576171875 0.1323529411764706
0.0 0.31640625 0.8766339869281046 0.0625 0.12581699346405228
0.0 0.28662109375 0.7230392156862745 0.0205078125 0.05392156862745098
0.0 0.22900390625 0.7026143790849673 0.0126953125 0.032679738562091505
0.0 0.04345703125 0.9705882352941176 0.0458984375 0.058823529411764705
0.0 0.02294921875 0.7459150326797386 0.0224609375 0.04738562091503268
0.0 0.2314453125 0.75 0.015625 0.032679738562091505
0.0 0.2802734375 0.7973856209150327 0.0234375 0.058823529411764705
0.0 0.37890625 0.8831699346405228 0.03515625 0.08333333333333333
0.0 0.49267578125 0.9060457516339869 0.0537109375 0.10620915032679738
0.0 0.59521484375 0.9599673202614379 0.0595703125 0.08006535947712418
0.0 0.9091796875 0.48447712418300654 0.037109375 0.08333333333333333
0.0 0.8515625 0.5531045751633987 0.029296875 0.07352941176470588
0.0 0.759765625 0.5686274509803921 0.021484375 0.0392156862745098
0.0 0.6982421875 0.5441176470588235 0.015625 0.026143790849673203
0.0 0.70166015625 0.505718954248366 0.0126953125 0.03431372549019608
0.0 0.98583984375 0.43790849673202614 0.0185546875 0.0457516339869281
