0.0 0.0361328125 0.23628048780487804 0.046875 0.11128048780487805
0.0 0.126953125 0.16920731707317074 0.0537109375 0.12652439024390244
0.0 0.19140625 0.18902439024390244 0.0712890625 0.15701219512195122
0.0 0.3203125 0.08689024390243902 0.0693359375 0.15396341463414634
0.0 0.40234375 0.08384146341463415 0.076171875 0.16463414634146342
0.0 0.490234375 0.10213414634146341 0.08984375 0.18292682926829268
0.0 0.5859375 0.14176829268292682 0.044921875 0.08841463414634146
0.0 0.65234375 0.125 0.0439453125 0.10518292682926829
0.0 0.7392578125 0.19207317073170732 0.0556640625 0.12195121951219512
0.0 0.7880859375 0.18140243902439024 0.0849609375 0.16615853658536586
0.0 0.966796875 0.18445121951219512 0.033203125 0.14939024390243902
0.0 0.7666015625 0.16158536585365854 0.0771484375 0.15548780487804878
