0.0 0.220703125 0.5431918008784773 0.005859375 0.01171303074670571
0.0 0.2607421875 0.5256222547584187 0.00390625 0.010248901903367497
0.0 0.1884765625 0.5065885797950219 0.00390625 0.005856515373352855
0.0 0.3076171875 0.5256222547584187 0.00390625 0.007320644216691069
0.0 0.349609375 0.49194729136163984 0.0029296875 0.007320644216691069
0.0 0.3095703125 0.4890190336749634 0.0029296875 0.005856515373352855
0.0 0.380859375 0.5300146412884333 0.005859375 0.01171303074670571
0.0 0.3994140625 0.5226939970717424 0.009765625 0.021961932650073207
0.0 0.361328125 0.527086383601757 0.0048828125 0.010248901903367497
0.0 0.421875 0.5153733528550513 0.0048828125 0.008784773060029283
0.0 0.431640625 0.5373352855051244 0.005859375 0.01171303074670571
0.0 0.439453125 0.49633967789165445 0.00390625 0.008784773060029283
0.0 0.4150390625 0.49487554904831627 0.00390625 0.008784773060029283
0.0 0.607421875 0.4773060029282577 0.0185546875 0.03513909224011713
0.0 0.53515625 0.5197657393850659 0.0146484375 0.02635431918008785
0.0 0.583984375 0.5036603221083455 0.005859375 0.01171303074670571
0.0 0.546875 0.4890190336749634 0.00390625 0.007320644216691069
0.0 0.4541015625 0.5036603221083455 0.00390625 0.007320644216691069
0.0 0.423828125 0.47144948755490484 0.0048828125 0.008784773060029283
0.0 0.453125 0.49487554904831627 0.00390625 0.007320644216691069
0.0 0.5234375 0.5109809663250366 0.00390625 0.007320644216691069
0.0 0.6376953125 0.48316251830161056 0.0029296875 0.005856515373352855
0.0 0.6513671875 0.4743777452415813 0.00390625 0.005856515373352855
0.0 0.6923828125 0.5109809663250366 0.0048828125 0.010248901903367497
0.0 0.69921875 0.5241581259150805 0.005859375 0.014641288433382138
0.0 0.7568359375 0.5051244509516838 0.0078125 0.016105417276720352
0.0 0.7705078125 0.5212298682284041 0.0078125 0.013177159590043924
0.0 0.728515625 0.493411420204978 0.013671875 0.024890190336749635
0.0 0.8798828125 0.5183016105417276 0.0068359375 0.013177159590043924
0.0 0.3740234375 0.5109809663250366 0.0048828125 0.010248901903367497
