0.0 0.1953125 0.27313769751693 0.046875 0.06772009029345373
0.0 0.2587890625 0.2516930022573363 0.01171875 0.02144469525959368
0.0 0.2626953125 0.28555304740406323 0.013671875 0.023702031602708805
0.0 0.3701171875 0.24153498871331827 0.048828125 0.0744920993227991
0.0 0.4140625 0.21218961625282168 0.025390625 0.040632054176072234
0.0 0.50390625 0.20654627539503387 0.0400390625 0.05869074492099323
0.0 0.466796875 0.24040632054176073 0.015625 0.020316027088036117
0.0 0.3310546875 0.24830699774266365 0.0078125 0.012415349887133182
0.0 0.6240234375 0.18171557562076748 0.05859375 0.06433408577878104
0.0 0.9609375 0.25395033860045146 0.0244140625 0.05304740406320542
0.0 0.111328125 0.2652370203160271 0.0166015625 0.03160270880361174
0.0 0.177734375 0.2595936794582393 0.0068359375 0.012415349887133182
