0.0 0.04248046875 0.10675808031341821 0.0322265625 0.07247796278158668
0.0 0.203125 0.07492654260528893 0.1015625 0.11067580803134182
0.0 0.47216796875 0.07247796278158668 0.1416015625 0.14103819784524976
0.0 0.6298828125 0.20568070519098922 0.072265625 0.08031341821743389
0.0 0.49365234375 0.41723800195886385 0.0908203125 0.13320274240940255
0.0 0.81494140625 0.2791380999020568 0.0751953125 0.06072477962781587
0.0 0.82861328125 0.48334965719882467 0.1220703125 0.1616062683643487
0.0 0.9736328125 0.6425073457394711 0.01953125 0.04113614103819784
0.0 0.90380859375 0.6307541625857003 0.0322265625 0.039177277179236046
0.0 0.93115234375 0.7267384916748286 0.0537109375 0.07247796278158668
0.0 0.84912109375 0.6890303623898139 0.0341796875 0.03819784524975514
0.0 0.7880859375 0.7179236043095005 0.01953125 0.031341821743388835
0.0 0.62451171875 0.6958863858961802 0.0244140625 0.04603330068560235
0.0 0.24951171875 0.6993143976493633 0.0283203125 0.04897159647404505
0.0 0.3642578125 0.7198824681684622 0.029296875 0.043095004897159644
0.0 0.50439453125 0.6919686581782566 0.0263671875 0.04407443682664055
0.0 0.412109375 0.5215475024485798 0.009765625 0.01665034280117532
