0.0 0.0126953125 0.4513888888888889 0.0126953125 0.029513888888888888
0.0 0.0908203125 0.4010416666666667 0.013671875 0.03125
0.0 0.146484375 0.3697916666666667 0.0146484375 0.03298611111111111
0.0 0.236328125 0.3159722222222222 0.0166015625 0.03298611111111111
0.0 0.2861328125 0.2777777777777778 0.013671875 0.03125
0.0 0.83203125 0.4774305555555556 0.0166015625 0.03125
0.0 0.84765625 0.5277777777777778 0.0166015625 0.03819444444444445
0.0 0.8623046875 0.5607638888888888 0.015625 0.034722222222222224
0.0 0.787109375 0.4427083333333333 0.0126953125 0.03298611111111111
0.0 0.787109375 0.4010416666666667 0.0126953125 0.027777777777777776
0.0 0.759765625 0.359375 0.0126953125 0.034722222222222224
0.0 0.759765625 0.3020833333333333 0.01171875 0.03125
0.0 0.7626953125 0.2552083333333333 0.01171875 0.029513888888888888
0.0 0.91796875 0.2881944444444444 0.0146484375 0.03298611111111111
