0.0 0.8232421875 0.09213483146067415 0.005859375 0.007865168539325843
0.0 0.8076171875 0.10786516853932585 0.0068359375 0.010112359550561797
0.0 0.919921875 0.11123595505617978 0.01953125 0.03146067415730337
0.0 0.8076171875 0.2292134831460674 0.0205078125 0.029213483146067417
0.0 0.791015625 0.2303370786516854 0.0146484375 0.02359550561797753
0.0 0.9208984375 0.3056179775280899 0.0078125 0.011235955056179775
0.0 0.8017578125 0.36292134831460676 0.009765625 0.014606741573033709
0.0 0.8857421875 0.4191011235955056 0.0068359375 0.012359550561797753
0.0 0.900390625 0.42247191011235957 0.0068359375 0.008988764044943821
0.0 0.9130859375 0.44831460674157303 0.0078125 0.012359550561797753
0.0 0.9326171875 0.4550561797752809 0.0068359375 0.010112359550561797
0.0 0.94140625 0.43258426966292135 0.0068359375 0.012359550561797753
0.0 0.6201171875 0.2786516853932584 0.009765625 0.014606741573033709
0.0 0.5947265625 0.2876404494382023 0.0087890625 0.014606741573033709
0.0 0.9169921875 0.5786516853932584 0.0048828125 0.007865168539325843
0.0 0.89453125 0.5786516853932584 0.0048828125 0.007865168539325843
0.0 0.830078125 0.49213483146067416 0.0078125 0.011235955056179775
0.0 0.7724609375 0.4797752808988764 0.0078125 0.01348314606741573
0.0 0.3701171875 0.3056179775280899 0.017578125 0.024719101123595506
0.0 0.33984375 0.3112359550561798 0.015625 0.020224719101123594
0.0 0.244140625 0.09438202247191012 0.033203125 0.04044943820224719
0.0 0.0634765625 0.10224719101123596 0.01953125 0.029213483146067417
0.0 0.16796875 0.28876404494382024 0.0078125 0.014606741573033709
0.0 0.056640625 0.41460674157303373 0.0107421875 0.017977528089887642
0.0 0.19140625 0.451685393258427 0.0205078125 0.03707865168539326
0.0 0.1357421875 0.48089887640449436 0.017578125 0.024719101123595506
0.0 0.17578125 0.5955056179775281 0.021484375 0.033707865168539325
0.0 0.0859375 0.6078651685393258 0.0087890625 0.01348314606741573
0.0 0.314453125 0.5179775280898876 0.0419921875 0.056179775280898875
0.0 0.376953125 0.49325842696629213 0.0458984375 0.060674157303370786
0.0 0.576171875 0.5719101123595506 0.0068359375 0.008988764044943821
0.0 0.5693359375 0.5573033707865168 0.0068359375 0.008988764044943821
0.0 0.55859375 0.5786516853932584 0.005859375 0.006741573033707865
0.0 0.5380859375 0.5629213483146067 0.005859375 0.006741573033707865
0.0 0.5380859375 0.5483146067415731 0.0068359375 0.007865168539325843
0.0 0.5263671875 0.5550561797752809 0.0078125 0.008988764044943821
0.0 0.65625 0.5820224719101124 0.0068359375 0.008988764044943821
0.0 0.6767578125 0.5853932584269663 0.0078125 0.008988764044943821
0.0 0.673828125 0.6 0.005859375 0.006741573033707865
0.0 0.63671875 0.6067415730337079 0.0048828125 0.006741573033707865
0.0 0.873046875 0.7044943820224719 0.0078125 0.01348314606741573
0.0 0.78125 0.6112359550561798 0.005859375 0.007865168539325843
0.0 0.7666015625 0.7123595505617978 0.009765625 0.01348314606741573
0.0 0.8095703125 0.7303370786516854 0.0078125 0.012359550561797753
0.0 0.9013671875 0.7359550561797753 0.0087890625 0.01348314606741573
0.0 0.32421875 0.7707865168539326 0.025390625 0.030337078651685393
0.0 0.2744140625 0.7438202247191011 0.0263671875 0.035955056179775284
0.0 0.4208984375 0.7258426966292135 0.0126953125 0.014606741573033709
0.0 0.4453125 0.744943820224719 0.0107421875 0.012359550561797753
0.0 0.6865234375 0.749438202247191 0.01171875 0.017977528089887642
0.0 0.6708984375 0.7651685393258427 0.009765625 0.014606741573033709
0.0 0.640625 0.7426966292134831 0.013671875 0.017977528089887642
0.0 0.599609375 0.748314606741573 0.0107421875 0.019101123595505618
0.0 0.583984375 0.755056179775281 0.0126953125 0.016853932584269662
0.0 0.560546875 0.7662921348314606 0.015625 0.020224719101123594
0.0 0.552734375 0.748314606741573 0.013671875 0.019101123595505618
0.0 0.5390625 0.7719101123595505 0.01171875 0.014606741573033709
0.0 0.525390625 0.7471910112359551 0.0146484375 0.020224719101123594
0.0 0.505859375 0.7528089887640449 0.0126953125 0.016853932584269662
0.0 0.654296875 0.8089887640449438 0.0107421875 0.014606741573033709
0.0 0.6220703125 0.7842696629213484 0.01171875 0.016853932584269662
0.0 0.638671875 0.7719101123595505 0.01171875 0.015730337078651686
0.0 0.8876953125 0.9056179775280899 0.0078125 0.011235955056179775
0.0 0.7705078125 0.8617977528089887 0.0048828125 0.006741573033707865
0.0 0.7626953125 0.8460674157303371 0.00390625 0.006741573033707865
