0.0 0.0703125 0.5247395833333334 0.037109375 0.0625
0.0 0.19189453125 0.5227864583333334 0.0341796875 0.06380208333333333
0.0 0.2197265625 0.5013020833333334 0.013671875 0.028645833333333332
0.0 0.3203125 0.5104166666666666 0.01953125 0.036458333333333336
0.0 0.35302734375 0.509765625 0.0146484375 0.024739583333333332
0.0 0.39013671875 0.515625 0.0126953125 0.020833333333333332
0.0 0.41748046875 0.5032552083333334 0.0107421875 0.01953125
0.0 0.447265625 0.5247395833333334 0.015625 0.028645833333333332
0.0 0.46142578125 0.4954427083333333 0.0087890625 0.016927083333333332
0.0 0.4541015625 0.5026041666666666 0.0078125 0.013020833333333334
0.0 0.48486328125 0.5032552083333334 0.0087890625 0.01171875
0.0 0.50830078125 0.5032552083333334 0.0087890625 0.022135416666666668
0.0 0.52001953125 0.4986979166666667 0.0087890625 0.015625
0.0 0.5361328125 0.5130208333333334 0.015625 0.020833333333333332
0.0 0.54638671875 0.5013020833333334 0.0107421875 0.020833333333333332
0.0 0.56591796875 0.501953125 0.0087890625 0.014322916666666666
0.0 0.58544921875 0.5071614583333334 0.0087890625 0.014322916666666666
0.0 0.61328125 0.5006510416666666 0.009765625 0.016927083333333332
