0.0 0.1865234375 0.7013177159590044 0.02734375 0.040995607613469986
0.0 0.20556640625 0.5051244509516838 0.0224609375 0.03513909224011713
0.0 0.09814453125 0.48755490483162517 0.0224609375 0.03513909224011713
0.0 0.04541015625 0.4128843338213763 0.0205078125 0.043923865300146414
0.0 0.0302734375 0.35651537335285505 0.013671875 0.03367496339677892
0.0 0.10205078125 0.3850658857979502 0.0244140625 0.04978038067349927
0.0 0.1767578125 0.41654465592972184 0.021484375 0.0424597364568082
0.0 0.2646484375 0.40995607613469986 0.021484375 0.04685212298682284
0.0 0.2626953125 0.3330893118594436 0.021484375 0.0424597364568082
0.0 0.17578125 0.30161054172767204 0.021484375 0.043923865300146414
0.0 0.197265625 0.31991215226939973 0.017578125 0.03367496339677892
0.0 0.18896484375 0.25841874084919475 0.0185546875 0.036603221083455345
0.0 0.19775390625 0.22840409956076135 0.0166015625 0.032210834553440704
0.0 0.2705078125 0.2540263543191801 0.021484375 0.03953147877013177
0.0 0.125 0.2957540263543192 0.01953125 0.03806734992679356
0.0 0.09423828125 0.33162518301610544 0.0224609375 0.036603221083455345
0.0 0.044921875 0.29282576866764276 0.021484375 0.043923865300146414
0.0 0.04931640625 0.2642752562225476 0.0185546875 0.024890190336749635
0.0 0.068359375 0.2247437774524158 0.017578125 0.03953147877013177
0.0 0.08447265625 0.17642752562225475 0.0185546875 0.03367496339677892
0.0 0.1396484375 0.22108345534407028 0.015625 0.02342606149341142
0.0 0.23486328125 0.20863836017569545 0.0166015625 0.03074670571010249
0.0 0.2890625 0.23572474377745242 0.017578125 0.03806734992679356
0.0 0.29150390625 0.19399707174231332 0.0205078125 0.036603221083455345
0.0 0.34716796875 0.42020497803806733 0.0205078125 0.03513909224011713
0.0 0.43115234375 0.3718887262079063 0.0224609375 0.04978038067349927
0.0 0.44580078125 0.2986822840409956 0.0205078125 0.040995607613469986
0.0 0.3466796875 0.3462664714494876 0.01953125 0.04538799414348463
0.0 0.357421875 0.31259150805270863 0.017578125 0.03367496339677892
0.0 0.3515625 0.27379209370424595 0.017578125 0.029282576866764276
0.0 0.421875 0.2554904831625183 0.017578125 0.036603221083455345
0.0 0.42822265625 0.2130307467057101 0.0185546875 0.03367496339677892
0.0 0.34912109375 0.21156661786237188 0.0185546875 0.03953147877013177
0.0 0.43701171875 0.17789165446559296 0.0166015625 0.036603221083455345
0.0 0.3681640625 0.16251830161054173 0.015625 0.03806734992679356
0.0 0.4931640625 0.1683748169838946 0.017578125 0.029282576866764276
0.0 0.29541015625 0.12445095168374817 0.0166015625 0.03513909224011713
0.0 0.2890625 0.10029282576866765 0.013671875 0.03074670571010249
0.0 0.3056640625 0.10322108345534407 0.013671875 0.03074670571010249
0.0 0.30126953125 0.07613469985358712 0.0107421875 0.017569546120058566
0.0 0.298828125 0.04978038067349927 0.013671875 0.02342606149341142
0.0 0.30419921875 0.027086383601756955 0.0107421875 0.01903367496339678
0.0 0.30322265625 0.005856515373352855 0.0126953125 0.01171303074670571
0.0 0.3134765625 0.008784773060029283 0.009765625 0.014641288433382138
0.0 0.30810546875 0.02635431918008785 0.0068359375 0.020497803806734993
0.0 0.25390625 0.010248901903367497 0.013671875 0.020497803806734993
0.0 0.24755859375 0.036603221083455345 0.0126953125 0.020497803806734993
0.0 0.23681640625 0.0527086383601757 0.0107421875 0.020497803806734993
0.0 0.25048828125 0.07686676427525622 0.0146484375 0.03074670571010249
0.0 0.23095703125 0.08638360175695461 0.0146484375 0.032210834553440704
0.0 0.1982421875 0.03513909224011713 0.013671875 0.02342606149341142
0.0 0.15625 0.030014641288433383 0.013671875 0.024890190336749635
0.0 0.13916015625 0.04538799414348463 0.0146484375 0.029282576866764276
0.0 0.1142578125 0.05124450951683748 0.009765625 0.029282576866764276
0.0 0.17626953125 0.07613469985358712 0.0146484375 0.029282576866764276
0.0 0.19677734375 0.0739385065885798 0.0126953125 0.027818448023426062
0.0 0.2158203125 0.1486090775988287 0.015625 0.027818448023426062
0.0 0.1611328125 0.15300146412884333 0.017578125 0.03074670571010249
0.0 0.14208984375 0.16251830161054173 0.0146484375 0.02342606149341142
0.0 0.15185546875 0.15519765739385066 0.0107421875 0.02342606149341142
0.0 0.22509765625 0.13689604685212298 0.0146484375 0.036603221083455345
0.0 0.3515625 0.11127379209370425 0.015625 0.029282576866764276
0.0 0.36328125 0.08638360175695461 0.013671875 0.02635431918008785
0.0 0.3681640625 0.06076134699853587 0.015625 0.03074670571010249
0.0 0.35009765625 0.04465592972181552 0.0146484375 0.03074670571010249
0.0 0.36181640625 0.013909224011713031 0.0107421875 0.027818448023426062
0.0 0.4169921875 0.013177159590043924 0.01171875 0.02635431918008785
0.0 0.4248046875 0.01171303074670571 0.0078125 0.020497803806734993
0.0 0.40869140625 0.05710102489019034 0.0126953125 0.02635431918008785
0.0 0.42041015625 0.07686676427525622 0.0146484375 0.024890190336749635
0.0 0.41455078125 0.11127379209370425 0.0126953125 0.032210834553440704
0.0 0.3671875 0.016105417276720352 0.005859375 0.014641288433382138
0.0 0.43310546875 0.12079062957540264 0.0166015625 0.036603221083455345
0.0 0.46923828125 0.005856515373352855 0.0126953125 0.01171303074670571
0.0 0.49462890625 0.04538799414348463 0.0126953125 0.02635431918008785
0.0 0.49658203125 0.09297218155197658 0.0185546875 0.03074670571010249
0.0 0.55029296875 0.010248901903367497 0.0146484375 0.020497803806734993
0.0 0.51171875 0.005124450951683748 0.01171875 0.010248901903367497
0.0 0.61328125 0.006588579795021962 0.01171875 0.013177159590043924
0.0 0.60009765625 0.03733528550512445 0.0126953125 0.024890190336749635
0.0 0.5751953125 0.03953147877013177 0.013671875 0.029282576866764276
0.0 0.552734375 0.08565153733528551 0.013671875 0.03074670571010249
0.0 0.53759765625 0.12152269399707175 0.0126953125 0.02635431918008785
0.0 0.564453125 0.14641288433382138 0.015625 0.032210834553440704
0.0 0.59326171875 0.07027818448023426 0.0126953125 0.02635431918008785
0.0 0.59521484375 0.1295754026354319 0.0146484375 0.03367496339677892
0.0 0.57763671875 0.15446559297218154 0.0146484375 0.027818448023426062
0.0 0.5703125 0.18814055636896046 0.017578125 0.03953147877013177
0.0 0.6318359375 0.05417276720351391 0.01171875 0.020497803806734993
0.0 0.6484375 0.024890190336749635 0.013671875 0.017569546120058566
0.0 0.65185546875 0.05417276720351391 0.0166015625 0.029282576866764276
0.0 0.6513671875 0.07979502196193265 0.015625 0.03074670571010249
0.0 0.666015625 0.02562225475841874 0.009765625 0.010248901903367497
0.0 0.67822265625 0.021961932650073207 0.0107421875 0.017569546120058566
0.0 0.66650390625 0.11346998535871157 0.0146484375 0.03367496339677892
0.0 0.62939453125 0.17496339677891654 0.0107421875 0.027818448023426062
0.0 0.64501953125 0.17276720351390923 0.0166015625 0.032210834553440704
0.0 0.6474609375 0.1383601756954612 0.01171875 0.016105417276720352
0.0 0.57763671875 0.2554904831625183 0.0185546875 0.03074670571010249
0.0 0.64892578125 0.23133235724743778 0.0166015625 0.03513909224011713
0.0 0.6630859375 0.24597364568081992 0.017578125 0.03513909224011713
0.0 0.68701171875 0.308199121522694 0.0185546875 0.036603221083455345
0.0 0.6953125 0.34480234260614934 0.021484375 0.0424597364568082
0.0 0.5771484375 0.2913616398243045 0.015625 0.032210834553440704
0.0 0.59716796875 0.3294289897510981 0.0224609375 0.03806734992679356
0.0 0.60546875 0.34553440702781846 0.0234375 0.03806734992679356
0.0 0.626953125 0.4633967789165447 0.021484375 0.03367496339677892
0.0 0.7255859375 0.40483162518301613 0.021484375 0.036603221083455345
0.0 0.7978515625 0.41142020497803805 0.01953125 0.043923865300146414
0.0 0.7900390625 0.34773060029282576 0.021484375 0.036603221083455345
0.0 0.76171875 0.3301610541727672 0.01953125 0.0424597364568082
0.0 0.74267578125 0.30307467057101023 0.0185546875 0.03513909224011713
0.0 0.7373046875 0.23865300146412885 0.021484375 0.03806734992679356
0.0 0.72265625 0.2225475841874085 0.017578125 0.03513909224011713
0.0 0.83837890625 0.5065885797950219 0.0205078125 0.032210834553440704
0.0 0.90478515625 0.6661786237188873 0.0341796875 0.04978038067349927
0.0 0.986328125 0.6215226939970717 0.013671875 0.11566617862371889
0.0 0.95556640625 0.5783308931185944 0.0107421875 0.1171303074670571
0.0 0.97705078125 0.5812591508052709 0.0146484375 0.10248901903367497
0.0 0.8857421875 0.4062957540263543 0.01953125 0.04538799414348463
0.0 0.9609375 0.38433382137628114 0.01953125 0.03953147877013177
0.0 0.984375 0.39604685212298685 0.01953125 0.0424597364568082
0.0 0.98486328125 0.32284040995607616 0.0166015625 0.03367496339677892
0.0 0.90966796875 0.34553440702781846 0.0185546875 0.03513909224011713
0.0 0.91064453125 0.28550512445095166 0.0185546875 0.03513909224011713
0.0 0.96826171875 0.27379209370424595 0.0146484375 0.032210834553440704
0.0 0.99072265625 0.28111273792093705 0.0166015625 0.032210834553440704
0.0 0.84130859375 0.3330893118594436 0.0166015625 0.03367496339677892
0.0 0.8271484375 0.2884333821376281 0.01953125 0.032210834553440704
0.0 0.99755859375 0.22767203513909223 0.0029296875 0.021961932650073207
0.0 0.93310546875 0.2445095168374817 0.0185546875 0.03513909224011713
0.0 0.896484375 0.28257686676427524 0.013671875 0.032210834553440704
0.0 0.85888671875 0.24011713030746706 0.0166015625 0.032210834553440704
0.0 0.8251953125 0.22620790629575402 0.01953125 0.036603221083455345
0.0 0.927734375 0.20497803806734993 0.015625 0.032210834553440704
0.0 0.90478515625 0.18667642752562225 0.0146484375 0.027818448023426062
0.0 0.85546875 0.17423133235724744 0.017578125 0.03513909224011713
0.0 0.84130859375 0.1581259150805271 0.0146484375 0.032210834553440704
0.0 0.80126953125 0.22181551976573938 0.0185546875 0.024890190336749635
0.0 0.7646484375 0.1815519765739385 0.017578125 0.03513909224011713
0.0 0.7607421875 0.15446559297218154 0.015625 0.027818448023426062
0.0 0.74169921875 0.12884333821376281 0.0126953125 0.029282576866764276
0.0 0.798828125 0.1259150805270864 0.015625 0.029282576866764276
0.0 0.8623046875 0.11420204978038068 0.015625 0.03513909224011713
0.0 0.9208984375 0.1398243045387994 0.015625 0.03367496339677892
0.0 0.71435546875 0.11127379209370425 0.0146484375 0.02635431918008785
0.0 0.7177734375 0.0629575402635432 0.015625 0.02635431918008785
0.0 0.70703125 0.04904831625183016 0.013671875 0.03367496339677892
0.0 0.69580078125 0.05490483162518302 0.0087890625 0.024890190336749635
0.0 0.66064453125 0.057833089311859445 0.0107421875 0.021961932650073207
0.0 0.6982421875 0.0212298682284041 0.013671875 0.024890190336749635
0.0 0.75390625 0.03513909224011713 0.013671875 0.02635431918008785
0.0 0.76123046875 0.04904831625183016 0.0146484375 0.03367496339677892
0.0 0.80712890625 0.022693997071742314 0.0126953125 0.027818448023426062
0.0 0.82080078125 0.019765739385065886 0.0107421875 0.024890190336749635
0.0 0.85009765625 0.012445095168374817 0.0146484375 0.024890190336749635
0.0 0.853515625 0.05124450951683748 0.013671875 0.020497803806734993
0.0 0.8369140625 0.07101024890190337 0.013671875 0.03074670571010249
0.0 0.81982421875 0.06442166910688141 0.0126953125 0.02635431918008785
0.0 0.7958984375 0.07833089311859444 0.013671875 0.021961932650073207
0.0 0.79736328125 0.10322108345534407 0.0146484375 0.021961932650073207
0.0 0.85546875 0.10029282576866765 0.013671875 0.027818448023426062
0.0 0.876953125 0.07833089311859444 0.015625 0.027818448023426062
0.0 0.6845703125 0.1171303074670571 0.009765625 0.020497803806734993
0.0 0.8857421875 0.00951683748169839 0.015625 0.01903367496339678
0.0 0.912109375 0.095900439238653 0.015625 0.03074670571010249
0.0 0.9287109375 0.043923865300146414 0.015625 0.029282576866764276
0.0 0.96630859375 0.12005856515373353 0.0146484375 0.032210834553440704
0.0 0.95166015625 0.15373352855051245 0.0146484375 0.032210834553440704
0.0 0.9697265625 0.05856515373352855 0.01171875 0.02635431918008785
0.0 0.96484375 0.013909224011713031 0.0078125 0.013177159590043924
0.0 0.88037109375 0.3616398243045388 0.0224609375 0.040995607613469986
0.0 0.63818359375 0.3814055636896047 0.0146484375 0.03367496339677892
0.0 0.119140625 0.2642752562225476 0.01953125 0.036603221083455345
