0.0 0.8037109375 0.3587521663778163 0.0556640625 0.12478336221837089
0.0 0.615234375 0.42634315424610053 0.0595703125 0.13344887348353554
0.0 0.9296875 0.49220103986135183 0.0498046875 0.11265164644714037
0.0 0.9658203125 0.3362218370883882 0.0341796875 0.1369150779896014
0.0 0.4248046875 0.5996533795493935 0.0537109375 0.1195840554592721
0.0 0.13671875 0.5060658578856152 0.037109375 0.09185441941074524
0.0 0.134765625 0.42634315424610053 0.044921875 0.10571923743500866
0.0 0.0 0.5233968804159446 0.03515625 0.09358752166377816
0.0 0.25 0.8682842287694974 0.0400390625 0.11265164644714037
0.0 0.8662109375 0.6395147313691508 0.0419921875 0.14211438474870017
0.0 0.7392578125 0.5181975736568457 0.0498046875 0.13518197573656845
