0.0 0.0673828125 0.26346433770014555 0.0556640625 0.0975254730713246
0.0 0.12890625 0.22561863173216884 0.048828125 0.09606986899563319
0.0 0.162109375 0.19213973799126638 0.0400390625 0.08151382823871907
0.0 0.193359375 0.2328966521106259 0.02734375 0.053857350800582245
0.0 0.244140625 0.22270742358078602 0.0244140625 0.05822416302765648
0.0 0.27734375 0.17758369723435224 0.06640625 0.11062590975254731
0.0 0.4013671875 0.2314410480349345 0.02734375 0.053857350800582245
0.0 0.443359375 0.25181950509461426 0.048828125 0.08733624454148471
0.0 0.4619140625 0.16593886462882096 0.0439453125 0.08005822416302766
0.0 0.5439453125 0.21106259097525473 0.0361328125 0.06841339155749636
0.0 0.544921875 0.15138282387190685 0.046875 0.08005822416302766
0.0 0.6708984375 0.20232896652110627 0.03125 0.056768558951965066
0.0 0.7197265625 0.11935953420669577 0.0458984375 0.09315866084425037
0.0 0.7744140625 0.17758369723435224 0.0380859375 0.07132459970887918
0.0 0.8232421875 0.19796215429403202 0.03515625 0.05967976710334789
0.0 0.822265625 0.14410480349344978 0.025390625 0.039301310043668124
0.0 0.912109375 0.13537117903930132 0.029296875 0.07132459970887918
0.0 0.9248046875 0.11790393013100436 0.05078125 0.08879184861717612
0.0 0.9853515625 0.13100436681222707 0.0146484375 0.056768558951965066
0.0 0.0341796875 0.23726346433770015 0.0537109375 0.08442503639010189
