0.0 0.0 0.24792243767313019 0.015625 0.030470914127423823
0.0 0.080078125 0.22853185595567868 0.01171875 0.02077562326869806
0.0 0.0947265625 0.25346260387811637 0.0166015625 0.0332409972299169
0.0 0.189453125 0.21745152354570638 0.0126953125 0.02077562326869806
0.0 0.2080078125 0.25346260387811637 0.01953125 0.0221606648199446
0.0 0.2666015625 0.2548476454293629 0.0146484375 0.019390581717451522
0.0 0.2763671875 0.21191135734072022 0.009765625 0.019390581717451522
0.0 0.3134765625 0.2451523545706371 0.013671875 0.01662049861495845
0.0 0.3466796875 0.20083102493074792 0.01171875 0.02077562326869806
0.0 0.3291015625 0.25761772853185594 0.0126953125 0.02077562326869806
0.0 0.4013671875 0.25761772853185594 0.013671875 0.0221606648199446
0.0 0.4892578125 0.23130193905817176 0.013671875 0.024930747922437674
0.0 0.546875 0.24376731301939059 0.013671875 0.027700831024930747
0.0 0.6220703125 0.22853185595567868 0.015625 0.027700831024930747
0.0 0.681640625 0.23268698060941828 0.0205078125 0.030470914127423823
0.0 0.7265625 0.23961218836565096 0.0166015625 0.024930747922437674
0.0 0.7470703125 0.23407202216066483 0.017578125 0.029085872576177285
0.0 0.8193359375 0.22853185595567868 0.0166015625 0.03185595567867036
0.0 0.87890625 0.2451523545706371 0.01953125 0.03462603878116344
0.0 0.951171875 0.21052631578947367 0.017578125 0.036011080332409975
0.0 0.9921875 0.24930747922437674 0.0078125 0.03185595567867036
0.0 0.9248046875 0.16620498614958448 0.0126953125 0.018005540166204988
0.0 0.275390625 0.26869806094182824 0.01171875 0.02077562326869806
0.0 0.353515625 0.43213296398891965 0.0390625 0.036011080332409975
