0.0 0.216796875 0.04219948849104859 0.03125 0.052429667519181586
0.0 0.2177734375 0.16879795396419436 0.0224609375 0.04603580562659847
0.0 0.3447265625 0.052429667519181586 0.0322265625 0.054987212276214836
0.0 0.44921875 0.06777493606138107 0.0341796875 0.05370843989769821
0.0 0.5185546875 0.10358056265984655 0.025390625 0.03964194373401535
0.0 0.546875 0.0959079283887468 0.0283203125 0.049872122762148335
0.0 0.6015625 0.08951406649616368 0.0263671875 0.03836317135549872
0.0 0.515625 0.19820971867007672 0.0322265625 0.0370843989769821
0.0 0.3984375 0.18286445012787725 0.0302734375 0.05754475703324808
0.0 0.3623046875 0.19948849104859334 0.0400390625 0.06905370843989769
0.0 0.1923828125 0.2647058823529412 0.03515625 0.056265984654731455
0.0 0.2353515625 0.2672634271099744 0.01953125 0.04475703324808184
0.0 0.3818359375 0.29923273657289 0.0361328125 0.054987212276214836
0.0 0.3779296875 0.40281329923273657 0.041015625 0.06010230179028133
0.0 0.61328125 0.41687979539641945 0.0478515625 0.054987212276214836
0.0 0.6650390625 0.3618925831202046 0.037109375 0.04475703324808184
0.0 0.5927734375 0.26854219948849106 0.0380859375 0.04603580562659847
0.0 0.6435546875 0.15089514066496162 0.033203125 0.05754475703324808
0.0 0.6455078125 0.10485933503836317 0.02734375 0.04603580562659847
0.0 0.69921875 0.08567774936061381 0.0234375 0.04603580562659847
0.0 0.75 0.09462915601023018 0.0283203125 0.04603580562659847
0.0 0.787109375 0.10485933503836317 0.021484375 0.04092071611253197
0.0 0.818359375 0.2659846547314578 0.0361328125 0.06010230179028133
