0.0 0.2216796875 0.5083102493074793 0.041015625 0.09141274238227147
0.0 0.30078125 0.3864265927977839 0.0302734375 0.06371191135734072
0.0 0.2724609375 0.2853185595567867 0.02734375 0.05678670360110803
0.0 0.177734375 0.19390581717451524 0.025390625 0.0443213296398892
0.0 0.26171875 0.18698060941828254 0.0205078125 0.03462603878116344
0.0 0.083984375 0.17590027700831026 0.025390625 0.04709141274238227
0.0 0.0009765625 0.2673130193905817 0.021484375 0.06786703601108034
0.0 0.0439453125 0.23407202216066483 0.02734375 0.04847645429362881
0.0 0.1025390625 0.19529085872576177 0.01953125 0.04293628808864266
0.0 0.3515625 0.21606648199445982 0.0205078125 0.0443213296398892
0.0 0.400390625 0.21329639889196675 0.017578125 0.038781163434903045
0.0 0.462890625 0.22853185595567868 0.0224609375 0.04016620498614958
0.0 0.5283203125 0.23684210526315788 0.0224609375 0.038781163434903045
0.0 0.5517578125 0.24376731301939059 0.0146484375 0.029085872576177285
0.0 0.4697265625 0.4445983379501385 0.0146484375 0.0221606648199446
0.0 0.484375 0.40304709141274236 0.01953125 0.01662049861495845
0.0 0.517578125 0.4196675900277008 0.0224609375 0.05263157894736842
0.0 0.5400390625 0.425207756232687 0.0234375 0.04709141274238227
0.0 0.6015625 0.4487534626038781 0.01953125 0.04155124653739612
0.0 0.6259765625 0.46814404432132967 0.0166015625 0.045706371191135735
0.0 0.6806640625 0.4695290858725762 0.0185546875 0.055401662049861494
0.0 0.630859375 0.23268698060941828 0.025390625 0.0443213296398892
0.0 0.681640625 0.26177285318559557 0.0234375 0.04709141274238227
0.0 0.720703125 0.19667590027700832 0.0224609375 0.0443213296398892
0.0 0.7490234375 0.21606648199445982 0.03125 0.05955678670360111
0.0 0.7822265625 0.2188365650969529 0.021484375 0.036011080332409975
0.0 0.8046875 0.23130193905817176 0.0361328125 0.062326869806094184
0.0 0.83984375 0.23822714681440443 0.02734375 0.0221606648199446
0.0 0.828125 0.19667590027700832 0.017578125 0.0332409972299169
0.0 0.85546875 0.15373961218836565 0.017578125 0.03185595567867036
0.0 0.8662109375 0.12049861495844875 0.013671875 0.02631578947368421
0.0 0.9365234375 0.15789473684210525 0.0166015625 0.03185595567867036
0.0 0.955078125 0.1786703601108033 0.0126953125 0.018005540166204988
0.0 0.8994140625 0.2590027700831025 0.0263671875 0.05678670360110803
0.0 0.9365234375 0.23545706371191136 0.0380859375 0.07894736842105263
