0.0 0.94580078125 0.3742378048780488 0.0654296875 0.1448170731707317
0.0 0.92431640625 0.510670731707317 0.0732421875 0.17073170731707318
0.0 0.783203125 0.37652439024390244 0.0546875 0.10975609756097561
0.0 0.7255859375 0.3864329268292683 0.064453125 0.1326219512195122
0.0 0.5400390625 0.42835365853658536 0.044921875 0.09451219512195122
0.0 0.494140625 0.39710365853658536 0.033203125 0.05945121951219512
0.0 0.35302734375 0.43978658536585363 0.0478515625 0.10213414634146341
0.0 0.27978515625 0.4649390243902439 0.0478515625 0.0975609756097561
0.0 0.20947265625 0.5594512195121951 0.0439453125 0.1524390243902439
0.0 0.11279296875 0.5030487804878049 0.0673828125 0.17073170731707318
0.0 0.23828125 0.8986280487804879 0.048828125 0.2027439024390244
0.0 0.49462890625 0.4923780487804878 0.0751953125 0.0975609756097561
