0.0 0.0712890625 0.12125748502994012 0.0283203125 0.08083832335329341
0.0 0.0966796875 0.1437125748502994 0.0283203125 0.05538922155688623
0.0 0.1357421875 0.1122754491017964 0.0380859375 0.07784431137724551
0.0 0.3603515625 0.17664670658682635 0.03125 0.05538922155688623
0.0 0.4443359375 0.14221556886227546 0.033203125 0.05538922155688623
0.0 0.4833984375 0.15718562874251496 0.0390625 0.0688622754491018
0.0 0.5419921875 0.19161676646706588 0.029296875 0.04790419161676647
0.0 0.6083984375 0.14820359281437126 0.0322265625 0.06437125748502993
0.0 0.6552734375 0.2694610778443114 0.033203125 0.040419161676646706
0.0 0.703125 0.10479041916167664 0.0263671875 0.05538922155688623
0.0 0.7216796875 0.12125748502994012 0.03125 0.06437125748502993
0.0 0.75 0.12425149700598802 0.0361328125 0.06287425149700598
0.0 0.7890625 0.12275449101796407 0.0283203125 0.058383233532934134
0.0 0.8046875 0.1497005988023952 0.025390625 0.058383233532934134
0.0 0.8525390625 0.1691616766467066 0.0361328125 0.061377245508982034
0.0 0.9462890625 0.1437125748502994 0.0263671875 0.058383233532934134
0.0 0.966796875 0.1377245508982036 0.03125 0.05538922155688623
0.0 0.912109375 0.20209580838323354 0.029296875 0.059880239520958084
0.0 0.9755859375 0.22904191616766467 0.0224609375 0.05688622754491018
0.0 0.8427734375 0.3218562874251497 0.03125 0.05239520958083832
0.0 0.3759765625 0.16467065868263472 0.0263671875 0.05389221556886228
