0.0 0.10888671875 0.3313802083333333 0.0166015625 0.03515625
0.0 0.16259765625 0.3391927083333333 0.0146484375 0.029947916666666668
0.0 0.3740234375 0.369140625 0.015625 0.029947916666666668
0.0 0.626953125 0.3834635416666667 0.013671875 0.024739583333333332
0.0 0.7197265625 0.3990885416666667 0.01171875 0.022135416666666668
0.0 0.810546875 0.3854166666666667 0.005859375 0.020833333333333332
0.0 0.81982421875 0.3118489583333333 0.0400390625 0.09505208333333333
0.0 0.89990234375 0.396484375 0.0400390625 0.07682291666666667
0.0 0.9384765625 0.2760416666666667 0.025390625 0.10677083333333333
0.0 0.65625 0.3802083333333333 0.009765625 0.028645833333333332
0.0 0.2236328125 0.3444010416666667 0.01953125 0.02734375
