0.0 0.2763671875 0.07241379310344828 0.03515625 0.05931034482758621
0.0 0.3408203125 0.32068965517241377 0.03125 0.05931034482758621
0.0 0.73486328125 0.2924137931034483 0.0400390625 0.07172413793103448
0.0 0.8662109375 0.3213793103448276 0.03125 0.06344827586206897
0.0 0.64404296875 0.3620689655172414 0.0302734375 0.06482758620689655
0.0 0.9228515625 0.3882758620689655 0.017578125 0.028965517241379312
0.0 0.91015625 0.3448275862068966 0.015625 0.022068965517241378
0.0 0.90869140625 0.24482758620689654 0.0107421875 0.01793103448275862
0.0 0.94873046875 0.39241379310344826 0.0166015625 0.020689655172413793
0.0 0.94775390625 0.3489655172413793 0.0146484375 0.022068965517241378
0.0 0.9345703125 0.3586206896551724 0.013671875 0.019310344827586208
0.0 0.91796875 0.34758620689655173 0.01171875 0.016551724137931035
0.0 0.93310546875 0.33586206896551724 0.0107421875 0.015172413793103448
0.0 0.9697265625 0.31655172413793103 0.017578125 0.020689655172413793
0.0 0.98681640625 0.2489655172413793 0.0107421875 0.015172413793103448
0.0 0.97216796875 0.3793103448275862 0.0166015625 0.030344827586206897
0.0 0.99267578125 0.31103448275862067 0.0126953125 0.020689655172413793
0.0 0.97412109375 0.416551724137931 0.0107421875 0.019310344827586208
0.0 0.90185546875 0.38275862068965516 0.0087890625 0.015172413793103448
0.0 0.84912109375 0.3489655172413793 0.0107421875 0.019310344827586208
0.0 0.98583984375 0.3758620689655172 0.0126953125 0.028965517241379312
0.0 0.8330078125 0.3468965517241379 0.013671875 0.020689655172413793
