0.0 0.0009765625 0.0 0.0283203125 0.06149341142020498
0.0 0.08203125 0.0029282576866764276 0.0341796875 0.060029282576866766
0.0 0.201171875 0.017569546120058566 0.0244140625 0.0629575402635432
0.0 0.0 0.060029282576866766 0.0087890625 0.05856515373352855
0.0 0.0390625 0.1054172767203514 0.0361328125 0.055636896046852125
0.0 0.2802734375 0.1390922401171303 0.03125 0.05710102489019034
0.0 0.3564453125 0.10688140556368961 0.03515625 0.07759882869692533
0.0 0.2607421875 0.2708638360175695 0.0361328125 0.06881405563689605
0.0 0.095703125 0.3308931185944363 0.041015625 0.08052708638360176
0.0 0.20703125 0.3601756954612006 0.033203125 0.06588579795021962
0.0 0.369140625 0.23865300146412885 0.0322265625 0.06734992679355783
0.0 0.47265625 0.21815519765739386 0.037109375 0.07320644216691069
0.0 0.4482421875 0.3513909224011713 0.0361328125 0.06442166910688141
0.0 0.5126953125 0.43484626647144947 0.0400390625 0.0746705710102489
0.0 0.4951171875 0.4363103953147877 0.0341796875 0.06442166910688141
0.0 0.4345703125 0.46266471449487556 0.0341796875 0.06881405563689605
0.0 0.3359375 0.39824304538799415 0.0380859375 0.0746705710102489
0.0 0.177734375 0.4494875549048316 0.0341796875 0.07613469985358712
0.0 0.0703125 0.4465592972181552 0.0390625 0.09224011713030747
0.0 0.0361328125 0.5651537335285505 0.041015625 0.06881405563689605
0.0 0.142578125 0.575402635431918 0.037109375 0.06734992679355783
0.0 0.0068359375 0.7042459736456809 0.029296875 0.08638360175695461
0.0 0.2353515625 0.6881405563689604 0.037109375 0.08199121522693997
0.0 0.3623046875 0.7159590043923866 0.0390625 0.07320644216691069
0.0 0.611328125 0.4670571010248902 0.03515625 0.07027818448023426
0.0 0.6328125 0.5710102489019033 0.0390625 0.08345534407027819
0.0 0.642578125 0.705710102489019 0.0322265625 0.05417276720351391
0.0 0.689453125 0.1390922401171303 0.03515625 0.06881405563689605
0.0 0.798828125 0.1259150805270864 0.03125 0.06734992679355783
0.0 0.9111328125 0.017569546120058566 0.0380859375 0.048316251830161056
0.0 0.921875 0.11859443631039532 0.0380859375 0.06588579795021962
0.0 0.8916015625 0.21961932650073207 0.0361328125 0.06881405563689605
0.0 0.7939453125 0.22693997071742314 0.0322265625 0.05710102489019034
0.0 0.873046875 0.4363103953147877 0.03515625 0.07906295754026355
0.0 0.95703125 0.5256222547584187 0.033203125 0.06442166910688141
0.0 0.978515625 0.5475841874084919 0.021484375 0.07613469985358712
0.0 0.83203125 0.6866764275256223 0.041015625 0.07613469985358712
0.0 0.7353515625 0.5783308931185944 0.03515625 0.0746705710102489
0.0 0.71484375 0.6998535871156661 0.041015625 0.07906295754026355
0.0 0.71484375 0.8345534407027818 0.0390625 0.07174231332357248
0.0 0.90625 0.8169838945827232 0.0390625 0.07174231332357248
0.0 0.0 0.9458272327964861 0.0361328125 0.0527086383601757
0.0 0.11328125 0.8872620790629575 0.0390625 0.0629575402635432
0.0 0.2138671875 0.8638360175695461 0.0419921875 0.06588579795021962
0.0 0.3447265625 0.8594436310395315 0.041015625 0.0746705710102489
0.0 0.443359375 0.8696925329428989 0.0400390625 0.06734992679355783
0.0 0.6123046875 0.8448023426061494 0.037109375 0.08638360175695461
0.0 0.26953125 0.008784773060029283 0.0302734375 0.04978038067349927
0.0 0.072265625 0.26061493411420206 0.0302734375 0.05710102489019034
