0.0 0.2763671875 0.32671957671957674 0.060546875 0.11375661375661375
0.0 0.43212890625 0.375 0.0576171875 0.10978835978835978
0.0 0.4853515625 0.5383597883597884 0.056640625 0.10052910052910052
0.0 0.5341796875 0.4451058201058201 0.052734375 0.09656084656084656
0.0 0.61474609375 0.4781746031746032 0.0517578125 0.10185185185185185
0.0 0.67529296875 0.39616402116402116 0.0126953125 0.01984126984126984
0.0 0.71044921875 0.48677248677248675 0.0576171875 0.10582010582010581
0.0 0.80322265625 0.40476190476190477 0.0087890625 0.018518518518518517
0.0 0.90087890625 0.4021164021164021 0.0107421875 0.018518518518518517
0.0 0.7744140625 0.3835978835978836 0.015625 0.03439153439153439
0.0 0.35302734375 0.4146825396825397 0.0126953125 0.022486772486772486
