0.0 0.0810546875 0.4327485380116959 0.0068359375 0.013157894736842105
0.0 0.08984375 0.4473684210526316 0.0048828125 0.013157894736842105
0.0 0.123046875 0.39766081871345027 0.005859375 0.008771929824561403
0.0 0.115234375 0.40789473684210525 0.005859375 0.01023391812865497
0.0 0.142578125 0.3932748538011696 0.0048828125 0.008771929824561403
0.0 0.1640625 0.3932748538011696 0.00390625 0.013157894736842105
0.0 0.1484375 0.40789473684210525 0.0048828125 0.01023391812865497
0.0 0.115234375 0.43128654970760233 0.005859375 0.011695906432748537
0.0 0.09765625 0.4371345029239766 0.005859375 0.01023391812865497
0.0 0.103515625 0.4517543859649123 0.0068359375 0.01023391812865497
0.0 0.09375 0.4619883040935672 0.005859375 0.011695906432748537
0.0 0.2890625 0.5073099415204678 0.009765625 0.03070175438596491
0.0 0.09765625 0.49707602339181284 0.005859375 0.011695906432748537
0.0 0.0859375 0.52046783625731 0.0068359375 0.013157894736842105
0.0 0.08984375 0.543859649122807 0.0078125 0.011695906432748537
0.0 0.09765625 0.5730994152046783 0.0068359375 0.01023391812865497
0.0 0.1240234375 0.5687134502923976 0.005859375 0.011695906432748537
0.0 0.11328125 0.5409356725146199 0.0068359375 0.013157894736842105
0.0 0.10546875 0.5190058479532164 0.0068359375 0.011695906432748537
0.0 0.0712890625 0.5453216374269005 0.0068359375 0.011695906432748537
0.0 0.1953125 0.5014619883040936 0.0146484375 0.033625730994152045
0.0 0.181640625 0.5190058479532164 0.01171875 0.03216374269005848
0.0 0.2490234375 0.5043859649122807 0.013671875 0.03508771929824561
0.0 0.0439453125 0.39035087719298245 0.0048828125 0.01023391812865497
0.0 0.0615234375 0.3932748538011696 0.00390625 0.008771929824561403
0.0 0.0625 0.4093567251461988 0.0048828125 0.01023391812865497
0.0 0.0537109375 0.42105263157894735 0.005859375 0.01023391812865497
0.0 0.0517578125 0.4327485380116959 0.0068359375 0.01023391812865497
0.0 0.0419921875 0.4444444444444444 0.005859375 0.011695906432748537
0.0 0.046875 0.46637426900584794 0.005859375 0.01023391812865497
0.0 0.046875 0.48099415204678364 0.0068359375 0.011695906432748537
0.0 0.048828125 0.49853801169590645 0.0068359375 0.013157894736842105
0.0 0.05078125 0.5190058479532164 0.005859375 0.011695906432748537
0.0 0.0546875 0.5467836257309941 0.0068359375 0.013157894736842105
0.0 0.0390625 0.5701754385964912 0.0078125 0.01608187134502924
0.0 0.2109375 0.26608187134502925 0.017578125 0.03508771929824561
0.0 0.310546875 0.20175438596491227 0.015625 0.03216374269005848
0.0 0.419921875 0.3230994152046784 0.0126953125 0.024853801169590642
0.0 0.5048828125 0.22660818713450293 0.0146484375 0.03070175438596491
0.0 0.5859375 0.34941520467836257 0.0107421875 0.02631578947368421
0.0 0.6611328125 0.2807017543859649 0.0107421875 0.024853801169590642
0.0 0.6875 0.35964912280701755 0.009765625 0.021929824561403508
0.0 0.3837890625 0.5160818713450293 0.01171875 0.024853801169590642
0.0 0.45703125 0.5233918128654971 0.0087890625 0.021929824561403508
0.0 0.4853515625 0.5 0.009765625 0.014619883040935672
0.0 0.5146484375 0.4956140350877193 0.0126953125 0.017543859649122806
0.0 0.1337890625 0.4853801169590643 0.0048828125 0.011695906432748537
0.0 0.130859375 0.4473684210526316 0.0048828125 0.008771929824561403
0.0 0.1416015625 0.4619883040935672 0.0048828125 0.008771929824561403
0.0 0.1591796875 0.4956140350877193 0.0048828125 0.011695906432748537
0.0 0.146484375 0.5219298245614035 0.0048828125 0.011695906432748537
0.0 0.078125 0.3932748538011696 0.00390625 0.008771929824561403
0.0 0.0751953125 0.42251461988304095 0.0068359375 0.01023391812865497
0.0 0.0927734375 0.40789473684210525 0.00390625 0.011695906432748537
0.0 0.0966796875 0.3932748538011696 0.0048828125 0.01023391812865497
0.0 0.0615234375 0.4502923976608187 0.0078125 0.014619883040935672
0.0 0.0673828125 0.46637426900584794 0.0068359375 0.01023391812865497
0.0 0.076171875 0.47953216374269003 0.0068359375 0.011695906432748537
0.0 0.1201171875 0.4722222222222222 0.0068359375 0.008771929824561403
0.0 0.1337890625 0.42543859649122806 0.0048828125 0.008771929824561403
0.0 0.123046875 0.52046783625731 0.0078125 0.014619883040935672
0.0 0.1220703125 0.5058479532163743 0.0068359375 0.011695906432748537
0.0 0.1279296875 0.5409356725146199 0.0048828125 0.01023391812865497
0.0 0.1611328125 0.5160818713450293 0.005859375 0.01023391812865497
0.0 0.1689453125 0.43859649122807015 0.005859375 0.011695906432748537
0.0 0.1533203125 0.4546783625730994 0.005859375 0.008771929824561403
0.0 0.166015625 0.4678362573099415 0.005859375 0.01023391812865497
0.0 0.1494140625 0.4824561403508772 0.0068359375 0.008771929824561403
0.0 0.171875 0.4824561403508772 0.005859375 0.011695906432748537
0.0 0.216796875 0.48391812865497075 0.005859375 0.01023391812865497
0.0 0.2197265625 0.4678362573099415 0.005859375 0.011695906432748537
0.0 0.2021484375 0.4868421052631579 0.005859375 0.008771929824561403
0.0 0.21484375 0.4517543859649123 0.005859375 0.01023391812865497
0.0 0.2158203125 0.5219298245614035 0.0048828125 0.008771929824561403
0.0 0.2314453125 0.5160818713450293 0.0048828125 0.013157894736842105
0.0 0.2548828125 0.47076023391812866 0.005859375 0.01023391812865497
0.0 0.2705078125 0.47076023391812866 0.0048828125 0.008771929824561403
0.0 0.25 0.45321637426900585 0.0048828125 0.011695906432748537
0.0 0.2705078125 0.44590643274853803 0.0048828125 0.01023391812865497
0.0 0.1767578125 0.3991228070175439 0.005859375 0.01023391812865497
0.0 0.177734375 0.42251461988304095 0.0048828125 0.01023391812865497
0.0 0.185546875 0.47076023391812866 0.0048828125 0.008771929824561403
0.0 0.2470703125 0.4298245614035088 0.0048828125 0.008771929824561403
0.0 0.2568359375 0.4298245614035088 0.00390625 0.008771929824561403
0.0 0.2431640625 0.402046783625731 0.00390625 0.008771929824561403
0.0 0.275390625 0.4064327485380117 0.0029296875 0.007309941520467836
0.0 0.291015625 0.40789473684210525 0.00390625 0.008771929824561403
0.0 0.3173828125 0.40789473684210525 0.00390625 0.007309941520467836
0.0 0.2861328125 0.42543859649122806 0.00390625 0.005847953216374269
0.0 0.2783203125 0.4444444444444444 0.00390625 0.007309941520467836
0.0 0.2890625 0.43567251461988304 0.00390625 0.008771929824561403
0.0 0.3125 0.42105263157894735 0.00390625 0.007309941520467836
0.0 0.3359375 0.41228070175438597 0.00390625 0.007309941520467836
0.0 0.3486328125 0.41228070175438597 0.00390625 0.007309941520467836
0.0 0.3466796875 0.42251461988304095 0.0068359375 0.008771929824561403
0.0 0.3681640625 0.43128654970760233 0.0048828125 0.01023391812865497
0.0 0.353515625 0.4327485380116959 0.00390625 0.01023391812865497
0.0 0.359375 0.44298245614035087 0.0048828125 0.008771929824561403
0.0 0.3779296875 0.4444444444444444 0.0048828125 0.007309941520467836
0.0 0.3427734375 0.45321637426900585 0.00390625 0.01023391812865497
0.0 0.33203125 0.42251461988304095 0.00390625 0.005847953216374269
0.0 0.33203125 0.4327485380116959 0.00390625 0.008771929824561403
0.0 0.3623046875 0.45614035087719296 0.0048828125 0.01023391812865497
0.0 0.376953125 0.4546783625730994 0.0048828125 0.007309941520467836
0.0 0.392578125 0.45614035087719296 0.00390625 0.008771929824561403
0.0 0.361328125 0.4239766081871345 0.00390625 0.008771929824561403
0.0 0.3447265625 0.489766081871345 0.0048828125 0.008771929824561403
0.0 0.3564453125 0.4868421052631579 0.005859375 0.008771929824561403
0.0 0.3759765625 0.49707602339181284 0.0048828125 0.01023391812865497
0.0 0.3818359375 0.4853801169590643 0.00390625 0.005847953216374269
0.0 0.3916015625 0.4853801169590643 0.0048828125 0.007309941520467836
0.0 0.4091796875 0.5058479532163743 0.00390625 0.007309941520467836
0.0 0.3896484375 0.49853801169590645 0.0048828125 0.007309941520467836
0.0 0.404296875 0.5131578947368421 0.00390625 0.01023391812865497
0.0 0.302734375 0.4371345029239766 0.005859375 0.013157894736842105
0.0 0.3134765625 0.4444444444444444 0.0048828125 0.01023391812865497
0.0 0.3232421875 0.44298245614035087 0.00390625 0.007309941520467836
0.0 0.3330078125 0.4605263157894737 0.0029296875 0.007309941520467836
0.0 0.3515625 0.47076023391812866 0.00390625 0.013157894736842105
0.0 0.3349609375 0.4692982456140351 0.00390625 0.008771929824561403
0.0 0.365234375 0.4722222222222222 0.00390625 0.008771929824561403
0.0 0.3818359375 0.4692982456140351 0.00390625 0.007309941520467836
0.0 0.3994140625 0.47076023391812866 0.00390625 0.007309941520467836
0.0 0.416015625 0.4868421052631579 0.0048828125 0.01023391812865497
0.0 0.4189453125 0.5043859649122807 0.00390625 0.005847953216374269
0.0 0.41796875 0.5307017543859649 0.0048828125 0.011695906432748537
0.0 0.4228515625 0.5248538011695907 0.00390625 0.01023391812865497
0.0 0.408203125 0.5350877192982456 0.00390625 0.008771929824561403
0.0 0.44921875 0.4269005847953216 0.00390625 0.007309941520467836
0.0 0.45703125 0.42105263157894735 0.0029296875 0.007309941520467836
0.0 0.46484375 0.4195906432748538 0.0029296875 0.005847953216374269
0.0 0.4638671875 0.4298245614035088 0.0029296875 0.005847953216374269
0.0 0.474609375 0.42251461988304095 0.00390625 0.005847953216374269
0.0 0.4765625 0.43128654970760233 0.0029296875 0.007309941520467836
0.0 0.4814453125 0.42251461988304095 0.0029296875 0.005847953216374269
0.0 0.4755859375 0.4444444444444444 0.0048828125 0.005847953216374269
0.0 0.4970703125 0.43128654970760233 0.0029296875 0.008771929824561403
0.0 0.5 0.42251461988304095 0.001953125 0.005847953216374269
0.0 0.505859375 0.4269005847953216 0.0029296875 0.007309941520467836
0.0 0.5263671875 0.4269005847953216 0.00390625 0.007309941520467836
0.0 0.6103515625 0.5175438596491229 0.009765625 0.021929824561403508
0.0 0.6181640625 0.5292397660818714 0.0107421875 0.019005847953216373
0.0 0.69140625 0.5131578947368421 0.0068359375 0.017543859649122806
0.0 0.712890625 0.5 0.009765625 0.019005847953216373
0.0 0.744140625 0.564327485380117 0.005859375 0.011695906432748537
0.0 0.7529296875 0.5526315789473685 0.005859375 0.008771929824561403
0.0 0.748046875 0.5453216374269005 0.0029296875 0.008771929824561403
0.0 0.796875 0.5760233918128655 0.005859375 0.011695906432748537
0.0 0.8115234375 0.5789473684210527 0.005859375 0.008771929824561403
0.0 0.8076171875 0.5526315789473685 0.00390625 0.008771929824561403
0.0 0.822265625 0.554093567251462 0.0068359375 0.01023391812865497
0.0 0.8349609375 0.564327485380117 0.005859375 0.008771929824561403
0.0 0.849609375 0.5672514619883041 0.0068359375 0.01608187134502924
0.0 0.87109375 0.5730994152046783 0.005859375 0.011695906432748537
0.0 0.890625 0.5745614035087719 0.0068359375 0.014619883040935672
0.0 0.9169921875 0.5745614035087719 0.0078125 0.01608187134502924
0.0 0.92578125 0.5730994152046783 0.005859375 0.014619883040935672
0.0 0.955078125 0.5716374269005848 0.0087890625 0.013157894736842105
0.0 0.939453125 0.5701754385964912 0.0068359375 0.01023391812865497
0.0 0.9755859375 0.564327485380117 0.00390625 0.011695906432748537
0.0 0.91015625 0.5599415204678363 0.005859375 0.013157894736842105
0.0 0.923828125 0.554093567251462 0.005859375 0.01023391812865497
0.0 0.8935546875 0.554093567251462 0.005859375 0.011695906432748537
0.0 0.873046875 0.5555555555555556 0.005859375 0.011695906432748537
0.0 0.8955078125 0.5672514619883041 0.0048828125 0.01023391812865497
0.0 0.8466796875 0.5570175438596491 0.00390625 0.008771929824561403
0.0 0.8623046875 0.5511695906432749 0.0048828125 0.008771929824561403
0.0 0.8984375 0.49707602339181284 0.0048828125 0.01023391812865497
0.0 0.876953125 0.49853801169590645 0.0048828125 0.007309941520467836
0.0 0.859375 0.49853801169590645 0.0048828125 0.008771929824561403
0.0 0.8212890625 0.5058479532163743 0.0048828125 0.008771929824561403
0.0 0.8515625 0.5014619883040936 0.00390625 0.007309941520467836
0.0 0.8017578125 0.5073099415204678 0.00390625 0.01023391812865497
0.0 0.7548828125 0.49853801169590645 0.0048828125 0.007309941520467836
0.0 0.787109375 0.49415204678362573 0.0048828125 0.008771929824561403
0.0 0.5595703125 0.5 0.0107421875 0.014619883040935672
0.0 0.59375 0.49853801169590645 0.00390625 0.011695906432748537
0.0 0.6083984375 0.4868421052631579 0.00390625 0.007309941520467836
0.0 0.607421875 0.5087719298245614 0.00390625 0.005847953216374269
0.0 0.60546875 0.4780701754385965 0.0029296875 0.007309941520467836
0.0 0.6337890625 0.4824561403508772 0.0029296875 0.005847953216374269
0.0 0.6259765625 0.47953216374269003 0.0029296875 0.005847953216374269
0.0 0.7724609375 0.5657894736842105 0.005859375 0.011695906432748537
0.0 0.9404296875 0.554093567251462 0.005859375 0.008771929824561403
0.0 0.9140625 0.5482456140350878 0.0048828125 0.011695906432748537
0.0 0.953125 0.5584795321637427 0.0078125 0.01023391812865497
0.0 0.912109375 0.5307017543859649 0.0048828125 0.008771929824561403
0.0 0.923828125 0.5292397660818714 0.005859375 0.007309941520467836
0.0 0.94140625 0.5350877192982456 0.0048828125 0.007309941520467836
0.0 0.955078125 0.533625730994152 0.0048828125 0.01023391812865497
0.0 0.974609375 0.5321637426900585 0.005859375 0.013157894736842105
0.0 0.7783203125 0.5043859649122807 0.00390625 0.007309941520467836
0.0 0.791015625 0.5029239766081871 0.00390625 0.007309941520467836
0.0 0.81640625 0.49853801169590645 0.00390625 0.007309941520467836
0.0 0.990234375 0.5804093567251462 0.0078125 0.013157894736842105
0.0 0.9912109375 0.5570175438596491 0.0048828125 0.01023391812865497
0.0 0.9326171875 0.5146198830409356 0.0048828125 0.01023391812865497
0.0 0.974609375 0.5 0.005859375 0.01023391812865497
0.0 0.9716796875 0.5190058479532164 0.005859375 0.011695906432748537
0.0 0.9560546875 0.5 0.0048828125 0.008771929824561403
0.0 0.9453125 0.4853801169590643 0.005859375 0.007309941520467836
0.0 0.935546875 0.49853801169590645 0.0048828125 0.008771929824561403
0.0 0.958984375 0.47514619883040937 0.0048828125 0.008771929824561403
0.0 0.9853515625 0.489766081871345 0.005859375 0.01023391812865497
0.0 0.9775390625 0.47514619883040937 0.00390625 0.01023391812865497
0.0 0.068359375 0.5760233918128655 0.0078125 0.013157894736842105
0.0 0.078125 0.391812865497076 0.00390625 0.011695906432748537
0.0 0.0966796875 0.391812865497076 0.0048828125 0.011695906432748537
0.0 0.0234375 0.39035087719298245 0.0029296875 0.01023391812865497
0.0 0.0263671875 0.402046783625731 0.005859375 0.013157894736842105
0.0 0.033203125 0.4195906432748538 0.0068359375 0.011695906432748537
0.0 0.0244140625 0.4283625730994152 0.0048828125 0.01023391812865497
0.0 0.0234375 0.46637426900584794 0.0048828125 0.013157894736842105
0.0 0.0234375 0.4824561403508772 0.005859375 0.014619883040935672
0.0 0.0234375 0.5029239766081871 0.0078125 0.011695906432748537
0.0 0.0234375 0.5175438596491229 0.0078125 0.013157894736842105
0.0 0.0322265625 0.5467836257309941 0.009765625 0.01608187134502924
0.0 0.0927734375 0.4064327485380117 0.00390625 0.01023391812865497
0.0 0.0751953125 0.42105263157894735 0.0078125 0.013157894736842105
0.0 0.0634765625 0.44883040935672514 0.005859375 0.014619883040935672
0.0 0.068359375 0.4649122807017544 0.005859375 0.011695906432748537
0.0 0.0751953125 0.47953216374269003 0.0068359375 0.013157894736842105
0.0 0.076171875 0.5043859649122807 0.0078125 0.011695906432748537
0.0 0.0673828125 0.5219298245614035 0.0068359375 0.011695906432748537
0.0 0.0751953125 0.42105263157894735 0.0068359375 0.013157894736842105
0.0 0.572265625 0.5160818713450293 0.0078125 0.019005847953216373
0.0 0.0009765625 0.39035087719298245 0.005859375 0.011695906432748537
0.0 0.01953125 0.44590643274853803 0.0068359375 0.011695906432748537
0.0 0.0126953125 0.4152046783625731 0.0068359375 0.01023391812865497
0.0 0.0 0.4926900584795322 0.00390625 0.01023391812865497
0.0 0.1064453125 0.48391812865497075 0.0068359375 0.013157894736842105
0.0 0.1416015625 0.49853801169590645 0.0078125 0.013157894736842105
0.0 0.1494140625 0.44005847953216376 0.0068359375 0.011695906432748537
0.0 0.154296875 0.42105263157894735 0.005859375 0.01023391812865497
0.0 0.166015625 0.4108187134502924 0.005859375 0.011695906432748537
0.0 0.458984375 0.5102339181286549 0.0048828125 0.01023391812865497
0.0 0.5654296875 0.4269005847953216 0.0029296875 0.007309941520467836
0.0 0.5546875 0.42543859649122806 0.0029296875 0.005847953216374269
0.0 0.5439453125 0.4239766081871345 0.00390625 0.005847953216374269
0.0 0.5576171875 0.4342105263157895 0.00390625 0.007309941520467836
0.0 0.548828125 0.4342105263157895 0.0029296875 0.007309941520467836
0.0 0.5654296875 0.4371345029239766 0.0029296875 0.007309941520467836
0.0 0.5703125 0.46637426900584794 0.00390625 0.007309941520467836
0.0 0.5703125 0.45614035087719296 0.0048828125 0.008771929824561403
0.0 0.5732421875 0.4371345029239766 0.0048828125 0.008771929824561403
0.0 0.576171875 0.4269005847953216 0.00390625 0.0043859649122807015
0.0 0.609375 0.4298245614035088 0.00390625 0.005847953216374269
0.0 0.6220703125 0.45760233918128657 0.00390625 0.007309941520467836
0.0 0.6337890625 0.4590643274853801 0.0029296875 0.005847953216374269
0.0 0.615234375 0.4371345029239766 0.00390625 0.007309941520467836
0.0 0.6240234375 0.4327485380116959 0.00390625 0.005847953216374269
0.0 0.630859375 0.4327485380116959 0.00390625 0.005847953216374269
0.0 0.642578125 0.4415204678362573 0.0029296875 0.005847953216374269
0.0 0.6435546875 0.4605263157894737 0.00390625 0.007309941520467836
0.0 0.62109375 0.44005847953216376 0.00390625 0.005847953216374269
0.0 0.6669921875 0.49122807017543857 0.00390625 0.007309941520467836
0.0 0.6767578125 0.49415204678362573 0.0048828125 0.007309941520467836
0.0 0.673828125 0.4824561403508772 0.00390625 0.007309941520467836
0.0 0.673828125 0.43567251461988304 0.00390625 0.005847953216374269
0.0 0.66796875 0.44298245614035087 0.0029296875 0.005847953216374269
0.0 0.6630859375 0.4371345029239766 0.00390625 0.005847953216374269
0.0 0.6396484375 0.43567251461988304 0.0029296875 0.0043859649122807015
0.0 0.7353515625 0.4722222222222222 0.00390625 0.007309941520467836
0.0 0.705078125 0.44883040935672514 0.0048828125 0.005847953216374269
0.0 0.9091796875 0.5131578947368421 0.0048828125 0.008771929824561403
0.0 0.9404296875 0.47076023391812866 0.00390625 0.008771929824561403
0.0 0.9609375 0.4649122807017544 0.00390625 0.007309941520467836
0.0 0.9580078125 0.489766081871345 0.0048828125 0.008771929824561403
0.0 0.9267578125 0.4853801169590643 0.00390625 0.008771929824561403
0.0 0.9775390625 0.4678362573099415 0.00390625 0.007309941520467836
0.0 0.9931640625 0.5 0.00390625 0.007309941520467836
0.0 0.951171875 0.5146198830409356 0.00390625 0.007309941520467836
0.0 0.919921875 0.5043859649122807 0.00390625 0.007309941520467836
0.0 0.8916015625 0.5307017543859649 0.0048828125 0.008771929824561403
0.0 0.994140625 0.5365497076023392 0.0048828125 0.01023391812865497
0.0 0.8369140625 0.49415204678362573 0.0048828125 0.011695906432748537
0.0 0.8076171875 0.5014619883040936 0.00390625 0.01023391812865497
0.0 0.7919921875 0.554093567251462 0.00390625 0.007309941520467836
0.0 0.7705078125 0.5526315789473685 0.0048828125 0.01023391812865497
0.0 0.7412109375 0.5526315789473685 0.0048828125 0.01023391812865497
0.0 0.734375 0.5511695906432749 0.00390625 0.007309941520467836
0.0 0.732421875 0.5263157894736842 0.00390625 0.01023391812865497
0.0 0.7646484375 0.49853801169590645 0.00390625 0.007309941520467836
0.0 0.76171875 0.489766081871345 0.00390625 0.007309941520467836
0.0 0.7197265625 0.48099415204678364 0.0048828125 0.008771929824561403
0.0 0.7412109375 0.5029239766081871 0.0048828125 0.008771929824561403
0.0 0.5859375 0.4692982456140351 0.005859375 0.011695906432748537
0.0 0.556640625 0.4649122807017544 0.005859375 0.011695906432748537
0.0 0.66796875 0.47514619883040937 0.0048828125 0.008771929824561403
0.0 0.67578125 0.4517543859649123 0.005859375 0.011695906432748537
0.0 0.68359375 0.5175438596491229 0.0078125 0.017543859649122806
0.0 0.63671875 0.4415204678362573 0.0029296875 0.005847953216374269
0.0 0.529296875 0.43859649122807015 0.0078125 0.011695906432748537
0.0 0.49609375 0.44298245614035087 0.00390625 0.007309941520467836
0.0 0.5380859375 0.5730994152046783 0.0048828125 0.01023391812865497
0.0 0.544921875 0.533625730994152 0.00390625 0.007309941520467836
0.0 0.5537109375 0.5116959064327485 0.00390625 0.008771929824561403
0.0 0.5537109375 0.489766081871345 0.00390625 0.007309941520467836
0.0 0.5380859375 0.5014619883040936 0.0048828125 0.008771929824561403
0.0 0.5419921875 0.4868421052631579 0.0048828125 0.01023391812865497
0.0 0.984375 0.42543859649122806 0.00390625 0.008771929824561403
0.0 0.9921875 0.43859649122807015 0.005859375 0.008771929824561403
0.0 0.984375 0.44590643274853803 0.005859375 0.01023391812865497
0.0 0.955078125 0.44883040935672514 0.0048828125 0.01023391812865497
0.0 0.978515625 0.4371345029239766 0.005859375 0.008771929824561403
0.0 0.970703125 0.4283625730994152 0.0048828125 0.01023391812865497
0.0 0.9931640625 0.40058479532163743 0.00390625 0.008771929824561403
0.0 0.986328125 0.4166666666666667 0.0048828125 0.008771929824561403
0.0 0.9755859375 0.4195906432748538 0.0048828125 0.008771929824561403
0.0 0.015625 0.5350877192982456 0.0078125 0.014619883040935672
0.0 0.0 0.47514619883040937 0.0048828125 0.013157894736842105
