0.0 0.02294921875 0.05439642324888227 0.0166015625 0.037257824143070044
0.0 0.0078125 0.10059612518628912 0.015625 0.043219076005961254
0.0 0.06005859375 0.13487332339791355 0.0283203125 0.05514157973174367
0.0 0.083984375 0.13561847988077497 0.01953125 0.041728763040238454
0.0 0.048828125 0.030551415797317436 0.017578125 0.03129657228017884
0.0 0.025390625 0.01788375558867362 0.013671875 0.02384500745156483
0.0 0.08642578125 0.04694485842026826 0.0205078125 0.046199701937406856
0.0 0.12939453125 0.05365126676602087 0.0205078125 0.041728763040238454
0.0 0.154296875 0.03427719821162444 0.017578125 0.03278688524590164
0.0 0.16015625 0.10879284649776454 0.025390625 0.04769001490312966
0.0 0.19580078125 0.04843517138599106 0.0146484375 0.037257824143070044
0.0 0.2041015625 0.02533532041728763 0.013671875 0.03278688524590164
0.0 0.2314453125 0.12444113263785395 0.0234375 0.040238450074515646
0.0 0.25048828125 0.030551415797317436 0.0146484375 0.03427719821162444
0.0 0.2646484375 0.05812220566318927 0.01953125 0.044709388971684055
0.0 0.296875 0.02384500745156483 0.01953125 0.03576751117734724
0.0 0.330078125 0.018628912071535022 0.015625 0.03129657228017884
0.0 0.32958984375 0.046199701937406856 0.0224609375 0.041728763040238454
0.0 0.3642578125 0.04918032786885246 0.021484375 0.038748137108792845
0.0 0.3583984375 0.08420268256333831 0.017578125 0.03427719821162444
0.0 0.29931640625 0.08867362146050671 0.0146484375 0.02533532041728763
0.0 0.310546875 0.12369597615499255 0.021484375 0.041728763040238454
0.0 0.29150390625 0.1736214605067064 0.0185546875 0.037257824143070044
0.0 0.1171875 0.10730253353204174 0.021484375 0.038748137108792845
0.0 0.1357421875 0.11624441132637854 0.015625 0.044709388971684055
0.0 0.1884765625 0.17883755588673622 0.0234375 0.041728763040238454
0.0 0.11083984375 0.19299552906110284 0.0185546875 0.040238450074515646
0.0 0.09228515625 0.169150521609538 0.0185546875 0.03129657228017884
0.0 0.05224609375 0.2444113263785395 0.0224609375 0.05961251862891207
0.0 0.11279296875 0.2555886736214605 0.0263671875 0.06110283159463487
0.0 0.0263671875 0.3174366616989568 0.029296875 0.06557377049180328
0.0 0.00830078125 0.3479880774962742 0.0166015625 0.08494783904619971
0.0 0.07275390625 0.38077496274217587 0.0224609375 0.05812220566318927
0.0 0.0859375 0.35991058122205666 0.01953125 0.043219076005961254
0.0 0.03369140625 0.4858420268256334 0.0302734375 0.07749627421758569
0.0 0.07080078125 0.44113263785394935 0.0283203125 0.05663189269746647
0.0 0.125 0.3867362146050671 0.025390625 0.06110283159463487
0.0 0.13232421875 0.3435171385991058 0.0205078125 0.04918032786885246
0.0 0.18017578125 0.32786885245901637 0.0244140625 0.04769001490312966
0.0 0.169921875 0.22280178837555886 0.02734375 0.05812220566318927
0.0 0.1796875 0.2809239940387481 0.0234375 0.046199701937406856
0.0 0.23388671875 0.27645305514157975 0.0283203125 0.06408345752608048
0.0 0.22607421875 0.4180327868852459 0.0302734375 0.06408345752608048
0.0 0.1611328125 0.43889716840536513 0.025390625 0.06110283159463487
0.0 0.19189453125 0.5156482861400894 0.0283203125 0.05961251862891207
0.0 0.15380859375 0.5618479880774963 0.0341796875 0.08047690014903129
0.0 0.12109375 0.4932935916542474 0.029296875 0.06855439642324888
0.0 0.25390625 0.4918032786885246 0.033203125 0.07451564828614009
0.0 0.23681640625 0.37630402384500744 0.0244140625 0.05514157973174367
0.0 0.27978515625 0.34873323397913564 0.0263671875 0.06259314456035768
0.0 0.2802734375 0.26453055141579734 0.02734375 0.05514157973174367
0.0 0.23388671875 0.18032786885245902 0.0166015625 0.038748137108792845
0.0 0.26953125 0.16989567809239942 0.017578125 0.03576751117734724
0.0 0.3291015625 0.19001490312965721 0.025390625 0.04918032786885246
0.0 0.365234375 0.1661698956780924 0.02734375 0.046199701937406856
0.0 0.353515625 0.14307004470938897 0.017578125 0.03576751117734724
0.0 0.37646484375 0.12518628912071536 0.0166015625 0.041728763040238454
0.0 0.40380859375 0.15350223546944858 0.0244140625 0.04769001490312966
0.0 0.41845703125 0.13561847988077497 0.0205078125 0.04769001490312966
0.0 0.42822265625 0.09612518628912071 0.0166015625 0.037257824143070044
0.0 0.45458984375 0.09687034277198212 0.0224609375 0.044709388971684055
0.0 0.4755859375 0.08941877794336811 0.017578125 0.044709388971684055
0.0 0.41552734375 0.041728763040238454 0.0166015625 0.03278688524590164
0.0 0.40234375 0.021609538002980627 0.017578125 0.043219076005961254
0.0 0.4267578125 0.022354694485842028 0.01171875 0.029806259314456036
0.0 0.447265625 0.019374068554396422 0.01953125 0.038748137108792845
0.0 0.5078125 0.028315946348733235 0.01953125 0.03576751117734724
0.0 0.5048828125 0.07228017883755589 0.015625 0.040238450074515646
0.0 0.50146484375 0.12146050670640834 0.0224609375 0.03129657228017884
0.0 0.51025390625 0.1661698956780924 0.0244140625 0.046199701937406856
0.0 0.552734375 0.06110283159463487 0.021484375 0.05663189269746647
0.0 0.57958984375 0.10208643815201192 0.0146484375 0.03427719821162444
0.0 0.5400390625 0.17585692995529062 0.01953125 0.02384500745156483
0.0 0.560546875 0.15797317436661698 0.0234375 0.05961251862891207
0.0 0.5244140625 0.2436661698956781 0.021484375 0.04918032786885246
0.0 0.560546875 0.2518628912071535 0.02734375 0.05663189269746647
0.0 0.5517578125 0.3107302533532042 0.02734375 0.05514157973174367
0.0 0.5146484375 0.3561847988077496 0.025390625 0.05663189269746647
0.0 0.49853515625 0.2690014903129657 0.0205078125 0.037257824143070044
0.0 0.4892578125 0.28539493293591656 0.017578125 0.043219076005961254
0.0 0.47021484375 0.28986587183308493 0.0263671875 0.04918032786885246
0.0 0.35498046875 0.2496274217585693 0.0302734375 0.05514157973174367
0.0 0.40625 0.3241430700447094 0.025390625 0.05216095380029806
0.0 0.3193359375 0.3144560357675112 0.02734375 0.05067064083457526
0.0 0.35400390625 0.39344262295081966 0.0224609375 0.041728763040238454
0.0 0.349609375 0.44411326378539495 0.029296875 0.06259314456035768
0.0 0.302734375 0.47093889716840537 0.03125 0.05663189269746647
0.0 0.2431640625 0.5782414307004471 0.0234375 0.04769001490312966
0.0 0.46533203125 0.3442622950819672 0.0263671875 0.05663189269746647
0.0 0.5185546875 0.4113263785394933 0.0234375 0.06259314456035768
0.0 0.4951171875 0.4247391952309985 0.03515625 0.06557377049180328
0.0 0.48779296875 0.53725782414307 0.0322265625 0.08196721311475409
0.0 0.5205078125 0.6043219076005961 0.041015625 0.10879284649776454
0.0 0.412109375 0.39418777943368105 0.029296875 0.05812220566318927
0.0 0.4384765625 0.42995529061102833 0.03125 0.06408345752608048
0.0 0.5966796875 0.021609538002980627 0.013671875 0.02533532041728763
0.0 0.61474609375 0.043219076005961254 0.0126953125 0.029806259314456036
0.0 0.640625 0.040983606557377046 0.01953125 0.040238450074515646
0.0 0.6494140625 0.12667660208643816 0.017578125 0.03278688524590164
0.0 0.66259765625 0.09388971684053651 0.0146484375 0.044709388971684055
0.0 0.68994140625 0.14232488822652756 0.0185546875 0.03427719821162444
0.0 0.7060546875 0.10208643815201192 0.017578125 0.03427719821162444
0.0 0.7158203125 0.06557377049180328 0.017578125 0.03278688524590164
0.0 0.75390625 0.05886736214605067 0.017578125 0.040238450074515646
0.0 0.78759765625 0.012667660208643815 0.0146484375 0.02533532041728763
0.0 0.7060546875 0.00819672131147541 0.009765625 0.01639344262295082
0.0 0.8203125 0.029061102831594635 0.013671875 0.03129657228017884
0.0 0.853515625 0.03576751117734724 0.013671875 0.029806259314456036
0.0 0.8798828125 0.041728763040238454 0.009765625 0.020864381520119227
0.0 0.90283203125 0.03427719821162444 0.0126953125 0.029806259314456036
0.0 0.90185546875 0.06408345752608048 0.0166015625 0.029806259314456036
0.0 0.91357421875 0.09239940387481371 0.0146484375 0.029806259314456036
0.0 0.93603515625 0.07898658718330849 0.0146484375 0.026825633383010434
0.0 0.9267578125 0.03278688524590164 0.013671875 0.026825633383010434
0.0 0.97509765625 0.041728763040238454 0.0146484375 0.03278688524590164
0.0 0.98388671875 0.13263785394932937 0.0146484375 0.026825633383010434
0.0 0.935546875 0.13710879284649777 0.015625 0.03576751117734724
0.0 0.8701171875 0.10655737704918032 0.01953125 0.03427719821162444
0.0 0.86376953125 0.1527570789865872 0.0244140625 0.046199701937406856
0.0 0.83056640625 0.11624441132637854 0.0205078125 0.044709388971684055
0.0 0.83544921875 0.1751117734724292 0.0185546875 0.040238450074515646
0.0 0.7939453125 0.16840536512667661 0.017578125 0.044709388971684055
0.0 0.732421875 0.1557377049180328 0.021484375 0.043219076005961254
0.0 0.68115234375 0.18479880774962743 0.0224609375 0.03576751117734724
0.0 0.64453125 0.18181818181818182 0.021484375 0.04769001490312966
0.0 0.609375 0.19672131147540983 0.01953125 0.041728763040238454
0.0 0.6376953125 0.23472429210134127 0.01953125 0.040238450074515646
0.0 0.60595703125 0.3464977645305514 0.0205078125 0.05514157973174367
0.0 0.6904296875 0.2667660208643815 0.0234375 0.04769001490312966
0.0 0.80712890625 0.21833084947839046 0.0185546875 0.043219076005961254
0.0 0.82470703125 0.27123695976154993 0.0166015625 0.038748137108792845
0.0 0.8408203125 0.23845007451564829 0.017578125 0.038748137108792845
0.0 0.85888671875 0.20193740685543965 0.0126953125 0.03427719821162444
0.0 0.8828125 0.19150521609538004 0.013671875 0.02533532041728763
0.0 0.88623046875 0.23323397913561847 0.0166015625 0.037257824143070044
0.0 0.85986328125 0.2630402384500745 0.0205078125 0.043219076005961254
0.0 0.8671875 0.3256333830104322 0.0234375 0.040238450074515646
0.0 0.90185546875 0.2660208643815201 0.0205078125 0.043219076005961254
0.0 0.91015625 0.31594634873323396 0.017578125 0.03576751117734724
0.0 0.90380859375 0.3539493293591654 0.0244140625 0.04918032786885246
0.0 0.96728515625 0.1810730253353204 0.0166015625 0.040238450074515646
0.0 0.9921875 0.20268256333830104 0.01171875 0.026825633383010434
0.0 0.9833984375 0.22429210134128166 0.015625 0.03129657228017884
0.0 0.9912109375 0.28614008941877794 0.013671875 0.03576751117734724
0.0 0.99560546875 0.3464977645305514 0.0087890625 0.040238450074515646
0.0 0.962890625 0.36363636363636365 0.0234375 0.04769001490312966
0.0 0.9384765625 0.4038748137108793 0.01953125 0.041728763040238454
0.0 0.916015625 0.45156482861400893 0.029296875 0.07153502235469449
0.0 0.87890625 0.45678092399403875 0.021484375 0.037257824143070044
0.0 0.88623046875 0.5 0.0263671875 0.05216095380029806
0.0 0.8837890625 0.5603576751117735 0.033203125 0.09538002980625931
0.0 0.89892578125 0.5670640834575261 0.0185546875 0.06706408345752608
0.0 0.9619140625 0.5670640834575261 0.037109375 0.08196721311475409
0.0 0.97509765625 0.5909090909090909 0.0185546875 0.06110283159463487
0.0 0.99365234375 0.5707898658718331 0.0107421875 0.06855439642324888
0.0 0.97216796875 0.47168405365126675 0.0224609375 0.046199701937406856
0.0 0.99169921875 0.4992548435171386 0.0166015625 0.04769001490312966
0.0 0.802734375 0.3241430700447094 0.01953125 0.03427719821162444
0.0 0.822265625 0.35767511177347244 0.01953125 0.05067064083457526
0.0 0.6865234375 0.3166915052160954 0.021484375 0.043219076005961254
0.0 0.671875 0.3301043219076006 0.01953125 0.037257824143070044
0.0 0.66796875 0.4098360655737705 0.033203125 0.07153502235469449
0.0 0.7373046875 0.353204172876304 0.0234375 0.05365126676602087
0.0 0.76806640625 0.3979135618479881 0.0283203125 0.06259314456035768
0.0 0.76171875 0.4165424739195231 0.029296875 0.05812220566318927
0.0 0.8095703125 0.4083457526080477 0.02734375 0.05365126676602087
0.0 0.79150390625 0.3621460506706408 0.0244140625 0.05067064083457526
0.0 0.5810546875 0.5983606557377049 0.041015625 0.09090909090909091
0.0 0.60546875 0.5603576751117735 0.029296875 0.07153502235469449
0.0 0.658203125 0.5454545454545454 0.04296875 0.11326378539493294
0.0 0.69189453125 0.5409836065573771 0.0400390625 0.09239940387481371
0.0 0.71533203125 0.5611028315946349 0.0263671875 0.07898658718330849
0.0 0.73388671875 0.5856929955290611 0.0283203125 0.05663189269746647
0.0 0.81103515625 0.6162444113263785 0.0419921875 0.10283159463487332
0.0 0.85302734375 0.6162444113263785 0.0322265625 0.08196721311475409
0.0 0.91015625 0.6408345752608048 0.033203125 0.08345752608047691
0.0 0.3955078125 0.5819672131147541 0.04296875 0.10581222056631892
0.0 0.30322265625 0.6378539493293591 0.0458984375 0.10134128166915052
0.0 0.2255859375 0.6706408345752608 0.044921875 0.08047690014903129
0.0 0.06201171875 0.6572280178837556 0.0361328125 0.08643815201192251
