0.0 0.1484375 0.20644216691068815 0.04296875 0.07613469985358712
0.0 0.2490234375 0.15080527086383602 0.0419921875 0.08052708638360176
0.0 0.35546875 0.1390922401171303 0.037109375 0.07320644216691069
0.0 0.48046875 0.10248901903367497 0.0390625 0.07027818448023426
0.0 0.5859375 0.12005856515373353 0.041015625 0.07174231332357248
0.0 0.6904296875 0.1273792093704246 0.0419921875 0.08638360175695461
0.0 0.818359375 0.1595900439238653 0.0390625 0.07759882869692533
0.0 0.6513671875 0.38653001464128844 0.037109375 0.07906295754026355
0.0 0.5634765625 0.34699853587115664 0.044921875 0.0746705710102489
0.0 0.478515625 0.33821376281112736 0.0400390625 0.07174231332357248
0.0 0.3642578125 0.3396778916544656 0.0419921875 0.0849194729136164
0.0 0.28125 0.38799414348462663 0.037109375 0.07027818448023426
