0.0 0.04541015625 0.2239101717305152 0.0126953125 0.019815059445178335
0.0 0.111328125 0.2120211360634082 0.01171875 0.01453104359313078
0.0 0.0625 0.46499339498018494 0.015625 0.026420079260237782
0.0 0.08349609375 0.4418758256274769 0.0146484375 0.022457067371202115
0.0 0.048828125 0.5132100396301189 0.015625 0.02774108322324967
0.0 0.17822265625 0.44583883751651254 0.0146484375 0.02774108322324967
0.0 0.19580078125 0.4610303830911493 0.0185546875 0.031704095112285335
0.0 0.15869140625 0.4914134742404227 0.0185546875 0.026420079260237782
0.0 0.13623046875 0.512549537648613 0.0185546875 0.031704095112285335
0.0 0.1142578125 0.4676354029062087 0.015625 0.021136063408190225
0.0 0.06591796875 0.5568031704095112 0.0185546875 0.02774108322324967
0.0 0.0830078125 0.5449141347424042 0.01953125 0.02509907529722589
0.0 0.1484375 0.5435931307793923 0.017578125 0.03038309114927345
0.0 0.23876953125 0.35468956406869223 0.0185546875 0.02774108322324967
0.0 0.3818359375 0.4630118890356671 0.0234375 0.03302509907529723
0.0 0.45751953125 0.4002642007926024 0.0205078125 0.03963011889035667
0.0 0.5478515625 0.38110964332893 0.025390625 0.03830911492734478
0.0 0.47998046875 0.583223249669749 0.0185546875 0.035667107001321
0.0 0.4970703125 0.5739762219286658 0.021484375 0.03830911492734478
0.0 0.3447265625 0.5845442536327609 0.0234375 0.03830911492734478
0.0 0.19580078125 0.6043593130779392 0.0185546875 0.03038309114927345
0.0 0.70361328125 0.10435931307793923 0.0166015625 0.026420079260237782
0.0 0.5595703125 0.17173051519154559 0.017578125 0.02906208718626156
0.0 0.7841796875 0.13870541611624834 0.01953125 0.021136063408190225
0.0 0.89111328125 0.21466314398943198 0.0166015625 0.02509907529722589
0.0 0.76318359375 0.22324966974900926 0.0166015625 0.026420079260237782
0.0 0.671875 0.452443857331572 0.021484375 0.035667107001321
0.0 0.66015625 0.4385733157199472 0.021484375 0.031704095112285335
0.0 0.8251953125 0.42073976221928666 0.021484375 0.03038309114927345
0.0 0.8681640625 0.4081902245706737 0.025390625 0.031704095112285335
0.0 0.88916015625 0.40752972258916775 0.0224609375 0.03038309114927345
0.0 0.96533203125 0.4478203434610304 0.0244140625 0.031704095112285335
0.0 0.99072265625 0.47886393659180976 0.0185546875 0.03038309114927345
0.0 0.8916015625 0.3143989431968296 0.013671875 0.023778071334214
0.0 0.8701171875 0.49735799207397624 0.0234375 0.035667107001321
0.0 0.876953125 0.5548216644649934 0.0234375 0.04227212681638045
0.0 0.767578125 0.5303830911492734 0.021484375 0.03830911492734478
0.0 0.76904296875 0.726552179656539 0.0263671875 0.047556142668428
0.0 0.67919921875 0.5237780713342141 0.0205078125 0.035667107001321
0.0 0.62890625 0.5667107001321003 0.0234375 0.036988110964332896
0.0 0.572265625 0.618229854689564 0.021484375 0.031704095112285335
0.0 0.57958984375 0.5468956406869221 0.0205078125 0.031704095112285335
0.0 0.51708984375 0.6651254953764861 0.0224609375 0.03830911492734478
0.0 0.482421875 0.6208718626155878 0.017578125 0.02906208718626156
0.0 0.43896484375 0.6849405548216645 0.0205078125 0.03302509907529723
0.0 0.4140625 0.619550858652576 0.021484375 0.034346103038309116
0.0 0.357421875 0.6400264200792602 0.021484375 0.03302509907529723
0.0 0.32958984375 0.6591809775429326 0.0185546875 0.034346103038309116
0.0 0.275390625 0.6743725231175693 0.0234375 0.03830911492734478
0.0 0.2958984375 0.631439894319683 0.0234375 0.036988110964332896
0.0 0.23046875 0.7219286657859973 0.021484375 0.03830911492734478
0.0 0.1669921875 0.714663143989432 0.01953125 0.031704095112285335
0.0 0.14013671875 0.7483487450462352 0.0224609375 0.03830911492734478
0.0 0.11376953125 0.6565389696169088 0.0205078125 0.036988110964332896
0.0 0.1318359375 0.6281373844121533 0.017578125 0.035667107001321
0.0 0.08154296875 0.6287978863936592 0.0205078125 0.034346103038309116
0.0 0.04638671875 0.6697490092470277 0.0205078125 0.02906208718626156
0.0 0.06689453125 0.7080581241743725 0.0205078125 0.031704095112285335
0.0 0.0205078125 0.7542932628797886 0.0234375 0.03963011889035667
0.0 0.0107421875 0.6664464993394981 0.017578125 0.03038309114927345
0.0 0.2431640625 0.6393659180977543 0.017578125 0.031704095112285335
0.0 0.02001953125 0.5310435931307794 0.0146484375 0.018494055482166448
0.0 0.7041015625 0.3058124174372523 0.013671875 0.022457067371202115
0.0 0.65283203125 0.08718626155878467 0.0126953125 0.023778071334214
0.0 0.6826171875 0.32100396301188905 0.013671875 0.023778071334214
