0.0 0.48193359375 0.4890190336749634 0.0283203125 0.055636896046852125
0.0 0.32763671875 0.2547584187408492 0.0068359375 0.01171303074670571
0.0 0.0361328125 0.6390922401171303 0.025390625 0.048316251830161056
0.0 0.1982421875 0.5314787701317716 0.02734375 0.06149341142020498
0.0 0.27587890625 0.6295754026354319 0.0244140625 0.0527086383601757
0.0 0.37646484375 0.5241581259150805 0.0244140625 0.0527086383601757
0.0 0.560546875 0.5373352855051244 0.025390625 0.04978038067349927
0.0 0.6484375 0.5666178623718887 0.02734375 0.055636896046852125
0.0 0.70556640625 0.5241581259150805 0.0283203125 0.055636896046852125
0.0 0.7724609375 0.5161054172767203 0.029296875 0.05417276720351391
0.0 0.84423828125 0.5117130307467057 0.0263671875 0.048316251830161056
0.0 0.990234375 0.7254758418740849 0.017578125 0.0424597364568082
0.0 0.83056640625 0.2240117130307467 0.0048828125 0.008784773060029283
