0.0 0.0458984375 0.13802083333333334 0.0126953125 0.029947916666666668
0.0 0.0576171875 0.057291666666666664 0.0126953125 0.029947916666666668
0.0 0.0615234375 0.08723958333333333 0.037109375 0.059895833333333336
0.0 0.111328125 0.109375 0.0341796875 0.046875
0.0 0.1484375 0.07161458333333333 0.0341796875 0.057291666666666664
0.0 0.1826171875 0.059895833333333336 0.021484375 0.041666666666666664
0.0 0.201171875 0.08072916666666667 0.037109375 0.07161458333333333
0.0 0.2568359375 0.10416666666666667 0.0380859375 0.059895833333333336
0.0 0.30078125 0.08072916666666667 0.0458984375 0.08072916666666667
0.0 0.375 0.10677083333333333 0.046875 0.0859375
0.0 0.7919921875 0.10677083333333333 0.0830078125 0.1328125
0.0 0.6806640625 0.10807291666666667 0.0634765625 0.10677083333333333
0.0 0.5400390625 0.13151041666666666 0.0537109375 0.1015625
0.0 0.4580078125 0.10416666666666667 0.05078125 0.09505208333333333
