0.0 0.20166015625 0.5475260416666666 0.0302734375 0.04296875
0.0 0.26318359375 0.4720052083333333 0.0185546875 0.032552083333333336
0.0 0.29150390625 0.4915364583333333 0.0166015625 0.024739583333333332
0.0 0.30517578125 0.5279947916666666 0.0244140625 0.03515625
0.0 0.31298828125 0.6217447916666666 0.0244140625 0.040364583333333336
0.0 0.33984375 0.5 0.013671875 0.028645833333333332
0.0 0.40625 0.4765625 0.017578125 0.033854166666666664
0.0 0.42236328125 0.634765625 0.0244140625 0.037760416666666664
0.0 0.451171875 0.474609375 0.017578125 0.032552083333333336
0.0 0.4970703125 0.4752604166666667 0.015625 0.03125
0.0 0.57470703125 0.4954427083333333 0.0185546875 0.029947916666666668
0.0 0.59423828125 0.5032552083333334 0.0166015625 0.029947916666666668
0.0 0.63720703125 0.4908854166666667 0.0166015625 0.028645833333333332
0.0 0.66162109375 0.50390625 0.0146484375 0.026041666666666668
0.0 0.69580078125 0.48046875 0.0166015625 0.03125
0.0 0.54541015625 0.626953125 0.0205078125 0.037760416666666664
0.0 0.63623046875 0.646484375 0.0244140625 0.040364583333333336
0.0 0.71240234375 0.6451822916666666 0.0224609375 0.03515625
0.0 0.78271484375 0.6484375 0.0205078125 0.036458333333333336
0.0 0.85400390625 0.5240885416666666 0.0146484375 0.024739583333333332
0.0 0.0537109375 0.583984375 0.017578125 0.016927083333333332
