0.0 0.13818359375 0.47569955817378495 0.0478515625 0.09720176730486009
0.0 0.1982421875 0.5257731958762887 0.03125 0.06480117820324006
0.0 0.11962890625 0.6796759941089838 0.0517578125 0.09572901325478646
0.0 0.140625 0.7687776141384389 0.052734375 0.10014727540500737
0.0 0.1328125 0.8313696612665685 0.03515625 0.07511045655375552
0.0 0.20703125 0.8291605301914581 0.046875 0.11487481590574374
0.0 0.32177734375 0.6848306332842415 0.0439453125 0.07658321060382917
0.0 0.22412109375 0.6030927835051546 0.0302734375 0.101620029455081
0.0 0.29248046875 0.5390279823269514 0.0498046875 0.08247422680412371
0.0 0.30078125 0.27540500736377027 0.037109375 0.05891016200294551
0.0 0.36181640625 0.5810014727540501 0.0400390625 0.07511045655375552
0.0 0.39013671875 0.7268041237113402 0.0537109375 0.10456553755522828
0.0 0.46728515625 0.7695139911634757 0.0615234375 0.12812960235640647
0.0 0.51513671875 0.6023564064801178 0.0498046875 0.10309278350515463
0.0 0.55126953125 0.6840942562592047 0.0419921875 0.0780559646539028
0.0 0.58154296875 0.5927835051546392 0.0498046875 0.12223858615611193
0.0 0.60400390625 0.6450662739322534 0.0498046875 0.11487481590574374
0.0 0.68212890625 0.7179675994108984 0.0556640625 0.11045655375552282
0.0 0.70849609375 0.30927835051546393 0.0458984375 0.07658321060382917
0.0 0.65576171875 0.49263622974963184 0.0458984375 0.0780559646539028
0.0 0.72900390625 0.49705449189985274 0.0595703125 0.13107511045655376
0.0 0.7783203125 0.5949926362297496 0.048828125 0.11782032400589101
0.0 0.9892578125 0.24300441826215022 0.021484375 0.11192930780559647
0.0 0.90185546875 0.29455081001472755 0.0517578125 0.09720176730486009
0.0 0.95703125 0.6281296023564065 0.0546875 0.10456553755522828
0.0 0.93896484375 0.6642120765832106 0.0361328125 0.09720176730486009
0.0 0.9736328125 0.8954344624447718 0.048828125 0.10898379970544919
0.0 0.82763671875 0.8851251840942562 0.0537109375 0.12665684830633284
0.0 0.85595703125 0.6126656848306333 0.0517578125 0.11782032400589101
0.0 0.2705078125 0.8114874815905744 0.03125 0.10014727540500737
0.0 0.30615234375 0.12812960235640647 0.0322265625 0.055964653902798235
0.0 0.4306640625 0.6428571428571429 0.03515625 0.07511045655375552
0.0 0.14794921875 0.9418262150220913 0.0283203125 0.060382916053019146
0.0 0.6328125 0.8394698085419735 0.03515625 0.08247422680412371
