0.0 0.2841796875 0.2151394422310757 0.0341796875 0.05312084993359894
0.0 0.4169921875 0.2948207171314741 0.021484375 0.03718459495351926
0.0 0.40625 0.3293492695883134 0.0283203125 0.05312084993359894
0.0 0.4130859375 0.4196547144754316 0.0322265625 0.06374501992031872
0.0 0.47265625 0.36254980079681276 0.0166015625 0.029216467463479414
0.0 0.490234375 0.2775564409030544 0.0234375 0.0398406374501992
0.0 0.56640625 0.3665338645418327 0.0263671875 0.03851261620185923
0.0 0.5986328125 0.4196547144754316 0.0322265625 0.06374501992031872
0.0 0.64453125 0.2682602921646746 0.0302734375 0.04648074369189907
0.0 0.7587890625 0.40239043824701193 0.046875 0.08366533864541832
