0.0 0.05810546875 0.38872620790629575 0.0068359375 0.007320644216691069
0.0 0.15576171875 0.3766471449487555 0.0068359375 0.006588579795021962
0.0 0.330078125 0.3788433382137628 0.005859375 0.006588579795021962
0.0 0.435546875 0.4088579795021962 0.046875 0.050512445095168376
0.0 0.568359375 0.431185944363104 0.03515625 0.040995607613469986
0.0 0.552734375 0.4084919472913616 0.009765625 0.008784773060029283
0.0 0.68115234375 0.3726207906295754 0.0087890625 0.007320644216691069
0.0 0.80029296875 0.3733528550512445 0.0087890625 0.008784773060029283
0.0 0.76220703125 0.380307467057101 0.0068359375 0.006588579795021962
0.0 0.69970703125 0.4055636896046852 0.0068359375 0.005856515373352855
0.0 0.11376953125 0.37774524158125916 0.0068359375 0.005856515373352855
0.0 0.20751953125 0.383601756954612 0.0048828125 0.005856515373352855
0.0 0.8818359375 0.7214494875549048 0.10546875 0.1281112737920937
