0.0 0.0458984375 0.1044921875 0.0283203125 0.037109375
0.0 0.0615234375 0.056640625 0.02734375 0.02734375
0.0 0.0556640625 0.1728515625 0.0283203125 0.0419921875
0.0 0.0029296875 0.2490234375 0.0185546875 0.0419921875
0.0 0.0625 0.3134765625 0.01953125 0.0419921875
0.0 0.15625 0.1552734375 0.02734375 0.037109375
0.0 0.0361328125 0.4599609375 0.0283203125 0.0341796875
0.0 0.4423828125 0.203125 0.0595703125 0.14453125
0.0 0.1396484375 0.0830078125 0.0205078125 0.021484375
0.0 0.3310546875 0.091796875 0.0224609375 0.033203125
0.0 0.423828125 0.1015625 0.025390625 0.0400390625
0.0 0.4169921875 0.1416015625 0.0224609375 0.0380859375
0.0 0.4052734375 0.1025390625 0.0185546875 0.0283203125
0.0 0.3076171875 0.2197265625 0.0234375 0.03125
0.0 0.3056640625 0.0517578125 0.021484375 0.0263671875
0.0 0.47265625 0.1005859375 0.01953125 0.03515625
0.0 0.50390625 0.10546875 0.0205078125 0.0263671875
0.0 0.5390625 0.1220703125 0.0234375 0.0283203125
0.0 0.6328125 0.056640625 0.025390625 0.03125
0.0 0.74609375 0.0712890625 0.0283203125 0.037109375
0.0 0.8251953125 0.0859375 0.0263671875 0.033203125
0.0 0.685546875 0.208984375 0.0224609375 0.0390625
0.0 0.8671875 0.1103515625 0.029296875 0.033203125
0.0 0.966796875 0.0849609375 0.03125 0.0302734375
0.0 0.9755859375 0.04296875 0.0244140625 0.0322265625
0.0 0.1083984375 0.37890625 0.0263671875 0.0400390625
0.0 0.2412109375 0.3935546875 0.0234375 0.037109375
0.0 0.353515625 0.3017578125 0.0244140625 0.03515625
0.0 0.1708984375 0.51171875 0.029296875 0.037109375
0.0 0.3076171875 0.5029296875 0.03125 0.0458984375
0.0 0.380859375 0.2626953125 0.0234375 0.0322265625
0.0 0.435546875 0.3720703125 0.0302734375 0.0283203125
0.0 0.025390625 0.5283203125 0.0322265625 0.0458984375
0.0 0.0859375 0.6044921875 0.0302734375 0.0419921875
0.0 0.1376953125 0.66796875 0.01953125 0.0439453125
0.0 0.1572265625 0.595703125 0.0234375 0.0458984375
0.0 0.2119140625 0.6123046875 0.0302734375 0.041015625
0.0 0.1962890625 0.6689453125 0.03515625 0.0390625
0.0 0.259765625 0.736328125 0.0263671875 0.0458984375
0.0 0.2958984375 0.8193359375 0.0341796875 0.0458984375
0.0 0.0322265625 0.765625 0.0302734375 0.0498046875
0.0 0.3037109375 0.58203125 0.033203125 0.048828125
0.0 0.4150390625 0.55078125 0.0205078125 0.0400390625
0.0 0.451171875 0.5380859375 0.02734375 0.0419921875
0.0 0.029296875 0.8427734375 0.0263671875 0.0419921875
0.0 0.1298828125 0.8583984375 0.0302734375 0.03515625
0.0 0.0029296875 0.94921875 0.0283203125 0.0419921875
0.0 0.1298828125 0.8984375 0.0302734375 0.046875
0.0 0.240234375 0.9365234375 0.029296875 0.0400390625
0.0 0.265625 0.9150390625 0.025390625 0.033203125
0.0 0.3896484375 0.919921875 0.0322265625 0.0322265625
0.0 0.4111328125 0.9697265625 0.0322265625 0.0302734375
0.0 0.4423828125 0.8671875 0.0263671875 0.03515625
0.0 0.7626953125 0.1513671875 0.0205078125 0.0361328125
0.0 0.921875 0.2080078125 0.029296875 0.0458984375
0.0 0.9375 0.3154296875 0.0234375 0.0341796875
0.0 0.86328125 0.3212890625 0.029296875 0.037109375
0.0 0.642578125 0.2685546875 0.021484375 0.0419921875
0.0 0.748046875 0.45703125 0.02734375 0.037109375
0.0 0.796875 0.3896484375 0.0341796875 0.044921875
0.0 0.828125 0.505859375 0.0283203125 0.0361328125
0.0 0.8271484375 0.4765625 0.0283203125 0.0185546875
0.0 0.9033203125 0.4248046875 0.0185546875 0.0380859375
0.0 0.9365234375 0.375 0.0185546875 0.03515625
0.0 0.84765625 0.5615234375 0.03515625 0.0439453125
0.0 0.94921875 0.5419921875 0.02734375 0.041015625
0.0 0.78515625 0.61328125 0.01953125 0.0263671875
0.0 0.775390625 0.6474609375 0.025390625 0.046875
0.0 0.7978515625 0.6591796875 0.0302734375 0.0458984375
0.0 0.8349609375 0.64453125 0.02734375 0.037109375
0.0 0.896484375 0.6806640625 0.0283203125 0.041015625
0.0 0.97265625 0.6201171875 0.0263671875 0.046875
0.0 0.716796875 0.658203125 0.025390625 0.04296875
0.0 0.861328125 0.8017578125 0.0302734375 0.0400390625
0.0 0.7626953125 0.8427734375 0.029296875 0.0361328125
0.0 0.8154296875 0.8984375 0.0302734375 0.04296875
0.0 0.849609375 0.943359375 0.0263671875 0.0400390625
0.0 0.9384765625 0.958984375 0.0341796875 0.0380859375
0.0 0.9287109375 0.9130859375 0.02734375 0.0205078125
0.0 0.9814453125 0.7412109375 0.017578125 0.03125
0.0 0.9599609375 0.8154296875 0.0224609375 0.0380859375
0.0 0.486328125 0.064453125 0.029296875 0.0341796875
