0.0 0.0302734375 0.07309941520467836 0.015625 0.038011695906432746
0.0 0.09228515625 0.01608187134502924 0.0166015625 0.029239766081871343
0.0 0.15625 0.012426900584795321 0.021484375 0.024853801169590642
0.0 0.205078125 0.016812865497076022 0.01953125 0.033625730994152045
0.0 0.24755859375 0.016812865497076022 0.0166015625 0.027777777777777776
0.0 0.0634765625 0.12719298245614036 0.01953125 0.04093567251461988
0.0 0.13525390625 0.17470760233918128 0.0205078125 0.03654970760233918
0.0 0.14111328125 0.08260233918128655 0.0185546875 0.03654970760233918
0.0 0.197265625 0.14546783625730994 0.017578125 0.03070175438596491
0.0 0.01416015625 0.1608187134502924 0.0146484375 0.03508771929824561
0.0 0.0556640625 0.29239766081871343 0.021484375 0.03216374269005848
0.0 0.126953125 0.2982456140350877 0.01953125 0.038011695906432746
0.0 0.19873046875 0.2807017543859649 0.0185546875 0.04093567251461988
0.0 0.1923828125 0.3369883040935672 0.017578125 0.03654970760233918
0.0 0.123046875 0.3823099415204678 0.017578125 0.03654970760233918
0.0 0.0693359375 0.37792397660818716 0.01953125 0.03654970760233918
0.0 0.25732421875 0.36403508771929827 0.0185546875 0.03216374269005848
0.0 0.0048828125 0.3603801169590643 0.009765625 0.033625730994152045
0.0 0.0380859375 0.44298245614035087 0.021484375 0.038011695906432746
0.0 0.109375 0.44590643274853803 0.021484375 0.038011695906432746
0.0 0.177734375 0.4466374269005848 0.01953125 0.033625730994152045
0.0 0.2490234375 0.4378654970760234 0.021484375 0.039473684210526314
0.0 0.0390625 0.5233918128654971 0.015625 0.02631578947368421
0.0 0.11181640625 0.5869883040935673 0.0205078125 0.03654970760233918
0.0 0.1787109375 0.5855263157894737 0.01953125 0.03654970760233918
0.0 0.23486328125 0.5891812865497076 0.0185546875 0.03216374269005848
0.0 0.2509765625 0.5138888888888888 0.021484375 0.033625730994152045
0.0 0.01123046875 0.5972222222222222 0.0185546875 0.03070175438596491
0.0 0.03955078125 0.6871345029239766 0.0185546875 0.03216374269005848
0.0 0.0439453125 0.7383040935672515 0.021484375 0.03508771929824561
0.0 0.01904296875 0.8991228070175439 0.0205078125 0.02631578947368421
0.0 0.0849609375 0.8326023391812866 0.015625 0.03654970760233918
0.0 0.13623046875 0.6695906432748538 0.0146484375 0.029239766081871343
0.0 0.14794921875 0.75 0.0205078125 0.038011695906432746
0.0 0.16552734375 0.6681286549707602 0.0185546875 0.038011695906432746
0.0 0.1669921875 0.8187134502923976 0.021484375 0.043859649122807015
0.0 0.234375 0.8983918128654971 0.01953125 0.03654970760233918
0.0 0.23046875 0.8011695906432749 0.01953125 0.038011695906432746
0.0 0.228515625 0.7441520467836257 0.0234375 0.038011695906432746
0.0 0.24609375 0.7200292397660819 0.015625 0.033625730994152045
0.0 0.27490234375 0.8450292397660819 0.0185546875 0.03508771929824561
0.0 0.0732421875 0.9400584795321637 0.01953125 0.029239766081871343
0.0 0.06396484375 0.9809941520467836 0.0185546875 0.03216374269005848
0.0 0.22265625 0.9904970760233918 0.01953125 0.013157894736842105
0.0 0.2861328125 0.9166666666666666 0.01953125 0.03508771929824561
0.0 0.3203125 0.9802631578947368 0.017578125 0.033625730994152045
0.0 0.35009765625 0.9875730994152047 0.0185546875 0.01608187134502924
0.0 0.3486328125 0.03654970760233918 0.017578125 0.02631578947368421
0.0 0.4150390625 0.007309941520467836 0.01953125 0.011695906432748537
0.0 0.4677734375 0.010964912280701754 0.01953125 0.019005847953216373
0.0 0.33447265625 0.14108187134502925 0.0185546875 0.033625730994152045
0.0 0.4697265625 0.1301169590643275 0.01953125 0.03508771929824561
0.0 0.482421875 0.1023391812865497 0.01171875 0.03216374269005848
0.0 0.458984375 0.2273391812865497 0.01953125 0.033625730994152045
0.0 0.39892578125 0.2054093567251462 0.0185546875 0.03070175438596491
0.0 0.3251953125 0.23538011695906433 0.017578125 0.029239766081871343
0.0 0.328125 0.3538011695906433 0.017578125 0.03216374269005848
0.0 0.3232421875 0.4378654970760234 0.021484375 0.039473684210526314
0.0 0.31787109375 0.5087719298245614 0.0224609375 0.03508771929824561
0.0 0.32666015625 0.5891812865497076 0.0205078125 0.03508771929824561
0.0 0.3759765625 0.5942982456140351 0.021484375 0.033625730994152045
0.0 0.3994140625 0.5190058479532164 0.01953125 0.03508771929824561
0.0 0.40673828125 0.41885964912280704 0.0205078125 0.03654970760233918
0.0 0.48388671875 0.5087719298245614 0.0205078125 0.03508771929824561
0.0 0.46484375 0.3530701754385965 0.017578125 0.03654970760233918
0.0 0.505859375 0.42105263157894735 0.01953125 0.03508771929824561
0.0 0.5439453125 0.3442982456140351 0.017578125 0.033625730994152045
0.0 0.5859375 0.4371345029239766 0.01953125 0.03508771929824561
0.0 0.5634765625 0.5899122807017544 0.017578125 0.03654970760233918
0.0 0.494140625 0.6447368421052632 0.01953125 0.04093567251461988
0.0 0.44384765625 0.6564327485380117 0.0205078125 0.03508771929824561
0.0 0.3212890625 0.6900584795321637 0.01953125 0.03508771929824561
0.0 0.32275390625 0.7653508771929824 0.0126953125 0.03070175438596491
0.0 0.35986328125 0.8238304093567251 0.0205078125 0.033625730994152045
0.0 0.37451171875 0.9195906432748538 0.0205078125 0.03216374269005848
0.0 0.41162109375 0.8940058479532164 0.0185546875 0.04239766081871345
0.0 0.4326171875 0.827485380116959 0.01953125 0.03508771929824561
0.0 0.501953125 0.7119883040935673 0.017578125 0.04093567251461988
0.0 0.4970703125 0.8055555555555556 0.01953125 0.038011695906432746
0.0 0.5634765625 0.7478070175438597 0.017578125 0.03654970760233918
0.0 0.55908203125 0.810672514619883 0.0224609375 0.039473684210526314
0.0 0.5576171875 0.8757309941520468 0.01953125 0.038011695906432746
0.0 0.50439453125 0.9554093567251462 0.0205078125 0.03654970760233918
0.0 0.4228515625 0.9707602339181286 0.021484375 0.02631578947368421
0.0 0.5751953125 0.9824561403508771 0.01953125 0.03216374269005848
0.0 0.63720703125 0.9853801169590644 0.0185546875 0.023391812865497075
0.0 0.7607421875 0.01608187134502924 0.015625 0.029239766081871343
0.0 0.6162109375 0.06871345029239766 0.01953125 0.03216374269005848
0.0 0.7236328125 0.07309941520467836 0.01953125 0.02631578947368421
0.0 0.8125 0.08187134502923976 0.013671875 0.029239766081871343
0.0 0.677734375 0.14839181286549707 0.017578125 0.033625730994152045
0.0 0.65869140625 0.17105263157894737 0.0166015625 0.03508771929824561
0.0 0.65625 0.195906432748538 0.013671875 0.029239766081871343
0.0 0.7314453125 0.1615497076023392 0.013671875 0.03070175438596491
0.0 0.7412109375 0.21710526315789475 0.01953125 0.03654970760233918
0.0 0.54052734375 0.09502923976608187 0.0205078125 0.03508771929824561
0.0 0.54443359375 0.1652046783625731 0.0166015625 0.03216374269005848
0.0 0.53564453125 0.22295321637426901 0.0185546875 0.03070175438596491
0.0 0.5634765625 0.21783625730994152 0.01953125 0.03216374269005848
0.0 0.52490234375 0.2807017543859649 0.0205078125 0.03216374269005848
0.0 0.58935546875 0.25219298245614036 0.0166015625 0.03654970760233918
0.0 0.66650390625 0.26096491228070173 0.0205078125 0.03654970760233918
0.0 0.92822265625 0.03728070175438596 0.0146484375 0.021929824561403508
0.0 0.8603515625 0.07529239766081872 0.01953125 0.03654970760233918
0.0 0.87646484375 0.12134502923976608 0.0185546875 0.03508771929824561
0.0 0.94091796875 0.06652046783625731 0.0185546875 0.03070175438596491
0.0 0.9375 0.18640350877192982 0.017578125 0.03070175438596491
0.0 0.9833984375 0.07821637426900585 0.01953125 0.033625730994152045
0.0 0.99072265625 0.2222222222222222 0.0146484375 0.03216374269005848
0.0 0.80908203125 0.3033625730994152 0.0146484375 0.03070175438596491
0.0 0.861328125 0.29678362573099415 0.017578125 0.03216374269005848
0.0 0.87646484375 0.3084795321637427 0.0126953125 0.03216374269005848
0.0 0.87744140625 0.37207602339181284 0.0166015625 0.03070175438596491
0.0 0.916015625 0.364766081871345 0.01953125 0.033625730994152045
0.0 0.73095703125 0.3391812865497076 0.0205078125 0.02631578947368421
0.0 0.74462890625 0.42178362573099415 0.0205078125 0.03654970760233918
0.0 0.8095703125 0.4422514619883041 0.017578125 0.03654970760233918
0.0 0.85498046875 0.4407894736842105 0.0185546875 0.033625730994152045
0.0 0.9228515625 0.4108187134502924 0.01171875 0.03508771929824561
0.0 0.99365234375 0.3033625730994152 0.0107421875 0.03070175438596491
0.0 0.9912109375 0.4239766081871345 0.015625 0.03508771929824561
0.0 0.66552734375 0.4071637426900585 0.0185546875 0.039473684210526314
0.0 0.65576171875 0.5029239766081871 0.0166015625 0.02631578947368421
0.0 0.72509765625 0.52046783625731 0.0185546875 0.02631578947368421
0.0 0.7421875 0.5738304093567251 0.021484375 0.033625730994152045
0.0 0.6474609375 0.5789473684210527 0.021484375 0.03508771929824561
0.0 0.705078125 0.6732456140350878 0.013671875 0.03070175438596491
0.0 0.7958984375 0.4934210526315789 0.017578125 0.03070175438596491
0.0 0.78662109375 0.591374269005848 0.0185546875 0.033625730994152045
0.0 0.802734375 0.6630116959064327 0.01953125 0.03070175438596491
0.0 0.86962890625 0.5036549707602339 0.0205078125 0.03654970760233918
0.0 0.89892578125 0.6286549707602339 0.0205078125 0.03508771929824561
0.0 0.9384765625 0.5219298245614035 0.015625 0.03216374269005848
0.0 0.990234375 0.5730994152046783 0.015625 0.038011695906432746
0.0 0.98193359375 0.6366959064327485 0.0205078125 0.033625730994152045
0.0 0.6357421875 0.7653508771929824 0.017578125 0.033625730994152045
0.0 0.64306640625 0.8114035087719298 0.0205078125 0.03508771929824561
0.0 0.703125 0.8194444444444444 0.01953125 0.033625730994152045
0.0 0.6611328125 0.89546783625731 0.01171875 0.03070175438596491
0.0 0.69873046875 0.9502923976608187 0.0205078125 0.038011695906432746
0.0 0.71142578125 0.9203216374269005 0.0166015625 0.033625730994152045
0.0 0.77099609375 0.8940058479532164 0.0205078125 0.039473684210526314
0.0 0.78173828125 0.7850877192982456 0.0205078125 0.038011695906432746
0.0 0.8525390625 0.9802631578947368 0.01953125 0.03070175438596491
0.0 0.904296875 0.9495614035087719 0.017578125 0.039473684210526314
0.0 0.912109375 0.8983918128654971 0.01953125 0.039473684210526314
0.0 0.841796875 0.8918128654970761 0.025390625 0.05555555555555555
0.0 0.9267578125 0.7266081871345029 0.01953125 0.03508771929824561
0.0 0.97119140625 0.9685672514619883 0.0224609375 0.03070175438596491
0.0 0.78466796875 0.2982456140350877 0.0166015625 0.03216374269005848
0.0 0.74853515625 0.29385964912280704 0.0185546875 0.038011695906432746
0.0 0.86962890625 0.7573099415204678 0.0166015625 0.029239766081871343
0.0 0.58154296875 0.6571637426900585 0.0185546875 0.04239766081871345
0.0 0.3623046875 0.6710526315789473 0.01953125 0.03216374269005848
0.0 0.4296875 0.6557017543859649 0.017578125 0.03654970760233918
0.0 0.482421875 0.5906432748538012 0.01953125 0.029239766081871343
0.0 0.564453125 0.5314327485380117 0.017578125 0.033625730994152045
0.0 0.09375 0.77046783625731 0.01953125 0.03216374269005848
0.0 0.1298828125 0.9342105263157895 0.01953125 0.04678362573099415
0.0 0.6162109375 0.38669590643274854 0.017578125 0.03654970760233918
0.0 0.01708984375 0.8326023391812866 0.0205078125 0.03654970760233918
