0.0 0.4794921875 0.4315181518151815 0.02734375 0.06105610561056106
0.0 0.53466796875 0.4141914191419142 0.0244140625 0.0594059405940594
0.0 0.47998046875 0.2962046204620462 0.0224609375 0.05115511551155116
0.0 0.54443359375 0.31518151815181517 0.0185546875 0.056105610561056105
0.0 0.59814453125 0.32673267326732675 0.0224609375 0.04950495049504951
0.0 0.5673828125 0.42161716171617164 0.025390625 0.06435643564356436
0.0 0.5830078125 0.3811881188118812 0.017578125 0.056105610561056105
0.0 0.6728515625 0.3795379537953795 0.01953125 0.039603960396039604
0.0 0.7001953125 0.35396039603960394 0.01953125 0.054455445544554455
0.0 0.7265625 0.32673267326732675 0.017578125 0.0462046204620462
0.0 0.75830078125 0.4075907590759076 0.0224609375 0.052805280528052806
0.0 0.798828125 0.4801980198019802 0.021484375 0.039603960396039604
0.0 0.78857421875 0.3688118811881188 0.0146484375 0.034653465346534656
0.0 0.84521484375 0.4042904290429043 0.0166015625 0.033003300330033
0.0 0.859375 0.41089108910891087 0.015625 0.0297029702970297
0.0 0.90673828125 0.3787128712871287 0.0146484375 0.037953795379537955
0.0 0.9189453125 0.4141914191419142 0.01171875 0.0231023102310231
0.0 0.9462890625 0.45874587458745875 0.017578125 0.0297029702970297
0.0 0.96484375 0.41914191419141916 0.017578125 0.0462046204620462
0.0 0.931640625 0.5173267326732673 0.01953125 0.034653465346534656
0.0 0.99267578125 0.4735973597359736 0.0126953125 0.0297029702970297
0.0 0.98974609375 0.4051155115511551 0.0146484375 0.03135313531353135
0.0 0.95458984375 0.39026402640264024 0.0166015625 0.028052805280528052
0.0 0.5361328125 0.264026402640264 0.021484375 0.052805280528052806
0.0 0.44482421875 0.24422442244224424 0.0185546875 0.052805280528052806
0.0 0.275390625 0.16914191419141913 0.02734375 0.06765676567656766
0.0 0.68994140625 0.28135313531353134 0.0107421875 0.028052805280528052
0.0 0.01708984375 0.4636963696369637 0.0322265625 0.07260726072607261
0.0 0.08154296875 0.37376237623762376 0.0400390625 0.08415841584158416
0.0 0.09716796875 0.283003300330033 0.0341796875 0.07095709570957096
0.0 0.09814453125 0.19884488448844884 0.0361328125 0.07095709570957096
0.0 0.15625 0.02557755775577558 0.025390625 0.04455445544554455
0.0 0.16943359375 0.33828382838283827 0.0283203125 0.0462046204620462
0.0 0.22509765625 0.30528052805280526 0.0244140625 0.0627062706270627
0.0 0.220703125 0.24174917491749176 0.021484375 0.054455445544554455
0.0 0.26953125 0.2136963696369637 0.021484375 0.057755775577557754
0.0 0.294921875 0.38613861386138615 0.037109375 0.07590759075907591
0.0 0.3291015625 0.34735973597359737 0.03125 0.057755775577557754
0.0 0.33154296875 0.2508250825082508 0.0263671875 0.04950495049504951
0.0 0.30322265625 0.5693069306930693 0.0380859375 0.10561056105610561
0.0 0.4150390625 0.4265676567656766 0.029296875 0.06765676567656766
