0.0 0.06005859375 0.5234375 0.0263671875 0.033854166666666664
0.0 0.1201171875 0.5885416666666666 0.015625 0.0234375
0.0 0.18212890625 0.6015625 0.0126953125 0.020833333333333332
0.0 0.24951171875 0.525390625 0.0263671875 0.037760416666666664
0.0 0.3203125 0.5358072916666666 0.01953125 0.029947916666666668
0.0 0.43017578125 0.5833333333333334 0.0107421875 0.018229166666666668
0.0 0.5390625 0.546875 0.017578125 0.028645833333333332
0.0 0.63427734375 0.5651041666666666 0.0126953125 0.026041666666666668
0.0 0.681640625 0.546875 0.01953125 0.026041666666666668
0.0 0.8046875 0.55078125 0.013671875 0.0234375
0.0 0.77490234375 0.6080729166666666 0.0048828125 0.0078125
0.0 0.04736328125 0.4518229166666667 0.0068359375 0.010416666666666666
0.0 0.08203125 0.4322916666666667 0.00390625 0.0078125
0.0 0.98193359375 0.5911458333333334 0.0068359375 0.010416666666666666
0.0 0.1669921875 0.4986979166666667 0.005859375 0.010416666666666666
0.0 0.2822265625 0.5026041666666666 0.005859375 0.010416666666666666
0.0 0.29248046875 0.49609375 0.0048828125 0.0078125
0.0 0.30322265625 0.4889322916666667 0.0048828125 0.009114583333333334
0.0 0.337890625 0.5013020833333334 0.00390625 0.0078125
0.0 0.4794921875 0.5123697916666666 0.005859375 0.009114583333333334
0.0 0.51416015625 0.5052083333333334 0.0048828125 0.0078125
0.0 0.53076171875 0.513671875 0.0048828125 0.009114583333333334
0.0 0.54443359375 0.4720052083333333 0.0048828125 0.006510416666666667
0.0 0.5517578125 0.4928385416666667 0.00390625 0.006510416666666667
0.0 0.552734375 0.48046875 0.00390625 0.005208333333333333
0.0 0.59619140625 0.4654947916666667 0.0029296875 0.00390625
0.0 0.59765625 0.5169270833333334 0.00390625 0.0078125
0.0 0.6181640625 0.5162760416666666 0.00390625 0.006510416666666667
0.0 0.62841796875 0.5182291666666666 0.0048828125 0.0078125
0.0 0.71533203125 0.5247395833333334 0.0048828125 0.005208333333333333
0.0 0.689453125 0.49609375 0.00390625 0.005208333333333333
0.0 0.69580078125 0.482421875 0.0029296875 0.00390625
0.0 0.728515625 0.484375 0.00390625 0.005208333333333333
0.0 0.71484375 0.484375 0.00390625 0.005208333333333333
0.0 0.794921875 0.5123697916666666 0.00390625 0.006510416666666667
0.0 0.7060546875 0.5032552083333334 0.00390625 0.00390625
0.0 0.95361328125 0.49609375 0.0029296875 0.005208333333333333
