0.0 0.013671875 0.0 0.0166015625 0.017578125
0.0 0.1279296875 0.0 0.0146484375 0.017578125
0.0 0.19921875 0.0 0.0146484375 0.013671875
0.0 0.2626953125 0.0 0.017578125 0.029296875
0.0 0.328125 0.0 0.0166015625 0.021484375
0.0 0.005859375 0.0390625 0.0185546875 0.052734375
0.0 0.076171875 0.03125 0.01953125 0.056640625
0.0 0.1435546875 0.0546875 0.0166015625 0.05078125
0.0 0.205078125 0.046875 0.01953125 0.048828125
0.0 0.265625 0.05859375 0.017578125 0.04296875
0.0 0.3232421875 0.060546875 0.0185546875 0.04296875
0.0 0.3935546875 0.0234375 0.0185546875 0.046875
0.0 0.0244140625 0.140625 0.0205078125 0.044921875
0.0 0.0869140625 0.1328125 0.01953125 0.0546875
0.0 0.1416015625 0.142578125 0.01953125 0.044921875
0.0 0.21875 0.138671875 0.0224609375 0.056640625
0.0 0.2939453125 0.12890625 0.021484375 0.056640625
0.0 0.3642578125 0.126953125 0.01953125 0.0625
0.0 0.439453125 0.123046875 0.01953125 0.05859375
0.0 0.4150390625 0.248046875 0.01953125 0.048828125
0.0 0.353515625 0.244140625 0.021484375 0.060546875
0.0 0.279296875 0.236328125 0.0205078125 0.0546875
0.0 0.20703125 0.236328125 0.0185546875 0.056640625
0.0 0.1455078125 0.2421875 0.01953125 0.0546875
0.0 0.078125 0.232421875 0.0166015625 0.05859375
0.0 0.103515625 0.333984375 0.01953125 0.048828125
0.0 0.0087890625 0.35546875 0.0205078125 0.046875
0.0 0.03125 0.466796875 0.021484375 0.064453125
0.0 0.0927734375 0.490234375 0.0205078125 0.0546875
0.0 0.1513671875 0.44140625 0.021484375 0.06640625
0.0 0.1865234375 0.373046875 0.0185546875 0.0546875
0.0 0.265625 0.3359375 0.0205078125 0.06640625
0.0 0.3505859375 0.33203125 0.0244140625 0.060546875
0.0 0.4365234375 0.337890625 0.0205078125 0.0546875
0.0 0.3544921875 0.4609375 0.021484375 0.05859375
0.0 0.2958984375 0.49609375 0.0244140625 0.05859375
0.0 0.228515625 0.478515625 0.0224609375 0.064453125
0.0 0.1689453125 0.57421875 0.0234375 0.056640625
0.0 0.42578125 0.482421875 0.0224609375 0.060546875
0.0 0.0263671875 0.625 0.0224609375 0.056640625
0.0 0.09375 0.6171875 0.01953125 0.05859375
0.0 0.251953125 0.6171875 0.02734375 0.064453125
0.0 0.3193359375 0.61328125 0.0234375 0.072265625
0.0 0.4033203125 0.607421875 0.0244140625 0.080078125
0.0 0.0 0.759765625 0.0185546875 0.07421875
0.0 0.0693359375 0.755859375 0.025390625 0.068359375
0.0 0.1572265625 0.794921875 0.02734375 0.052734375
0.0 0.2373046875 0.7421875 0.0302734375 0.078125
0.0 0.337890625 0.763671875 0.025390625 0.072265625
0.0 0.4072265625 0.78515625 0.0244140625 0.07421875
0.0 0.0087890625 0.955078125 0.02734375 0.044921875
0.0 0.0859375 0.927734375 0.03125 0.072265625
0.0 0.1875 0.953125 0.0263671875 0.046875
0.0 0.2890625 0.962890625 0.0283203125 0.037109375
0.0 0.3701171875 0.96875 0.02734375 0.03125
0.0 0.44921875 0.9453125 0.0283203125 0.0546875
0.0 0.515625 0.0 0.009765625 0.01171875
0.0 0.564453125 0.0 0.015625 0.03125
0.0 0.6123046875 0.0 0.0146484375 0.03515625
0.0 0.7294921875 0.0 0.0166015625 0.017578125
0.0 0.794921875 0.0 0.017578125 0.0234375
0.0 0.87109375 0.0 0.0146484375 0.021484375
0.0 0.94140625 0.0 0.015625 0.015625
0.0 0.560546875 0.05859375 0.0166015625 0.041015625
0.0 0.4912109375 0.083984375 0.017578125 0.0390625
0.0 0.515625 0.126953125 0.01953125 0.052734375
0.0 0.576171875 0.14453125 0.0185546875 0.0546875
0.0 0.6201171875 0.060546875 0.0205078125 0.04296875
0.0 0.6728515625 0.072265625 0.0166015625 0.048828125
0.0 0.7275390625 0.0546875 0.015625 0.044921875
0.0 0.783203125 0.05078125 0.0185546875 0.044921875
0.0 0.83984375 0.0546875 0.01953125 0.0546875
0.0 0.880859375 0.033203125 0.0185546875 0.044921875
0.0 0.9501953125 0.064453125 0.0166015625 0.044921875
0.0 0.9453125 0.134765625 0.01953125 0.041015625
0.0 0.880859375 0.15625 0.017578125 0.048828125
0.0 0.8408203125 0.13671875 0.01953125 0.056640625
0.0 0.7646484375 0.154296875 0.01953125 0.044921875
0.0 0.7255859375 0.166015625 0.0166015625 0.048828125
0.0 0.6552734375 0.138671875 0.0205078125 0.05859375
0.0 0.611328125 0.21484375 0.0205078125 0.064453125
0.0 0.537109375 0.255859375 0.0185546875 0.0390625
0.0 0.4755859375 0.23046875 0.0205078125 0.0625
0.0 0.6787109375 0.240234375 0.0224609375 0.05859375
0.0 0.7392578125 0.23046875 0.0205078125 0.056640625
0.0 0.80859375 0.244140625 0.01953125 0.052734375
0.0 0.8818359375 0.228515625 0.0205078125 0.056640625
0.0 0.95703125 0.248046875 0.0224609375 0.052734375
0.0 0.9462890625 0.357421875 0.01953125 0.046875
0.0 0.876953125 0.326171875 0.0205078125 0.078125
0.0 0.8134765625 0.33984375 0.0234375 0.06640625
0.0 0.744140625 0.349609375 0.01953125 0.056640625
0.0 0.6923828125 0.30859375 0.0205078125 0.0546875
0.0 0.6240234375 0.349609375 0.0205078125 0.056640625
0.0 0.5625 0.359375 0.0205078125 0.05078125
0.0 0.5029296875 0.365234375 0.0205078125 0.0390625
0.0 0.4921875 0.49609375 0.0224609375 0.052734375
0.0 0.5595703125 0.44921875 0.0244140625 0.064453125
0.0 0.65234375 0.478515625 0.0263671875 0.078125
0.0 0.7421875 0.48046875 0.01953125 0.05078125
0.0 0.8193359375 0.46875 0.021484375 0.0625
0.0 0.9130859375 0.466796875 0.0244140625 0.072265625
0.0 0.9716796875 0.484375 0.0234375 0.0703125
0.0 0.919921875 0.640625 0.0224609375 0.05859375
0.0 0.8525390625 0.6171875 0.0244140625 0.0703125
0.0 0.9853515625 0.615234375 0.0146484375 0.056640625
0.0 0.7744140625 0.63671875 0.0234375 0.05859375
0.0 0.71484375 0.615234375 0.0263671875 0.0703125
0.0 0.6298828125 0.62109375 0.0244140625 0.064453125
0.0 0.5478515625 0.61328125 0.0263671875 0.0703125
0.0 0.4814453125 0.62890625 0.0224609375 0.064453125
0.0 0.4794921875 0.783203125 0.02734375 0.072265625
0.0 0.5439453125 0.796875 0.021484375 0.0546875
0.0 0.619140625 0.748046875 0.0283203125 0.072265625
0.0 0.6904296875 0.787109375 0.02734375 0.076171875
0.0 0.7734375 0.765625 0.0263671875 0.072265625
0.0 0.859375 0.7734375 0.02734375 0.080078125
0.0 0.931640625 0.796875 0.0244140625 0.064453125
0.0 0.9638671875 0.953125 0.029296875 0.046875
0.0 0.888671875 0.974609375 0.0302734375 0.025390625
0.0 0.798828125 0.951171875 0.02734375 0.048828125
0.0 0.7138671875 0.958984375 0.0302734375 0.041015625
0.0 0.6318359375 0.953125 0.02734375 0.046875
