0.0 0.013671875 0.3365885416666667 0.015625 0.029947916666666668
0.0 0.0478515625 0.3274739583333333 0.02734375 0.048177083333333336
0.0 0.07958984375 0.3196614583333333 0.0087890625 0.01953125
0.0 0.1259765625 0.3834635416666667 0.068359375 0.11328125
0.0 0.28466796875 0.34375 0.0634765625 0.09375
0.0 0.32666015625 0.3600260416666667 0.0205078125 0.024739583333333332
0.0 0.3544921875 0.3131510416666667 0.013671875 0.022135416666666668
0.0 0.435546875 0.3430989583333333 0.05859375 0.09244791666666667
0.0 0.56103515625 0.3157552083333333 0.0634765625 0.10026041666666667
0.0 0.59130859375 0.3385416666666667 0.0185546875 0.0390625
0.0 0.623046875 0.3294270833333333 0.017578125 0.0234375
0.0 0.515625 0.5384114583333334 0.064453125 0.10546875
0.0 0.71630859375 0.337890625 0.0576171875 0.10026041666666667
0.0 0.84716796875 0.279296875 0.0673828125 0.10026041666666667
0.0 0.90673828125 0.3014322916666667 0.0283203125 0.05078125
