0.0 0.5341796875 0.23076923076923078 0.005859375 0.007822685788787484
0.0 0.0107421875 0.5495436766623207 0.01953125 0.035202086049543675
0.0 0.22119140625 0.545632333767927 0.0185546875 0.02998696219035202
0.0 0.1640625 0.4680573663624511 0.015625 0.028683181225554105
0.0 0.328125 0.4954367666232073 0.015625 0.03129074315514994
0.0 0.42041015625 0.559973924380704 0.0146484375 0.027379400260756193
0.0 0.5029296875 0.4784876140808344 0.015625 0.028683181225554105
0.0 0.77685546875 0.5723598435462842 0.0185546875 0.03129074315514994
0.0 0.8193359375 0.49282920469361147 0.015625 0.028683181225554105
0.0 0.65576171875 0.48435462842242505 0.0166015625 0.027379400260756193
0.0 0.611328125 0.5658409387222947 0.017578125 0.03129074315514994
0.0 0.9384765625 0.560625814863103 0.017578125 0.028683181225554105
