0.0 0.1826171875 0.16796875 0.0400390625 0.06770833333333333
0.0 0.2744140625 0.10677083333333333 0.0205078125 0.045572916666666664
0.0 0.3056640625 0.10286458333333333 0.025390625 0.049479166666666664
0.0 0.4169921875 0.10677083333333333 0.01953125 0.0390625
0.0 0.4541015625 0.17447916666666666 0.021484375 0.033854166666666664
0.0 0.484375 0.3372395833333333 0.0400390625 0.061197916666666664
0.0 0.4501953125 0.3736979166666667 0.0322265625 0.059895833333333336
0.0 0.61328125 0.3216145833333333 0.0205078125 0.046875
0.0 0.6318359375 0.3125 0.0244140625 0.0390625
0.0 0.7177734375 0.2669270833333333 0.0185546875 0.0390625
0.0 0.9072265625 0.15755208333333334 0.009765625 0.014322916666666666
0.0 0.94921875 0.15755208333333334 0.001953125 0.00390625
0.0 0.7080078125 0.30859375 0.0166015625 0.032552083333333336
