0.0 0.0166015625 0.7208222811671088 0.005859375 0.014588859416445624
0.0 0.0302734375 0.8010610079575596 0.013671875 0.015915119363395226
0.0 0.0634765625 0.7990716180371353 0.013671875 0.025198938992042442
0.0 0.02392578125 0.7248010610079576 0.0048828125 0.011936339522546418
0.0 0.07421875 0.7022546419098143 0.005859375 0.011936339522546418
0.0 0.056640625 0.7486737400530504 0.009765625 0.009283819628647215
0.0 0.0537109375 0.7645888594164456 0.005859375 0.011936339522546418
0.0 0.09521484375 0.7307692307692307 0.0068359375 0.010610079575596816
0.0 0.1142578125 0.6737400530503979 0.0078125 0.010610079575596816
0.0 0.1181640625 0.73342175066313 0.01171875 0.015915119363395226
0.0 0.13525390625 0.7347480106100795 0.0068359375 0.021220159151193633
0.0 0.13037109375 0.7287798408488063 0.0087890625 0.017241379310344827
0.0 0.1455078125 0.6684350132625995 0.0078125 0.015915119363395226
0.0 0.14306640625 0.8806366047745358 0.0380859375 0.04774535809018567
0.0 0.09375 0.7997347480106101 0.015625 0.026525198938992044
0.0 0.17919921875 0.7539787798408488 0.0185546875 0.027851458885941646
0.0 0.16357421875 0.7446949602122016 0.0126953125 0.01989389920424403
0.0 0.1484375 0.7287798408488063 0.013671875 0.01989389920424403
0.0 0.2197265625 0.7486737400530504 0.017578125 0.033156498673740056
0.0 0.2470703125 0.73342175066313 0.017578125 0.034482758620689655
0.0 0.265625 0.7486737400530504 0.01953125 0.033156498673740056
0.0 0.2890625 0.7559681697612732 0.0234375 0.042440318302387266
0.0 0.1787109375 0.6810344827586207 0.0078125 0.014588859416445624
0.0 0.16259765625 0.6618037135278515 0.0068359375 0.015915119363395226
0.0 0.2197265625 0.7029177718832891 0.01171875 0.01856763925729443
0.0 0.22509765625 0.633289124668435 0.0107421875 0.014588859416445624
0.0 0.26123046875 0.5623342175066313 0.0166015625 0.029177718832891247
0.0 0.32470703125 0.5769230769230769 0.0166015625 0.029177718832891247
0.0 0.36083984375 0.5417771883289124 0.0126953125 0.01989389920424403
0.0 0.35205078125 0.5517241379310345 0.0087890625 0.015915119363395226
0.0 0.3740234375 0.639920424403183 0.01953125 0.03050397877984085
0.0 0.369140625 0.6770557029177718 0.021484375 0.03580901856763926
0.0 0.41455078125 0.6710875331564987 0.0166015625 0.03978779840848806
0.0 0.44287109375 0.6286472148541115 0.0126953125 0.021220159151193633
0.0 0.44287109375 0.6041114058355438 0.0126953125 0.022546419098143235
0.0 0.4658203125 0.6041114058355438 0.015625 0.025198938992042442
0.0 0.47119140625 0.6412466843501327 0.0244140625 0.033156498673740056
0.0 0.443359375 0.8043766578249337 0.046875 0.07824933687002653
0.0 0.52783203125 0.633289124668435 0.0244140625 0.03580901856763926
0.0 0.603515625 0.75 0.046875 0.07029177718832891
0.0 0.57568359375 0.6923076923076923 0.0302734375 0.05305039787798409
0.0 0.60595703125 0.6279840848806366 0.0224609375 0.046419098143236075
0.0 0.54638671875 0.5749336870026526 0.0126953125 0.025198938992042442
0.0 0.53076171875 0.5928381962864722 0.0205078125 0.029177718832891247
0.0 0.6982421875 0.6140583554376657 0.03515625 0.05305039787798409
0.0 0.79638671875 0.76657824933687 0.0791015625 0.09549071618037135
0.0 0.84619140625 0.5775862068965517 0.0380859375 0.0649867374005305
0.0 0.92626953125 0.5119363395225465 0.0224609375 0.042440318302387266
0.0 0.93701171875 0.4588859416445623 0.0263671875 0.04774535809018567
0.0 0.888671875 0.28183023872679047 0.0234375 0.03050397877984085
0.0 0.7333984375 0.5729442970822282 0.01953125 0.03978779840848806
0.0 0.65771484375 0.4761273209549072 0.0126953125 0.015915119363395226
0.0 0.576171875 0.4960212201591512 0.015625 0.026525198938992044
0.0 0.4833984375 0.7009283819628647 0.025390625 0.04376657824933687
0.0 0.96142578125 0.5099469496021221 0.0400390625 0.05968169761273209
0.0 0.9619140625 0.4363395225464191 0.025390625 0.03978779840848806
0.0 0.61083984375 0.5457559681697612 0.0166015625 0.027851458885941646
0.0 0.56298828125 0.5702917771883289 0.0185546875 0.029177718832891247
0.0 0.58154296875 0.5974801061007957 0.0185546875 0.033156498673740056
0.0 0.17333984375 0.7042440318302388 0.0087890625 0.015915119363395226
