0.0 0.185546875 0.48823529411764705 0.177734375 0.23823529411764705
0.0 0.5224609375 0.6897058823529412 0.09375 0.1588235294117647
0.0 0.88427734375 0.3786764705882353 0.1044921875 0.2161764705882353
0.0 0.01123046875 0.575735294117647 0.0224609375 0.08676470588235294
0.0 0.00390625 0.4264705882352941 0.0078125 0.03235294117647059
0.0 0.0029296875 0.38382352941176473 0.005859375 0.01764705882352941
0.0 0.02587890625 0.3816176470588235 0.0146484375 0.01911764705882353
0.0 0.224609375 0.3235294117647059 0.009765625 0.01764705882352941
0.0 0.24853515625 0.3029411764705882 0.0087890625 0.020588235294117647
0.0 0.26123046875 0.2933823529411765 0.0087890625 0.01911764705882353
0.0 0.271484375 0.43161764705882355 0.025390625 0.033823529411764704
0.0 0.34033203125 0.3536764705882353 0.0107421875 0.01911764705882353
0.0 0.36328125 0.3941176470588235 0.021484375 0.03823529411764706
0.0 0.35693359375 0.5529411764705883 0.0537109375 0.09411764705882353
0.0 0.39794921875 0.4404411764705882 0.0263671875 0.04852941176470588
0.0 0.57470703125 0.4485294117647059 0.0361328125 0.047058823529411764
0.0 0.9775390625 0.3889705882352941 0.029296875 0.04264705882352941
0.0 0.95751953125 0.26838235294117646 0.0205078125 0.030882352941176472
0.0 0.97705078125 0.26323529411764707 0.0087890625 0.01764705882352941
0.0 0.98046875 0.2514705882352941 0.0078125 0.014705882352941176
