0.0 0.05712890625 0.33821376281112736 0.0107421875 0.07027818448023426
0.0 0.0166015625 0.6881405563689604 0.033203125 0.08784773060029283
0.0 0.08837890625 0.6691068814055637 0.0498046875 0.10248901903367497
0.0 0.228515625 0.62298682284041 0.0546875 0.11566617862371889
0.0 0.03857421875 0.5966325036603221 0.0380859375 0.05417276720351391
0.0 0.05859375 0.5497803806734992 0.015625 0.03953147877013177
0.0 0.046875 0.5168374816983895 0.02734375 0.03806734992679356
0.0 0.1240234375 0.5651537335285505 0.021484375 0.040995607613469986
0.0 0.142578125 0.5387994143484627 0.021484375 0.029282576866764276
0.0 0.0859375 0.5329428989751098 0.015625 0.032210834553440704
0.0 0.11328125 0.48096632503660325 0.013671875 0.024890190336749635
0.0 0.17333984375 0.5175695461200586 0.0166015625 0.03367496339677892
0.0 0.1650390625 0.6076134699853587 0.015625 0.04685212298682284
0.0 0.3037109375 0.5314787701317716 0.033203125 0.05856515373352855
0.0 0.4384765625 0.6500732064421669 0.041015625 0.09370424597364568
0.0 0.41455078125 0.5175695461200586 0.0166015625 0.036603221083455345
0.0 0.341796875 0.5519765739385066 0.021484375 0.040995607613469986
0.0 0.50537109375 0.5036603221083455 0.0146484375 0.03513909224011713
0.0 0.44384765625 0.5058565153733529 0.0166015625 0.027818448023426062
0.0 0.25927734375 0.48535871156661786 0.0068359375 0.013177159590043924
0.0 0.24951171875 0.4882869692532943 0.0048828125 0.013177159590043924
0.0 0.216796875 0.5212298682284041 0.013671875 0.020497803806734993
0.0 0.23046875 0.5036603221083455 0.009765625 0.014641288433382138
0.0 0.18505859375 0.4970717423133236 0.0107421875 0.01903367496339678
0.0 0.2001953125 0.48755490483162517 0.005859375 0.017569546120058566
0.0 0.21142578125 0.49414348462664714 0.0087890625 0.013177159590043924
0.0 0.22216796875 0.48755490483162517 0.0087890625 0.014641288433382138
0.0 0.22216796875 0.4802342606149341 0.0068359375 0.01171303074670571
0.0 0.82275390625 0.5695461200585652 0.0419921875 0.0849194729136164
0.0 0.7646484375 0.5768667642752562 0.033203125 0.05856515373352855
0.0 0.9287109375 0.527086383601757 0.033203125 0.0527086383601757
0.0 0.984375 0.5256222547584187 0.021484375 0.040995607613469986
0.0 0.97802734375 0.47218155197657397 0.0185546875 0.027818448023426062
0.0 0.94287109375 0.4890190336749634 0.0166015625 0.029282576866764276
0.0 0.912109375 0.4670571010248902 0.015625 0.029282576866764276
0.0 0.8818359375 0.4802342606149341 0.013671875 0.02635431918008785
0.0 0.89453125 0.5124450951683748 0.017578125 0.03513909224011713
0.0 0.77734375 0.4751098096632504 0.013671875 0.021961932650073207
0.0 0.74462890625 0.5190336749633968 0.0107421875 0.021961932650073207
0.0 0.75732421875 0.4985358711566618 0.0126953125 0.01903367496339678
0.0 0.63916015625 0.48096632503660325 0.0244140625 0.036603221083455345
0.0 0.6962890625 0.42020497803806733 0.01953125 0.03513909224011713
0.0 0.56689453125 0.5322108345534406 0.0166015625 0.0424597364568082
0.0 0.57421875 0.4882869692532943 0.01171875 0.021961932650073207
0.0 0.69189453125 0.6259150805270863 0.0087890625 0.021961932650073207
0.0 0.53173828125 0.4904831625183016 0.0068359375 0.017569546120058566
0.0 0.513671875 0.18374816983894582 0.021484375 0.027818448023426062
0.0 0.97705078125 0.33382137628111275 0.0087890625 0.01171303074670571
0.0 0.66845703125 0.15300146412884333 0.0107421875 0.013177159590043924
0.0 0.85107421875 0.3645680819912152 0.0068359375 0.01171303074670571
0.0 0.146484375 0.37481698389458273 0.00390625 0.01171303074670571
0.0 0.14599609375 0.34699853587115664 0.0029296875 0.008784773060029283
0.0 0.1435546875 0.3374816983894583 0.00390625 0.007320644216691069
0.0 0.14697265625 0.3609077598828697 0.0029296875 0.007320644216691069
0.0 0.1435546875 0.3616398243045388 0.00390625 0.008784773060029283
0.0 0.919921875 0.513177159590044 0.01953125 0.03953147877013177
0.0 0.900390625 0.4707174231332357 0.0078125 0.01903367496339678
