0.0 0.8046875 0.3471014492753623 0.05859375 0.13478260869565217
0.0 0.71484375 0.4355072463768116 0.0546875 0.09710144927536232
0.0 0.0537109375 0.5623188405797102 0.07421875 0.12753623188405797
0.0 0.1640625 0.5985507246376811 0.037109375 0.12173913043478261
0.0 0.2578125 0.6036231884057971 0.052734375 0.1
0.0 0.24462890625 0.5268115942028986 0.0380859375 0.07971014492753623
0.0 0.17578125 0.42681159420289855 0.03515625 0.08260869565217391
0.0 0.26708984375 0.4028985507246377 0.0458984375 0.08115942028985507
0.0 0.52197265625 0.5384057971014493 0.0439453125 0.07681159420289856
0.0 0.53564453125 0.44782608695652176 0.0458984375 0.07536231884057971
0.0 0.58740234375 0.4579710144927536 0.0419921875 0.07246376811594203
0.0 0.45751953125 0.3978260869565217 0.0400390625 0.07101449275362319
0.0 0.0458984375 0.23695652173913043 0.015625 0.03333333333333333
0.0 0.59423828125 0.3644927536231884 0.0341796875 0.06811594202898551
0.0 0.3017578125 0.3644927536231884 0.03515625 0.06811594202898551
0.0 0.2666015625 0.2971014492753623 0.037109375 0.0782608695652174
0.0 0.6328125 0.38623188405797104 0.02734375 0.0536231884057971
0.0 0.650390625 0.377536231884058 0.025390625 0.05652173913043478
0.0 0.982421875 0.6681159420289855 0.03515625 0.11304347826086956
0.0 0.90771484375 0.40144927536231884 0.0263671875 0.034782608695652174
0.0 0.53369140625 0.15072463768115943 0.0224609375 0.04057971014492753
0.0 0.28515625 0.05434782608695652 0.015625 0.02753623188405797
0.0 0.2529296875 0.07971014492753623 0.013671875 0.020289855072463767
0.0 0.22265625 0.1934782608695652 0.03125 0.05652173913043478
0.0 0.13671875 0.20507246376811594 0.021484375 0.02753623188405797
0.0 0.11962890625 0.1927536231884058 0.0166015625 0.03768115942028986
0.0 0.33837890625 0.2594202898550725 0.0205078125 0.034782608695652174
0.0 0.37451171875 0.2514492753623188 0.0224609375 0.0391304347826087
0.0 0.2470703125 0.20434782608695654 0.01953125 0.034782608695652174
0.0 0.26318359375 0.21304347826086956 0.0146484375 0.034782608695652174
0.0 0.32568359375 0.20434782608695654 0.0205078125 0.034782608695652174
0.0 0.34228515625 0.21231884057971015 0.0166015625 0.030434782608695653
0.0 0.38671875 0.21739130434782608 0.013671875 0.02608695652173913
0.0 0.4013671875 0.19492753623188405 0.013671875 0.030434782608695653
0.0 0.27880859375 0.18768115942028984 0.0166015625 0.02463768115942029
0.0 0.17431640625 0.13478260869565217 0.0185546875 0.034782608695652174
0.0 0.19287109375 0.12028985507246377 0.0166015625 0.028985507246376812
0.0 0.16650390625 0.10507246376811594 0.0126953125 0.02463768115942029
0.0 0.12255859375 0.07028985507246377 0.0126953125 0.02463768115942029
0.0 0.10595703125 0.08550724637681159 0.0126953125 0.03188405797101449
0.0 0.5498046875 0.28405797101449276 0.02734375 0.05217391304347826
0.0 0.74609375 0.33115942028985507 0.029296875 0.04782608695652174
0.0 0.71435546875 0.2956521739130435 0.0244140625 0.04057971014492753
0.0 0.68896484375 0.32463768115942027 0.0205078125 0.04057971014492753
0.0 0.65869140625 0.3318840579710145 0.0244140625 0.06666666666666667
0.0 0.615234375 0.24492753623188407 0.017578125 0.034782608695652174
0.0 0.6416015625 0.23478260869565218 0.015625 0.02608695652173913
0.0 0.6279296875 0.21159420289855072 0.017578125 0.02608695652173913
0.0 0.67138671875 0.24855072463768116 0.0166015625 0.02753623188405797
0.0 0.681640625 0.23768115942028986 0.013671875 0.028985507246376812
0.0 0.69287109375 0.2543478260869565 0.0126953125 0.03333333333333333
0.0 0.560546875 0.22681159420289856 0.013671875 0.01884057971014493
0.0 0.708984375 0.2326086956521739 0.015625 0.02753623188405797
0.0 0.7119140625 0.213768115942029 0.013671875 0.02753623188405797
0.0 0.72509765625 0.2579710144927536 0.0166015625 0.02608695652173913
0.0 0.74365234375 0.2673913043478261 0.0166015625 0.030434782608695653
0.0 0.77294921875 0.2594202898550725 0.0185546875 0.03768115942028986
0.0 0.73583984375 0.23840579710144927 0.0146484375 0.02463768115942029
0.0 0.75634765625 0.24492753623188407 0.0126953125 0.028985507246376812
0.0 0.75048828125 0.2108695652173913 0.0126953125 0.02463768115942029
0.0 0.80322265625 0.22391304347826088 0.0146484375 0.02463768115942029
0.0 0.4521484375 0.22318840579710145 0.01953125 0.03188405797101449
0.0 0.88134765625 0.2956521739130435 0.0185546875 0.034782608695652174
0.0 0.89892578125 0.2217391304347826 0.0107421875 0.014492753623188406
0.0 0.85595703125 0.26231884057971017 0.0126953125 0.02318840579710145
0.0 0.23291015625 0.22681159420289856 0.0146484375 0.030434782608695653
0.0 0.22265625 0.3507246376811594 0.0390625 0.07536231884057971
