0.0 0.5087890625 0.30600292825768666 0.0546875 0.10248901903367497
0.0 0.5859375 0.2335285505124451 0.052734375 0.10102489019033675
0.0 0.51123046875 0.1281112737920937 0.0498046875 0.08638360175695461
0.0 0.63232421875 0.1376281112737921 0.0400390625 0.0849194729136164
0.0 0.62255859375 0.16251830161054173 0.0361328125 0.05856515373352855
0.0 0.5751953125 0.1295754026354319 0.033203125 0.05417276720351391
0.0 0.6865234375 0.1478770131771596 0.029296875 0.06149341142020498
0.0 0.70751953125 0.13177159590043924 0.0283203125 0.04685212298682284
0.0 0.72412109375 0.10468521229868229 0.0263671875 0.04538799414348463
0.0 0.73095703125 0.07174231332357248 0.0205078125 0.03513909224011713
0.0 0.76953125 0.0629575402635432 0.025390625 0.03806734992679356
0.0 0.80859375 0.1259150805270864 0.01953125 0.03513909224011713
0.0 0.85888671875 0.08125915080527087 0.0224609375 0.03953147877013177
0.0 0.93310546875 0.07979502196193265 0.0224609375 0.03074670571010249
0.0 0.98681640625 0.03953147877013177 0.0263671875 0.04685212298682284
0.0 0.05859375 0.5322108345534406 0.11328125 0.212298682284041
0.0 0.25146484375 0.2774524158125915 0.1005859375 0.20937042459736457
0.0 0.509765625 0.38433382137628114 0.072265625 0.13616398243045388
0.0 0.31689453125 0.1925329428989751 0.0751953125 0.17130307467057102
