0.0 0.236328125 0.6185944363103953 0.09375 0.13030746705710103
0.0 0.4755859375 0.44143484626647145 0.08203125 0.15080527086383602
0.0 0.650390625 0.595900439238653 0.0859375 0.1376281112737921
0.0 0.89599609375 0.5893118594436311 0.0791015625 0.15373352855051245
0.0 0.84716796875 0.5153733528550513 0.0498046875 0.07613469985358712
0.0 0.91748046875 0.4765739385065886 0.0341796875 0.05124450951683748
0.0 0.33349609375 0.6295754026354319 0.0830078125 0.1376281112737921
0.0 0.125 0.5739385065885798 0.06640625 0.11420204978038068
0.0 0.0595703125 0.541727672035139 0.044921875 0.05856515373352855
0.0 0.0205078125 0.726207906295754 0.041015625 0.17276720351390923
0.0 0.0107421875 0.5439238653001464 0.021484375 0.07174231332357248
0.0 0.5791015625 0.595900439238653 0.03515625 0.0849194729136164
0.0 0.841796875 0.4055636896046852 0.029296875 0.05856515373352855
0.0 0.36865234375 0.5248901903367497 0.0419921875 0.08345534407027819
0.0 0.08642578125 0.6742313323572474 0.0537109375 0.10102489019033675
