0.0 0.2314453125 0.44363103953147875 0.095703125 0.1698389458272328
0.0 0.70751953125 0.49487554904831627 0.0751953125 0.22840409956076135
0.0 0.89599609375 0.1910688140556369 0.1005859375 0.1478770131771596
0.0 0.6962890625 0.24963396778916544 0.05078125 0.0951683748169839
0.0 0.45556640625 0.3733528550512445 0.0654296875 0.14348462664714495
0.0 0.5625 0.22840409956076135 0.052734375 0.09956076134699854
0.0 0.51123046875 0.2525622254758419 0.0341796875 0.0629575402635432
0.0 0.3935546875 0.23938506588579794 0.041015625 0.08345534407027819
0.0 0.26708984375 0.18740849194729137 0.0751953125 0.1493411420204978
0.0 0.1064453125 0.20644216691068815 0.041015625 0.06442166910688141
0.0 0.017578125 0.30307467057101023 0.01171875 0.017569546120058566
0.0 0.97412109375 0.1390922401171303 0.0517578125 0.1581259150805271
