0.0 0.658203125 0.07320644216691069 0.041015625 0.09224011713030747
0.0 0.5869140625 0.08199121522693997 0.0380859375 0.0746705710102489
0.0 0.5244140625 0.06881405563689605 0.0341796875 0.06734992679355783
0.0 0.447265625 0.060029282576866766 0.0498046875 0.0849194729136164
0.0 0.3828125 0.06149341142020498 0.037109375 0.07027818448023426
0.0 0.3232421875 0.05417276720351391 0.0361328125 0.07174231332357248
0.0 0.259765625 0.0527086383601757 0.037109375 0.07174231332357248
0.0 0.1875 0.05417276720351391 0.0478515625 0.08784773060029283
0.0 0.1171875 0.06734992679355783 0.041015625 0.06734992679355783
0.0 0.05078125 0.060029282576866766 0.0361328125 0.07174231332357248
0.0 0.0 0.03806734992679356 0.01953125 0.07613469985358712
0.0 0.951171875 0.3645680819912152 0.0341796875 0.06734992679355783
0.0 0.9072265625 0.3806734992679356 0.0361328125 0.060029282576866766
0.0 0.8447265625 0.3850658857979502 0.0361328125 0.055636896046852125
0.0 0.7421875 0.34260614934114203 0.0380859375 0.0629575402635432
0.0 0.6669921875 0.35724743777452417 0.0390625 0.05710102489019034
0.0 0.5478515625 0.5666178623718887 0.037109375 0.06149341142020498
0.0 0.5546875 0.4377745241581259 0.029296875 0.06149341142020498
0.0 0.5087890625 0.38945827232796487 0.0341796875 0.06442166910688141
0.0 0.4384765625 0.39970717423133234 0.0302734375 0.0629575402635432
0.0 0.4140625 0.39970717423133234 0.0302734375 0.04685212298682284
0.0 0.3251953125 0.3528550512445095 0.0380859375 0.06881405563689605
0.0 0.244140625 0.3411420204978038 0.0400390625 0.06881405563689605
0.0 0.2783203125 0.3806734992679356 0.0283203125 0.05417276720351391
0.0 0.1572265625 0.34260614934114203 0.0390625 0.06881405563689605
0.0 0.1826171875 0.363103953147877 0.033203125 0.05417276720351391
0.0 0.0400390625 0.2913616398243045 0.0458984375 0.06734992679355783
0.0 0.7109375 0.14202049780380674 0.2265625 0.4612005856515373
