0.0 0.525390625 0.2747395833333333 0.056640625 0.08854166666666667
0.0 0.4423828125 0.2916666666666667 0.060546875 0.09114583333333333
0.0 0.333984375 0.24479166666666666 0.08203125 0.11979166666666667
0.0 0.384765625 0.17447916666666666 0.044921875 0.07161458333333333
0.0 0.4140625 0.13411458333333334 0.041015625 0.06380208333333333
0.0 0.8828125 0.2994791666666667 0.0771484375 0.11067708333333333
0.0 0.8671875 0.22395833333333334 0.0390625 0.053385416666666664
0.0 0.822265625 0.22395833333333334 0.044921875 0.06770833333333333
0.0 0.8916015625 0.15104166666666666 0.0205078125 0.037760416666666664
0.0 0.8564453125 0.13020833333333334 0.01953125 0.037760416666666664
0.0 0.74609375 0.13932291666666666 0.033203125 0.05078125
0.0 0.884765625 0.048177083333333336 0.0703125 0.09114583333333333
0.0 0.6279296875 0.20833333333333334 0.0458984375 0.07942708333333333
0.0 0.6962890625 0.20442708333333334 0.0322265625 0.059895833333333336
0.0 0.7841796875 0.10546875 0.021484375 0.032552083333333336
0.0 0.6728515625 0.09114583333333333 0.01953125 0.037760416666666664
0.0 0.6396484375 0.01953125 0.0107421875 0.016927083333333332
0.0 0.357421875 0.5598958333333334 0.1279296875 0.15234375
0.0 0.0 0.57421875 0.07421875 0.17838541666666666
0.0 0.27734375 0.10677083333333333 0.041015625 0.06380208333333333
0.0 0.3232421875 0.07942708333333333 0.0185546875 0.03515625
0.0 0.09375 0.19140625 0.0498046875 0.078125
0.0 0.01171875 0.15234375 0.03515625 0.057291666666666664
0.0 0.048828125 0.09114583333333333 0.029296875 0.055989583333333336
0.0 0.216796875 0.0859375 0.0322265625 0.05078125
0.0 0.06640625 0.055989583333333336 0.0224609375 0.037760416666666664
0.0 0.044921875 0.015625 0.013671875 0.020833333333333332
0.0 0.13671875 0.05859375 0.0166015625 0.02734375
0.0 0.4326171875 0.06770833333333333 0.0126953125 0.020833333333333332
0.0 0.388671875 0.055989583333333336 0.013671875 0.0234375
0.0 0.5546875 0.11197916666666667 0.017578125 0.02734375
0.0 0.4892578125 0.14192708333333334 0.0302734375 0.041666666666666664
0.0 0.5068359375 0.06510416666666667 0.017578125 0.029947916666666668
0.0 0.5478515625 0.01953125 0.0126953125 0.016927083333333332
0.0 0.59375 0.0013020833333333333 0.033203125 0.044270833333333336
0.0 0.53515625 0.10807291666666667 0.021484375 0.03515625
0.0 0.1142578125 0.059895833333333336 0.0126953125 0.022135416666666668
0.0 0.2353515625 0.07421875 0.013671875 0.0234375
0.0 0.0224609375 0.013020833333333334 0.013671875 0.022135416666666668
0.0 0.1689453125 0.21223958333333334 0.072265625 0.09114583333333333
0.0 0.9873046875 0.16666666666666666 0.0126953125 0.036458333333333336
0.0 0.36328125 0.01953125 0.0087890625 0.013020833333333334
0.0 0.0 0.23567708333333334 0.0205078125 0.08984375
