0.0 0.15966796875 0.28398692810457515 0.0068359375 0.0058823529411764705
0.0 0.10107421875 0.3509803921568627 0.0341796875 0.03398692810457516
0.0 0.30859375 0.28398692810457515 0.009765625 0.00849673202614379
0.0 0.2197265625 0.2803921568627451 0.005859375 0.00392156862745098
0.0 0.19482421875 0.2830065359477124 0.0048828125 0.00392156862745098
0.0 0.1845703125 0.296078431372549 0.009765625 0.006535947712418301
0.0 0.20556640625 0.2980392156862745 0.0126953125 0.009150326797385621
0.0 0.0849609375 0.2830065359477124 0.005859375 0.00522875816993464
0.0 0.20947265625 0.2803921568627451 0.0048828125 0.00392156862745098
0.0 0.85693359375 0.16862745098039217 0.0869140625 0.06143790849673202
0.0 0.59326171875 0.16633986928104574 0.1103515625 0.07908496732026143
0.0 0.2900390625 0.3937908496732026 0.041015625 0.024183006535947713
0.0 0.2998046875 0.338562091503268 0.04296875 0.03137254901960784
0.0 0.40576171875 0.30686274509803924 0.0302734375 0.024183006535947713
0.0 0.4248046875 0.31143790849673203 0.01953125 0.01764705882352941
0.0 0.435546875 0.2957516339869281 0.017578125 0.015032679738562092
0.0 0.439453125 0.2696078431372549 0.013671875 0.011111111111111112
0.0 0.41259765625 0.2797385620915033 0.0146484375 0.011764705882352941
0.0 0.400390625 0.2735294117647059 0.01171875 0.00718954248366013
0.0 0.3623046875 0.31405228758169934 0.01953125 0.01764705882352941
0.0 0.38232421875 0.30490196078431375 0.0166015625 0.011111111111111112
0.0 0.31640625 0.31176470588235294 0.0234375 0.0196078431372549
0.0 0.333984375 0.30130718954248364 0.015625 0.011764705882352941
0.0 0.31884765625 0.2977124183006536 0.0146484375 0.011111111111111112
0.0 0.34033203125 0.27647058823529413 0.0087890625 0.006535947712418301
0.0 0.27001953125 0.30980392156862746 0.0244140625 0.022222222222222223
0.0 0.294921875 0.29248366013071897 0.013671875 0.00980392156862745
0.0 0.30615234375 0.2735294117647059 0.0087890625 0.00718954248366013
0.0 0.32470703125 0.2735294117647059 0.0068359375 0.0058823529411764705
0.0 0.2861328125 0.27647058823529413 0.009765625 0.006535947712418301
0.0 0.27099609375 0.2928104575163399 0.0087890625 0.006535947712418301
0.0 0.25830078125 0.29411764705882354 0.0126953125 0.006535947712418301
0.0 0.26806640625 0.353921568627451 0.0166015625 0.015032679738562092
0.0 0.10400390625 0.380718954248366 0.0439453125 0.03725490196078431
0.0 0.18896484375 0.3483660130718954 0.0283203125 0.018300653594771243
0.0 0.1962890625 0.323202614379085 0.01953125 0.016339869281045753
0.0 0.21533203125 0.3111111111111111 0.0224609375 0.01437908496732026
0.0 0.1953125 0.3101307189542484 0.0234375 0.016339869281045753
0.0 0.17333984375 0.31895424836601305 0.0341796875 0.022222222222222223
0.0 0.2451171875 0.2973856209150327 0.013671875 0.00784313725490196
0.0 0.25244140625 0.3058823529411765 0.0107421875 0.011764705882352941
0.0 0.23486328125 0.29705882352941176 0.0126953125 0.00849673202614379
0.0 0.2236328125 0.2977124183006536 0.013671875 0.00849673202614379
0.0 0.22900390625 0.28856209150326795 0.0087890625 0.00718954248366013
0.0 0.2431640625 0.2905228758169935 0.0078125 0.0058823529411764705
0.0 0.05517578125 0.3434640522875817 0.0302734375 0.02287581699346405
0.0 0.0302734375 0.26601307189542484 0.0234375 0.018300653594771243
0.0 0.12841796875 0.34019607843137256 0.0361328125 0.025490196078431372
0.0 0.12548828125 0.31209150326797386 0.0263671875 0.015032679738562092
0.0 0.13720703125 0.3084967320261438 0.0185546875 0.013071895424836602
0.0 0.1474609375 0.30490196078431375 0.015625 0.01241830065359477
0.0 0.1650390625 0.30196078431372547 0.01953125 0.01437908496732026
0.0 0.10107421875 0.3133986928104575 0.0146484375 0.011111111111111112
0.0 0.07861328125 0.3107843137254902 0.0166015625 0.011111111111111112
0.0 0.09228515625 0.30522875816993467 0.0126953125 0.009150326797385621
0.0 0.0791015625 0.30163398692810456 0.009765625 0.00718954248366013
0.0 0.09716796875 0.3006535947712418 0.0126953125 0.006535947712418301
0.0 0.10888671875 0.29901960784313725 0.0087890625 0.00718954248366013
0.0 0.1259765625 0.2826797385620915 0.0078125 0.00718954248366013
0.0 0.181640625 0.2803921568627451 0.005859375 0.00522875816993464
