0.0 0.896484375 0.22693997071742314 0.0546875 0.08931185944363104
0.0 0.9716796875 0.2986822840409956 0.0244140625 0.03513909224011713
0.0 0.8544921875 0.35431918008784774 0.017578125 0.024890190336749635
0.0 0.830078125 0.3938506588579795 0.025390625 0.03513909224011713
0.0 0.8037109375 0.3953147877013177 0.017578125 0.03074670571010249
0.0 0.8349609375 0.31332357247437775 0.0185546875 0.032210834553440704
0.0 0.7626953125 0.3396778916544656 0.025390625 0.036603221083455345
0.0 0.8134765625 0.3118594436310395 0.009765625 0.01903367496339678
0.0 0.6875 0.3103953147877013 0.0390625 0.06734992679355783
0.0 0.4912109375 0.1815519765739385 0.08984375 0.15519765739385066
0.0 0.662109375 0.3411420204978038 0.0322265625 0.05417276720351391
0.0 0.5830078125 0.24597364568081992 0.0439453125 0.07320644216691069
0.0 0.6435546875 0.33382137628111275 0.0185546875 0.029282576866764276
0.0 0.4267578125 0.3294289897510981 0.0390625 0.07320644216691069
0.0 0.365234375 0.2547584187408492 0.04296875 0.09663250366032211
0.0 0.2919921875 0.23572474377745242 0.0966796875 0.17715959004392387
0.0 0.1572265625 0.40263543191800877 0.025390625 0.05417276720351391
0.0 0.0166015625 0.4260614934114202 0.0380859375 0.0424597364568082
0.0 0.2060546875 0.4128843338213763 0.015625 0.02635431918008785
0.0 0.064453125 0.1800878477306003 0.0302734375 0.05417276720351391
0.0 0.1259765625 0.31478770131771594 0.009765625 0.017569546120058566
0.0 0.1416015625 0.42020497803806733 0.0126953125 0.024890190336749635
0.0 0.185546875 0.40702781844802344 0.0146484375 0.020497803806734993
0.0 0.7998046875 0.37774524158125916 0.0185546875 0.02635431918008785
0.0 0.0029296875 0.28111273792093705 0.01171875 0.020497803806734993
0.0 0.0947265625 0.3279648609077599 0.0263671875 0.03953147877013177
