0.0 0.0341796875 0.29508196721311475 0.021484375 0.09836065573770492
0.0 0.0078125 0.13114754098360656 0.0244140625 0.15163934426229508
0.0 0.1015625 0.21311475409836064 0.0107421875 0.05737704918032787
0.0 0.0947265625 0.18032786885245902 0.009765625 0.036885245901639344
0.0 0.0625 0.028688524590163935 0.0126953125 0.09016393442622951
0.0 0.0703125 0.11065573770491803 0.009765625 0.06557377049180328
0.0 0.177734375 0.19262295081967212 0.0087890625 0.040983606557377046
0.0 0.1953125 0.21311475409836064 0.0048828125 0.03278688524590164
0.0 0.154296875 0.23770491803278687 0.01171875 0.05737704918032787
0.0 0.3076171875 0.2336065573770492 0.005859375 0.036885245901639344
0.0 0.318359375 0.36475409836065575 0.005859375 0.03278688524590164
0.0 0.3583984375 0.14344262295081966 0.01171875 0.05737704918032787
0.0 0.4228515625 0.08196721311475409 0.0126953125 0.06557377049180328
0.0 0.02734375 0.10245901639344263 0.0107421875 0.0778688524590164
0.0 0.466796875 0.30327868852459017 0.0068359375 0.02459016393442623
0.0 0.4775390625 0.29098360655737704 0.005859375 0.028688524590163935
0.0 0.48828125 0.29918032786885246 0.0048828125 0.03278688524590164
0.0 0.5751953125 0.24180327868852458 0.0048828125 0.028688524590163935
0.0 0.5888671875 0.2459016393442623 0.0068359375 0.036885245901639344
0.0 0.6923828125 0.36885245901639346 0.00390625 0.02459016393442623
0.0 0.6943359375 0.3237704918032787 0.0048828125 0.020491803278688523
0.0 0.7021484375 0.2459016393442623 0.005859375 0.03278688524590164
0.0 0.7109375 0.22131147540983606 0.0068359375 0.036885245901639344
0.0 0.947265625 0.3729508196721312 0.0400390625 0.1680327868852459
0.0 0.9677734375 0.13114754098360656 0.0107421875 0.05737704918032787
0.0 0.9267578125 0.13934426229508196 0.0107421875 0.05327868852459016
0.0 0.869140625 0.4426229508196721 0.0146484375 0.09016393442622951
0.0 0.8408203125 0.4098360655737705 0.0107421875 0.05327868852459016
0.0 0.8525390625 0.36475409836065575 0.017578125 0.04918032786885246
0.0 0.9111328125 0.2540983606557377 0.005859375 0.028688524590163935
0.0 0.8876953125 0.20901639344262296 0.0087890625 0.045081967213114756
0.0 0.78515625 0.27459016393442626 0.0048828125 0.02459016393442623
0.0 0.7939453125 0.2581967213114754 0.0068359375 0.03278688524590164
0.0 0.83203125 0.36065573770491804 0.009765625 0.05737704918032787
0.0 0.9453125 0.3073770491803279 0.0107421875 0.06147540983606557
