0.0 0.333984375 0.5573529411764706 0.01171875 0.026470588235294117
0.0 0.353515625 0.5779411764705882 0.015625 0.020588235294117647
0.0 0.4287109375 0.5661764705882353 0.01953125 0.03823529411764706
0.0 0.419921875 0.5632352941176471 0.013671875 0.027941176470588237
0.0 0.3759765625 0.5323529411764706 0.0078125 0.026470588235294117
0.0 0.3896484375 0.5455882352941176 0.0048828125 0.023529411764705882
0.0 0.3994140625 0.5558823529411765 0.0068359375 0.023529411764705882
0.0 0.5556640625 0.5176470588235295 0.01953125 0.04264705882352941
0.0 0.759765625 0.2823529411764706 0.0625 0.11470588235294117
0.0 0.630859375 0.4602941176470588 0.033203125 0.061764705882352944
0.0 0.5908203125 0.48676470588235293 0.02734375 0.058823529411764705
0.0 0.0146484375 0.5323529411764706 0.0107421875 0.013235294117647059
0.0 0.1484375 0.6 0.0166015625 0.01764705882352941
0.0 0.1689453125 0.5955882352941176 0.01953125 0.033823529411764704
0.0 0.1865234375 0.6058823529411764 0.0224609375 0.045588235294117645
0.0 0.2666015625 0.6147058823529412 0.02734375 0.054411764705882354
0.0 0.3232421875 0.6176470588235294 0.0341796875 0.0661764705882353
0.0 0.3046875 0.5602941176470588 0.009765625 0.022058823529411766
