0.0 0.138671875 0.4069010416666667 0.02734375 0.05859375
0.0 0.53515625 0.5397135416666666 0.009765625 0.014322916666666666
0.0 0.54443359375 0.5325520833333334 0.0087890625 0.015625
0.0 0.55224609375 0.5260416666666666 0.0107421875 0.018229166666666668
0.0 0.56396484375 0.53515625 0.0087890625 0.015625
0.0 0.6103515625 0.5234375 0.015625 0.0234375
0.0 0.65966796875 0.5227864583333334 0.0126953125 0.024739583333333332
0.0 0.69140625 0.5006510416666666 0.015625 0.032552083333333336
0.0 0.7197265625 0.5078125 0.01953125 0.033854166666666664
0.0 0.78125 0.505859375 0.015625 0.02734375
0.0 0.8544921875 0.482421875 0.01953125 0.037760416666666664
0.0 0.96826171875 0.5084635416666666 0.0126953125 0.01953125
0.0 0.9853515625 0.4733072916666667 0.017578125 0.03515625
0.0 0.30908203125 0.421875 0.0107421875 0.0234375
0.0 0.68017578125 0.4850260416666667 0.0087890625 0.014322916666666666
