0.0 0.66162109375 0.7709580838323353 0.0615234375 0.11676646706586827
0.0 0.84521484375 0.6354790419161677 0.0439453125 0.09431137724550898
0.0 0.970703125 0.6317365269461078 0.033203125 0.06287425149700598
0.0 0.45068359375 0.6392215568862275 0.0478515625 0.08383233532934131
0.0 0.32470703125 0.6796407185628742 0.0498046875 0.09580838323353294
0.0 0.22119140625 0.8899700598802395 0.1044921875 0.21706586826347304
0.0 0.15087890625 0.6953592814371258 0.0595703125 0.12724550898203593
0.0 0.71630859375 0.5808383233532934 0.0146484375 0.05389221556886228
0.0 0.6484375 0.6235029940119761 0.015625 0.05239520958083832
0.0 0.79052734375 0.38997005988023953 0.0244140625 0.04640718562874251
0.0 0.8759765625 0.34281437125748504 0.0234375 0.05089820359281437
0.0 0.591796875 0.27844311377245506 0.0078125 0.011976047904191617
0.0 0.2890625 0.3937125748502994 0.041015625 0.07784431137724551
0.0 0.15185546875 0.3907185628742515 0.0341796875 0.0718562874251497
0.0 0.33642578125 0.18113772455089822 0.0244140625 0.04790419161676647
0.0 0.4228515625 0.3652694610778443 0.03515625 0.0718562874251497
0.0 0.5361328125 0.592814371257485 0.01171875 0.029940119760479042
0.0 0.4013671875 0.2994011976047904 0.017578125 0.041916167664670656
