0.0 0.27880859375 0.3235724743777452 0.0166015625 0.02635431918008785
0.0 0.3427734375 0.30307467057101023 0.017578125 0.029282576866764276
0.0 0.40673828125 0.29062957540263545 0.0185546875 0.036603221083455345
0.0 0.6953125 0.2884333821376281 0.013671875 0.029282576866764276
0.0 0.62890625 0.28111273792093705 0.01171875 0.02635431918008785
0.0 0.583984375 0.2884333821376281 0.013671875 0.029282576866764276
0.0 0.54638671875 0.2884333821376281 0.0185546875 0.032210834553440704
0.0 0.470703125 0.2569546120058565 0.017578125 0.027818448023426062
0.0 0.9267578125 0.24084919472913616 0.013671875 0.03074670571010249
0.0 0.89990234375 0.2452415812591508 0.0166015625 0.03367496339677892
0.0 0.84521484375 0.24963396778916544 0.0166015625 0.03074670571010249
0.0 0.96875 0.363103953147877 0.017578125 0.03513909224011713
0.0 0.90185546875 0.369692532942899 0.0185546875 0.036603221083455345
0.0 0.9912109375 0.4363103953147877 0.017578125 0.06734992679355783
0.0 0.83642578125 0.36530014641288433 0.0205078125 0.04538799414348463
0.0 0.79443359375 0.3301610541727672 0.0185546875 0.03953147877013177
0.0 0.8408203125 0.4084919472913616 0.025390625 0.04685212298682284
0.0 0.88671875 0.49633967789165445 0.03125 0.07613469985358712
0.0 0.63427734375 0.4685212298682284 0.0166015625 0.05856515373352855
0.0 0.55859375 0.5095168374816984 0.03515625 0.07906295754026355
0.0 0.728515625 0.58199121522694 0.037109375 0.10395314787701318
