0.0 0.185546875 0.19765739385065886 0.0234375 0.04978038067349927
0.0 0.244140625 0.35871156661786235 0.0068359375 0.010248901903367497
0.0 0.2294921875 0.3806734992679356 0.0078125 0.01171303074670571
0.0 0.1484375 0.3396778916544656 0.0126953125 0.024890190336749635
0.0 0.2900390625 0.3557833089311859 0.0068359375 0.010248901903367497
0.0 0.275390625 0.39824304538799415 0.0068359375 0.010248901903367497
0.0 0.3359375 0.38799414348462663 0.0078125 0.013177159590043924
0.0 0.3525390625 0.35724743777452417 0.0048828125 0.013177159590043924
0.0 0.3447265625 0.4363103953147877 0.0087890625 0.017569546120058566
0.0 0.375 0.38799414348462663 0.005859375 0.010248901903367497
0.0 0.4072265625 0.3953147877013177 0.009765625 0.016105417276720352
0.0 0.3916015625 0.3557833089311859 0.0048828125 0.008784773060029283
0.0 0.421875 0.3850658857979502 0.0048828125 0.010248901903367497
0.0 0.384765625 0.3806734992679356 0.0068359375 0.017569546120058566
0.0 0.5263671875 0.3938506588579795 0.0087890625 0.01903367496339678
0.0 0.4951171875 0.39092240117130306 0.009765625 0.01903367496339678
0.0 0.5595703125 0.3938506588579795 0.0107421875 0.016105417276720352
0.0 0.546875 0.39092240117130306 0.009765625 0.014641288433382138
0.0 0.53125 0.34553440702781846 0.0078125 0.013177159590043924
0.0 0.4970703125 0.3484626647144949 0.0068359375 0.013177159590043924
0.0 0.455078125 0.34553440702781846 0.0048828125 0.010248901903367497
0.0 0.578125 0.35724743777452417 0.005859375 0.008784773060029283
0.0 0.5322265625 0.3806734992679356 0.0078125 0.016105417276720352
0.0 0.3994140625 0.3733528550512445 0.005859375 0.013177159590043924
0.0 0.58984375 0.3557833089311859 0.005859375 0.01171303074670571
0.0 0.63671875 0.40702781844802344 0.01171875 0.020497803806734993
0.0 0.6474609375 0.3440702781844802 0.005859375 0.014641288433382138
0.0 0.6064453125 0.3923865300146413 0.0068359375 0.01171303074670571
0.0 0.6767578125 0.38945827232796487 0.0107421875 0.020497803806734993
0.0 0.6748046875 0.4055636896046852 0.01953125 0.055636896046852125
0.0 0.71875 0.5885797950219619 0.017578125 0.04685212298682284
0.0 0.7724609375 0.48462664714494874 0.0234375 0.027818448023426062
0.0 0.80078125 0.41874084919472915 0.017578125 0.024890190336749635
0.0 0.7607421875 0.3953147877013177 0.01171875 0.027818448023426062
0.0 0.705078125 0.38799414348462663 0.0146484375 0.024890190336749635
0.0 0.7861328125 0.39092240117130306 0.009765625 0.021961932650073207
0.0 0.775390625 0.38799414348462663 0.0087890625 0.014641288433382138
0.0 0.841796875 0.38945827232796487 0.0107421875 0.020497803806734993
0.0 0.87890625 0.4084919472913616 0.0185546875 0.03074670571010249
0.0 0.8798828125 0.38653001464128844 0.0126953125 0.024890190336749635
0.0 0.9189453125 0.4084919472913616 0.0126953125 0.020497803806734993
0.0 0.8984375 0.33528550512445093 0.009765625 0.016105417276720352
0.0 0.82421875 0.3089311859443631 0.0126953125 0.014641288433382138
0.0 0.9169921875 0.2840409956076135 0.0107421875 0.01903367496339678
0.0 0.9638671875 0.32650073206442165 0.009765625 0.021961932650073207
0.0 0.9736328125 0.41142020497803805 0.0166015625 0.032210834553440704
0.0 0.6904296875 0.34699853587115664 0.005859375 0.01171303074670571
0.0 0.734375 0.33821376281112736 0.0078125 0.016105417276720352
0.0 0.0107421875 0.35431918008784774 0.0087890625 0.013177159590043924
